-0.051637 0.079575
-0.137700 0.212200
-0.258187 0.397875
-0.413100 0.636600
-0.602437 0.928376
-0.826200 1.273201
-1.084387 1.671076
-1.376999 2.122001
-1.704037 2.625977
-2.065499 3.183002
-2.461386 3.793078
-2.891699 4.456203
-3.356436 5.172379
-3.855598 5.941604
-4.389186 6.763880
-4.957198 7.639205
-5.559635 8.567581
-6.196497 9.549006
-6.867785 10.583482
-7.573497 11.671007
-8.313634 12.811583
-9.088196 14.005208
-9.897182 15.251884
-10.740595 16.551609
-11.618432 17.904385
-12.530694 19.310211
-13.477381 20.769087
-14.458492 22.281013
-15.474030 23.845989
-16.523991 25.464016
-17.608377 27.135092
-18.727190 28.859219
-19.880426 30.636395
-21.068089 32.466621
-22.290176 34.349899
-23.546688 36.286224
-24.837626 38.275600
-26.162987 40.318027
-27.522774 42.413506
-28.916986 44.562031
-30.344648 46.722809
-31.806086 48.909435
-33.301296 51.121910
-34.830284 53.360237
-36.393047 55.624413
-37.989586 57.914440
-39.619896 60.230316
-41.283981 62.572044
-42.981842 64.939621
-44.713478 67.333046
-46.478889 69.752319
-48.278076 72.197449
-50.111038 74.668427
-51.977776 77.165253
-53.878288 79.687927
-55.812576 82.236458
-57.780640 84.810837
-59.782475 87.411064
-61.818085 90.037140
-63.887470 92.689064
-65.990631 95.366844
-68.127563 98.070473
-70.298271 100.799950
-72.502754 103.555275
-74.741013 106.336456
-77.013046 109.143486
-79.318855 111.976364
-81.658440 114.835091
-84.031799 117.719666
-86.438934 120.630096
-88.879845 123.566376
-91.354530 126.528503
-93.862991 129.516479
-96.405228 132.530304
-98.981239 135.569977
-101.591026 138.635498
-104.234589 141.726883
-106.911919 144.844116
-109.623024 147.987198
-112.367905 151.156128
-115.142891 154.332947
-117.949196 157.523636
-120.786827 160.728195
-123.655785 163.946640
-126.556068 167.178955
-129.487671 170.425140
-132.450607 173.685211
-135.444870 176.959152
-138.470459 180.246964
-141.527359 183.548660
-144.615585 186.864227
-147.735138 190.193665
-150.886017 193.536987
-154.068222 196.894180
-157.281754 200.265244
-160.526611 203.650192
-163.802795 207.049011
-167.110306 210.461700
-170.449142 213.888260
-173.819305 217.328705
-177.220779 220.783020
-180.653580 224.251205
-184.117706 227.733276
-187.613159 231.229218
-191.139938 234.739029
-194.698044 238.262726
-198.287476 241.800293
-201.908234 245.351730
-205.560318 248.917053
-209.243729 252.496246
-212.958450 256.089325
-216.704498 259.696259
-220.481873 263.317078
-224.290573 266.951782
-228.130600 270.600342
-232.001953 274.262787
-235.904633 277.939117
-239.838638 281.629303
-243.803970 285.333374
-247.800629 289.051331
-251.815964 292.744415
-255.854202 296.425537
-259.915344 300.094727
-263.999390 303.751953
-268.106323 307.397217
-272.236176 311.030548
-276.388916 314.651917
-280.564545 318.261353
-284.763092 321.858826
-288.984528 325.444366
-293.228882 329.017944
-297.496124 332.579559
-301.786255 336.129242
-306.099304 339.666962
-310.435242 343.192749
-314.794098 346.706573
-319.175842 350.208466
-323.580475 353.698395
-328.008026 357.176361
-332.458466 360.642395
-336.931793 364.096466
-341.428040 367.538605
-345.947174 370.968781
-350.489227 374.387024
-355.054169 377.793304
-359.641998 381.187622
-364.252747 384.570007
-368.886383 387.940430
-373.542938 391.298920
-378.222382 394.645447
-382.924713 397.980011
-387.649963 401.302643
-392.398102 404.613312
-397.169159 407.912048
-401.963104 411.198822
-406.779938 414.473663
-411.619690 417.736542
-416.482330 420.987457
-421.367889 424.226440
-426.276337 427.453461
-431.192200 430.683533
-436.120636 433.911652
-441.061646 437.137817
-446.015228 440.362061
-450.981384 443.584351
-455.960114 446.804688
-460.951416 450.023071
-465.955292 453.239502
-470.971741 456.453979
-476.000763 459.666504
-481.042358 462.877075
-486.096558 466.085693
-491.163330 469.292358
-496.242676 472.497101
-501.334595 475.699890
-506.439087 478.900726
-511.556152 482.099609
-516.685791 485.296539
-521.828003 488.491516
-526.982788 491.684540
-532.150146 494.875610
-537.330078 498.064728
-542.522583 501.251892
-547.727661 504.437134
-552.945312 507.620422
-558.175537 510.801758
-563.418335 513.981140
-568.673706 517.158569
-573.941650 520.334045
-579.222168 523.507568
-584.515259 526.679138
-589.820923 529.848755
-595.139160 533.016418
-600.469971 536.182129
-605.813354 539.345886
-611.169312 542.507690
-616.537903 545.667542
-621.919067 548.825439
-627.312805 551.981445
-632.719116 555.135498
-638.127747 558.271851
-643.542114 561.395813
-648.962219 564.507324
-654.388123 567.606384
-659.819763 570.693054
-665.257141 573.767273
-670.700256 576.829102
-676.149109 579.878479
-681.603760 582.915466
-687.064148 585.940002
-692.530273 588.952148
-698.002136 591.951843
-703.479736 594.939087
-708.963135 597.913940
-714.452271 600.876343
-719.947144 603.826355
-725.447754 606.763916
-730.954163 609.689087
-736.466309 612.601807
-741.984192 615.502075
-747.507812 618.389954
-753.037170 621.265381
-758.572327 624.128418
-764.113220 626.979004
-769.659851 629.817200
-775.212219 632.642944
-780.770325 635.456238
-786.334229 638.257141
-791.903870 641.045593
-797.479248 643.821655
-803.060364 646.585266
-808.647217 649.336487
-814.239868 652.075256
-819.838257 654.801575
-825.442383 657.515503
-831.052246 660.216980
-836.667908 662.906067
-842.289307 665.582703
-847.916443 668.246948
-853.549316 670.898743
-859.166443 673.533020
-864.775024 676.151550
-870.375000 678.754272
-875.966431 681.341187
-881.549255 683.912292
-887.123535 686.467590
-892.689209 689.007080
-898.246338 691.530762
-903.794861 694.038696
-909.334839 696.530823
-914.866211 699.007141
-920.389038 701.467651
-925.903259 703.912354
-931.408936 706.341248
-936.906006 708.754333
-942.394531 711.151611
-947.874451 713.533142
-953.345825 715.898865
-958.808594 718.248779
-964.262817 720.582886
-969.708435 722.901184
-975.145508 725.203674
-980.573975 727.490356
-985.993896 729.761230
-991.405212 732.016357
-996.807983 734.255676
-1002.202209 736.479187
-1007.587830 738.686890
-1012.964905 740.878784
-1018.333374 743.054871
-1023.693298 745.215149
-1029.044678 747.359680
-1034.387451 749.488403
-1039.721680 751.601318
-1045.047241 753.698425
-1050.364258 755.779724
-1055.672729 757.845215
-1060.972656 759.894897
-1066.263916 761.928772
-1071.546631 763.946899
-1076.835938 765.974487
-1082.126709 768.003113
-1087.418945 770.032776
-1092.712646 772.063477
-1098.007935 774.095276
-1103.304688 776.128113
-1108.602905 778.161987
-1113.902710 780.196899
-1119.203979 782.232849
-1124.506714 784.269897
-1129.811035 786.307983
-1135.116821 788.347107
-1140.424072 790.387268
-1145.732788 792.428528
-1151.043091 794.470825
-1156.354858 796.514160
-1161.668091 798.558533
-1166.982910 800.603943
-1172.299194 802.650452
-1177.616943 804.697998
-1182.936157 806.746582
-1188.256958 808.796204
-1193.579224 810.846863
-1198.902954 812.898621
-1204.228271 814.951416
-1209.555054 817.005249
-1214.883301 819.060120
-1220.213013 821.116028
-1225.544312 823.173035
-1230.877075 825.231079
-1236.211304 827.290161
-1241.547119 829.350281
-1246.884399 831.411438
-1252.223145 833.473694
-1257.563354 835.536987
-1262.905151 837.601318
-1268.248413 839.666687
-1273.593140 841.733093
-1278.939453 843.800598
-1284.287231 845.869141
-1289.628906 847.945923
-1294.967163 850.028564
-1300.301880 852.117065
-1305.633057 854.211365
-1310.960693 856.311523
-1316.284790 858.417542
-1321.605347 860.529419
-1326.922363 862.647156
-1332.235840 864.770752
-1337.545898 866.900208
-1342.852417 869.035461
-1348.155396 871.176575
-1353.454834 873.323547
-1358.750732 875.476379
-1364.043091 877.635071
-1369.331909 879.799622
-1374.617188 881.970032
-1379.899048 884.146240
-1385.177368 886.328308
-1390.452148 888.516235
-1395.723389 890.710022
-1400.991089 892.909668
-1406.255249 895.115173
-1411.515869 897.326477
-1416.772949 899.543640
-1422.026611 901.766663
-1427.276733 903.995544
-1432.523315 906.230286
-1437.766357 908.470886
-1443.005859 910.717346
-1448.241821 912.969604
-1453.474243 915.227722
-1458.703125 917.491699
-1463.928589 919.761536
-1469.150513 922.037231
-1474.368896 924.318787
-1479.583740 926.606140
-1484.795044 928.899353
-1490.002808 931.198425
-1495.207031 933.503357
-1500.397705 935.780640
-1505.578125 938.041382
-1510.748413 940.285645
-1515.908447 942.513428
-1521.058228 944.724670
-1526.197754 946.919434
-1531.327148 949.097717
-1536.446289 951.259460
-1541.555176 953.404724
-1546.653809 955.533508
-1551.742188 957.645752
-1556.820435 959.741516
-1561.888428 961.820801
-1566.946167 963.883545
-1571.993652 965.929810
-1577.031006 967.959595
-1582.058105 969.972839
-1587.074951 971.969604
-1592.081543 973.949890
-1597.078003 975.913635
-1602.064209 977.860901
-1607.040161 979.791687
-1612.005859 981.705933
-1616.961426 983.603699
-1621.906738 985.484985
-1626.841797 987.349731
-1631.766602 989.197998
-1636.681274 991.029785
-1641.585693 992.845032
-1646.479858 994.643799
-1651.363770 996.426086
-1656.237427 998.191833
-1661.100952 999.941101
-1665.954224 1001.673828
-1670.797241 1003.390076
-1675.630005 1005.089844
-1680.452637 1006.773071
-1685.265015 1008.439819
-1690.067139 1010.090088
-1694.859009 1011.723816
-1699.670898 1013.395691
-1704.492798 1015.087463
-1709.324585 1016.799133
-1714.166260 1018.530701
-1719.017822 1020.282166
-1723.879395 1022.053528
-1728.750854 1023.844788
-1733.632202 1025.656006
-1738.523560 1027.487061
-1743.424805 1029.338013
-1748.335938 1031.208862
-1753.257080 1033.099609
-1758.188110 1035.010254
-1763.129028 1036.940796
-1768.079834 1038.891235
-1773.040649 1040.861572
-1778.011353 1042.851807
-1782.991943 1044.861938
-1787.982544 1046.891968
-1792.983032 1048.941895
-1797.993408 1051.011719
-1803.013794 1053.101440
-1808.044067 1055.211060
-1813.084229 1057.340576
-1818.134399 1059.489990
-1823.194458 1061.659302
-1828.264404 1063.848511
-1833.344238 1066.057617
-1838.434082 1068.286621
-1843.533813 1070.535522
-1848.643433 1072.804321
-1853.763062 1075.093140
-1858.892578 1077.401855
-1864.031982 1079.730469
-1869.181396 1082.078979
-1874.340698 1084.447388
-1879.509888 1086.835693
-1884.689087 1089.243896
-1889.878174 1091.671997
-1895.077148 1094.119995
-1900.290894 1096.604980
-1905.517700 1099.121216
-1910.757690 1101.668823
-1916.010742 1104.247681
-1921.276978 1106.857788
-1926.556274 1109.499268
-1931.848755 1112.171997
-1937.154297 1114.876099
-1942.473022 1117.611450
-1947.804810 1120.378052
-1953.149780 1123.176025
-1958.507812 1126.005249
-1963.879028 1128.865845
-1969.263306 1131.757690
-1974.660767 1134.680908
-1980.071411 1137.635376
-1985.495117 1140.621094
-1990.932007 1143.638184
-1996.381958 1146.686523
-2001.845093 1149.766235
-2007.321289 1152.877197
-2012.810669 1156.019409
-2018.313110 1159.192993
-2023.828735 1162.397827
-2029.357422 1165.634033
-2034.899292 1168.901489
-2040.454224 1172.200195
-2046.022339 1175.530273
-2051.603516 1178.891602
-2057.197754 1182.284302
-2062.805176 1185.708252
-2068.425781 1189.163452
-2074.059570 1192.650024
-2079.706299 1196.167847
-2085.366211 1199.717041
-2091.039307 1203.297485
-2096.725586 1206.909302
-2102.424805 1210.552368
-2108.137207 1214.226685
-2113.862793 1217.932373
-2119.570068 1221.580444
-2125.269531 1225.200684
-2130.961182 1228.792969
-2136.645020 1232.357300
-2142.321045 1235.893677
-2147.989258 1239.402222
-2153.649902 1242.882812
-2159.302734 1246.335449
-2164.947754 1249.760132
-2170.584961 1253.156982
-2176.214355 1256.525879
-2181.835938 1259.866821
-2187.449707 1263.179810
-2193.055664 1266.464966
-2198.653809 1269.722168
-2204.244141 1272.951416
-2209.826660 1276.152710
-2215.401367 1279.326050
-2220.968262 1282.471558
-2226.527344 1285.589111
-2232.078613 1288.678711
-2237.622070 1291.740356
-2243.157715 1294.774170
-2248.685547 1297.780029
-2254.205566 1300.757935
-2259.717773 1303.707886
-2265.222412 1306.630005
-2270.719238 1309.524170
-2276.208252 1312.390381
-2281.689453 1315.228638
-2287.162842 1318.039062
-2292.628418 1320.821533
-2298.086182 1323.576050
-2303.536133 1326.302612
-2308.978271 1329.001343
-2314.412598 1331.672119
-2319.839111 1334.314941
-2325.257812 1336.929810
-2330.668701 1339.516724
-2336.071777 1342.075806
-2341.475830 1344.666016
-2346.877930 1347.267822
-2352.278076 1349.881104
-2357.676270 1352.505859
-2363.072510 1355.142090
-2368.466797 1357.789795
-2373.859131 1360.449097
-2379.249512 1363.119873
-2384.637939 1365.802124
-2390.024414 1368.495850
-2395.408936 1371.201050
-2400.791504 1373.917847
-2406.172119 1376.646118
-2411.550781 1379.385864
-2416.927490 1382.137085
-2422.302246 1384.899902
-2427.675049 1387.674194
-2433.045898 1390.459961
-2438.414795 1393.257202
-2443.781738 1396.065918
-2449.146729 1398.886230
-2454.509766 1401.718018
-2459.870850 1404.561279
-2465.229980 1407.416016
-2470.587402 1410.282227
-2475.942871 1413.160034
-2481.296387 1416.049316
-2486.647949 1418.950073
-2491.997559 1421.862305
-2497.345215 1424.786011
-2502.690918 1427.721313
-2508.034668 1430.668091
-2513.376465 1433.626343
-2518.716309 1436.596069
-2524.054199 1439.577271
-2529.390137 1442.570068
-2534.724121 1445.574341
-2540.056152 1448.590088
-2545.386230 1451.617310
-2550.714355 1454.656006
-2556.054932 1457.703247
-2561.403076 1460.759888
-2566.758789 1463.825928
-2572.122314 1466.901489
-2577.493408 1469.986450
-2582.872070 1473.080933
-2588.258545 1476.184814
-2593.652588 1479.298096
-2599.054199 1482.420898
-2604.463623 1485.553101
-2609.880615 1488.694824
-2615.305176 1491.845947
-2620.737549 1495.006470
-2626.177490 1498.176514
-2631.625000 1501.355957
-2637.080322 1504.544922
-2642.543213 1507.743286
-2648.013672 1510.951172
-2653.491943 1514.168457
-2658.977783 1517.395142
-2664.471191 1520.631348
-2669.972412 1523.876953
-2675.481201 1527.132080
-2680.997559 1530.396606
-2686.521729 1533.670532
-2692.053467 1536.953979
-2697.592773 1540.246826
-2703.139893 1543.549194
-2708.694580 1546.860962
-2714.256836 1550.182251
-2719.826904 1553.512939
-2725.404541 1556.853027
-2730.989746 1560.202637
-2736.582764 1563.561646
-2742.183350 1566.930176
-2747.791504 1570.308105
-2753.407471 1573.695435
-2759.031006 1577.092285
-2764.662109 1580.498535
-2770.301025 1583.914307
-2775.927490 1587.343994
-2781.548096 1590.786011
-2787.162842 1594.240479
-2792.771973 1597.707397
-2798.375244 1601.186768
-2803.972656 1604.678589
-2809.564453 1608.182739
-2815.150391 1611.699341
-2820.730469 1615.228394
-2826.304932 1618.769897
-2831.873535 1622.323730
-2837.436279 1625.890015
-2842.993408 1629.468750
-2848.544678 1633.059937
-2854.090088 1636.663574
-2859.629883 1640.279541
-2865.163818 1643.907959
-2870.691895 1647.548828
-2876.214355 1651.202148
-2881.730957 1654.867920
-2887.241699 1658.546021
-2892.746826 1662.236572
-2898.246094 1665.939575
-2903.739746 1669.655029
-2909.227539 1673.382812
-2914.709473 1677.123047
-2920.185791 1680.875732
-2925.656250 1684.640869
-2931.120850 1688.418457
-2936.579834 1692.208374
-2942.032959 1696.010742
-2947.480225 1699.825562
-2952.921875 1703.652832
-2958.357666 1707.492554
-2963.787598 1711.344604
-2969.211914 1715.209106
-2974.630371 1719.086060
-2980.042969 1722.975464
-2985.449951 1726.877197
-2990.851074 1730.791382
-2996.253174 1734.706299
-3001.653809 1738.625854
-3007.053223 1742.550049
-3012.451172 1746.478882
-3017.847656 1750.412354
-3023.242920 1754.350464
-3028.636719 1758.293213
-3034.029297 1762.240479
-3039.420410 1766.192383
-3044.810303 1770.148926
-3050.198730 1774.110107
-3055.585938 1778.075928
-3060.971680 1782.046387
-3066.356201 1786.021484
-3071.739258 1790.001221
-3077.121094 1793.985596
-3082.501465 1797.974487
-3087.880615 1801.968018
-3093.258301 1805.966187
-3098.634766 1809.968994
-3104.009766 1813.976440
-3109.383301 1817.988525
-3114.755615 1822.005249
-3120.126465 1826.026611
-3125.496094 1830.052612
-3130.864258 1834.083130
-3136.231201 1838.118286
-3141.596680 1842.158081
-3146.960938 1846.202515
-3152.323730 1850.251587
-3157.685303 1854.305298
-3163.045410 1858.363647
-3168.404297 1862.426636
-3173.761719 1866.494141
-3179.117920 1870.566284
-3184.472656 1874.643066
-3189.826172 1878.724487
-3195.178223 1882.810547
-3200.528809 1886.901245
-3205.878174 1890.996582
-3211.239746 1895.088745
-3216.608887 1899.180420
-3221.985596 1903.271484
-3227.370117 1907.362061
-3232.762207 1911.452026
-3238.161865 1915.541504
-3243.569336 1919.630371
-3248.984375 1923.718750
-3254.406982 1927.806519
-3259.837402 1931.893799
-3265.275391 1935.980469
-3270.720947 1940.066650
-3276.174316 1944.152222
-3281.635254 1948.237305
-3287.103760 1952.321777
-3292.580078 1956.405762
-3298.063965 1960.489136
-3303.555420 1964.572021
-3309.054688 1968.654297
-3314.561523 1972.736084
-3320.075928 1976.817261
-3325.598145 1980.897949
-3331.127930 1984.978027
-3336.665283 1989.057617
-3342.210449 1993.136597
-3347.763184 1997.215088
-3353.323486 2001.292969
-3358.891602 2005.370361
-3364.467285 2009.447144
-3370.050537 2013.523315
-3375.641602 2017.598999
-3381.240234 2021.674072
-3386.846436 2025.748657
-3392.460449 2029.822632
-3398.082031 2033.896118
-3403.711182 2037.968994
-3409.348145 2042.041382
-3414.992676 2046.113159
-3420.644775 2050.184326
-3426.304688 2054.255127
-3431.947510 2058.304443
-3437.581543 2062.339355
-3443.206787 2066.359863
-3448.823242 2070.365967
-3454.430908 2074.357422
-3460.029785 2078.334473
-3465.620117 2082.297119
-3471.201660 2086.245361
-3476.774414 2090.179199
-3482.338379 2094.098389
-3487.893555 2098.003174
-3493.439941 2101.893555
-3498.977539 2105.769531
-3504.506348 2109.631104
-3510.026367 2113.478027
-3515.537598 2117.310547
-3521.040039 2121.128662
-3526.533691 2124.932373
-3532.018555 2128.721680
-3537.494629 2132.496582
-3542.961914 2136.256836
-3548.420410 2140.002686
-3553.870117 2143.734131
-3559.311035 2147.451172
-3564.743408 2151.153809
-3570.166992 2154.841797
-3575.581787 2158.515381
-3580.987793 2162.174561
-3586.385010 2165.819336
-3591.773438 2169.449707
-3597.153076 2173.065430
-3602.523926 2176.666748
-3607.885986 2180.253662
-3613.239258 2183.826172
-3618.583740 2187.384277
-3623.919434 2190.927979
-3629.246338 2194.457031
-3634.564453 2197.971680
-3639.873779 2201.471924
-3645.174316 2204.957764
-3650.482666 2208.450439
-3655.792969 2211.942871
-3661.105469 2215.435059
-3666.420166 2218.927246
-3671.737061 2222.419189
-3677.056152 2225.910889
-3682.377197 2229.402344
-3687.700439 2232.893555
-3693.025879 2236.384766
-3698.353516 2239.875732
-3703.683350 2243.366455
-3709.015137 2246.856934
-3714.349121 2250.347168
-3719.685303 2253.837158
-3725.023682 2257.327148
-3730.364258 2260.816895
-3735.706787 2264.306396
-3741.051514 2267.795654
-3746.398438 2271.284668
-3751.747559 2274.773682
-3757.098877 2278.262451
-3762.452148 2281.750977
-3767.807617 2285.239258
-3773.165283 2288.727295
-3778.525146 2292.215088
-3783.887207 2295.702881
-3789.251465 2299.190430
-3794.617676 2302.677734
-3799.986084 2306.164795
-3805.356689 2309.651611
-3810.729492 2313.138428
-3816.104492 2316.625000
-3821.481445 2320.111328
-3826.860596 2323.597412
-3832.241943 2327.083252
-3837.625488 2330.568848
-3843.011230 2334.054443
-3848.398926 2337.539795
-3853.788818 2341.024902
-3859.180908 2344.509766
-3864.550781 2347.979004
-3869.906250 2351.437744
-3875.247559 2354.885986
-3880.574707 2358.323730
-3885.887695 2361.750732
-3891.186523 2365.167236
-3896.471191 2368.573242
-3901.741699 2371.968750
-3906.998047 2375.353760
-3912.240234 2378.728271
-3917.468262 2382.092285
-3922.682129 2385.445801
-3927.881836 2388.788818
-3933.067383 2392.121094
-3938.238770 2395.442871
-3943.395996 2398.754150
-3948.539062 2402.054932
-3953.667725 2405.345215
-3958.782227 2408.625000
-3963.882568 2411.894287
-3968.968750 2415.153076
-3974.040771 2418.401367
-3979.098633 2421.638916
-3984.142334 2424.865967
-3989.171875 2428.082520
-3994.187256 2431.288574
-3999.188477 2434.484131
-4004.175537 2437.669189
-4009.148438 2440.843750
-4014.107178 2444.007812
-4019.051758 2447.161377
-4023.982178 2450.304199
-4028.898438 2453.436523
-4033.800537 2456.558350
-4038.688232 2459.669678
-4043.561768 2462.770508
-4048.421143 2465.860840
-4053.266357 2468.940674
-4058.097412 2472.010010
-4062.914307 2475.068848
-4067.731201 2478.124512
-4072.543213 2481.174805
-4077.350342 2484.219482
-4082.152588 2487.258545
-4086.949951 2490.292236
-4091.742676 2493.320312
-4096.530273 2496.342773
-4101.313477 2499.359863
-4106.091797 2502.371338
-4110.865234 2505.377441
-4115.633789 2508.377930
-4120.397461 2511.372803
-4125.156250 2514.362305
-4129.910156 2517.346191
-4134.659180 2520.324463
-4139.403809 2523.297363
-4144.143555 2526.264648
-4148.878418 2529.226318
-4153.608398 2532.182617
-4158.333496 2535.133301
-4163.053711 2538.078613
-4167.769043 2541.018311
-4172.479492 2543.952393
-4177.185059 2546.881104
-4181.886230 2549.804199
-4186.582520 2552.721680
-4191.273926 2555.633789
-4195.960449 2558.540283
-4200.642090 2561.441406
-4205.318848 2564.336914
-4209.990723 2567.226807
-4214.657715 2570.111328
-4219.320312 2572.990234
-4223.978027 2575.863525
-4228.630859 2578.731445
-4233.278809 2581.593750
-4237.921875 2584.450684
-4242.560059 2587.302002
-4247.193359 2590.147705
-4251.821777 2592.988037
-4256.466309 2595.829834
-4261.119629 2598.670654
-4265.781738 2601.510742
-4270.453125 2604.350098
-4275.133301 2607.188477
-4279.822266 2610.026123
-4284.520508 2612.863037
-4289.227539 2615.698975
-4293.943359 2618.534180
-4298.668457 2621.368408
-4303.402344 2624.201904
-4308.145020 2627.034668
-4312.896973 2629.866455
-4317.657715 2632.697510
-4322.427246 2635.527832
-4327.206055 2638.357178
-4331.993652 2641.185791
-4336.790039 2644.013428
-4341.595703 2646.840332
-4346.410156 2649.666504
-4351.233398 2652.491699
-4356.065918 2655.316162
-4360.907227 2658.139893
-4365.757324 2660.962646
-4370.616699 2663.784668
-4375.484863 2666.605713
-4380.361816 2669.426025
-4385.248047 2672.245605
-4390.143066 2675.064209
-4395.046875 2677.882080
-4399.959961 2680.698975
-4404.881836 2683.515137
-4409.812500 2686.330566
-4414.752441 2689.145020
-4419.701172 2691.958740
-4424.658691 2694.771729
-4429.625488 2697.583740
-4434.601074 2700.395020
-4439.585449 2703.205322
-4444.579102 2706.014893
-4449.573242 2708.832520
-4454.570801 2711.655029
-4459.571777 2714.482666
-4464.576172 2717.315430
-4469.583984 2720.153320
-4474.595215 2722.996094
-4479.609863 2725.843994
-4484.627930 2728.697021
-4489.649414 2731.554932
-4494.674316 2734.417969
-4499.702637 2737.286133
-4504.734375 2740.159180
-4509.769531 2743.037354
-4514.807617 2745.920654
-4519.849121 2748.808838
-4524.894043 2751.702148
-4529.942383 2754.600586
-4534.994141 2757.503906
-4540.049316 2760.412354
-4545.107910 2763.325928
-4550.169922 2766.244385
-4555.235352 2769.167969
-4560.304199 2772.096680
-4565.376465 2775.030518
-4570.452148 2777.969238
-4575.531250 2780.913086
-4580.613770 2783.862061
-4585.699707 2786.815918
-4590.789062 2789.774902
-4595.881836 2792.739014
-4600.978027 2795.708008
-4606.077637 2798.682129
-4611.180664 2801.661377
-4616.287109 2804.645508
-4621.396973 2807.634766
-4626.510254 2810.629150
-4631.626953 2813.628418
-4636.747070 2816.632812
-4641.870605 2819.642334
-4646.997559 2822.656982
-4652.141113 2825.654785
-4657.296875 2828.643066
-4662.464844 2831.621826
-4667.645020 2834.591309
-4672.837402 2837.551270
-4678.041992 2840.501709
-4683.259277 2843.442627
-4688.488770 2846.374023
-4693.730469 2849.295898
-4698.984375 2852.208496
-4704.250488 2855.111572
-4709.528809 2858.005127
-4714.819336 2860.889160
-4720.122559 2863.763672
-4725.437988 2866.628906
-4730.765625 2869.484619
-4736.105469 2872.330811
-4741.457520 2875.167480
-4746.821777 2877.994629
-4752.198242 2880.812500
-4757.587402 2883.620850
-4762.988770 2886.419678
-4768.402344 2889.208984
-4773.828125 2891.988770
-4779.266113 2894.759277
-4784.716309 2897.520264
-4790.178711 2900.271729
-4795.653320 2903.013672
-4801.140625 2905.746094
-4806.640137 2908.468994
-4812.151855 2911.182617
-4817.675781 2913.886719
-4823.211914 2916.581299
-4828.760254 2919.266357
-4834.320801 2921.941895
-4839.894043 2924.608154
-4845.479492 2927.264893
-4851.077148 2929.912109
-4856.687012 2932.549805
-4862.309082 2935.177979
-4867.955078 2937.809814
-4873.621094 2940.440918
-4879.307129 2943.071289
-4885.013672 2945.700928
-4890.740234 2948.329834
-4896.486816 2950.958008
-4902.253418 2953.585449
-4908.040039 2956.212158
-4913.846680 2958.838135
-4919.673340 2961.463379
-4925.520020 2964.087646
-4931.386719 2966.711182
-4937.273926 2969.333984
-4943.181152 2971.956055
-4949.108398 2974.577393
-4955.055664 2977.197998
-4961.022949 2979.817871
-4967.010254 2982.437012
-4973.017578 2985.055420
-4979.044922 2987.673096
-4985.092773 2990.290039
-4991.160645 2992.906250
-4997.248535 2995.521729
-5003.356445 2998.136475
-5009.484375 3000.750244
-5015.632324 3003.363281
-5021.800293 3005.975586
-5027.988281 3008.587158
-5034.196289 3011.197998
-5040.424805 3013.808105
-5046.673340 3016.417480
-5052.941895 3019.026123
-5059.230469 3021.634033
-5065.539062 3024.241211
-5071.867676 3026.847656
-5078.216309 3029.453369
-5084.584961 3032.058350
-5090.973633 3034.662354
-5097.382812 3037.265625
-5103.812012 3039.868164
-5110.251465 3042.471436
-5116.704102 3045.074707
-5123.170410 3047.678223
-5129.650391 3050.281982
-5136.143555 3052.885742
-5142.650391 3055.489746
-5149.170898 3058.093750
-5155.705078 3060.697998
-5162.252441 3063.302490
-5168.813477 3065.906982
-5175.388184 3068.511719
-5181.976074 3071.116699
-5188.577637 3073.721680
-5195.192871 3076.326904
-5201.821289 3078.932129
-5208.463379 3081.537598
-5215.119141 3084.143311
-5221.788574 3086.749023
-5228.471191 3089.354980
-5235.167480 3091.960938
-5241.877441 3094.567139
-5248.600586 3097.173584
-5255.337402 3099.780029
-5262.087891 3102.386719
-5268.851562 3104.993652
-5275.628906 3107.600586
-5282.419922 3110.207764
-5289.224609 3112.814941
-5296.042480 3115.422363
-5302.874023 3118.030029
-5309.719238 3120.637695
-5316.577637 3123.245605
-5323.449707 3125.853516
-5330.335449 3128.461670
-5337.234375 3131.070068
-5344.146973 3133.678467
-5351.073242 3136.287109
-5358.013184 3138.895996
-5364.966309 3141.504883
-5371.933105 3144.114014
-5378.879395 3146.692383
-5385.816406 3149.250244
-5392.744629 3151.787842
-5399.663574 3154.304932
-5406.573730 3156.801514
-5413.474609 3159.277832
-5420.366211 3161.733643
-5427.249023 3164.168945
-5434.122559 3166.583984
-5440.986816 3168.978516
-5447.842285 3171.352539
-5454.688477 3173.706299
-5461.525391 3176.039551
-5468.353516 3178.352295
-5475.172363 3180.644775
-5481.982422 3182.916748
-5488.783203 3185.168213
-5495.574707 3187.399414
-5502.357422 3189.610107
-5509.130859 3191.800293
-5515.895020 3193.970215
-5522.650391 3196.119629
-5529.396484 3198.248535
-5536.133301 3200.357178
-5542.861328 3202.445312
-5549.580078 3204.512939
-5556.290039 3206.560303
-5562.990723 3208.587158
-5569.682129 3210.593506
-5576.364746 3212.579590
-5583.038086 3214.545166
-5589.702148 3216.490234
-5596.357422 3218.415039
-5603.003418 3220.319336
-5609.640137 3222.203125
-5616.268066 3224.066650
-5622.886719 3225.909668
-5629.496582 3227.732422
-5636.097168 3229.534668
-5642.688477 3231.316406
-5649.262207 3233.095215
-5655.821289 3234.865234
-5662.365723 3236.626465
-5668.895508 3238.378906
-5675.410645 3240.122559
-5681.911133 3241.857422
-5688.396973 3243.583496
-5694.868164 3245.300781
-5701.324707 3247.009277
-5707.766602 3248.708984
-5714.193359 3250.399658
-5720.605469 3252.081543
-5727.002930 3253.754639
-5733.385742 3255.418945
-5739.753906 3257.074463
-5746.107422 3258.721191
-5752.446289 3260.359131
-5758.770508 3261.988281
-5765.080078 3263.608643
-5771.374512 3265.220215
-5777.654297 3266.822998
-5783.919434 3268.416992
-5790.169922 3270.002197
-5796.405762 3271.578613
-5802.626953 3273.146240
-5808.833496 3274.705078
-5815.025391 3276.255127
-5821.202637 3277.796387
-5827.365234 3279.328857
-5833.512695 3280.852539
-5839.645508 3282.367432
-5845.763672 3283.873535
-5851.867188 3285.370850
-5857.956055 3286.859131
-5864.030273 3288.338623
-5870.089844 3289.809326
-5876.134766 3291.271240
-5882.165039 3292.724365
-5888.180176 3294.168701
-5894.180664 3295.604248
-5900.188477 3297.049316
-5906.196289 3298.497803
-5912.204102 3299.949707
-5918.211426 3301.404785
-5924.218750 3302.863281
-5930.226074 3304.325195
-5936.233398 3305.790527
-5942.240723 3307.259277
-5948.247559 3308.731445
-5954.254395 3310.206787
-5960.261230 3311.685547
-5966.268066 3313.167725
-5972.274902 3314.653320
-5978.281250 3316.142334
-5984.287598 3317.634766
-5990.293945 3319.130371
-5996.300293 3320.629395
-6002.306641 3322.131836
-6008.312500 3323.637695
-6014.318359 3325.146973
-6020.324219 3326.659424
-6026.330078 3328.175293
-6032.335938 3329.694580
-6038.341309 3331.217285
-6044.346680 3332.743408
-6050.352051 3334.272949
-6056.357422 3335.805664
-6062.362793 3337.341797
-6068.367676 3338.881348
-6074.372559 3340.424316
-6080.377441 3341.970703
-6086.382324 3343.520508
-6092.387207 3345.073486
-6098.391602 3346.629883
-6104.395996 3348.189697
-6110.400391 3349.752930
-6116.404785 3351.319580
-6122.409180 3352.889404
-6128.413086 3354.462646
-6134.416992 3356.039307
-6140.426758 3357.606934
-6146.440430 3359.169678
-6152.458008 3360.727539
-6158.479492 3362.280518
-6164.504883 3363.828613
-6170.534180 3365.371826
-6176.567383 3366.910156
-6182.604492 3368.443604
-6188.645508 3369.972168
-6194.690430 3371.495605
-6200.738770 3373.014160
-6206.791016 3374.527832
-6212.847168 3376.036621
-6218.907227 3377.540527
-6224.971191 3379.039551
-6231.039062 3380.533691
-6237.110840 3382.022949
-6243.186523 3383.507324
-6249.266113 3384.986816
-6255.349609 3386.461426
-6261.437012 3387.931152
-6267.528320 3389.395996
-6273.623535 3390.855957
-6279.722656 3392.310791
-6285.825684 3393.760742
-6291.932129 3395.205811
-6298.042480 3396.645996
-6304.156738 3398.081299
-6310.274902 3399.511719
-6316.396973 3400.937256
-6322.522949 3402.357910
-6328.652832 3403.773682
-6334.786621 3405.184570
-6340.924316 3406.590576
-6347.065918 3407.991699
-6353.211426 3409.387939
-6359.360840 3410.779297
-6365.514160 3412.165527
-6371.671387 3413.546875
-6377.832520 3414.923340
-6384.001465 3416.329102
-6390.177246 3417.752930
-6396.359863 3419.194580
-6402.548828 3420.654053
-6408.744629 3422.131592
-6414.947266 3423.626953
-6421.156738 3425.140137
-6427.372559 3426.671387
-6433.595215 3428.220459
-6439.824707 3429.787354
-6446.060547 3431.372314
-6452.303223 3432.975098
-6458.552734 3434.595703
-6464.809082 3436.234375
-6471.071777 3437.890869
-6477.341309 3439.565186
-6483.617676 3441.257324
-6489.900391 3442.967529
-6496.189941 3444.695557
-6502.486328 3446.441406
-6508.789551 3448.205322
-6515.099121 3449.987061
-6521.415527 3451.786621
-6527.738770 3453.604248
-6534.068848 3455.439697
-6540.405273 3457.292969
-6546.748535 3459.164307
-6553.098633 3461.053467
-6559.455078 3462.960449
-6565.818359 3464.885498
-6572.188477 3466.828369
-6578.565430 3468.789062
-6584.948730 3470.767822
-6591.338867 3472.764404
-6597.735840 3474.778809
-6604.139160 3476.811279
-6610.549316 3478.861572
-6616.966309 3480.929688
-6623.390137 3483.015625
-6629.820312 3485.119629
-6636.272949 3487.207764
-6642.743164 3489.291260
-6649.230469 3491.369873
-6655.734863 3493.443848
-6662.256836 3495.513184
-6668.795898 3497.577881
-6675.352051 3499.637939
-6681.925293 3501.693359
-6688.516113 3503.744141
-6695.124023 3505.790283
-6701.749023 3507.831787
-6708.391113 3509.868652
-6715.050781 3511.900879
-6721.727539 3513.928467
-6728.421387 3515.951416
-6735.132812 3517.969727
-6741.861328 3519.983398
-6748.606934 3521.992432
-6755.369629 3523.996826
-6762.149902 3525.996582
-6768.947266 3527.991699
-6775.761719 3529.982178
-6782.593262 3531.968018
-6789.442383 3533.948975
-6796.308594 3535.925293
-6803.191895 3537.896973
-6810.092773 3539.864014
-6817.010742 3541.826416
-6823.945801 3543.784180
-6830.897949 3545.737305
-6837.867676 3547.685791
-6844.854492 3549.629639
-6851.858398 3551.568848
-6858.879883 3553.503418
-6865.918457 3555.433350
-6872.974121 3557.358643
-6880.046875 3559.279297
-6887.137207 3561.195312
-6894.244629 3563.106689
-6901.369141 3565.013428
-6908.507324 3566.914795
-6915.660156 3568.811035
-6922.827637 3570.701904
-6930.009766 3572.587646
-6937.206543 3574.468262
-6944.417969 3576.343750
-6951.644043 3578.214111
-6958.884766 3580.079346
-6966.140625 3581.939453
-6973.411133 3583.794434
-6980.696289 3585.644287
-6987.996094 3587.489014
-6995.310547 3589.328613
-7002.639648 3591.162842
-7009.983398 3592.991943
-7017.341797 3594.815918
-7024.714844 3596.634766
-7032.102539 3598.448486
-7039.505371 3600.257080
-7046.922852 3602.060547
-7054.354980 3603.858887
-7061.801758 3605.652100
-7069.263184 3607.440186
-7076.739258 3609.222900
-7084.229980 3611.000488
-7091.735352 3612.772949
-7099.255371 3614.540283
-7106.790527 3616.302490
-7114.340332 3618.059570
-7121.904785 3619.811523
-7129.483887 3621.558350
-7137.077637 3623.300049
-7144.686035 3625.036621
-7152.309082 3626.768066
-7159.946777 3628.494141
-7167.599121 3630.215088
-7175.266113 3631.930908
-7182.948242 3633.641602
-7190.645020 3635.347168
-7198.356445 3637.047607
-7206.106445 3638.729248
-7213.886719 3640.396729
-7221.697754 3642.050049
-7229.539062 3643.689209
-7237.411133 3645.314209
-7245.313477 3646.924805
-7253.246582 3648.521240
-7261.210449 3650.103516
-7269.204590 3651.671631
-7277.229492 3653.225586
-7285.284668 3654.765381
-7293.370605 3656.290771
-7301.486816 3657.802002
-7309.633789 3659.299072
-7317.811523 3660.781982
-7326.019531 3662.250732
-7334.258301 3663.705322
-7342.527344 3665.145508
-7350.827148 3666.571533
-7359.157227 3667.983398
-7367.518066 3669.381104
-7375.909180 3670.764648
-7384.331055 3672.134033
-7392.783691 3673.489258
-7401.266602 3674.830078
-7409.780273 3676.156738
-7418.324219 3677.469238
-7426.898926 3678.767578
-7435.503906 3680.051758
-7444.139648 3681.321777
-7452.806152 3682.577393
-7461.502930 3683.818848
-7470.230469 3685.046143
-7478.988281 3686.259277
-7487.776855 3687.458252
-7496.595703 3688.643066
-7505.445312 3689.813477
-7514.325684 3690.969727
-7523.236328 3692.111816
-7532.177734 3693.239746
-7541.151855 3694.385986
-7550.158203 3695.539795
-7559.196777 3696.701172
-7568.267578 3697.870117
-7577.370605 3699.046631
-7586.505859 3700.230713
-7595.673340 3701.422363
-7604.873047 3702.621582
-7614.104980 3703.828369
-7623.369141 3705.042725
-7632.665527 3706.264648
-7641.994141 3707.494141
-7651.354980 3708.730957
-7660.748047 3709.975342
-7670.173340 3711.227295
-7679.630859 3712.486816
-7689.120605 3713.753906
-7698.642578 3715.028564
-7708.196777 3716.310791
-7717.783203 3717.600586
-7727.401855 3718.897949
-7737.052734 3720.202881
-7746.735840 3721.515381
-7756.451172 3722.835449
-7766.198730 3724.163086
-7775.978516 3725.498047
-7785.790527 3726.840576
-7795.634766 3728.190674
-7805.511230 3729.548340
-7815.419922 3730.913574
-7825.360840 3732.286377
-7835.333984 3733.666748
-7845.339355 3735.054688
-7855.376953 3736.450195
-7865.446777 3737.853271
-7875.548828 3739.263916
-7885.683105 3740.682129
-7895.849609 3742.107910
-7906.048340 3743.541260
-7916.279297 3744.981934
-7926.529785 3746.430420
-7936.803711 3747.886475
-7947.101074 3749.350098
-7957.421875 3750.821289
-7967.766602 3752.300049
-7978.134766 3753.786377
-7988.526367 3755.280273
-7998.941406 3756.781982
-8009.379883 3758.291260
-8019.842285 3759.808105
-8030.328125 3761.332520
-8040.837402 3762.864502
-8051.370117 3764.404053
-8061.926758 3765.951172
-8072.506836 3767.505859
-8083.110352 3769.068359
-8093.737305 3770.638428
-8104.388184 3772.216064
-8115.062500 3773.801270
-8125.760254 3775.394043
-8136.481445 3776.994385
-8147.226074 3778.602295
-8157.994629 3780.218018
-8168.786621 3781.841309
-8179.602051 3783.472168
-8190.440918 3785.110596
-8201.303711 3786.756592
-8212.189453 3788.410156
-8223.099609 3790.071289
-8234.033203 3791.739990
-8244.990234 3793.416504
-8255.970703 3795.100586
-8266.974609 3796.792236
-8278.001953 3798.491455
-8289.052734 3800.198242
-8300.126953 3801.912598
-8311.224609 3803.634521
-8322.346680 3805.364014
-8333.492188 3807.101318
-8344.661133 3808.846191
-8355.851562 3810.558838
-8367.063477 3812.252441
-8378.297852 3813.927246
-8389.553711 3815.583008
-8400.832031 3817.219971
-8412.131836 3818.837891
-8423.454102 3820.437012
-8434.797852 3822.017090
-8446.164062 3823.578369
-8457.551758 3825.120605
-8468.961914 3826.644043
-8480.393555 3828.148438
-8491.847656 3829.634033
-8503.323242 3831.100586
-8514.821289 3832.548340
-8526.340820 3833.977051
-8537.882812 3835.386963
-8549.447266 3836.777832
-8561.033203 3838.149902
-8572.641602 3839.502930
-8584.271484 3840.837158
-8595.923828 3842.152344
-8607.597656 3843.448730
-8619.293945 3844.726074
-8631.011719 3845.984375
-8642.751953 3847.223877
-8654.513672 3848.444336
-8666.297852 3849.645996
-8678.103516 3850.828613
-8689.931641 3851.992432
-8701.781250 3853.137207
-8713.653320 3854.263184
-8725.546875 3855.370117
-8737.462891 3856.458252
-8749.400391 3857.527344
-8761.360352 3858.577637
-8773.342773 3859.608887
-8785.346680 3860.621338
-8797.373047 3861.614746
-8809.420898 3862.589355
-8821.485352 3863.553955
-8833.568359 3864.505371
-8845.669922 3865.443848
-8857.790039 3866.369385
-8869.928711 3867.281982
-8882.085938 3868.181396
-8894.261719 3869.067871
-8906.456055 3869.941406
-8918.668945 3870.802002
-8930.900391 3871.649414
-8943.150391 3872.483887
-8955.418945 3873.305420
-8967.706055 3874.114014
-8980.011719 3874.909424
-8992.335938 3875.691895
-9004.677734 3876.461426
-9017.038086 3877.218018
-9029.416992 3877.961426
-9041.814453 3878.691895
-9054.230469 3879.409424
-9066.665039 3880.114014
-9079.118164 3880.805420
-9091.589844 3881.483887
-9104.080078 3882.149414
-9116.588867 3882.802002
-9129.116211 3883.441406
-9141.662109 3884.067871
-9154.226562 3884.681396
-9166.809570 3885.281982
-9179.411133 3885.869385
-9192.031250 3886.443848
-9204.669922 3887.005371
-9217.327148 3887.553955
-9230.001953 3888.089355
-9242.695312 3888.611816
-9255.407227 3889.121338
-9268.137695 3889.617920
-9280.886719 3890.101318
-9293.654297 3890.571777
-9306.440430 3891.029297
-9319.240234 3891.511230
-9332.055664 3892.005127
-9344.885742 3892.510986
-9357.731445 3893.028564
-9370.592773 3893.558105
-9383.468750 3894.099609
-9396.360352 3894.653076
-9409.267578 3895.218506
-9422.189453 3895.795898
-9435.126953 3896.385010
-9448.080078 3896.986084
-9461.047852 3897.599121
-9474.031250 3898.224121
-9487.030273 3898.861084
-9500.043945 3899.510010
-9513.073242 3900.170898
-9526.118164 3900.843506
-9539.177734 3901.528076
-9552.252930 3902.224609
-9565.343750 3902.933105
-9578.449219 3903.653564
-9591.570312 3904.385986
-9604.707031 3905.130127
-9617.858398 3905.886230
-9631.025391 3906.654297
-9644.208008 3907.434326
-9657.405273 3908.226318
-9670.618164 3909.030273
-9683.846680 3909.846191
-9697.089844 3910.673828
-9710.348633 3911.513428
-9723.623047 3912.364990
-9736.912109 3913.228516
-9750.216797 3914.104004
-9763.537109 3914.991455
-9776.872070 3915.890625
-9790.222656 3916.801758
-9803.588867 3917.724854
-9816.969727 3918.659912
-9830.366211 3919.606934
-9843.681641 3920.559570
-9856.948242 3921.519775
-9870.166016 3922.487793
-9883.333984 3923.463379
-9896.453125 3924.446777
-9909.523438 3925.437744
-9922.544922 3926.436523
-9935.517578 3927.442871
-9948.440430 3928.457031
-9961.314453 3929.479004
-9974.139648 3930.508545
-9986.916016 3931.545898
-9999.643555 3932.590820
-10012.321289 3933.643555
-10024.950195 3934.703857
-10037.530273 3935.771973
-10050.061523 3936.847656
-10062.543945 3937.931152
-10074.976562 3939.022217
-10087.360352 3940.121094
-10099.695312 3941.227539
-10111.981445 3942.341797
-10124.218750 3943.463867
-10136.406250 3944.593506
-10148.544922 3945.730957
-10160.634766 3946.875977
-10172.675781 3948.028809
-10184.667969 3949.189209
-10196.610352 3950.357422
-10208.503906 3951.533203
-10220.348633 3952.716797
-10232.144531 3953.907959
-10243.891602 3955.106934
-10255.588867 3956.313477
-10267.237305 3957.527832
-10278.836914 3958.750000
-10290.387695 3959.979736
-10301.889648 3961.217285
-10313.341797 3962.462402
-10324.745117 3963.715332
-10336.065430 3964.975830
-10347.314453 3966.244141
-10358.491211 3967.520264
-10369.596680 3968.803955
-10380.630859 3970.095459
-10391.592773 3971.394775
-10402.483398 3972.701660
-10413.301758 3974.016357
-10424.048828 3975.338867
-10434.724609 3976.668945
-10445.328125 3978.006836
-10455.860352 3979.352295
-10466.320312 3980.705566
-10476.708984 3982.066650
-10487.026367 3983.435303
-10497.271484 3984.811768
-10507.445312 3986.196045
-10517.546875 3987.587891
-10527.577148 3988.987549
-10537.536133 3990.395020
-10547.422852 3991.810059
-10557.238281 3993.232910
-10566.981445 3994.663574
-10576.653320 3996.101807
-10586.253906 3997.547852
-10595.782227 3999.001465
-10605.239258 4000.462891
-10614.625000 4001.932129
-10623.938477 4003.408936
-10633.180664 4004.893555
-10642.350586 4006.385986
-10651.449219 4007.885986
-10660.476562 4009.393799
-10669.431641 4010.909424
-10678.315430 4012.432617
-10687.126953 4013.963623
-10695.867188 4015.502197
-10704.536133 4017.048584
-10713.132812 4018.602783
-10721.658203 4020.164551
-10730.108398 4021.723877
-10738.484375 4023.284180
-10746.786133 4024.845459
-10755.013672 4026.407715
-10763.167969 4027.970947
-10771.248047 4029.535156
-10779.253906 4031.100342
-10787.185547 4032.666504
-10795.043945 4034.233643
-10802.828125 4035.801514
-10810.538086 4037.370361
-10818.173828 4038.940186
-10825.735352 4040.510986
-10833.223633 4042.082764
-10840.637695 4043.655518
-10847.977539 4045.229248
-10855.243164 4046.803955
-10862.435547 4048.379639
-10869.553711 4049.956055
-10876.597656 4051.533447
-10883.567383 4053.111816
-10890.462891 4054.691162
-10897.285156 4056.271484
-10904.033203 4057.852783
-10910.707031 4059.435059
-10917.306641 4061.018311
-10923.833008 4062.602539
-10930.285156 4064.187500
-10936.663086 4065.773438
-10942.966797 4067.360352
-10949.197266 4068.948242
-10955.353516 4070.537109
-10961.435547 4072.126953
-10967.443359 4073.717773
-10973.376953 4075.309570
-10979.237305 4076.902344
-10985.023438 4078.496094
-10990.735352 4080.090576
-10996.373047 4081.686035
-11001.937500 4083.282471
-11007.473633 4084.863037
-11012.966797 4086.433350
-11018.416992 4087.993408
-11023.824219 4089.543213
-11029.188477 4091.082764
-11034.509766 4092.612061
-11039.787109 4094.131104
-11045.021484 4095.639893
-11050.212891 4097.138184
-11055.361328 4098.626465
-11060.466797 4100.104492
-11065.529297 4101.572266
-11070.548828 4103.029785
-11075.524414 4104.476562
-11080.457031 4105.913086
-11085.346680 4107.339355
-11090.193359 4108.755371
-11094.997070 4110.161133
-11099.757812 4111.556641
-11104.475586 4112.941895
-11109.150391 4114.316895
-11113.781250 4115.681641
-11118.369141 4117.036133
-11122.914062 4118.380371
-11127.416016 4119.714355
-11131.875000 4121.038086
-11136.291016 4122.351562
-11140.664062 4123.654785
-11144.993164 4124.947754
-11149.279297 4126.230469
-11153.522461 4127.502930
-11157.722656 4128.765137
-11161.879883 4130.017090
-11165.994141 4131.258789
-11170.065430 4132.490234
-11174.093750 4133.711426
-11178.078125 4134.922363
-11182.019531 4136.122559
-11185.917969 4137.312500
-11189.773438 4138.492188
-11193.616211 4139.692383
-11197.436523 4140.902832
-11201.234375 4142.123535
-11205.009766 4143.354492
-11208.761719 4144.595703
-11212.491211 4145.846680
-11216.198242 4147.107910
-11219.882812 4148.379395
-11223.543945 4149.661133
-11227.182617 4150.953125
-11230.798828 4152.255371
-11234.392578 4153.567383
-11237.963867 4154.889648
-11241.511719 4156.222168
-11245.037109 4157.564941
-11248.540039 4158.917969
-11252.020508 4160.281250
-11255.477539 4161.654297
-11258.912109 4163.037598
-11262.324219 4164.431152
-11265.713867 4165.834961
-11269.081055 4167.249023
-11272.424805 4168.673340
-11275.746094 4170.107422
-11279.044922 4171.551758
-11282.321289 4173.006348
-11285.575195 4174.471191
-11288.805664 4175.946289
-11292.013672 4177.431641
-11295.199219 4178.926758
-11298.362305 4180.432129
-11301.501953 4181.947754
-11304.619141 4183.473633
-11307.713867 4185.009766
-11310.786133 4186.556152
-11313.835938 4188.112305
-11316.862305 4189.678711
-11319.866211 4191.255371
-11322.847656 4192.842285
-11325.806641 4194.439453
-11328.732422 4196.038086
-11331.628906 4197.641113
-11334.496094 4199.248535
-11337.333984 4200.860352
-11340.142578 4202.476562
-11342.921875 4204.097168
-11345.671875 4205.722168
-11348.392578 4207.351562
-11351.083984 4208.985352
-11353.746094 4210.623535
-11356.378906 4212.265625
-11358.982422 4213.912109
-11361.556641 4215.562988
-11364.101562 4217.218262
-11366.617188 4218.877930
-11369.103516 4220.541992
-11371.560547 4222.210449
-11373.988281 4223.883301
-11376.386719 4225.560547
-11378.755859 4227.242188
-11381.095703 4228.928223
-11383.406250 4230.618652
-11385.687500 4232.313477
-11387.939453 4234.012695
-11390.162109 4235.716309
-11392.355469 4237.424316
-11394.519531 4239.136719
-11396.654297 4240.853516
-11398.759766 4242.574707
-11400.835938 4244.300293
-11402.882812 4246.030273
-11404.900391 4247.764648
-11406.888672 4249.503418
-11408.847656 4251.246582
-11410.777344 4252.994141
-11412.677734 4254.745605
-11414.548828 4256.501465
-11416.390625 4258.261719
-11418.203125 4260.026367
-11419.986328 4261.795410
-11421.740234 4263.556641
-11423.464844 4265.313477
-11425.160156 4267.066406
-11426.826172 4268.815430
-11428.462891 4270.560547
-11430.070312 4272.301758
-11431.649414 4274.039062
-11433.199219 4275.772461
-11434.719727 4277.501465
-11436.210938 4279.226562
-11437.672852 4280.947754
-11439.105469 4282.665039
-11440.508789 4284.378418
-11441.882812 4286.087891
-11443.227539 4287.793457
-11444.542969 4289.495117
-11445.829102 4291.192383
-11447.085938 4292.885742
-11448.313477 4294.575195
-11449.511719 4296.260742
-11450.680664 4297.942383
-11451.820312 4299.620117
-11452.930664 4301.293945
-11454.011719 4302.963379
-11455.063477 4304.628906
-11456.085938 4306.290527
-11457.079102 4307.948242
-11458.043945 4309.602051
-11458.979492 4311.251953
-11459.885742 4312.897949
-11460.762695 4314.539551
-11461.610352 4316.177246
-11462.428711 4317.811035
-11463.217773 4319.440918
-11463.977539 4321.066895
-11464.708008 4322.688965
-11465.409180 4324.307129
-11466.081055 4325.920898
-11466.723633 4327.530762
-11467.336914 4329.136719
-11467.920898 4330.747070
-11468.474609 4332.359375
-11468.999023 4333.973145
-11469.494141 4335.588379
-11469.959961 4337.205566
-11470.395508 4338.824219
-11470.801758 4340.444824
-11471.178711 4342.066895
-11471.526367 4343.690430
-11471.843750 4345.315918
-11472.131836 4346.942871
-11472.390625 4348.571289
-11472.620117 4350.201660
-11472.819336 4351.833496
-11472.989258 4353.467285
-11473.129883 4355.102539
-11473.241211 4356.739258
-11473.322266 4358.377930
-11473.374023 4360.018066
-11473.396484 4361.659668
-11473.388672 4363.303223
-11473.351562 4364.948242
-11473.285156 4366.595215
-11473.189453 4368.243652
-11473.063477 4369.893555
-11472.908203 4371.545410
-11472.723633 4373.198730
-11472.509766 4374.853516
-11472.265625 4376.510254
-11471.992188 4378.168457
-11471.689453 4379.828613
-11471.357422 4381.490234
-11470.995117 4383.153320
-11470.603516 4384.818359
-11470.182617 4386.484863
-11469.732422 4388.153320
-11469.251953 4389.823242
-11468.742188 4391.494629
-11468.203125 4393.167969
-11467.634766 4394.842773
-11467.063477 4396.543945
-11466.480469 4398.263184
-11465.885742 4400.000977
-11465.279297 4401.756836
-11464.661133 4403.530762
-11464.031250 4405.322754
-11463.390625 4407.133301
-11462.738281 4408.961914
-11462.074219 4410.808594
-11461.398438 4412.673340
-11460.710938 4414.556152
-11460.011719 4416.457520
-11459.300781 4418.376953
-11458.578125 4420.314453
-11457.844727 4422.270020
-11457.099609 4424.244141
-11456.342773 4426.236328
-11455.574219 4428.246582
-11454.793945 4430.274902
-11454.001953 4432.321289
-11453.198242 4434.386230
-11452.382812 4436.469238
-11451.556641 4438.570312
-11450.718750 4440.689453
-11449.869141 4442.827148
-11449.007812 4444.982910
-11448.134766 4447.156738
-11447.250000 4449.348633
-11446.353516 4451.558594
-11445.445312 4453.787109
-11444.526367 4456.033691
-11443.595703 4458.298340
-11442.653320 4460.581055
-11441.699219 4462.882324
-11440.733398 4465.201660
-11439.755859 4467.539062
-11438.766602 4469.894531
-11437.765625 4472.268066
-11436.753906 4474.660156
-11435.730469 4477.070312
-11434.691406 4479.460449
-11433.638672 4481.843262
-11432.571289 4484.218750
-11431.490234 4486.586914
-11430.395508 4488.947754
-11429.287109 4491.301270
-11428.164062 4493.647949
-11427.027344 4495.987305
-11425.876953 4498.319336
-11424.711914 4500.644043
-11423.533203 4502.961426
-11422.340820 4505.271484
-11421.133789 4507.574219
-11419.913086 4509.869629
-11418.678711 4512.157715
-11417.429688 4514.438477
-11416.166992 4516.712402
-11414.890625 4518.979004
-11413.600586 4521.238281
-11412.295898 4523.490234
-11410.977539 4525.734863
-11409.645508 4527.972168
-11408.298828 4530.202148
-11406.938477 4532.424805
-11405.564453 4534.640137
-11404.175781 4536.848145
-11402.773438 4539.049316
-11401.357422 4541.243164
-11399.926758 4543.429688
-11398.482422 4545.608887
-11397.024414 4547.780762
-11395.551758 4549.945312
-11394.065430 4552.102539
-11392.565430 4554.252441
-11391.051758 4556.395020
-11389.523438 4558.530273
-11387.981445 4560.658691
-11386.425781 4562.779785
-11384.855469 4564.893555
-11383.271484 4567.000000
-11381.676758 4569.116699
-11380.070312 4571.238281
-11378.452148 4573.364258
-11376.822266 4575.494629
-11375.181641 4577.629883
-11373.529297 4579.769531
-11371.865234 4581.914062
-11370.189453 4584.062988
-11368.501953 4586.216309
-11366.802734 4588.374512
-11365.091797 4590.537109
-11363.369141 4592.704102
-11361.634766 4594.875977
-11359.888672 4597.052246
-11358.130859 4599.233398
-11356.361328 4601.418945
-11354.580078 4603.608887
-11352.787109 4605.803711
-11350.983398 4608.002930
-11349.167969 4610.206543
-11347.340820 4612.415039
-11345.501953 4614.627930
-11343.651367 4616.845215
-11341.789062 4619.067383
-11339.915039 4621.293945
-11338.029297 4623.525391
-11336.131836 4625.761230
-11334.222656 4628.001465
-11332.301758 4630.246582
-11330.369141 4632.496094
-11328.424805 4634.750000
-11326.468750 4637.008789
-11324.501953 4639.271973
-11322.523438 4641.540039
-11320.533203 4643.812500
-11318.531250 4646.089355
-11316.517578 4648.371094
-11314.492188 4650.657227
-11312.455078 4652.947754
-11310.406250 4655.243164
-11308.347656 4657.538574
-11306.279297 4659.835938
-11304.200195 4662.134766
-11302.111328 4664.435547
-11300.011719 4666.738281
-11297.902344 4669.042480
-11295.782227 4671.348633
-11293.652344 4673.656250
-11291.511719 4675.965820
-11289.360352 4678.276855
-11287.199219 4680.589844
-11285.027344 4682.904297
-11282.845703 4685.220703
-11280.653320 4687.538574
-11278.451172 4689.858398
-11276.238281 4692.179688
-11274.015625 4694.502930
-11271.782227 4696.827637
-11269.539062 4699.154297
-11267.285156 4701.482422
-11265.021484 4703.812500
-11262.747070 4706.144531
-11260.462891 4708.478027
-11258.167969 4710.813477
-11255.863281 4713.150391
-11253.547852 4715.489258
-11251.222656 4717.829590
-11248.886719 4720.171875
-11246.541016 4722.515625
-11244.184570 4724.861328
-11241.818359 4727.208496
-11239.441406 4729.557617
-11237.053711 4731.908203
-11234.656250 4734.260742
-11232.248047 4736.614746
-11229.830078 4738.970703
-11227.401367 4741.328613
-11224.962891 4743.687988
-11222.513672 4746.049316
-11220.054688 4748.412109
-11217.600586 4750.768066
-11215.146484 4753.120117
-11212.692383 4755.468262
-11210.238281 4757.812500
-11207.784180 4760.152832
-11205.330078 4762.489258
-11202.875977 4764.821777
-11200.422852 4767.150391
-11197.969727 4769.475098
-11195.516602 4771.795410
-11193.063477 4774.111816
-11190.610352 4776.424316
-11188.157227 4778.732910
-11185.704102 4781.037598
-11183.250977 4783.338379
-11180.797852 4785.635254
-11178.344727 4787.928223
-11175.891602 4790.217285
-11173.438477 4792.502441
-11170.985352 4794.783691
-11168.532227 4797.060547
-11166.079102 4799.333496
-11163.625977 4801.602539
-11161.172852 4803.867676
-11158.719727 4806.128906
-11156.266602 4808.386230
-11153.814453 4810.639648
-11151.362305 4812.889160
-11148.910156 4815.134766
-11146.458008 4817.376465
-11144.005859 4819.614258
-11141.553711 4821.847656
-11139.101562 4824.077148
-11136.649414 4826.302734
-11134.197266 4828.524414
-11131.745117 4830.742188
-11129.292969 4832.956055
-11126.840820 4835.166016
-11124.388672 4837.372070
-11121.936523 4839.574219
-11119.499023 4841.773438
-11117.071289 4843.969727
-11114.652344 4846.162598
-11112.243164 4848.352539
-11109.843750 4850.539062
-11107.454102 4852.722656
-11105.073242 4854.902832
-11102.702148 4857.080078
-11100.340820 4859.253906
-11097.989258 4861.424805
-11095.646484 4863.592773
-11093.313477 4865.757324
-11090.990234 4867.918945
-11088.676758 4870.077148
-11086.372070 4872.232422
-11084.077148 4874.384277
-11081.791992 4876.533203
-11079.516602 4878.678711
-11077.250000 4880.821289
-11074.993164 4882.960938
-11072.746094 4885.097168
-11070.508789 4887.230469
-11068.280273 4889.360352
-11066.061523 4891.487305
-11063.852539 4893.610840
-11061.653320 4895.731445
-11059.462891 4897.848633
-11057.282227 4899.962891
-11055.111328 4902.073730
-11052.950195 4904.181641
-11050.797852 4906.286621
-11048.655273 4908.388184
-11046.522461 4910.486816
-11044.399414 4912.582031
-11042.285156 4914.674316
-11040.180664 4916.763184
-11038.085938 4918.849121
-11036.000977 4920.931641
-11033.924805 4923.011230
-11031.858398 4925.087891
-11029.797852 4927.142578
-11027.744141 4929.181152
-11025.697266 4931.204102
-11023.657227 4933.211426
-11021.623047 4935.203125
-11019.595703 4937.179199
-11017.575195 4939.139648
-11015.561523 4941.083984
-11013.554688 4943.012695
-11011.554688 4944.925781
-11009.561523 4946.823242
-11007.575195 4948.705078
-11005.595703 4950.571289
-11003.623047 4952.421875
-11001.657227 4954.256348
-10999.698242 4956.075195
-10997.746094 4957.878418
-10995.800781 4959.666016
-10993.862305 4961.437988
-10991.930664 4963.194336
-10990.004883 4964.934570
-10988.085938 4966.659180
-10986.173828 4968.368164
-10984.268555 4970.061523
-10982.370117 4971.739258
-10980.478516 4973.401367
-10978.593750 4975.047852
-10976.715820 4976.678223
-10974.844727 4978.292969
-10972.980469 4979.892090
-10971.123047 4981.475586
-10969.272461 4983.043457
-10967.428711 4984.595703
-10965.591797 4986.131836
-10963.761719 4987.652344
-10961.938477 4989.157227
-10960.121094 4990.646484
-10958.310547 4992.120117
-10956.506836 4993.578125
-10954.709961 4995.020508
-10952.925781 4996.470703
-10951.151367 4997.920898
-10949.387695 4999.371094
-10947.633789 5000.821289
-10945.890625 5002.271484
-10944.158203 5003.721680
-10942.435547 5005.171875
-10940.723633 5006.622070
-10939.021484 5008.072266
-10937.330078 5009.522461
-10935.649414 5010.972656
-10933.978516 5012.422852
-10932.318359 5013.873047
-10930.667969 5015.323242
-10929.028320 5016.773438
-10927.399414 5018.223633
-10925.780273 5019.673828
-10924.171875 5021.124512
-10922.573242 5022.575195
-10920.985352 5024.025879
-10919.408203 5025.476562
-10917.840820 5026.927246
-10916.284180 5028.377930
-10914.737305 5029.828613
-10913.201172 5031.279297
-10911.675781 5032.729980
-10910.160156 5034.180664
-10908.655273 5035.631348
-10907.160156 5037.082031
-10905.675781 5038.532715
-10904.202148 5039.983398
-10902.738281 5041.434082
-10901.285156 5042.884766
-10899.841797 5044.335449
-10898.409180 5045.786133
-10896.987305 5047.236816
-10895.575195 5048.687988
-10894.173828 5050.139160
-10892.782227 5051.590332
-10891.401367 5053.041504
-10890.034180 5054.492188
-10888.679688 5055.942871
-10887.338867 5057.393555
-10886.010742 5058.844238
-10884.695312 5060.294922
-10883.392578 5061.745117
-10882.102539 5063.195312
-10880.825195 5064.645508
-10879.560547 5066.095703
-10878.308594 5067.545410
-10877.069336 5068.995117
-10875.842773 5070.444824
-10874.628906 5071.894531
-10873.427734 5073.344238
-10872.240234 5074.793457
-10871.065430 5076.242676
-10869.903320 5077.691895
-10868.753906 5079.141113
-10867.617188 5080.590332
-10866.493164 5082.039062
-10865.381836 5083.487793
-10864.283203 5084.936523
-10863.197266 5086.385254
-10862.124023 5087.833984
-10861.063477 5089.282227
-10860.015625 5090.730469
-10858.980469 5092.178711
-10857.958984 5093.626953
-10856.950195 5095.075195
-10855.954102 5096.522949
-10854.970703 5097.970703
-10854.000000 5099.418457
-10853.041992 5100.866211
-10852.096680 5102.313965
-10851.164062 5103.761230
-10850.244141 5105.208496
-10849.336914 5106.655762
-10848.442383 5108.103027
-10847.560547 5109.550293
-10846.692383 5110.997070
-10845.835938 5112.439453
-10844.991211 5113.878906
-10844.159180 5115.314941
-10843.338867 5116.748047
-10842.531250 5118.178223
-10841.735352 5119.604980
-10840.952148 5121.028809
-10840.180664 5122.449219
-10839.420898 5123.866699
-10838.673828 5125.281250
-10837.938477 5126.692383
-10837.215820 5128.100586
-10836.504883 5129.505859
-10835.806641 5130.907715
-10835.120117 5132.306641
-10834.446289 5133.702637
-10833.784180 5135.095215
-10833.134766 5136.484863
-10832.497070 5137.871582
-10831.872070 5139.254883
-10831.258789 5140.635254
-10830.658203 5142.012695
-10830.069336 5143.386719
-10829.492188 5144.757812
-10828.927734 5146.125977
-10828.375000 5147.490723
-10827.834961 5148.852539
-10827.306641 5150.211426
-10826.791016 5151.566895
-10826.287109 5152.919434
-10825.795898 5154.268555
-10825.316406 5155.614746
-10824.849609 5156.958008
-10824.394531 5158.297852
-10823.952148 5159.634766
-10823.521484 5160.968750
-10823.103516 5162.299316
-10822.697266 5163.626953
-10822.302734 5164.951660
-10821.920898 5166.272949
-10821.535156 5167.591309
-10821.151367 5168.906250
-10820.769531 5170.218262
-10820.389648 5171.526855
-10820.011719 5172.832520
-10819.635742 5174.135254
-10819.260742 5175.434570
-10818.887695 5176.730957
-10818.516602 5178.023926
-10818.147461 5179.313965
-10817.780273 5180.600586
-10817.414062 5181.884277
-10817.049805 5183.164551
-10816.687500 5184.441895
-10816.327148 5185.716309
-10815.968750 5186.987305
-10815.612305 5188.255371
-10815.256836 5189.520020
-10814.903320 5190.781738
-10814.551758 5192.040039
-10814.202148 5193.295410
-10813.854492 5194.547363
-10813.507812 5195.796387
-10813.163086 5197.041992
-10812.820312 5198.284668
-10812.479492 5199.524414
-10812.140625 5200.760742
-10811.802734 5201.994141
-10811.466797 5203.224121
-10811.132812 5204.451172
-10810.800781 5205.674805
-10810.470703 5206.895508
-10810.142578 5208.112793
-10809.815430 5209.327148
-10809.490234 5210.538086
-10809.166992 5211.746094
-10808.845703 5212.951172
-10808.526367 5214.152832
-10808.208008 5215.351562
-10807.891602 5216.546875
-10807.593750 5217.715332
-10807.309570 5218.864258
-10807.038086 5219.994141
-10806.780273 5221.104980
-10806.535156 5222.196289
-10806.302734 5223.268555
-10806.083984 5224.321777
-10805.877930 5225.355957
-10805.685547 5226.370605
-10805.505859 5227.366211
-10805.338867 5228.342773
-10805.185547 5229.300293
-10805.044922 5230.238281
-10804.917969 5231.157227
-10804.803711 5232.057129
-10804.702148 5232.937500
-10804.614258 5233.798828
-10804.539062 5234.641113
-10804.476562 5235.464355
-10804.427734 5236.268066
-10804.391602 5237.052734
-10804.369141 5237.818359
-10804.359375 5238.564941
-10804.362305 5239.291992
-10804.378906 5240.000000
-10804.408203 5240.688965
-10804.451172 5241.358887
-10804.506836 5242.009277
-10804.575195 5242.640625
-10804.657227 5243.252930
-10804.751953 5243.845703
-10804.860352 5244.419434
-10804.981445 5244.974121
-10805.115234 5245.509766
-10805.262695 5246.025879
-10805.422852 5246.522949
-10805.595703 5247.000977
-10805.782227 5247.459961
-10805.981445 5247.899414
-10806.194336 5248.319824
-10806.403320 5248.741699
-10806.613281 5249.158203
-10806.825195 5249.569336
-10807.039062 5249.975586
-10807.254883 5250.376465
-10807.472656 5250.771973
-10807.691406 5251.162109
-10807.912109 5251.546875
-10808.134766 5251.926270
-10808.359375 5252.300293
-10808.585938 5252.668945
-10808.813477 5253.032227
-10809.042969 5253.390137
-10809.274414 5253.743164
-10809.507812 5254.090820
-10809.743164 5254.433105
-10809.979492 5254.770020
-10810.217773 5255.101562
-10810.458008 5255.427734
-10810.700195 5255.748535
-10810.943359 5256.063965
-10811.188477 5256.374023
-10811.435547 5256.678711
-10811.684570 5256.978027
-10811.935547 5257.272461
-10812.187500 5257.561523
-10812.441406 5257.845215
-10812.697266 5258.123535
-10812.955078 5258.396484
-10813.214844 5258.664062
-10813.475586 5258.926270
-10813.738281 5259.183105
-10814.002930 5259.434570
-10814.269531 5259.680664
-10814.538086 5259.921387
-10814.807617 5260.157227
-10815.079102 5260.387695
-10815.352539 5260.612793
-10815.627930 5260.832520
-10815.905273 5261.046875
-10816.190430 5261.264648
-10816.482422 5261.483398
-10816.780273 5261.702637
-10817.084961 5261.922363
-10817.395508 5262.142578
-10817.711914 5262.363770
-10818.035156 5262.585449
-10818.364258 5262.807617
-10818.700195 5263.030762
-10819.041992 5263.254395
-10819.390625 5263.478516
-10819.745117 5263.703125
-10820.105469 5263.928711
-10820.472656 5264.154785
-10820.845703 5264.381348
-10821.225586 5264.608887
-10821.611328 5264.836914
-10822.003906 5265.065430
-10822.402344 5265.294434
-10822.806641 5265.524414
-10823.217773 5265.754883
-10823.634766 5265.985840
-10824.058594 5266.217773
-10824.488281 5266.450195
-10824.923828 5266.683105
-10825.366211 5266.916504
-10825.814453 5267.150879
-10826.269531 5267.385742
-10826.730469 5267.621094
-10827.198242 5267.856934
-10827.671875 5268.093750
-10828.151367 5268.331055
-10828.637695 5268.568848
-10829.129883 5268.807617
-10829.628906 5269.046875
-10830.133789 5269.286621
-10830.645508 5269.526855
-10831.163086 5269.768066
-10831.686523 5270.009766
-10832.216797 5270.251953
-10832.756836 5270.506836
-10833.305664 5270.770020
-10833.863281 5271.041504
-10834.429688 5271.321289
-10835.004883 5271.609863
-10835.588867 5271.906738
-10836.181641 5272.211914
-10836.783203 5272.525391
-10837.393555 5272.847656
-10838.012695 5273.178223
-10838.640625 5273.517090
-10839.277344 5273.864258
-10839.922852 5274.220215
-10840.577148 5274.584473
-10841.240234 5274.957031
-10841.912109 5275.337891
-10842.592773 5275.727539
-10843.282227 5276.125488
-10843.980469 5276.531738
-10844.687500 5276.946289
-10845.403320 5277.369629
-10846.127930 5277.801270
-10846.861328 5278.241211
-10847.603516 5278.689453
-10848.354492 5279.146484
-10849.114258 5279.611816
-10849.882812 5280.085449
-10850.660156 5280.567383
-10851.446289 5281.058105
-10852.241211 5281.557129
-10853.044922 5282.064453
-10853.857422 5282.580078
-10854.678711 5283.104492
-10855.508789 5283.637207
-10856.347656 5284.178223
-10857.195312 5284.727539
-10858.051758 5285.285645
-10858.916992 5285.852051
-10859.791016 5286.426758
-10860.673828 5287.009766
-10861.571289 5287.573730
-10862.481445 5288.127930
-10863.404297 5288.671875
-10864.340820 5289.206055
-10865.290039 5289.729980
-10866.251953 5290.244141
-10867.227539 5290.748535
-10868.215820 5291.242676
-10869.216797 5291.727051
-10870.230469 5292.201172
-10871.257812 5292.665527
-10872.297852 5293.119629
-10873.350586 5293.563965
-10874.416016 5293.998535
-10875.495117 5294.422852
-10876.586914 5294.837402
-10877.691406 5295.241699
-10878.808594 5295.636230
-10879.939453 5296.020508
-10881.083008 5296.395020
-10882.239258 5296.759766
-10883.408203 5297.114258
-10884.590820 5297.458984
-10885.786133 5297.793457
-10886.994141 5298.118164
-10888.214844 5298.432617
-10889.449219 5298.737305
-10890.696289 5299.032227
-10891.956055 5299.316895
-10893.229492 5299.591797
-10894.515625 5299.856445
-10895.814453 5300.111328
-10897.125977 5300.355957
-10898.451172 5300.590820
-10899.789062 5300.815918
-10901.139648 5301.030762
-10902.502930 5301.235840
-10903.879883 5301.430664
-10905.269531 5301.615723
-10906.671875 5301.790527
-10908.093750 5301.953125
-10909.533203 5302.104492
-10910.990234 5302.244141
-10912.464844 5302.372559
-10913.957031 5302.489258
-10915.465820 5302.594727
-10916.992188 5302.688477
-10918.536133 5302.770996
-10920.097656 5302.841797
-10921.676758 5302.901367
-10923.272461 5302.949219
-10924.885742 5302.985840
-10926.516602 5303.010742
-10928.165039 5303.024414
-10929.831055 5303.026367
-10931.513672 5303.017090
-10933.213867 5302.996094
-10934.931641 5302.963867
-10936.666992 5302.919922
-10938.419922 5302.864746
-10940.190430 5302.797852
-10941.977539 5302.719727
-10943.782227 5302.629883
-10945.604492 5302.528809
-10947.444336 5302.416016
-10949.301758 5302.291992
-10951.175781 5302.156250
-10953.067383 5302.009277
-10954.976562 5301.850586
-10956.903320 5301.680664
-10958.847656 5301.499023
-10960.809570 5301.306152
-10962.788086 5301.101562
-10964.784180 5300.885742
-10966.797852 5300.658203
-10968.829102 5300.419434
-10970.877930 5300.168945
-10972.943359 5299.907227
-10975.026367 5299.633789
-10977.126953 5299.349121
-10979.262695 5299.067383
-10981.427734 5298.784180
-10983.621094 5298.499512
-10985.843750 5298.212891
-10988.095703 5297.924805
-10990.376953 5297.634766
-10992.687500 5297.343262
-10995.026367 5297.049805
-10997.394531 5296.754883
-10999.791992 5296.458496
-11002.218750 5296.160156
-11004.673828 5295.860352
-11007.158203 5295.558594
-11009.671875 5295.255371
-11012.214844 5294.950195
-11014.786133 5294.643555
-11017.386719 5294.335449
-11020.016602 5294.025391
-11022.675781 5293.713867
-11025.364258 5293.400391
-11028.081055 5293.085449
-11030.827148 5292.768555
-11033.602539 5292.450195
-11036.407227 5292.130371
-11039.240234 5291.808594
-11042.102539 5291.485352
-11044.994141 5291.160156
-11047.915039 5290.833496
-11050.864258 5290.504883
-11053.842773 5290.174805
-11056.850586 5289.843262
-11059.887695 5289.509766
-11062.954102 5289.174805
-11066.048828 5288.837891
-11069.172852 5288.499512
-11072.326172 5288.159180
-11075.508789 5287.817383
-11078.719727 5287.474121
-11081.959961 5287.128906
-11085.229492 5286.782227
-11088.526367 5286.415039
-11091.850586 5286.033691
-11095.203125 5285.638184
-11098.583008 5285.228516
-11101.991211 5284.804688
-11105.426758 5284.366699
-11108.890625 5283.914551
-11112.381836 5283.448242
-11115.901367 5282.967773
-11119.448242 5282.473145
-11123.022461 5281.964355
-11126.625000 5281.441406
-11130.254883 5280.904297
-11133.913086 5280.353027
-11137.598633 5279.787598
-11141.312500 5279.208008
-11145.053711 5278.614258
-11148.823242 5278.006348
-11152.620117 5277.384277
-11156.445312 5276.748047
-11160.297852 5276.097656
-11164.178711 5275.433105
-11168.086914 5274.754395
-11172.023438 5274.061523
-11175.987305 5273.354492
-11179.978516 5272.633301
-11183.998047 5271.897949
-11188.044922 5271.148438
-11192.120117 5270.385254
-11196.222656 5269.607910
-11200.353516 5268.816406
-11204.511719 5268.010742
-11208.698242 5267.190918
-11212.912109 5266.356934
-11217.154297 5265.508789
-11221.423828 5264.646484
-11225.721680 5263.770020
-11230.046875 5262.879395
-11234.400391 5261.974609
-11238.781250 5261.055664
-11243.188477 5260.105469
-11247.623047 5259.129395
-11252.084961 5258.127930
-11256.573242 5257.101074
-11261.088867 5256.048340
-11265.631836 5254.970215
-11270.201172 5253.866699
-11274.797852 5252.737305
-11279.420898 5251.582520
-11284.071289 5250.402344
-11288.749023 5249.196289
-11293.453125 5247.964844
-11298.184570 5246.708008
-11302.943359 5245.425293
-11307.728516 5244.117188
-11312.541016 5242.783691
-11317.380859 5241.424805
-11322.247070 5240.040039
-11327.140625 5238.629883
-11332.061523 5237.194336
-11337.008789 5235.732910
-11341.983398 5234.246094
-11346.985352 5232.733887
-11352.013672 5231.195801
-11357.069336 5229.632324
-11362.151367 5228.043457
-11367.260742 5226.428711
-11372.397461 5224.788574
-11377.560547 5223.123047
-11382.750977 5221.431641
-11387.968750 5219.714844
-11393.212891 5217.972656
-11398.484375 5216.204590
-11403.783203 5214.411133
-11409.108398 5212.592285
-11414.460938 5210.747559
-11419.840820 5208.877441
-11425.247070 5206.981934
-11430.680664 5205.060547
-11436.141602 5203.113770
-11441.626953 5201.188477
-11447.136719 5199.269043
-11452.671875 5197.355469
-11458.232422 5195.447754
-11463.818359 5193.545898
-11469.429688 5191.649902
-11475.066406 5189.759766
-11480.727539 5187.875488
-11486.414062 5185.997070
-11492.125977 5184.124023
-11497.863281 5182.256836
-11503.625977 5180.395508
-11509.414062 5178.540039
-11515.227539 5176.690430
-11521.065430 5174.846680
-11526.928711 5173.008789
-11532.817383 5171.176758
-11538.731445 5169.350586
-11544.670898 5167.530273
-11550.635742 5165.715820
-11556.625977 5163.907227
-11562.640625 5162.104492
-11568.680664 5160.307617
-11574.746094 5158.516113
-11580.836914 5156.730469
-11586.953125 5154.950684
-11593.094727 5153.176758
-11599.261719 5151.408691
-11605.453125 5149.646484
-11611.669922 5147.890137
-11617.912109 5146.139648
-11624.179688 5144.395020
-11630.472656 5142.656250
-11636.791016 5140.923340
-11643.134766 5139.196289
-11649.502930 5137.475098
-11655.896484 5135.759766
-11662.315430 5134.049805
-11668.759766 5132.345703
-11675.229492 5130.647461
-11681.708984 5128.958496
-11688.203125 5127.277344
-11694.712891 5125.604004
-11701.237305 5123.938477
-11707.777344 5122.280762
-11714.332031 5120.630859
-11720.901367 5118.988770
-11727.486328 5117.354492
-11734.085938 5115.728516
-11740.701172 5114.110352
-11747.331055 5112.500000
-11753.975586 5110.897461
-11760.635742 5109.302734
-11767.310547 5107.715820
-11774.000000 5106.136719
-11780.705078 5104.565430
-11787.424805 5103.002441
-11794.160156 5101.447266
-11800.910156 5099.899902
-11807.674805 5098.360352
-11814.455078 5096.828613
-11821.250000 5095.304688
-11828.060547 5093.788574
-11834.885742 5092.280273
-11841.725586 5090.780273
-11848.581055 5089.288086
-11855.451172 5087.803711
-11862.335938 5086.327148
-11869.236328 5084.858398
-11876.151367 5083.397461
-11883.082031 5081.944336
-11890.027344 5080.499512
-11896.987305 5079.062500
-11903.962891 5077.633301
-11910.953125 5076.211914
-11917.958984 5074.798340
-11924.979492 5073.392578
-11932.014648 5071.994629
-11939.065430 5070.604492
-11946.130859 5069.222656
-11953.279297 5067.849609
-11960.488281 5066.485352
-11967.757812 5065.129883
-11975.087891 5063.783203
-11982.478516 5062.444824
-11989.928711 5061.115234
-11997.439453 5059.794434
-12005.010742 5058.482422
-12012.642578 5057.179199
-12020.334961 5055.884766
-12028.087891 5054.598633
-12035.901367 5053.321289
-12043.774414 5052.052734
-12051.708008 5050.792969
-12059.702148 5049.541992
-12067.756836 5048.299316
-12075.872070 5047.065430
-12084.047852 5045.840332
-12092.283203 5044.624023
-12100.579102 5043.416504
-12108.935547 5042.217773
-12117.352539 5041.027344
-12125.830078 5039.845703
-12134.368164 5038.672852
-12142.966797 5037.508789
-12151.625000 5036.353516
-12160.343750 5035.206543
-12169.123047 5034.068359
-12177.962891 5032.938965
-12186.863281 5031.818359
-12195.824219 5030.706543
-12204.845703 5029.603516
-12213.926758 5028.508789
-12223.068359 5027.422852
-12232.270508 5026.345703
-12241.533203 5025.277344
-12250.856445 5024.217773
-12260.240234 5023.166504
-12269.683594 5022.124023
-12279.187500 5021.090332
-12288.627930 5020.076172
-12298.045898 5019.077637
-12307.441406 5018.094727
-12316.815430 5017.127441
-12326.166992 5016.176270
-12335.496094 5015.240723
-12344.802734 5014.320801
-12354.086914 5013.416504
-12363.348633 5012.528320
-12372.588867 5011.655762
-12381.806641 5010.798828
-12391.001953 5009.957520
-12400.174805 5009.132324
-12409.325195 5008.322754
-12418.453125 5007.528809
-12427.559570 5006.750488
-12436.643555 5005.988281
-12445.705078 5005.241699
-12454.744141 5004.510742
-12463.760742 5003.795410
-12472.754883 5003.096191
-12481.727539 5002.412598
-12490.677734 5001.744629
-12499.605469 5001.092285
-12508.510742 5000.456055
-12517.393555 4999.835449
-12526.253906 4999.230469
-12535.092773 4998.641113
-12543.909180 4998.067871
-12552.703125 4997.510254
-12561.474609 4996.968262
-12570.223633 4996.442383
-12578.950195 4995.932129
-12587.655273 4995.437500
-12596.337891 4994.958496
-12604.998047 4994.495605
-12613.635742 4994.048340
-12622.250977 4993.616699
-12630.843750 4993.200684
-12639.415039 4992.800781
-12647.915039 4992.375000
-12656.359375 4991.937500
-12664.749023 4991.488281
-12673.083984 4991.027344
-12681.364258 4990.554688
-12689.589844 4990.070312
-12697.759766 4989.574219
-12705.875000 4989.066406
-12713.935547 4988.546875
-12721.941406 4988.015625
-12729.891602 4987.472656
-12737.787109 4986.917969
-12745.627930 4986.351562
-12753.414062 4985.773438
-12761.145508 4985.183594
-12768.821289 4984.582031
-12776.442383 4983.968750
-12784.008789 4983.343750
-12791.520508 4982.707031
-12798.977539 4982.058594
-12806.378906 4981.398438
-12813.725586 4980.726562
-12821.017578 4980.042969
-12828.254883 4979.347656
-12835.436523 4978.640625
-12842.563477 4977.921875
-12849.635742 4977.191406
-12856.653320 4976.449219
-12863.616211 4975.695312
-12870.523438 4974.929688
-12877.375977 4974.152344
-12884.173828 4973.363281
-12890.916992 4972.562500
-12897.604492 4971.750000
-12904.237305 4970.925781
-12910.815430 4970.089844
-12917.338867 4969.242188
-12923.807617 4968.382812
-12930.220703 4967.511719
-12936.579102 4966.628906
-12942.901367 4965.769043
-12949.180664 4964.920898
-12955.416992 4964.084473
-12961.610352 4963.259277
-12967.760742 4962.445801
-12973.869141 4961.644043
-12979.934570 4960.853516
-12985.957031 4960.074707
-12991.936523 4959.307617
-12997.873047 4958.551758
-13003.767578 4957.807617
-13009.619141 4957.075195
-13015.427734 4956.354004
-13021.193359 4955.644531
-13026.916016 4954.946777
-13032.596680 4954.260254
-13038.234375 4953.585449
-13043.829102 4952.922363
-13049.380859 4952.270508
-13054.889648 4951.630371
-13060.356445 4951.001465
-13065.780273 4950.384277
-13071.161133 4949.778809
-13076.499023 4949.184570
-13081.793945 4948.602051
-13087.046875 4948.031250
-13092.256836 4947.471680
-13097.423828 4946.923828
-13102.547852 4946.387695
-13107.628906 4945.862793
-13112.667969 4945.349609
-13117.664062 4944.848145
-13122.617188 4944.357910
-13127.527344 4943.879395
-13132.394531 4943.412598
-13137.219727 4942.957031
-13142.001953 4942.513184
-13146.741211 4942.081055
-13151.437500 4941.660156
-13156.090820 4941.250977
-13160.733398 4940.830566
-13165.354492 4940.406738
-13169.954102 4939.979004
-13174.532227 4939.547852
-13179.088867 4939.113281
-13183.624023 4938.674805
-13188.137695 4938.232910
-13192.629883 4937.787109
-13197.100586 4937.337891
-13201.549805 4936.885254
-13205.977539 4936.428711
-13210.383789 4935.968750
-13214.768555 4935.505371
-13219.131836 4935.038086
-13223.473633 4934.567383
-13227.793945 4934.092773
-13232.092773 4933.614746
-13236.370117 4933.133301
-13240.625977 4932.647949
-13244.860352 4932.159180
-13249.073242 4931.666992
-13253.264648 4931.170898
-13257.434570 4930.671387
-13261.583008 4930.167969
-13265.709961 4929.661133
-13269.815430 4929.150879
-13273.899414 4928.636719
-13277.961914 4928.119141
-13282.002930 4927.598145
-13286.022461 4927.073242
-13290.021484 4926.544922
-13293.999023 4926.012695
-13297.955078 4925.477051
-13301.889648 4924.937988
-13305.802734 4924.395020
-13309.694336 4923.848633
-13313.564453 4923.298828
-13317.413086 4922.745117
-13321.240234 4922.187988
-13325.045898 4921.626953
-13328.871094 4921.073730
-13332.703125 4920.524414
-13336.541992 4919.979004
-13340.386719 4919.437500
-13344.238281 4918.899902
-13348.096680 4918.366211
-13351.960938 4917.836426
-13355.832031 4917.310547
-13359.708984 4916.788574
-13363.592773 4916.270508
-13367.483398 4915.756348
-13371.379883 4915.246094
-13375.283203 4914.739746
-13379.192383 4914.237305
-13383.108398 4913.738770
-13387.031250 4913.244141
-13390.959961 4912.753418
-13394.895508 4912.266602
-13398.836914 4911.783691
-13402.785156 4911.304688
-13406.740234 4910.829590
-13410.701172 4910.358398
-13414.668945 4909.891113
-13418.642578 4909.427734
-13422.623047 4908.968262
-13426.610352 4908.512695
-13430.603516 4908.061035
-13434.603516 4907.613281
-13438.609375 4907.169434
-13442.622070 4906.729492
-13446.641602 4906.293457
-13450.666992 4905.861328
-13454.699219 4905.433105
-13458.737305 4905.008789
-13462.782227 4904.588379
-13466.833984 4904.171875
-13470.891602 4903.759277
-13474.956055 4903.350586
-13479.026367 4902.945801
-13483.103516 4902.544922
-13487.133789 4902.146973
-13491.135742 4901.752441
-13495.108398 4901.361328
-13499.052734 4900.973633
-13502.967773 4900.589355
-13506.853516 4900.208496
-13510.710938 4899.831055
-13514.539062 4899.456543
-13518.338867 4899.085449
-13522.109375 4898.717773
-13525.850586 4898.353516
-13529.563477 4897.992676
-13533.247070 4897.635254
-13536.902344 4897.281250
-13540.528320 4896.930664
-13544.125000 4896.583496
-13547.693359 4896.239746
-13551.232422 4895.899414
-13554.743164 4895.562012
-13558.224609 4895.228027
-13561.677734 4894.897461
-13565.101562 4894.570312
-13568.496094 4894.246582
-13571.862305 4893.926270
-13575.199219 4893.609375
-13578.507812 4893.295898
-13581.787109 4892.985840
-13585.037109 4892.679199
-13588.258789 4892.375977
-13591.451172 4892.075684
-13594.615234 4891.778809
-13597.750000 4891.485352
-13600.855469 4891.195312
-13603.932617 4890.908691
-13606.980469 4890.625488
-13610.000000 4890.345703
-13612.990234 4890.069336
-13615.951172 4889.796387
-13618.883789 4889.526855
-13621.787109 4889.260742
-13624.681641 4889.010742
-13627.560547 4888.772949
-13630.423828 4888.547363
-13633.271484 4888.333984
-13636.103516 4888.132812
-13638.919922 4887.943848
-13641.719727 4887.767090
-13644.503906 4887.602539
-13647.272461 4887.450195
-13650.025391 4887.309570
-13652.762695 4887.181152
-13655.484375 4887.064941
-13658.190430 4886.960938
-13660.880859 4886.869141
-13663.555664 4886.789551
-13666.214844 4886.722168
-13668.858398 4886.666992
-13671.486328 4886.623535
-13674.098633 4886.592285
-13676.694336 4886.573242
-13679.274414 4886.566406
-13681.838867 4886.571777
-13684.387695 4886.589355
-13686.920898 4886.619141
-13689.438477 4886.661133
-13691.940430 4886.715332
-13694.426758 4886.781250
-13696.897461 4886.859375
-13699.352539 4886.949707
-13701.791992 4887.052246
-13704.215820 4887.166992
-13706.624023 4887.293945
-13709.015625 4887.433105
-13711.391602 4887.584473
-13713.751953 4887.748047
-13716.096680 4887.923340
-13718.425781 4888.110840
-13720.739258 4888.310547
-13723.037109 4888.522461
-13725.319336 4888.746582
-13727.604492 4888.970703
-13729.885742 4889.198730
-13732.164062 4889.430664
-13734.438477 4889.666504
-13736.709961 4889.906738
-13738.977539 4890.150879
-13741.242188 4890.398926
-13743.502930 4890.650879
-13745.760742 4890.906738
-13748.014648 4891.166504
-13750.265625 4891.430664
-13752.512695 4891.698730
-13754.756836 4891.970703
-13756.997070 4892.246582
-13759.234375 4892.526367
-13761.468750 4892.810547
-13763.699219 4893.098633
-13765.926758 4893.390625
-13768.150391 4893.686523
-13770.371094 4893.986328
-13772.587891 4894.290527
-13774.801758 4894.598633
-13777.011719 4894.910645
-13779.218750 4895.226562
-13781.421875 4895.546387
-13783.622070 4895.870605
-13785.818359 4896.198730
-13788.011719 4896.530762
-13790.201172 4896.866699
-13792.387695 4897.206543
-13794.570312 4897.550781
-13796.750000 4897.898926
-13798.925781 4898.250977
-13801.098633 4898.606934
-13803.267578 4898.966797
-13805.433594 4899.330566
-13807.595703 4899.698730
-13809.754883 4900.070801
-13811.910156 4900.446777
-13814.062500 4900.826660
-13816.225586 4901.205078
-13818.394531 4901.583984
-13820.570312 4901.963379
-13822.751953 4902.343262
-13824.939453 4902.723145
-13827.133789 4903.103516
-13829.333984 4903.484375
-13831.540039 4903.865723
-13833.752930 4904.247070
-13835.971680 4904.628906
-13838.196289 4905.011230
-13840.427734 4905.394043
-13842.665039 4905.777344
-13844.908203 4906.160645
-13847.158203 4906.544434
-13849.414062 4906.928711
-13851.675781 4907.313477
-13853.944336 4907.698242
-13856.218750 4908.083496
-13858.499023 4908.469238
-13860.786133 4908.855469
-13863.079102 4909.241699
-13865.377930 4909.628418
-13867.683594 4910.015625
-13869.995117 4910.403320
-13872.312500 4910.791504
-13874.636719 4911.179688
-13876.966797 4911.568359
-13879.302734 4911.957520
-13881.645508 4912.347168
-13883.994141 4912.736816
-13886.348633 4913.126953
-13888.709961 4913.517578
-13891.077148 4913.908691
-13893.450195 4914.299805
-13895.829102 4914.691406
-13898.214844 4915.083496
-13900.606445 4915.476074
-13903.003906 4915.868652
-13905.408203 4916.261719
-13907.799805 4916.663574
-13910.184570 4917.071289
-13912.563477 4917.485352
-13914.935547 4917.905273
-13917.301758 4918.331055
-13919.661133 4918.762695
-13922.014648 4919.200195
-13924.361328 4919.643555
-13926.702148 4920.093262
-13929.036133 4920.548828
-13931.364258 4921.010254
-13933.685547 4921.477539
-13936.000977 4921.950684
-13938.309570 4922.430176
-13940.612305 4922.915527
-13942.908203 4923.406738
-13945.198242 4923.903809
-13947.481445 4924.406738
-13949.758789 4924.915527
-13952.029297 4925.430664
-13954.293945 4925.951660
-13956.551758 4926.478516
-13958.803711 4927.011230
-13961.048828 4927.549805
-13963.288086 4928.094727
-13965.520508 4928.645508
-13967.747070 4929.202148
-13969.966797 4929.764648
-13972.180664 4930.333008
-13974.387695 4930.907715
-13976.588867 4931.488281
-13978.783203 4932.074707
-13980.971680 4932.666992
-13983.153320 4933.265137
-13985.329102 4933.869141
-13987.498047 4934.479492
-13989.661133 4935.095703
-13991.817383 4935.717773
-13993.967773 4936.345703
-13996.111328 4936.979492
-13998.178711 4937.663086
-14000.192383 4938.382324
-14002.153320 4939.136719
-14004.060547 4939.926270
-14005.915039 4940.750977
-14007.715820 4941.610840
-14009.463867 4942.505859
-14011.158203 4943.436035
-14012.799805 4944.401367
-14014.387695 4945.401855
-14015.922852 4946.437500
-14017.404297 4947.508301
-14018.833008 4948.614746
-14020.208008 4949.756348
-14021.530273 4950.933105
-14022.798828 4952.145020
-14024.014648 4953.392090
-14025.176758 4954.674316
-14026.286133 4955.991699
-14027.341797 4957.344238
-14028.344727 4958.731934
-14029.293945 4960.154785
-14030.190430 4961.612793
-14031.033203 4963.105957
-14031.823242 4964.634766
-14032.559570 4966.198730
-14033.243164 4967.797852
-14033.873047 4969.432129
-14034.450195 4971.101562
-14034.973633 4972.806152
-14035.444336 4974.545898
-14035.861328 4976.320801
-14036.225586 4978.130859
-14036.536133 4979.976074
-14036.793945 4981.856445
-14036.998047 4983.772461
-14037.149414 4985.723633
-14037.247070 4987.709961
-14037.291992 4989.731445
-14037.283203 4991.788086
-14037.184570 4993.918457
-14037.007812 4996.109863
-14036.752930 4998.362305
-14036.420898 5000.675781
-14036.010742 5003.050293
-14035.522461 5005.485840
-14034.956055 5007.982422
-14034.312500 5010.540039
-14033.590820 5013.158691
-14032.791016 5015.838379
-14031.913086 5018.579102
-14030.958008 5021.380859
-14029.924805 5024.243652
-14028.813477 5027.167480
-14027.624023 5030.152344
-14026.357422 5033.198242
-14025.012695 5036.305176
-14023.589844 5039.473145
-14022.088867 5042.702148
-14020.510742 5045.992188
-14018.854492 5049.343262
-14017.120117 5052.755371
-14015.307617 5056.228516
-14013.417969 5059.762695
-14011.450195 5063.357910
-14009.404297 5067.014160
-14007.280273 5070.731445
-14005.079102 5074.509766
-14002.799805 5078.349121
-14000.442383 5082.249512
-13998.006836 5086.210938
-13995.494141 5090.233398
-13992.903320 5094.316895
-13990.234375 5098.461426
-13987.488281 5102.666992
-13984.664062 5106.933594
-13981.761719 5111.261230
-13978.781250 5115.649902
-13975.723633 5120.099609
-13972.587891 5124.610352
-13969.423828 5129.160156
-13966.215820 5133.756348
-13962.962891 5138.399414
-13959.665039 5143.088867
-13956.323242 5147.824707
-13952.936523 5152.607422
-13949.505859 5157.436523
-13946.030273 5162.312012
-13942.510742 5167.234375
-13938.946289 5172.203125
-13935.336914 5177.218262
-13931.683594 5182.280273
-13927.985352 5187.388672
-13924.243164 5192.543457
-13920.456055 5197.745117
-13916.624023 5202.993164
-13912.748047 5208.287598
-13908.827148 5213.628906
-13904.862305 5219.016602
-13900.852539 5224.450684
-13896.797852 5229.931641
-13892.699219 5235.458984
-13888.555664 5241.032715
-13884.368164 5246.653320
-13880.135742 5252.320312
-13875.858398 5258.033691
-13871.537109 5263.793945
-13867.170898 5269.600586
-13862.760742 5275.453613
-13858.305664 5281.353516
-13853.805664 5287.299805
-13849.261719 5293.292480
-13844.672852 5299.332031
-13840.040039 5305.417969
-13835.362305 5311.550293
-13830.639648 5317.729492
-13825.873047 5323.955078
-13821.061523 5330.227051
-13816.206055 5336.545898
-13811.305664 5342.911133
-13806.330078 5349.188965
-13801.289062 5355.423828
-13796.182617 5361.615723
-13791.010742 5367.764648
-13785.773438 5373.870605
-13780.470703 5379.933594
-13775.102539 5385.953613
-13769.669922 5391.930664
-13764.171875 5397.864746
-13758.608398 5403.755859
-13752.979492 5409.604004
-13747.285156 5415.409668
-13741.525391 5421.172363
-13735.700195 5426.892090
-13729.809570 5432.568848
-13723.854492 5438.202637
-13717.833984 5443.793457
-13711.748047 5449.341309
-13705.596680 5454.846191
-13699.379883 5460.308105
-13693.097656 5465.727051
-13686.750000 5471.103027
-13680.337891 5476.436523
-13673.860352 5481.727051
-13667.317383 5486.974609
-13660.708984 5492.179199
-13654.035156 5497.340820
-13647.295898 5502.459473
-13640.491211 5507.535156
-13633.621094 5512.567871
-13626.686523 5517.557617
-13619.686523 5522.504395
-13612.621094 5527.408203
-13605.490234 5532.269531
-13598.293945 5537.087891
-13591.032227 5541.863281
-13583.705078 5546.595703
-13576.313477 5551.285156
-13568.856445 5555.931641
-13561.333984 5560.535156
-13553.750000 5565.098145
-13546.103516 5569.620117
-13538.394531 5574.100586
-13530.623047 5578.540039
-13522.789062 5582.937988
-13514.892578 5587.294922
-13506.933594 5591.610352
-13498.912109 5595.884766
-13490.827148 5600.117676
-13482.679688 5604.309570
-13474.469727 5608.459961
-13466.197266 5612.569336
-13457.862305 5616.637695
-13449.464844 5620.664551
-13441.004883 5624.650391
-13432.482422 5628.594727
-13423.897461 5632.498047
-13415.250000 5636.359863
-13406.540039 5640.180664
-13397.767578 5643.959961
-13388.932617 5647.698242
-13380.034180 5651.395020
-13371.073242 5655.050781
-13362.049805 5658.665039
-13352.963867 5662.238281
-13343.815430 5665.770020
-13334.604492 5669.260742
-13325.331055 5672.709961
-13315.995117 5676.118164
-13306.596680 5679.484863
-13297.135742 5682.810547
-13287.612305 5686.094727
-13278.026367 5689.337891
-13268.377930 5692.539551
-13258.666016 5695.700195
-13248.891602 5698.819336
-13239.054688 5701.897461
-13229.155273 5704.934570
-13219.193359 5707.930176
-13209.168945 5710.884766
-13199.134766 5713.773926
-13189.073242 5716.605957
-13178.983398 5719.380859
-13168.866211 5722.098145
-13158.721680 5724.758301
-13148.549805 5727.361328
-13138.349609 5729.907227
-13128.122070 5732.395996
-13117.867188 5734.827148
-13107.584961 5737.201172
-13097.274414 5739.518066
-13086.936523 5741.777832
-13076.571289 5743.980469
-13066.178711 5746.125488
-13055.757812 5748.213379
-13045.309570 5750.244141
-13034.833984 5752.217773
-13024.331055 5754.134277
-13013.800781 5755.993164
-13003.242188 5757.794922
-12992.656250 5759.539551
-12982.042969 5761.227051
-12971.402344 5762.857422
-12960.733398 5764.430176
-12950.037109 5765.945801
-12939.313477 5767.404297
-12928.562500 5768.805664
-12917.783203 5770.149902
-12906.976562 5771.437012
-12896.142578 5772.666504
-12885.281250 5773.838867
-12874.391602 5774.954102
-12863.474609 5776.012207
-12852.530273 5777.013184
-12841.558594 5777.956543
-12830.559570 5778.842773
-12819.532227 5779.671875
-12808.477539 5780.443848
-12797.395508 5781.158691
-12786.286133 5781.815918
-12775.134766 5782.479492
-12763.946289 5783.127930
-12752.721680 5783.761230
-12741.459961 5784.379883
-12730.161133 5784.983398
-12718.825195 5785.571777
-12707.453125 5786.145508
-12696.043945 5786.704102
-12684.597656 5787.247559
-12673.114258 5787.775879
-12661.594727 5788.289551
-12650.038086 5788.788086
-12638.444336 5789.271484
-12626.814453 5789.740234
-12615.147461 5790.193848
-12603.443359 5790.632324
-12591.702148 5791.055664
-12579.924805 5791.464355
-12568.110352 5791.857910
-12556.258789 5792.236328
-12544.370117 5792.599609
-12532.445312 5792.948242
-12520.483398 5793.281738
-12508.484375 5793.600098
-12496.448242 5793.903809
-12484.375977 5794.192383
-12472.266602 5794.465820
-12460.120117 5794.724121
-12447.937500 5794.967773
-12435.717773 5795.196289
-12423.460938 5795.409668
-12411.166992 5795.608398
-12398.836914 5795.791992
-12386.469727 5795.960449
-12374.065430 5796.113770
-12361.624023 5796.252441
-12349.146484 5796.375977
-12336.631836 5796.484375
-12324.080078 5796.578125
-12311.491211 5796.656738
-12298.891602 5796.749023
-12286.271484 5796.845215
-12273.631836 5796.945801
-12260.972656 5797.050293
-12248.292969 5797.159180
-12235.593750 5797.271973
-12222.874023 5797.389160
-12210.134766 5797.510254
-12197.375000 5797.635254
-12184.595703 5797.764648
-12171.796875 5797.897949
-12158.977539 5798.035645
-12146.138672 5798.177246
-12133.279297 5798.323242
-12120.400391 5798.473145
-12107.501953 5798.627441
-12094.583008 5798.785645
-12081.644531 5798.947754
-12068.685547 5799.114258
-12055.707031 5799.284668
-12042.708984 5799.459473
-12029.690430 5799.638184
-12016.652344 5799.821289
-12003.593750 5800.008301
-11990.515625 5800.199707
-11977.417969 5800.395020
-11964.299805 5800.594238
-11951.162109 5800.797852
-11938.003906 5801.005371
-11924.826172 5801.217285
-11911.628906 5801.433105
-11898.411133 5801.653320
-11885.173828 5801.877441
-11871.916016 5802.105957
-11858.638672 5802.338379
-11845.341797 5802.574707
-11832.024414 5802.815430
-11818.687500 5803.060059
-11805.330078 5803.309082
-11791.953125 5803.562012
-11778.544922 5803.812988
-11765.109375 5804.064453
-11751.646484 5804.315918
-11738.156250 5804.567383
-11724.638672 5804.818848
-11711.093750 5805.070801
-11697.521484 5805.322754
-11683.921875 5805.574707
-11670.294922 5805.826660
-11656.640625 5806.079102
-11642.958984 5806.331543
-11629.250000 5806.583984
-11615.513672 5806.836914
-11601.750000 5807.089844
-11587.958984 5807.342773
-11574.140625 5807.595703
-11560.294922 5807.849121
-11546.421875 5808.102539
-11532.521484 5808.355957
-11518.593750 5808.609375
-11504.638672 5808.863281
-11490.656250 5809.117188
-11476.646484 5809.371094
-11462.609375 5809.625000
-11448.544922 5809.879395
-11434.453125 5810.133789
-11420.333984 5810.388184
-11406.187500 5810.642578
-11392.013672 5810.897461
-11377.812500 5811.152344
-11363.583984 5811.407227
-11349.328125 5811.662109
-11335.044922 5811.917480
-11320.734375 5812.172852
-11306.396484 5812.428223
-11292.031250 5812.683594
-11277.638672 5812.939453
-11263.218750 5813.195312
-11248.771484 5813.451172
-11234.296875 5813.707031
-11219.803711 5813.963867
-11205.289062 5814.221680
-11190.751953 5814.479980
-11176.193359 5814.739258
-11161.613281 5814.999023
-11147.011719 5815.259766
-11132.388672 5815.520996
-11117.744141 5815.782715
-11103.078125 5816.045410
-11088.390625 5816.308594
-11073.681641 5816.572754
-11058.950195 5816.837402
-11044.197266 5817.103027
-11029.422852 5817.369141
-11014.626953 5817.636230
-10999.809570 5817.903809
-10984.970703 5818.171875
-10970.110352 5818.440918
-10955.228516 5818.710449
-10940.324219 5818.980957
-10925.398438 5819.251953
-10910.451172 5819.523926
-10895.482422 5819.796387
-10880.492188 5820.069336
-10865.480469 5820.343262
-10850.447266 5820.617676
-10835.392578 5820.893066
-10820.316406 5821.168945
-10805.217773 5821.445801
-10790.097656 5821.723145
-10774.956055 5822.000977
-10759.792969 5822.279785
-10744.608398 5822.559082
-10729.402344 5822.839355
-10714.174805 5823.120117
-10698.925781 5823.401855
-10683.654297 5823.684082
-10668.361328 5823.966797
-10653.046875 5824.250488
-10637.710938 5824.534668
-10622.349609 5824.821289
-10606.963867 5825.109863
-10591.553711 5825.399902
-10576.119141 5825.691895
-10560.660156 5825.985840
-10545.176758 5826.281250
-10529.669922 5826.578613
-10514.138672 5826.877930
-10498.583008 5827.178711
-10483.002930 5827.481445
-10467.398438 5827.785645
-10451.769531 5828.091797
-10436.116211 5828.399902
-10420.438477 5828.709473
-10404.736328 5829.020996
-10389.010742 5829.334473
-10373.260742 5829.649414
-10357.486328 5829.966309
-10341.687500 5830.285156
-10325.864258 5830.605469
-10310.016602 5830.927734
-10294.144531 5831.251465
-10278.248047 5831.577148
-10262.328125 5831.904785
-10246.383789 5832.233887
-10230.415039 5832.564941
-10214.421875 5832.897949
-10198.404297 5833.232422
-10182.362305 5833.568848
-10166.295898 5833.907227
-10150.205078 5834.247070
-10134.089844 5834.588867
-10117.951172 5834.932129
-10101.788086 5835.277344
-10085.600586 5835.624512
-10069.388672 5835.973145
-10053.152344 5836.323730
-10036.891602 5836.676270
-10020.606445 5837.030273
-10004.296875 5837.386230
-9987.965820 5837.745605
-9971.612305 5838.107910
-9955.236328 5838.473145
-9938.838867 5838.841309
-9922.418945 5839.211914
-9905.976562 5839.585449
-9889.511719 5839.961914
-9873.024414 5840.341309
-9856.514648 5840.723633
-9839.982422 5841.108887
-9823.427734 5841.497070
-9806.850586 5841.888184
-9790.250977 5842.282227
-9773.628906 5842.678711
-9756.984375 5843.078125
-9740.317383 5843.480469
-9723.627930 5843.885742
-9706.916016 5844.293945
-9690.181641 5844.705078
-9673.424805 5845.119141
-9656.645508 5845.536133
-9639.843750 5845.956055
-9623.019531 5846.378418
-9606.172852 5846.803711
-9589.303711 5847.231934
-9572.412109 5847.663086
-9555.498047 5848.097168
-9538.561523 5848.534180
-9521.602539 5848.974121
-9504.622070 5849.416992
-9487.619141 5849.862793
-9470.593750 5850.311035
-9453.545898 5850.762207
-9436.475586 5851.216309
-9419.382812 5851.673340
-9402.267578 5852.133301
-9385.129883 5852.596191
-9367.969727 5853.062012
-9350.787109 5853.530762
-9333.582031 5854.002441
-9316.360352 5854.472168
-9299.120117 5854.941406
-9281.861328 5855.410645
-9264.583984 5855.879395
-9247.287109 5856.348145
-9229.971680 5856.816406
-9212.637695 5857.284668
-9195.285156 5857.752441
-9177.914062 5858.220215
-9160.524414 5858.687500
-9143.116211 5859.154785
-9125.689453 5859.621582
-9108.244141 5860.088379
-9090.780273 5860.554688
-9073.297852 5861.020996
-9055.796875 5861.486816
-9038.277344 5861.952637
-9020.739258 5862.417969
-9003.181641 5862.883301
-8985.605469 5863.348145
-8968.010742 5863.812988
-8950.397461 5864.277344
-8932.765625 5864.741699
-8915.115234 5865.205566
-8897.446289 5865.669434
-8879.758789 5866.132812
-8862.052734 5866.595703
-8844.328125 5867.058594
-8826.584961 5867.520996
-8808.823242 5867.983398
-8791.042969 5868.445312
-8773.244141 5868.907227
-8755.425781 5869.368652
-8737.588867 5869.830078
-8719.733398 5870.291016
-8701.859375 5870.751953
-8683.966797 5871.212402
-8666.055664 5871.672852
-8648.125977 5872.132812
-8630.177734 5872.592773
-8612.214844 5873.052246
-8594.236328 5873.511719
-8576.242188 5873.970703
-8558.232422 5874.429688
-8540.207031 5874.888184
-8522.166016 5875.346191
-8504.109375 5875.804199
-8486.037109 5876.261719
-8467.949219 5876.719238
-8449.845703 5877.176270
-8431.726562 5877.633301
-8413.591797 5878.089844
-8395.441406 5878.545898
-8377.275391 5879.001953
-8359.093750 5879.457520
-8340.896484 5879.913086
-8322.683594 5880.368164
-8304.455078 5880.823242
-8286.210938 5881.277832
-8267.951172 5881.732422
-8249.675781 5882.186523
-8231.384766 5882.640137
-8213.078125 5883.093750
-8194.755859 5883.546875
-8176.418457 5884.000000
-8158.065430 5884.452637
-8139.696777 5884.905273
-8121.312500 5885.357422
-8102.912598 5885.809082
-8084.497070 5886.260742
-8066.065918 5886.711914
-8047.619141 5887.163086
-8029.156738 5887.613770
-8010.678711 5888.064453
-7992.185059 5888.514648
-7973.675781 5888.964844
-7955.150879 5889.414551
-7936.610352 5889.863770
-7918.054199 5890.312988
-7899.482422 5890.761719
-7880.892090 5891.214355
-7862.284180 5891.669434
-7843.658691 5892.126953
-7825.015625 5892.586914
-7806.354980 5893.049316
-7787.676758 5893.514160
-7768.980957 5893.981445
-7750.267578 5894.451172
-7731.536621 5894.923340
-7712.788574 5895.397949
-7694.022949 5895.875000
-7675.239746 5896.354492
-7656.438965 5896.836426
-7637.620605 5897.320801
-7618.784668 5897.807617
-7599.931152 5898.296875
-7581.060059 5898.788086
-7562.171387 5899.281738
-7543.265137 5899.777832
-7524.341309 5900.276367
-7505.399902 5900.777344
-7486.440918 5901.280762
-7467.464355 5901.786621
-7448.470215 5902.294922
-7429.458496 5902.805664
-7410.429199 5903.318848
-7391.382812 5903.834473
-7372.318848 5904.352539
-7353.237305 5904.873047
-7334.138184 5905.395996
-7315.021484 5905.921387
-7295.887207 5906.449219
-7276.735352 5906.979492
-7257.565918 5907.512207
-7238.378906 5908.047363
-7219.174316 5908.584961
-7199.952148 5909.125000
-7180.712402 5909.667480
-7161.455078 5910.212402
-7142.180176 5910.759766
-7122.879395 5911.306152
-7103.555664 5911.853027
-7084.208496 5912.400391
-7064.838379 5912.948242
-7045.444824 5913.496094
-7026.028320 5914.044434
-7006.588379 5914.593262
-6987.125488 5915.142578
-6967.639160 5915.692383
-6948.129883 5916.242188
-6928.597168 5916.792480
-6909.041504 5917.343262
-6889.462891 5917.894531
-6869.860840 5918.445801
-6850.235840 5918.997559
-6830.587402 5919.549805
-6810.916016 5920.102539
-6791.221191 5920.655273
-6771.503418 5921.208496
-6751.762207 5921.762207
-6731.998047 5922.316406
-6712.210449 5922.871094
-6692.399902 5923.425781
-6672.565918 5923.980957
-6652.708984 5924.536621
-6632.829102 5925.092773
-6612.925781 5925.648926
-6592.999512 5926.205566
-6573.049805 5926.762695
-6553.077148 5927.320312
-6533.081055 5927.877930
-6513.062012 5928.436035
-6493.019531 5928.994629
-6472.954102 5929.553711
-6452.865234 5930.112793
-6432.753418 5930.672363
-6412.618164 5931.232422
-6392.459961 5931.792969
-6372.278809 5932.354004
-6352.074219 5932.915039
-6331.850586 5933.473633
-6311.606445 5934.030762
-6291.341797 5934.586426
-6271.056641 5935.140625
-6250.750977 5935.693359
-6230.424805 5936.244629
-6210.078125 5936.794434
-6189.710938 5937.342285
-6169.323242 5937.888672
-6148.914551 5938.433594
-6128.485352 5938.977051
-6108.035645 5939.519043
-6087.565430 5940.059570
-6067.074707 5940.598633
-6046.563477 5941.136230
-6026.031738 5941.671875
-6005.479492 5942.206055
-5984.906738 5942.738770
-5964.313477 5943.270020
-5943.699707 5943.799805
-5923.065430 5944.328125
-5902.410645 5944.854980
-5881.735352 5945.380371
-5861.039551 5945.903809
-5840.323242 5946.425781
-5819.586426 5946.946289
-5798.829102 5947.465332
-5778.051270 5947.982910
-5757.252930 5948.499023
-5736.434082 5949.013672
-5715.594727 5949.526855
-5694.734863 5950.038086
-5673.854492 5950.547852
-5652.953613 5951.056152
-5632.032227 5951.562988
-5611.090332 5952.068359
-5590.127930 5952.572266
-5569.144531 5953.074707
-5548.140625 5953.575684
-5527.116211 5954.074707
