-0.017075 0.011135
-0.034012 0.022181
-0.050811 0.033136
-0.067473 0.044002
-0.083997 0.054778
-0.100383 0.065464
-0.116632 0.076061
-0.132743 0.086567
-0.148716 0.096984
-0.164551 0.107311
-0.180249 0.117548
-0.195809 0.127696
-0.211232 0.137753
-0.226516 0.147721
-0.241663 0.157599
-0.256673 0.167387
-0.271544 0.177086
-0.286278 0.186694
-0.300874 0.196213
-0.315333 0.205642
-0.329654 0.214981
-0.343837 0.224231
-0.357882 0.233390
-0.371790 0.242460
-0.385560 0.251440
-0.399192 0.260330
-0.412687 0.269131
-0.426044 0.277841
-0.439263 0.286462
-0.452344 0.294993
-0.465288 0.303434
-0.478094 0.311786
-0.490763 0.320047
-0.503293 0.328219
-0.515686 0.336301
-0.527942 0.344293
-0.540059 0.352196
-0.552039 0.360008
-0.563881 0.367731
-0.575586 0.375364
-0.586830 0.383254
-0.597940 0.391052
-0.608914 0.398757
-0.619753 0.406370
-0.630457 0.413890
-0.641026 0.421317
-0.651460 0.428652
-0.661758 0.435894
-0.671922 0.443044
-0.681950 0.450101
-0.691844 0.457065
-0.701602 0.463937
-0.711225 0.470716
-0.720713 0.477403
-0.730066 0.483997
-0.739284 0.490498
-0.748367 0.496907
-0.757315 0.503223
-0.766127 0.509447
-0.774805 0.515578
-0.783347 0.521616
-0.791755 0.527562
-0.800027 0.533415
-0.808164 0.539176
-0.816166 0.544844
-0.824033 0.550419
-0.831765 0.555902
-0.839361 0.561292
-0.846823 0.566590
-0.854149 0.571795
-0.861341 0.576907
-0.868397 0.581927
-0.875318 0.586854
-0.882104 0.591689
-0.888755 0.596431
-0.895271 0.601080
-0.901652 0.605637
-0.907898 0.610101
-0.914008 0.614473
-0.919984 0.618752
-0.924609 0.624116
-0.929109 0.629379
-0.933484 0.634539
-0.937733 0.639597
-0.941857 0.644553
-0.945855 0.649407
-0.949729 0.654159
-0.953477 0.658809
-0.957100 0.663356
-0.960597 0.667802
-0.963969 0.672145
-0.967216 0.676386
-0.970338 0.680525
-0.973334 0.684563
-0.976205 0.688498
-0.978951 0.692330
-0.981571 0.696061
-0.984066 0.699690
-0.986436 0.703216
-0.988680 0.706641
-0.990800 0.709963
-0.992794 0.713184
-0.994662 0.716302
-0.996405 0.719318
-0.998023 0.722232
-0.999516 0.725044
-1.000883 0.727754
-1.002125 0.730361
-1.003242 0.732867
-1.004234 0.735271
-1.005100 0.737572
-1.005841 0.739771
-1.006456 0.741868
-1.006947 0.743863
-1.007312 0.745756
-1.007551 0.747547
-1.007666 0.749236
-1.007655 0.750823
-1.007518 0.752307
-1.007257 0.753690
-1.002691 0.743103
-0.998034 0.732511
-0.993285 0.721911
-0.988445 0.711306
-0.983513 0.700694
-0.978489 0.690075
-0.973374 0.679451
-0.968167 0.668819
-0.962869 0.658182
-0.957479 0.647538
-0.951997 0.636887
-0.946424 0.626231
-0.940759 0.615567
-0.935003 0.604898
-0.929155 0.594222
-0.923215 0.583539
-0.917184 0.572851
-0.911061 0.562155
-0.904847 0.551454
-0.898541 0.540746
-0.892143 0.530031
-0.885654 0.519310
-0.879074 0.508583
-0.872401 0.497850
-0.865637 0.487110
-0.858782 0.476363
-0.851834 0.465610
-0.844796 0.454851
-0.837665 0.444086
-0.830443 0.433314
-0.823130 0.422535
-0.815725 0.411750
-0.808228 0.400959
-0.800639 0.390162
-0.792959 0.379358
-0.785188 0.368547
-0.777325 0.357730
-0.769370 0.346907
-0.761324 0.336078
-0.753186 0.325242
-0.739835 0.309923
-0.726434 0.294634
-0.712982 0.279374
-0.699481 0.264145
-0.685929 0.248945
-0.672326 0.233774
-0.658674 0.218634
-0.644971 0.203523
-0.631218 0.188442
-0.617414 0.173390
-0.603560 0.158368
-0.589656 0.143376
-0.575702 0.128414
-0.561697 0.113481
-0.547642 0.098578
-0.533537 0.083705
-0.519381 0.068861
-0.505176 0.054047
-0.490919 0.039263
-0.476613 0.024509
-0.462256 0.009784
-0.447849 -0.004911
-0.433392 -0.019577
-0.418884 -0.034212
-0.404326 -0.048818
-0.389718 -0.063395
-0.375059 -0.077941
-0.360350 -0.092458
-0.345591 -0.106945
-0.330781 -0.121403
-0.315922 -0.135830
-0.301012 -0.150229
-0.286051 -0.164597
-0.271040 -0.178936
-0.255979 -0.193245
-0.240868 -0.207524
-0.225706 -0.221774
-0.210495 -0.235993
-0.195232 -0.250184
-0.179920 -0.264344
-0.161172 -0.262491
-0.142401 -0.260738
-0.123607 -0.259083
-0.104790 -0.257528
-0.085950 -0.256072
-0.067087 -0.254715
-0.048201 -0.253458
-0.029292 -0.252299
-0.010360 -0.251240
0.008595 -0.250280
0.027573 -0.249419
0.046574 -0.248658
0.065598 -0.247995
0.084645 -0.247432
0.103715 -0.246968
0.122808 -0.246603
0.141924 -0.246338
0.161063 -0.246171
0.180225 -0.246104
0.199410 -0.246136
0.218618 -0.246267
0.237849 -0.246498
0.257103 -0.246827
0.276380 -0.247256
0.295680 -0.247784
0.315003 -0.248412
0.334349 -0.249138
0.353718 -0.249964
0.373110 -0.250888
0.392525 -0.251912
0.411963 -0.253036
0.431424 -0.254258
0.450908 -0.255580
0.470415 -0.257000
0.489945 -0.258520
0.509498 -0.260140
0.529074 -0.261858
0.548673 -0.263676
0.568295 -0.265592
0.587940 -0.267608
0.614714 -0.269538
0.641452 -0.271567
0.668157 -0.273698
0.694827 -0.275929
0.721463 -0.278261
0.748065 -0.280694
0.774633 -0.283228
0.801166 -0.285862
0.827664 -0.288596
0.854129 -0.291432
0.880559 -0.294368
0.906955 -0.297405
0.933317 -0.300543
0.959644 -0.303781
0.985937 -0.307120
1.012196 -0.310560
1.038420 -0.314100
1.064610 -0.317741
1.090766 -0.321483
1.116888 -0.325325
1.142975 -0.329269
1.169028 -0.333313
1.195046 -0.337457
1.221031 -0.341702
1.246981 -0.346049
1.272896 -0.350495
1.298778 -0.355043
1.324625 -0.359691
1.350438 -0.364440
1.376216 -0.369289
1.401960 -0.374239
1.427670 -0.379290
1.453346 -0.384442
1.478987 -0.389694
1.504594 -0.395047
1.530167 -0.400501
1.555705 -0.406055
1.581209 -0.411710
1.606679 -0.417466
1.632115 -0.423323
1.652519 -0.422323
1.672929 -0.421481
1.693345 -0.420796
1.713767 -0.420267
1.734195 -0.419895
1.754629 -0.419680
1.775069 -0.419621
1.795514 -0.419720
1.815966 -0.419975
1.836424 -0.420387
1.856888 -0.420956
1.877358 -0.421681
1.897834 -0.422564
1.918316 -0.423603
1.938804 -0.424799
1.959298 -0.426152
1.979798 -0.427661
2.000304 -0.429328
2.020816 -0.431151
2.041334 -0.433131
2.061858 -0.435268
2.082388 -0.437561
2.102924 -0.440012
2.123466 -0.442619
2.144014 -0.445383
2.164568 -0.448304
2.185128 -0.451381
2.205694 -0.454616
2.226266 -0.458007
2.246844 -0.461555
2.267428 -0.465260
2.288018 -0.469121
2.308614 -0.473140
2.329216 -0.477315
2.349824 -0.481647
2.370438 -0.486136
2.391057 -0.490781
2.411684 -0.495584
2.432316 -0.500543
2.452954 -0.505659
2.476090 -0.506728
2.499212 -0.507988
2.522321 -0.509438
2.545414 -0.511080
2.568494 -0.512912
2.591560 -0.514934
2.614612 -0.517148
2.637650 -0.519552
2.660673 -0.522146
2.683683 -0.524932
2.706678 -0.527908
2.729659 -0.531075
2.752626 -0.534433
2.775579 -0.537981
2.798518 -0.541720
2.821443 -0.545649
2.844354 -0.549770
2.867250 -0.554081
2.890133 -0.558583
2.913001 -0.563275
2.935856 -0.568158
2.958696 -0.573232
2.981522 -0.578497
3.004334 -0.583952
3.027132 -0.589598
3.049916 -0.595435
3.072686 -0.601462
3.095441 -0.607680
3.118183 -0.614089
3.140910 -0.620688
3.163624 -0.627478
3.186323 -0.634459
3.209008 -0.641631
3.231679 -0.648993
3.254336 -0.656546
3.276979 -0.664290
3.299608 -0.672224
3.322222 -0.680349
3.344823 -0.688665
3.367409 -0.697171
3.393305 -0.720724
3.419160 -0.744347
3.444973 -0.768041
3.470746 -0.791806
3.496478 -0.815642
3.522169 -0.839549
3.547820 -0.863527
3.573429 -0.887576
3.598997 -0.911695
3.624525 -0.935886
3.650011 -0.960147
3.675457 -0.984479
3.700861 -1.008882
3.726225 -1.033356
3.751548 -1.057901
3.776830 -1.082517
3.802072 -1.107204
3.827272 -1.131962
3.852431 -1.156790
3.877550 -1.181690
3.902627 -1.206660
3.927664 -1.231701
3.952660 -1.256814
3.977614 -1.281997
4.002528 -1.307251
4.027401 -1.332575
4.052234 -1.357971
4.077025 -1.383438
4.101775 -1.408975
4.126484 -1.434584
4.151153 -1.460263
4.175781 -1.486014
4.200367 -1.511835
4.224913 -1.537727
4.249418 -1.563690
4.273882 -1.589724
4.298306 -1.615828
4.322688 -1.642004
4.347029 -1.668251
4.371330 -1.694568
4.385595 -1.724292
4.399899 -1.754060
4.414244 -1.783872
4.428628 -1.813728
4.443052 -1.843628
4.457516 -1.873572
4.472020 -1.903560
4.486563 -1.933592
4.501145 -1.963668
4.515768 -1.993788
4.530430 -2.023952
4.545132 -2.054159
4.559874 -2.084411
4.574655 -2.114707
4.589476 -2.145047
4.604337 -2.175431
4.619237 -2.205859
4.634177 -2.236331
4.649157 -2.266847
4.664176 -2.297407
4.679235 -2.328011
4.694335 -2.358659
4.709473 -2.389351
4.724651 -2.420087
4.739869 -2.450867
4.755127 -2.481691
4.770424 -2.512559
4.785761 -2.543471
4.801138 -2.574427
4.816555 -2.605427
4.832011 -2.636471
4.847507 -2.667558
4.863042 -2.698690
4.878617 -2.729866
4.894232 -2.761086
4.909887 -2.792350
4.925581 -2.823658
4.941316 -2.855010
4.957089 -2.886406
4.972903 -2.917846
4.987169 -2.940724
5.001487 -2.963716
5.015858 -2.986821
5.030282 -3.010040
5.044757 -3.033372
5.059286 -3.056817
5.073867 -3.080376
5.088500 -3.104048
5.103187 -3.127834
5.117925 -3.151732
5.132716 -3.175745
5.147560 -3.199871
5.162456 -3.224110
5.177404 -3.248462
5.192405 -3.272928
5.207458 -3.297508
5.222564 -3.322200
5.237723 -3.347007
5.252934 -3.371926
5.268198 -3.396959
5.283514 -3.422106
5.298882 -3.447365
5.314303 -3.472739
5.329776 -3.498225
5.345302 -3.523825
5.360880 -3.549538
5.376512 -3.575365
5.392195 -3.601305
5.407931 -3.627359
5.423720 -3.653526
5.439561 -3.679806
5.455454 -3.706200
5.471400 -3.732707
5.487399 -3.759328
5.503449 -3.786062
5.519553 -3.812909
5.535709 -3.839870
5.551918 -3.866944
5.568179 -3.894132
5.584493 -3.921433
5.611238 -3.953758
5.637951 -3.986156
5.664634 -4.018629
5.691285 -4.051175
5.717905 -4.083795
5.744494 -4.116488
5.771051 -4.149256
5.797578 -4.182097
5.824073 -4.215013
5.850537 -4.248002
5.876970 -4.281065
5.903371 -4.314201
5.929742 -4.347412
5.956081 -4.380696
5.982389 -4.414054
6.008666 -4.447486
6.034911 -4.480991
6.061126 -4.514571
6.087309 -4.548224
6.113461 -4.581951
6.139582 -4.615752
6.165671 -4.649626
6.191730 -4.683575
6.217757 -4.717597
6.243753 -4.751693
6.269718 -4.785863
6.295651 -4.820107
6.321554 -4.854424
6.347425 -4.888815
6.373265 -4.923280
6.399074 -4.957819
6.424851 -4.992432
6.450598 -5.027118
6.476313 -5.061879
6.501997 -5.096713
6.527650 -5.131620
6.553271 -5.166602
6.578862 -5.201658
6.604421 -5.236787
6.629949 -5.271990
6.652544 -5.313938
6.675132 -5.355906
6.697711 -5.397893
6.720284 -5.439901
6.742847 -5.481929
6.765404 -5.523977
6.787952 -5.566045
6.810493 -5.608133
6.833025 -5.650241
6.855550 -5.692369
6.878067 -5.734518
6.900577 -5.776686
6.923079 -5.818874
6.945572 -5.861082
6.968059 -5.903310
6.990537 -5.945559
7.013007 -5.987827
7.035470 -6.030115
7.057925 -6.072423
7.080372 -6.114751
7.102811 -6.157099
7.125242 -6.199467
7.147666 -6.241855
7.170082 -6.284263
7.192490 -6.326691
7.214890 -6.369139
7.237282 -6.411607
7.259667 -6.454095
7.282044 -6.496603
7.304413 -6.539131
7.326774 -6.581679
7.349127 -6.624248
7.371473 -6.666836
7.393811 -6.709444
7.416141 -6.752072
7.438463 -6.794721
7.460777 -6.837389
7.483084 -6.880077
7.505383 -6.922785
7.527674 -6.965513
7.545195 -7.003226
7.562747 -7.041000
7.580330 -7.078835
7.597944 -7.116731
7.615588 -7.154687
7.633262 -7.192704
7.650967 -7.230782
7.668703 -7.268919
7.686470 -7.307118
7.704267 -7.345377
7.722094 -7.383697
7.739952 -7.422077
7.757841 -7.460517
7.775760 -7.499019
7.793710 -7.537581
7.811691 -7.576204
7.829702 -7.614887
7.847744 -7.653631
7.865816 -7.692436
7.883919 -7.731301
7.902053 -7.770226
7.920217 -7.809213
7.938412 -7.848259
7.956637 -7.887367
7.974893 -7.926535
7.993180 -7.965764
8.011497 -8.005053
8.029844 -8.044402
8.048223 -8.083813
8.066631 -8.123283
8.085071 -8.162815
8.103540 -8.202408
8.122041 -8.242061
8.140573 -8.281775
8.159135 -8.321548
8.177728 -8.361383
8.196351 -8.401278
8.215005 -8.441235
8.233689 -8.481251
8.252404 -8.521328
8.277808 -8.568707
8.303189 -8.616089
8.328547 -8.663472
8.353883 -8.710858
8.379195 -8.758246
8.404484 -8.805636
8.429749 -8.853029
8.454992 -8.900424
8.480212 -8.947821
8.505408 -8.995220
8.530581 -9.042622
8.555732 -9.090025
8.580859 -9.137430
8.605964 -9.184838
8.631044 -9.232248
8.656102 -9.279660
8.681137 -9.327075
8.706149 -9.374492
8.731137 -9.421910
8.756103 -9.469332
8.781045 -9.516755
8.805964 -9.564180
8.830861 -9.611609
8.855734 -9.659039
8.880584 -9.706470
8.905411 -9.753904
8.930215 -9.801341
8.954995 -9.848780
8.979753 -9.896220
9.004487 -9.943664
9.029199 -9.991109
9.053887 -10.038556
9.078552 -10.086006
9.103194 -10.133458
9.127813 -10.180912
9.152410 -10.228369
9.176982 -10.275827
9.201531 -10.323288
9.226058 -10.370751
9.250562 -10.418217
9.272847 -10.477352
9.295127 -10.536396
9.317402 -10.595348
9.339671 -10.654208
9.361935 -10.712976
9.384193 -10.771653
9.406446 -10.830237
9.428694 -10.888730
9.450936 -10.947130
9.473173 -11.005439
9.495404 -11.063656
9.517631 -11.121780
9.539851 -11.179813
9.562066 -11.237755
9.584276 -11.295604
9.606481 -11.353361
9.628679 -11.411027
9.650873 -11.468600
9.673061 -11.526082
9.695245 -11.583471
9.717422 -11.640769
9.739594 -11.697975
9.761762 -11.755089
9.783923 -11.812111
9.806079 -11.869041
9.828230 -11.925879
9.850375 -11.982626
9.872515 -12.039281
9.894650 -12.095843
9.916779 -12.152314
9.938902 -12.208693
9.961020 -12.264979
9.983133 -12.321175
10.005240 -12.377277
10.027343 -12.433289
10.049439 -12.489208
10.071530 -12.545035
10.093616 -12.600771
10.115697 -12.656415
10.137772 -12.711967
10.155377 -12.751530
10.173014 -12.791129
10.190681 -12.830765
10.208378 -12.870437
10.226106 -12.910145
10.243864 -12.949889
10.261653 -12.989670
10.279472 -13.029487
10.297322 -13.069340
10.315204 -13.109229
10.333116 -13.149155
10.351058 -13.189116
10.369031 -13.229115
10.387034 -13.269151
10.405068 -13.309222
10.423133 -13.349330
10.441228 -13.389474
10.459353 -13.429654
10.477509 -13.469871
10.495696 -13.510123
10.513913 -13.550412
10.532162 -13.590737
10.550441 -13.631099
10.568750 -13.671496
10.587090 -13.711930
10.605461 -13.752400
10.623862 -13.792907
10.642294 -13.833449
10.660756 -13.874029
10.679249 -13.914645
10.697772 -13.955297
10.716326 -13.995986
10.734911 -14.036711
10.753527 -14.077472
10.772173 -14.118269
10.790850 -14.159102
10.809557 -14.199972
10.828295 -14.240878
10.847063 -14.281820
10.865862 -14.322799
10.892838 -14.365748
10.919780 -14.408718
10.946686 -14.451709
10.973557 -14.494720
11.000393 -14.537752
11.027194 -14.580805
11.053960 -14.623878
11.080690 -14.666973
11.107386 -14.710088
11.134047 -14.753223
11.160672 -14.796380
11.187263 -14.839557
11.213818 -14.882754
11.240337 -14.925973
11.266822 -14.969213
11.293272 -15.012472
11.319687 -15.055753
11.346066 -15.099054
11.372411 -15.142376
11.398720 -15.185719
11.424994 -15.229082
11.451234 -15.272466
11.477438 -15.315870
11.503607 -15.359296
11.529740 -15.402742
11.555840 -15.446209
11.581903 -15.489697
11.607932 -15.533205
11.633925 -15.576734
11.659883 -15.620283
11.685807 -15.663854
11.711696 -15.707445
11.737549 -15.751057
11.763367 -15.794689
11.789149 -15.838343
11.814898 -15.882016
11.840611 -15.925711
11.866288 -15.969426
11.891931 -16.013163
11.917538 -16.056919
11.937692 -16.099667
11.957854 -16.142445
11.978025 -16.185251
11.998205 -16.228086
12.018394 -16.270950
12.038590 -16.313843
12.058796 -16.356766
12.079010 -16.399717
12.099233 -16.442698
12.119464 -16.485706
12.139704 -16.528744
12.159952 -16.571812
12.180209 -16.614908
12.200475 -16.658033
12.220749 -16.701187
12.241032 -16.744370
12.261323 -16.787582
12.281623 -16.830824
12.301931 -16.874094
12.322248 -16.917393
12.342574 -16.960720
12.362908 -17.004078
12.383251 -17.047464
12.403603 -17.090879
12.423963 -17.134323
12.444331 -17.177797
12.464708 -17.221300
12.485094 -17.264832
12.505488 -17.308392
12.525891 -17.351980
12.546303 -17.395599
12.566723 -17.439247
12.587152 -17.482924
12.607589 -17.526628
12.628035 -17.570362
12.648489 -17.614126
12.668952 -17.657919
12.689424 -17.701740
12.709904 -17.745590
12.730392 -17.789469
12.758987 -17.827599
12.787525 -17.865805
12.816007 -17.904085
12.844431 -17.942442
12.872799 -17.980875
12.901111 -18.019382
12.929365 -18.057966
12.957563 -18.096624
12.985704 -18.135359
13.013789 -18.174170
13.041817 -18.213055
13.069788 -18.252016
13.097702 -18.291054
13.125560 -18.330166
13.153360 -18.369354
13.181105 -18.408619
13.208792 -18.447958
13.236423 -18.487373
13.263997 -18.526863
13.291514 -18.566429
13.318975 -18.606071
13.346379 -18.645788
13.373727 -18.685581
13.401017 -18.725451
13.428251 -18.765394
13.455428 -18.805414
13.482549 -18.845510
13.509612 -18.885681
13.536619 -18.925928
13.563570 -18.966249
13.590464 -19.006647
13.617301 -19.047121
13.644081 -19.087669
13.670805 -19.128294
13.697472 -19.168995
13.724082 -19.209770
13.750635 -19.250622
13.777132 -19.291550
13.803572 -19.332552
13.829955 -19.373631
13.851645 -19.414635
13.873314 -19.455717
13.894964 -19.496876
13.916595 -19.538111
13.938208 -19.579424
13.959801 -19.620813
13.981374 -19.662279
14.002928 -19.703821
14.024463 -19.745441
14.045979 -19.787138
14.067474 -19.828911
14.088951 -19.870760
14.110409 -19.912687
14.131847 -19.954691
14.153266 -19.996771
14.174665 -20.038927
14.196046 -20.081161
14.217407 -20.123472
14.238749 -20.165859
14.260071 -20.208324
14.281374 -20.250866
14.302658 -20.293484
14.323922 -20.336178
14.345167 -20.378950
14.366393 -20.421799
14.387600 -20.464724
14.408787 -20.507725
14.429955 -20.550804
14.451103 -20.593960
14.472233 -20.637192
14.493343 -20.680500
14.514434 -20.723886
14.535505 -20.767349
14.556558 -20.810888
14.577591 -20.854506
14.598604 -20.898199
14.619598 -20.941969
14.640574 -20.985815
14.661530 -21.029739
14.682466 -21.073740
14.696550 -21.117186
14.710670 -21.160711
14.724827 -21.204319
14.739018 -21.248009
14.753246 -21.291780
14.767510 -21.335634
14.781810 -21.379570
14.796145 -21.423588
14.810516 -21.467688
14.824924 -21.511869
14.839366 -21.556133
14.853845 -21.600479
14.868359 -21.644907
14.882909 -21.689417
14.897494 -21.734009
14.912116 -21.778683
14.926773 -21.823439
14.941466 -21.868277
14.956196 -21.913195
14.970961 -21.958195
14.985762 -22.003277
15.000598 -22.048441
15.015471 -22.093687
15.030378 -22.139015
15.045322 -22.184425
15.060302 -22.229918
15.075317 -22.275492
15.090368 -22.321148
15.105455 -22.366886
15.120578 -22.412706
15.135736 -22.458609
15.150931 -22.504593
15.166162 -22.550659
15.181428 -22.596807
15.196730 -22.643036
15.212068 -22.689346
15.227441 -22.735739
15.242850 -22.782213
15.258295 -22.828770
15.273776 -22.875408
15.292046 -22.924671
15.310328 -22.973995
15.328625 -23.023380
15.346935 -23.072826
15.365259 -23.122335
15.383596 -23.171906
15.401948 -23.221537
15.420313 -23.271229
15.438691 -23.320982
15.457083 -23.370798
15.475489 -23.420675
15.493908 -23.470613
15.512341 -23.520613
15.530787 -23.570673
15.549247 -23.620796
15.567720 -23.670980
15.586207 -23.721226
15.604708 -23.771532
15.623222 -23.821899
15.641750 -23.872330
15.660292 -23.922821
15.678846 -23.973373
15.697415 -24.023987
15.715998 -24.074661
15.734593 -24.125397
15.753202 -24.176195
15.771826 -24.227055
15.790462 -24.277975
15.809113 -24.328957
15.827777 -24.379999
15.846455 -24.431105
15.865146 -24.482271
15.883850 -24.533499
15.902569 -24.584787
15.921301 -24.636137
15.940046 -24.687550
15.958805 -24.739023
15.977578 -24.790558
15.996365 -24.842154
16.015165 -24.893810
16.029577 -24.950401
16.044039 -25.007015
16.058548 -25.063652
16.073107 -25.120310
16.087715 -25.176991
16.102373 -25.233692
16.117079 -25.290417
16.131834 -25.347164
16.146639 -25.403933
16.161491 -25.460724
16.176394 -25.517536
16.191345 -25.574371
16.206347 -25.631229
16.221395 -25.688108
16.236494 -25.745010
16.251642 -25.801933
16.266840 -25.858879
16.282085 -25.915846
16.297380 -25.972836
16.312725 -26.029848
16.328119 -26.086882
16.343561 -26.143938
16.359053 -26.201015
16.374594 -26.258116
16.390184 -26.315239
16.405823 -26.372383
16.421511 -26.429550
16.437248 -26.486738
16.453035 -26.543949
16.468870 -26.601181
16.484755 -26.658436
16.500689 -26.715714
16.516672 -26.773012
16.532703 -26.830334
16.548784 -26.887676
16.564915 -26.945042
16.581095 -27.002430
16.597322 -27.059839
16.613600 -27.117271
16.629927 -27.174725
16.642433 -27.239666
16.655020 -27.304569
16.667686 -27.369434
16.680433 -27.434261
16.693262 -27.499050
16.706171 -27.563801
16.719160 -27.628513
16.732229 -27.693188
16.745378 -27.757824
16.758608 -27.822422
16.771917 -27.886982
16.785307 -27.951504
16.798777 -28.015987
16.812326 -28.080433
16.825958 -28.144840
16.839670 -28.209209
16.853462 -28.273540
16.867334 -28.337833
16.881287 -28.402088
16.895319 -28.466305
16.909431 -28.530483
16.923624 -28.594624
16.937897 -28.658726
16.952250 -28.722790
16.966684 -28.786816
16.981199 -28.850803
16.995794 -28.914753
17.010469 -28.978664
17.025225 -29.042538
17.040060 -29.106373
17.054976 -29.170170
17.069971 -29.233929
17.085047 -29.297649
17.100203 -29.361332
17.115440 -29.424976
17.130758 -29.488585
17.146156 -29.552155
17.161634 -29.615686
17.177193 -29.679180
17.192831 -29.742636
17.211798 -29.796144
17.230820 -29.849695
17.249895 -29.903288
17.269026 -29.956923
17.288210 -30.010599
17.307447 -30.064318
17.326740 -30.118078
17.346087 -30.171881
17.365486 -30.225725
17.384941 -30.279610
17.404449 -30.333536
17.424011 -30.387505
17.443628 -30.441515
17.463299 -30.495567
17.483025 -30.549662
17.502804 -30.603798
17.522636 -30.657976
17.542524 -30.712196
17.562466 -30.766459
17.582460 -30.820763
17.602510 -30.875109
17.622614 -30.929495
17.642771 -30.983923
17.662983 -31.038393
17.683249 -31.092905
17.703569 -31.147459
17.723944 -31.202055
17.744371 -31.256693
17.764854 -31.311373
17.785391 -31.366095
17.805981 -31.420858
17.826626 -31.475664
17.847324 -31.530512
17.868076 -31.585400
17.888884 -31.640329
17.909744 -31.695301
17.930660 -31.750315
17.951630 -31.805370
17.972652 -31.860468
17.993731 -31.915607
18.026085 -31.971905
18.058401 -32.028236
18.090681 -32.084599
18.122925 -32.140995
18.155132 -32.197422
18.187304 -32.253883
18.219439 -32.310379
18.251537 -32.366905
18.283600 -32.423466
18.315626 -32.480057
18.347616 -32.536682
18.379570 -32.593342
18.411488 -32.650032
18.443367 -32.706757
18.475210 -32.763512
18.507017 -32.820301
18.538788 -32.877125
18.570522 -32.933979
18.602221 -32.990868
18.633883 -33.047787
18.665508 -33.104740
18.697098 -33.161728
18.728651 -33.218746
18.760168 -33.275799
18.791649 -33.332882
18.823092 -33.389999
18.854498 -33.447151
18.885868 -33.504333
18.917202 -33.561550
18.948500 -33.618797
18.979761 -33.676079
19.010986 -33.733395
19.042175 -33.790741
19.073328 -33.848122
19.104445 -33.905533
19.135525 -33.962978
19.166569 -34.020458
19.197575 -34.077969
19.228544 -34.135513
19.259478 -34.193089
19.293152 -34.252174
19.326769 -34.311279
19.360327 -34.370407
19.393826 -34.429554
19.427265 -34.488724
19.460646 -34.547913
19.493969 -34.607124
19.527233 -34.666355
19.560438 -34.725609
19.593584 -34.784882
19.626671 -34.844177
19.659698 -34.903492
19.692669 -34.962826
19.725580 -35.022182
19.758432 -35.081558
19.791225 -35.140957
19.823959 -35.200375
19.856634 -35.259815
19.889252 -35.319275
19.921810 -35.378757
19.954309 -35.438259
19.986750 -35.497784
20.019131 -35.557327
20.051453 -35.616894
20.083717 -35.676479
20.115923 -35.736088
20.148069 -35.795715
20.180157 -35.855366
20.212185 -35.915035
20.244154 -35.974728
20.276066 -36.034439
20.307919 -36.094173
20.339712 -36.153927
20.371447 -36.213703
20.403122 -36.273499
20.434738 -36.333313
20.466297 -36.393150
20.497797 -36.453007
20.529238 -36.512886
20.560619 -36.572784
20.584702 -36.622700
20.608782 -36.672714
20.632862 -36.722832
20.656942 -36.773052
20.681023 -36.823372
20.705103 -36.873795
20.729181 -36.924316
20.753260 -36.974941
20.777338 -37.025669
20.801416 -37.076496
20.825495 -37.127426
20.849571 -37.178459
20.873648 -37.229591
20.897724 -37.280827
20.921801 -37.332165
20.945877 -37.383602
20.969952 -37.435143
20.994026 -37.486782
21.018101 -37.538525
21.042175 -37.590370
21.066248 -37.642315
21.090321 -37.694363
21.114393 -37.746513
21.138466 -37.798763
21.162539 -37.851116
21.186609 -37.903572
21.210680 -37.956127
21.234751 -38.008785
21.258821 -38.061543
21.282892 -38.114403
21.306961 -38.167366
21.331030 -38.220428
21.355099 -38.273594
21.379168 -38.326862
21.403236 -38.380230
21.427303 -38.433701
21.451370 -38.487274
21.475437 -38.540947
21.499504 -38.594723
21.523569 -38.648598
21.545664 -38.711937
21.567774 -38.775303
21.589899 -38.838696
21.612040 -38.902115
21.634195 -38.965561
21.656366 -39.029030
21.678553 -39.092525
21.700754 -39.156048
21.722973 -39.219597
21.745207 -39.283173
21.767456 -39.346775
21.789721 -39.410404
21.812000 -39.474056
21.834295 -39.537735
21.856606 -39.601440
21.878931 -39.665173
21.901274 -39.728931
21.923632 -39.792717
21.946005 -39.856525
21.968393 -39.920361
21.990797 -39.984222
22.013216 -40.048111
22.035650 -40.112026
22.058100 -40.175968
22.080566 -40.239933
22.103048 -40.303925
22.125546 -40.367943
22.148058 -40.431988
22.170586 -40.496059
22.193129 -40.560158
22.215687 -40.624279
22.238260 -40.688427
22.260851 -40.752602
22.283457 -40.816803
22.306078 -40.881031
22.328714 -40.945286
22.351366 -41.009567
22.374033 -41.073872
22.396715 -41.138203
22.419415 -41.202560
22.440727 -41.276070
22.462067 -41.349533
22.483433 -41.422947
22.504826 -41.496315
22.526245 -41.569637
22.547691 -41.642910
22.569164 -41.716137
22.590664 -41.789314
22.612190 -41.862446
22.633743 -41.935528
22.655325 -42.008564
22.676933 -42.081551
22.698568 -42.154491
22.720230 -42.227383
22.741919 -42.300228
22.763634 -42.373028
22.785376 -42.445778
22.807144 -42.518482
22.828939 -42.591137
22.850761 -42.663746
22.872610 -42.736305
22.894485 -42.808819
22.916388 -42.881283
22.938316 -42.953701
22.960272 -43.026073
22.982254 -43.098396
23.004263 -43.170673
23.026299 -43.242901
23.048361 -43.315083
23.070450 -43.387215
23.092567 -43.459301
23.114712 -43.531338
23.136883 -43.603329
23.159081 -43.675270
23.181305 -43.747166
23.203556 -43.819016
23.225834 -43.890816
23.248138 -43.962570
23.270470 -44.034275
23.292828 -44.105934
23.309992 -44.176987
23.327225 -44.247997
23.344526 -44.318962
23.361897 -44.389885
23.379337 -44.460766
23.396847 -44.531605
23.414425 -44.602398
23.432072 -44.673149
23.449787 -44.743858
23.467571 -44.814526
23.485424 -44.885147
23.503345 -44.955727
23.521338 -45.026264
23.539398 -45.096756
23.557528 -45.167206
23.575726 -45.237614
23.593992 -45.307980
23.612328 -45.378300
23.630732 -45.448578
23.649204 -45.518814
23.667746 -45.589008
23.686357 -45.659157
23.705038 -45.729263
23.723787 -45.799328
23.742605 -45.869350
23.761492 -45.939327
23.780447 -46.009262
23.799471 -46.079155
23.818563 -46.149002
23.837727 -46.218807
23.856958 -46.288570
23.876259 -46.358292
23.895628 -46.427967
23.915066 -46.497601
23.934572 -46.567192
23.954147 -46.636742
23.973791 -46.706245
23.993505 -46.775707
24.013288 -46.845127
24.033140 -46.914501
24.054314 -46.991524
24.075544 -47.068439
24.096834 -47.145248
24.118183 -47.221954
24.139591 -47.298553
24.161058 -47.375050
24.182585 -47.451439
24.204168 -47.527725
24.225811 -47.603905
24.247513 -47.679981
24.269274 -47.755951
24.291094 -47.831818
24.312973 -47.907578
24.334909 -47.983234
24.356905 -48.058784
24.378960 -48.134232
24.401073 -48.209572
24.423246 -48.284809
24.445477 -48.359940
24.467766 -48.434967
24.490114 -48.509888
24.512522 -48.584702
24.534988 -48.659412
24.557514 -48.734016
24.580097 -48.808517
24.602739 -48.882912
24.625441 -48.957203
24.648201 -49.031387
24.671021 -49.105469
24.693899 -49.179443
24.716835 -49.253315
24.739830 -49.327080
24.762884 -49.400742
24.785997 -49.474297
24.809170 -49.547749
24.832401 -49.621094
24.855690 -49.694336
24.879038 -49.767471
24.902445 -49.840504
24.925911 -49.913429
24.941574 -49.975201
24.957359 -50.036957
24.973267 -50.098698
24.989296 -50.160423
25.005447 -50.222134
25.021721 -50.283825
25.038116 -50.345501
25.054634 -50.407162
25.071276 -50.468807
25.088039 -50.530437
25.104925 -50.592052
25.121933 -50.653648
25.139063 -50.715229
25.156315 -50.776794
25.173689 -50.838345
25.191185 -50.899879
25.208803 -50.961399
25.226543 -51.022900
25.244406 -51.084385
25.262390 -51.145855
25.280497 -51.207310
25.298725 -51.268749
25.317076 -51.330173
25.335550 -51.391579
25.354147 -51.452969
25.372866 -51.514343
25.391706 -51.575703
25.410669 -51.637047
25.429754 -51.698376
25.448961 -51.759686
25.468290 -51.820980
25.487741 -51.882259
25.507315 -51.943523
25.527010 -52.004772
25.546827 -52.066006
25.566767 -52.127220
25.586828 -52.188419
25.607012 -52.249603
25.627319 -52.310772
25.647749 -52.371925
25.667469 -52.444183
25.687319 -52.516338
25.707296 -52.588387
25.727404 -52.660328
25.747639 -52.732166
25.768003 -52.803898
25.788498 -52.875523
25.809120 -52.947044
25.829872 -53.018459
25.850752 -53.089767
25.871761 -53.160969
25.892899 -53.232067
25.914165 -53.303059
25.935562 -53.373943
25.957087 -53.444725
25.978741 -53.515400
26.000523 -53.585968
26.022434 -53.656433
26.044476 -53.726791
26.066645 -53.797043
26.088943 -53.867191
26.111370 -53.937233
26.133926 -54.007168
26.156610 -54.077000
26.179424 -54.146725
26.202368 -54.216343
26.225439 -54.285858
26.248640 -54.355267
26.271969 -54.424568
26.295427 -54.493763
26.319016 -54.562855
26.342731 -54.631840
26.366577 -54.700718
26.390551 -54.769493
26.414654 -54.838161
26.438885 -54.906723
26.463245 -54.975182
26.487736 -55.043533
26.512354 -55.111778
26.537102 -55.179920
26.566280 -55.244534
26.595554 -55.309067
26.624922 -55.373524
26.654383 -55.437901
26.683939 -55.502201
26.713589 -55.566425
26.743334 -55.630569
26.773172 -55.694637
26.803104 -55.758625
26.833132 -55.822536
26.863253 -55.886368
26.893469 -55.950123
26.923779 -56.013798
26.954182 -56.077396
26.984680 -56.140919
27.015272 -56.204361
27.045958 -56.267727
27.076738 -56.331013
27.107613 -56.394222
27.138582 -56.457352
27.169645 -56.520405
27.200802 -56.583378
27.232054 -56.646275
27.263399 -56.709095
27.294840 -56.771835
27.326374 -56.834499
27.358002 -56.897083
27.389725 -56.959591
27.421541 -57.022018
27.453451 -57.084370
27.485456 -57.146641
27.517555 -57.208836
27.549749 -57.270954
27.582037 -57.332993
27.614418 -57.394955
27.646894 -57.456837
27.679464 -57.518642
27.712130 -57.580368
27.744888 -57.642017
27.777740 -57.703587
27.811457 -57.759697
27.845261 -57.815773
27.879152 -57.871815
27.913132 -57.927822
27.947199 -57.983795
27.981356 -58.039734
28.015600 -58.095638
28.049932 -58.151508
28.084352 -58.207344
28.118860 -58.263145
28.153456 -58.318909
28.188139 -58.374638
28.222910 -58.430332
28.257771 -58.485992
28.292719 -58.541618
28.327755 -58.597210
28.362879 -58.652767
28.398090 -58.708290
28.433390 -58.763779
28.468777 -58.819233
28.504253 -58.874653
28.539818 -58.930038
28.575470 -58.985390
28.611210 -59.040707
28.647038 -59.095989
28.682953 -59.151234
28.718956 -59.206444
28.755049 -59.261620
28.791229 -59.316761
28.827497 -59.371868
28.863853 -59.426941
28.900297 -59.481979
28.936829 -59.536983
28.973448 -59.591953
29.010155 -59.646889
29.046951 -59.701790
29.083836 -59.756657
29.120808 -59.811489
29.157867 -59.866287
29.195015 -59.921047
29.233986 -59.973755
29.273031 -60.026443
29.312151 -60.079113
29.351345 -60.131763
29.390614 -60.184395
29.429955 -60.237011
29.469370 -60.289608
29.508860 -60.342186
29.548424 -60.394745
29.588062 -60.447285
29.627773 -60.499809
29.667559 -60.552315
29.707418 -60.604801
29.747353 -60.657269
29.787361 -60.709717
29.827442 -60.762150
29.867598 -60.814564
29.907827 -60.866959
29.948132 -60.919334
29.988510 -60.971691
30.028961 -61.024033
30.069487 -61.076355
30.110086 -61.128658
30.150761 -61.180943
30.191509 -61.233208
30.232330 -61.285458
30.273226 -61.337688
30.314196 -61.389900
30.355240 -61.442093
30.396358 -61.494267
30.437550 -61.546425
30.478815 -61.598564
30.520155 -61.650684
30.561569 -61.702785
30.603058 -61.754868
30.644619 -61.806934
30.686255 -61.858982
30.727964 -61.911011
30.769749 -61.963020
30.811607 -62.015011
30.855125 -62.069290
30.898706 -62.123535
30.942348 -62.177742
30.986052 -62.231911
31.029816 -62.286045
31.073641 -62.340141
31.117527 -62.394199
31.161474 -62.448223
31.205482 -62.502209
31.249552 -62.556156
31.293682 -62.610069
31.337873 -62.663944
31.382128 -62.717781
31.426443 -62.771584
31.470819 -62.825348
31.515257 -62.879074
31.559755 -62.932762
31.604315 -62.986416
31.648935 -63.040031
31.693617 -63.093609
31.738359 -63.147152
31.783163 -63.200657
31.828028 -63.254124
31.872953 -63.307556
31.917942 -63.360950
31.962992 -63.414307
32.008102 -63.467628
32.053272 -63.520912
32.098503 -63.574158
32.143795 -63.627369
32.189152 -63.680542
32.234570 -63.733677
32.280048 -63.786777
32.325588 -63.839840
32.371189 -63.892864
32.416851 -63.945854
32.462574 -63.998806
32.508358 -64.051720
32.554203 -64.104599
32.600109 -64.157440
32.677982 -64.207817
32.755657 -64.258171
32.833138 -64.308510
32.910423 -64.358833
32.987511 -64.409142
33.064404 -64.459427
33.141098 -64.509697
33.217598 -64.559952
33.293900 -64.610184
33.370007 -64.660400
33.445919 -64.710602
33.521633 -64.760788
33.597153 -64.810951
33.672474 -64.861099
33.747601 -64.911232
33.822533 -64.961349
33.897266 -65.011444
33.971806 -65.061523
34.046146 -65.111588
34.120293 -65.161636
34.194244 -65.211662
34.267998 -65.261673
34.341557 -65.311668
34.414917 -65.361641
34.488083 -65.411598
34.561054 -65.461540
34.633827 -65.511467
34.706406 -65.561371
34.778786 -65.611259
34.850971 -65.661133
34.922962 -65.710991
34.994755 -65.760826
35.066353 -65.810646
35.137753 -65.860451
35.208958 -65.910240
35.279968 -65.960007
35.350780 -66.009758
35.421398 -66.059494
35.491817 -66.109207
35.562042 -66.158905
35.643307 -66.215332
35.724281 -66.271690
35.804970 -66.327972
35.885372 -66.384186
35.965488 -66.440323
36.045319 -66.496391
36.124863 -66.552391
36.204117 -66.608315
36.283085 -66.664169
36.361767 -66.719948
36.440163 -66.775658
36.518272 -66.831299
36.596096 -66.886864
36.673630 -66.942360
36.750877 -66.997780
36.827839 -67.053131
36.904514 -67.108414
36.980904 -67.163620
37.057007 -67.218758
37.132824 -67.273827
37.208351 -67.328819
37.283592 -67.383743
37.358547 -67.438591
37.433216 -67.493370
37.507599 -67.548080
37.581696 -67.602715
37.655502 -67.657280
37.729023 -67.711769
37.802258 -67.766190
37.875206 -67.820541
37.947868 -67.874817
38.020245 -67.929024
38.092335 -67.983154
38.164135 -68.037216
38.235649 -68.091209
38.306877 -68.145126
38.377819 -68.198975
38.448475 -68.252747
38.518845 -68.306450
38.588924 -68.360085
38.659874 -68.405151
38.730526 -68.450211
38.800880 -68.495270
38.870941 -68.540329
38.940704 -68.585381
39.010174 -68.630432
39.079346 -68.675476
39.148220 -68.720520
39.216801 -68.765556
39.285084 -68.810593
39.353073 -68.855629
39.420765 -68.900658
39.488159 -68.945686
39.555260 -68.990707
39.622063 -69.035728
39.688572 -69.080750
39.754784 -69.125763
39.820698 -69.170776
39.886318 -69.215782
39.951641 -69.260788
40.016670 -69.305786
40.081402 -69.350784
40.145836 -69.395782
40.209976 -69.440773
40.273819 -69.485764
40.337368 -69.530746
40.400620 -69.575729
40.463577 -69.620712
40.526237 -69.665688
40.588600 -69.710663
40.650669 -69.755630
40.712440 -69.800598
40.773918 -69.845558
40.835098 -69.890518
40.895981 -69.935478
40.956570 -69.980431
41.016861 -70.025383
41.076859 -70.070328
41.136559 -70.115273
41.195961 -70.160210
41.239742 -70.215996
41.283352 -70.271690
41.326790 -70.327293
41.370052 -70.382812
41.413143 -70.438240
41.456062 -70.493576
41.498810 -70.548820
41.541386 -70.603973
41.583786 -70.659035
41.626015 -70.714005
41.668072 -70.768883
41.709957 -70.823669
41.751671 -70.878372
41.793213 -70.932983
41.834579 -70.987503
41.875774 -71.041931
41.916798 -71.096268
41.957649 -71.150513
41.998329 -71.204666
42.038834 -71.258728
42.079166 -71.312698
42.119328 -71.366585
42.159317 -71.420380
42.199135 -71.474083
42.238777 -71.527695
42.278248 -71.581215
42.317547 -71.634644
42.356674 -71.687981
42.395630 -71.741226
42.434410 -71.794380
42.473019 -71.847450
42.511456 -71.900429
42.549721 -71.953316
42.587814 -72.006111
42.625732 -72.058815
42.663479 -72.111427
42.701054 -72.163948
42.738457 -72.216377
42.775688 -72.268715
42.812744 -72.320969
42.839500 -72.374565
42.866165 -72.428062
42.892738 -72.481453
42.919220 -72.534744
42.945610 -72.587936
42.971912 -72.641022
42.998123 -72.694008
43.024242 -72.746887
43.050270 -72.799667
43.076210 -72.852348
43.102058 -72.904922
43.127815 -72.957397
43.153481 -73.009766
43.179054 -73.062035
43.204540 -73.114197
43.229935 -73.166260
43.255238 -73.218224
43.280449 -73.270081
43.305573 -73.321838
43.330605 -73.373489
43.355545 -73.425041
43.380394 -73.476494
43.405151 -73.527840
43.429821 -73.579086
43.454399 -73.630226
43.478886 -73.681267
43.503281 -73.732208
43.527588 -73.783043
43.551804 -73.833778
43.575928 -73.884407
43.599960 -73.934937
43.623901 -73.985367
43.647755 -74.035690
43.671516 -74.085915
43.695187 -74.136032
43.718765 -74.186050
43.742256 -74.235962
43.765656 -74.285774
43.788963 -74.335487
43.812180 -74.385094
43.838593 -74.425545
43.864887 -74.465973
43.891064 -74.506371
43.917126 -74.546738
43.943069 -74.587074
43.968895 -74.627380
43.994606 -74.667656
44.020199 -74.707901
44.045673 -74.748123
44.071030 -74.788315
44.096272 -74.828476
44.121395 -74.868607
44.146400 -74.908707
44.171291 -74.948776
44.196064 -74.988823
44.220718 -75.028839
44.245255 -75.068825
44.269676 -75.108780
44.293980 -75.148705
44.318165 -75.188599
44.342232 -75.228470
44.366184 -75.268311
44.390018 -75.308121
44.413734 -75.347900
44.437336 -75.387650
44.460819 -75.427368
44.484184 -75.467064
44.507431 -75.506729
44.530563 -75.546364
44.553577 -75.585968
44.576473 -75.625542
44.599251 -75.665085
44.621914 -75.704597
44.644459 -75.744087
44.666885 -75.783546
44.689198 -75.822975
44.711391 -75.862373
44.733467 -75.901741
44.755424 -75.941078
44.777267 -75.980392
44.798965 -76.019241
44.820549 -76.058060
44.842014 -76.096855
44.863361 -76.135628
44.884594 -76.174370
44.905708 -76.213089
44.926704 -76.251785
44.947586 -76.290451
44.968349 -76.329094
44.988995 -76.367706
45.009525 -76.406296
45.029938 -76.444862
45.050232 -76.483398
45.070412 -76.521912
45.090473 -76.560402
45.110416 -76.598862
45.130245 -76.637299
45.149956 -76.675705
45.169548 -76.714088
45.189026 -76.752449
45.208385 -76.790779
45.227627 -76.829086
45.246754 -76.867363
45.265762 -76.905617
45.284653 -76.943848
45.303429 -76.982048
45.322086 -77.020226
45.340626 -77.058380
45.359051 -77.096504
45.377357 -77.134605
45.395546 -77.172676
45.413620 -77.210724
45.431576 -77.248749
45.449413 -77.286743
45.467136 -77.324715
45.484741 -77.362663
45.502228 -77.400581
45.519600 -77.438477
45.536854 -77.476341
45.553989 -77.514183
45.571159 -77.554268
45.588211 -77.594307
45.605145 -77.634300
45.621960 -77.674255
45.638657 -77.714165
45.655235 -77.754028
45.671696 -77.793846
45.688038 -77.833626
45.704262 -77.873360
45.720367 -77.913048
45.736355 -77.952690
45.752224 -77.992287
45.767975 -78.031845
45.783607 -78.071358
45.799122 -78.110825
45.814518 -78.150246
45.829796 -78.189629
45.844955 -78.228966
45.859997 -78.268257
45.874920 -78.307503
45.889725 -78.346703
45.904411 -78.385864
45.918980 -78.424980
45.933430 -78.464050
45.947762 -78.503075
45.961975 -78.542061
45.976070 -78.581001
45.990047 -78.619896
46.003906 -78.658745
46.017647 -78.697548
46.031269 -78.736313
46.044773 -78.775032
46.058159 -78.813705
46.071426 -78.852333
46.084576 -78.890923
46.097607 -78.929466
46.110519 -78.967964
46.123314 -79.006416
46.135990 -79.044823
46.148548 -79.083191
46.152084 -79.118576
46.155575 -79.153938
46.159019 -79.189278
46.162418 -79.224602
46.165771 -79.259903
46.169075 -79.295181
46.172333 -79.330444
46.175545 -79.365685
46.178711 -79.400902
46.181831 -79.436104
46.184906 -79.471283
46.187935 -79.506439
46.190914 -79.541580
46.193848 -79.576698
46.196735 -79.611794
46.199577 -79.646873
46.202374 -79.681931
46.205124 -79.716965
46.207825 -79.751976
46.210480 -79.786972
46.213089 -79.821945
46.215652 -79.856895
46.218170 -79.891830
46.220642 -79.926743
46.223064 -79.961632
46.225441 -79.996506
46.227772 -80.031357
46.230057 -80.066185
46.232296 -80.100998
46.234489 -80.135788
46.236633 -80.170555
46.238731 -80.205307
46.240784 -80.240036
46.242790 -80.274742
46.244751 -80.309433
46.246666 -80.344101
46.248531 -80.378746
46.250351 -80.413376
46.252125 -80.447983
46.253853 -80.482567
46.256714 -80.516586
46.259518 -80.550591
46.262264 -80.584579
46.264957 -80.618553
46.267593 -80.652512
46.270172 -80.686455
46.272697 -80.720383
46.275166 -80.754288
46.277576 -80.788177
46.279934 -80.822052
46.282234 -80.855911
46.284477 -80.889755
46.286667 -80.923584
46.288799 -80.957397
46.290874 -80.991196
46.292896 -81.024979
46.294861 -81.058746
46.296768 -81.092499
46.298622 -81.126228
46.300419 -81.159943
46.302162 -81.193642
46.303848 -81.227325
46.305477 -81.260994
46.307053 -81.294647
46.308571 -81.328285
46.310032 -81.361908
46.311440 -81.395515
46.312790 -81.429108
46.314083 -81.462677
46.315323 -81.496231
46.316505 -81.529770
46.317631 -81.563293
46.318703 -81.596802
46.319717 -81.630295
46.320675 -81.663773
46.321579 -81.697235
46.322426 -81.730682
46.323215 -81.764114
46.323952 -81.797523
46.324631 -81.830917
46.324100 -81.862602
46.323524 -81.894279
46.322903 -81.925957
46.322231 -81.957634
46.321514 -81.989304
46.320751 -82.020973
46.319942 -82.052643
46.319088 -82.084305
46.318184 -82.115967
46.317234 -82.147629
46.316238 -82.179291
46.315197 -82.210945
46.314110 -82.242599
46.312973 -82.274254
46.311790 -82.305901
46.310562 -82.337547
46.309288 -82.369194
46.307964 -82.400833
46.306595 -82.432472
46.305180 -82.464111
46.303719 -82.495750
46.302212 -82.527382
46.300655 -82.559013
46.299053 -82.590645
46.297405 -82.622269
46.295712 -82.653893
46.293972 -82.685516
46.292183 -82.717133
46.290348 -82.748749
46.288467 -82.780365
46.286541 -82.811981
46.284565 -82.843590
46.282543 -82.875198
46.280476 -82.906807
46.278362 -82.938408
46.276203 -82.970009
46.273994 -83.001610
46.271740 -83.033203
46.269440 -83.064796
46.267094 -83.096390
46.264019 -83.129356
46.260902 -83.162308
46.257744 -83.195244
46.254543 -83.228172
46.251305 -83.261086
46.248024 -83.293983
46.244701 -83.326866
46.241337 -83.359741
46.237934 -83.392601
46.234489 -83.425446
46.231003 -83.458275
46.227474 -83.491096
46.223904 -83.523903
46.220295 -83.556694
46.216644 -83.589470
46.212952 -83.622238
46.209217 -83.654991
46.205444 -83.687729
46.201630 -83.720451
46.197773 -83.753166
46.193874 -83.785866
46.189934 -83.818550
46.185955 -83.851219
46.181934 -83.883881
46.177872 -83.916527
46.173767 -83.949158
46.169624 -83.981773
46.165440 -84.014381
46.161213 -84.046974
46.156944 -84.079552
46.152634 -84.112114
46.148285 -84.144669
46.143894 -84.177208
46.139462 -84.209732
46.134987 -84.242241
46.130474 -84.274734
46.125919 -84.307220
46.121323 -84.339691
46.116684 -84.372147
46.112007 -84.404587
46.102165 -84.436272
46.092323 -84.467949
46.082481 -84.499619
46.072639 -84.531281
46.062798 -84.562935
46.052959 -84.594582
46.043121 -84.626221
46.033283 -84.657852
46.023445 -84.689476
46.013607 -84.721092
46.003769 -84.752701
45.993931 -84.784309
45.984093 -84.815910
45.974255 -84.847504
45.964417 -84.879089
45.954578 -84.910667
45.944740 -84.942238
45.934902 -84.973801
45.925064 -85.005356
45.915226 -85.036903
45.905388 -85.068443
45.895550 -85.099976
45.885712 -85.131500
45.875874 -85.163017
45.866039 -85.194527
45.856205 -85.226028
45.846371 -85.257523
45.836536 -85.289009
45.826702 -85.320488
45.816868 -85.351959
45.807034 -85.383423
45.797199 -85.414879
45.787365 -85.446327
45.777531 -85.477768
45.767696 -85.509201
45.757862 -85.540627
45.748028 -85.572044
45.738194 -85.603455
45.728359 -85.634857
45.718525 -85.666252
45.703991 -85.698906
45.689495 -85.731544
45.675037 -85.764168
45.660618 -85.796768
45.646236 -85.829353
45.631893 -85.861923
45.617588 -85.894470
45.603321 -85.927002
45.589092 -85.959518
45.574902 -85.992012
45.560749 -86.024490
45.546635 -86.056953
45.532558 -86.089394
45.518520 -86.121819
45.504520 -86.154228
45.490559 -86.186623
45.476635 -86.218994
45.462749 -86.251350
45.448902 -86.283691
45.435093 -86.316010
45.421322 -86.348312
45.407589 -86.380600
45.393894 -86.412865
45.380238 -86.445114
45.366619 -86.477348
45.353039 -86.509567
45.339497 -86.541763
45.325993 -86.573944
45.312527 -86.606110
45.299099 -86.638252
45.285709 -86.670380
45.272358 -86.702492
45.259045 -86.734581
45.245770 -86.766655
45.232533 -86.798714
45.219334 -86.830750
45.206173 -86.862770
45.193050 -86.894775
45.179966 -86.926765
45.166920 -86.958733
45.155273 -86.993774
45.143658 -87.028770
45.132069 -87.063721
45.120506 -87.098633
45.108971 -87.133499
45.097462 -87.168327
45.085979 -87.203110
45.074524 -87.237854
45.063095 -87.272552
45.051693 -87.307205
45.040318 -87.341820
45.028973 -87.376389
45.017654 -87.410919
45.006363 -87.445404
44.995098 -87.479851
44.983860 -87.514252
44.972649 -87.548607
44.961464 -87.582924
44.950306 -87.617195
44.939175 -87.651428
44.928074 -87.685616
44.917000 -87.719765
44.905952 -87.753868
44.894932 -87.787926
44.883938 -87.821945
44.872971 -87.855919
44.862030 -87.889854
44.851116 -87.923744
44.840229 -87.957596
44.829369 -87.991402
44.818539 -88.025162
44.807735 -88.058884
44.796959 -88.092560
44.786209 -88.126198
44.775486 -88.159790
44.764790 -88.193344
44.754120 -88.226852
44.743477 -88.260315
44.732861 -88.293739
44.722275 -88.327118
44.709942 -88.358994
44.697651 -88.390839
44.685398 -88.422653
44.673187 -88.454437
44.661018 -88.486191
44.648891 -88.517914
44.636806 -88.549606
44.624763 -88.581268
44.612762 -88.612900
44.600800 -88.644501
44.588879 -88.676071
44.577000 -88.707611
44.565163 -88.739120
44.553368 -88.770599
44.541615 -88.802048
44.529903 -88.833466
44.518230 -88.864853
44.506599 -88.896210
44.495010 -88.927536
44.483463 -88.958832
44.471958 -88.990097
44.460495 -89.021324
44.449074 -89.052521
44.437691 -89.083687
44.426350 -89.114822
44.415051 -89.145927
44.403793 -89.177002
44.392578 -89.208046
44.381405 -89.239059
44.370274 -89.270042
44.359180 -89.300995
44.348129 -89.331917
44.337120 -89.362808
44.326153 -89.393669
44.315228 -89.424500
44.304344 -89.455299
44.293499 -89.486069
44.282696 -89.516808
44.271935 -89.547516
44.261215 -89.578194
44.249336 -89.610428
44.237507 -89.642616
44.225727 -89.674767
44.214001 -89.706871
44.202324 -89.738930
44.190701 -89.770950
44.179127 -89.802925
44.167603 -89.834854
44.156132 -89.866737
44.144711 -89.898582
44.133343 -89.930382
44.122025 -89.962135
44.110756 -89.993851
44.099541 -90.025520
44.088375 -90.057144
44.077263 -90.088730
44.066200 -90.120270
44.055187 -90.151764
44.044228 -90.183212
44.033318 -90.214622
44.022457 -90.245987
44.011650 -90.277306
44.000893 -90.308586
43.990189 -90.339821
43.979534 -90.371010
43.968929 -90.402161
43.958378 -90.433266
43.947876 -90.464325
43.937428 -90.495338
43.927029 -90.526314
43.916679 -90.557243
43.906384 -90.588127
43.896137 -90.618973
43.885944 -90.649773
43.875801 -90.680527
43.865707 -90.711243
43.855667 -90.741913
43.845676 -90.772537
43.835739 -90.803116
43.825851 -90.833656
43.816311 -90.859665
43.806820 -90.885666
43.797379 -90.911659
43.787987 -90.937645
43.778641 -90.963623
43.769344 -90.989594
43.760098 -91.015556
43.750900 -91.041512
43.741753 -91.067459
43.732651 -91.093399
43.723598 -91.119331
43.714596 -91.145256
43.705643 -91.171173
43.696735 -91.197083
43.687878 -91.222984
43.679070 -91.248878
43.670311 -91.274765
43.661598 -91.300644
43.652935 -91.326515
43.644321 -91.352379
43.635757 -91.378242
43.627243 -91.404099
43.618774 -91.429947
43.610355 -91.455788
43.601986 -91.481621
43.593666 -91.507446
43.585392 -91.533264
43.577168 -91.559074
43.568993 -91.584877
43.560867 -91.610672
43.552788 -91.636459
43.544758 -91.662239
43.536777 -91.688011
43.528847 -91.713776
43.520962 -91.739532
43.513126 -91.765282
43.505341 -91.791023
43.497604 -91.816757
43.489918 -91.842484
43.482277 -91.868202
43.479843 -91.899742
43.477417 -91.931229
43.474998 -91.962662
43.472588 -91.994041
43.470184 -92.025368
43.467789 -92.056641
43.465397 -92.087860
43.463013 -92.119019
43.460636 -92.150124
43.458267 -92.181175
43.455906 -92.212173
43.453552 -92.243118
43.451206 -92.274010
43.448868 -92.304848
43.446533 -92.335632
43.444206 -92.366364
43.441887 -92.397034
43.439575 -92.427650
43.437271 -92.458214
43.434975 -92.488724
43.432686 -92.519180
43.430401 -92.549583
43.428123 -92.579933
43.425854 -92.610229
43.423592 -92.640465
43.421337 -92.670647
43.419090 -92.700775
43.416851 -92.730850
43.414616 -92.760872
43.412388 -92.790840
43.410168 -92.820755
43.407955 -92.850616
43.405750 -92.880424
43.403553 -92.910172
43.401363 -92.939865
43.399178 -92.969505
43.396999 -92.999092
43.394829 -93.028625
43.392666 -93.058105
43.390511 -93.087532
43.382759 -93.114830
43.375057 -93.142090
43.367409 -93.169312
43.359814 -93.196495
43.352268 -93.223640
43.344776 -93.250755
43.337337 -93.277832
43.329948 -93.304871
43.322613 -93.331871
43.315331 -93.358833
43.308102 -93.385757
43.300922 -93.412643
43.293797 -93.439491
43.286724 -93.466301
43.279701 -93.493073
43.272732 -93.519806
43.265816 -93.546501
43.258953 -93.573158
43.252140 -93.599777
43.245380 -93.626366
43.238674 -93.652916
43.232018 -93.679428
43.225414 -93.705902
43.218864 -93.732338
43.212368 -93.758736
43.205921 -93.785095
43.199528 -93.811417
43.193188 -93.837700
43.186897 -93.863945
43.180660 -93.890152
43.174477 -93.916321
43.168346 -93.942451
43.162266 -93.968544
43.156239 -93.994606
43.150265 -94.020630
43.144341 -94.046616
43.138470 -94.072563
43.132652 -94.098473
43.126884 -94.124344
43.121170 -94.150177
43.121124 -94.171570
43.121086 -94.192963
43.121056 -94.214348
43.121033 -94.235733
43.121017 -94.257118
43.121010 -94.278503
43.121006 -94.299881
43.121010 -94.321259
43.121021 -94.342636
43.121040 -94.364014
43.121067 -94.385384
43.121101 -94.406754
43.121140 -94.428123
43.121185 -94.449486
43.121239 -94.470848
43.121300 -94.492210
43.121368 -94.513573
43.121445 -94.534927
43.121525 -94.556282
43.121613 -94.577637
43.121708 -94.598991
43.121811 -94.620338
43.121922 -94.641685
43.122040 -94.663033
43.122162 -94.684372
43.122292 -94.705711
43.122429 -94.727051
43.122574 -94.748390
43.122726 -94.769722
43.122887 -94.791054
43.123051 -94.812386
43.123222 -94.833717
43.123402 -94.855042
43.123589 -94.876366
43.123783 -94.897690
43.123985 -94.919006
43.124191 -94.940323
43.124405 -94.961639
43.124626 -94.982956
43.124855 -95.004265
43.122845 -95.030190
43.120861 -95.056076
43.118904 -95.081917
43.116970 -95.107719
43.115063 -95.133484
43.113178 -95.159210
43.111320 -95.184898
43.109489 -95.210548
43.107681 -95.236153
43.105900 -95.261719
43.104141 -95.287247
43.102409 -95.312737
43.100700 -95.338188
43.099018 -95.363602
43.097363 -95.388977
43.095730 -95.414307
43.094124 -95.439598
43.092541 -95.464851
43.090984 -95.490067
43.089451 -95.515244
43.087944 -95.540382
43.086464 -95.565475
43.085007 -95.590530
43.083576 -95.615547
43.082169 -95.640526
43.080788 -95.665466
43.079433 -95.690369
43.078102 -95.715233
43.076797 -95.740051
43.075516 -95.764832
43.074261 -95.789574
43.073029 -95.814278
43.071823 -95.838943
43.070644 -95.863571
43.069489 -95.888161
43.068359 -95.912704
43.067253 -95.937210
43.066174 -95.961678
43.065121 -95.986107
43.064091 -96.010498
43.061848 -96.036819
43.059639 -96.063087
43.057465 -96.089302
43.055325 -96.115456
43.053219 -96.141556
43.051151 -96.167603
43.049118 -96.193596
43.047119 -96.219528
43.045155 -96.245407
43.043224 -96.271233
43.041332 -96.297005
43.039474 -96.322716
43.037651 -96.348373
43.035862 -96.373978
43.034107 -96.399529
43.032391 -96.425026
43.030708 -96.450462
43.029060 -96.475845
43.027447 -96.501175
43.025867 -96.526451
43.024326 -96.551666
43.022820 -96.576828
43.021347 -96.601936
43.019909 -96.626991
43.018505 -96.651985
43.017139 -96.676926
43.015808 -96.701813
43.014511 -96.726646
43.013248 -96.751419
43.012020 -96.776138
43.010830 -96.800804
43.009674 -96.825417
43.008553 -96.849976
43.007465 -96.874474
43.006413 -96.898918
43.005398 -96.923309
43.004417 -96.947647
43.003471 -96.971924
43.002560 -96.996147
43.001682 -97.020317
42.998772 -97.041580
42.995911 -97.062813
42.993103 -97.084007
42.990349 -97.105171
42.987644 -97.126305
42.984993 -97.147408
42.982391 -97.168472
42.979843 -97.189507
42.977345 -97.210510
42.974899 -97.231483
42.972507 -97.252426
42.970165 -97.273331
42.967876 -97.294205
42.965637 -97.315048
42.963451 -97.335861
42.961315 -97.356636
42.959232 -97.377380
42.957203 -97.398094
42.955223 -97.418777
42.953297 -97.439430
42.951420 -97.460045
42.949596 -97.480629
42.947826 -97.501183
42.946106 -97.521706
42.944439 -97.542198
42.942822 -97.562653
42.941257 -97.583076
42.939743 -97.603470
42.938282 -97.623833
42.936874 -97.644157
42.935516 -97.664452
42.934212 -97.684715
42.932957 -97.704948
42.931755 -97.725151
42.930603 -97.745316
42.929504 -97.765450
42.928459 -97.785553
42.927464 -97.805626
42.926521 -97.825661
42.925629 -97.845665
42.922581 -97.869194
42.919605 -97.892662
42.916698 -97.916069
42.913860 -97.939423
42.911091 -97.962715
42.908394 -97.985947
42.905766 -98.009117
42.903206 -98.032227
42.900715 -98.055275
42.898296 -98.078262
42.895947 -98.101189
42.893665 -98.124054
42.891453 -98.146858
42.889313 -98.169601
42.887241 -98.192284
42.885239 -98.214905
42.883305 -98.237465
42.881443 -98.259964
42.879650 -98.282402
42.877926 -98.304779
42.876270 -98.327095
42.874687 -98.349350
42.873173 -98.371544
42.871727 -98.393677
42.870350 -98.415749
42.869041 -98.437759
42.867805 -98.459709
42.866638 -98.481598
42.865540 -98.503426
42.864510 -98.525192
42.863552 -98.546898
42.862663 -98.568542
42.861843 -98.590126
42.861092 -98.611649
42.860413 -98.633110
42.859802 -98.654510
42.859261 -98.675850
42.858788 -98.697128
42.858387 -98.718346
42.858055 -98.739502
42.852001 -98.765991
42.846066 -98.792374
42.840244 -98.818657
42.834541 -98.844833
42.828953 -98.870903
42.823483 -98.896873
42.818127 -98.922737
42.812889 -98.948494
42.807766 -98.974152
42.802761 -98.999702
42.797871 -99.025146
42.793098 -99.050491
42.788441 -99.075729
42.783897 -99.100861
42.779472 -99.125893
42.775162 -99.150818
42.770969 -99.175636
42.766891 -99.200356
42.762932 -99.224968
42.759087 -99.249474
42.755360 -99.273872
42.751747 -99.298172
42.748253 -99.322365
42.744873 -99.346451
42.741611 -99.370438
42.738464 -99.394318
42.735435 -99.418091
42.732521 -99.441765
42.729725 -99.465332
42.727043 -99.488792
42.724480 -99.512154
42.722031 -99.535408
42.719700 -99.558556
42.717484 -99.581604
42.715385 -99.604546
42.713402 -99.627380
42.711536 -99.650116
42.709785 -99.672745
42.708153 -99.695267
42.706635 -99.717682
42.705864 -99.734886
42.705208 -99.752029
42.704662 -99.769112
42.704227 -99.786125
42.703903 -99.803078
42.703690 -99.819969
42.703587 -99.836792
42.703594 -99.853554
42.703716 -99.870255
42.703949 -99.886894
42.704292 -99.903465
42.704746 -99.919975
42.705311 -99.936424
42.705986 -99.952805
42.706776 -99.969124
42.707676 -99.985382
42.708687 -100.001579
42.709808 -100.017708
42.711040 -100.033775
42.712383 -100.049782
42.713837 -100.065727
42.715405 -100.081604
42.717083 -100.097420
42.718872 -100.113174
42.720772 -100.128860
42.722782 -100.144485
42.724903 -100.160049
42.727135 -100.175552
42.729481 -100.190987
42.731937 -100.206360
42.734505 -100.221672
42.737183 -100.236916
42.739971 -100.252098
42.742870 -100.267220
42.745884 -100.282280
42.749008 -100.297272
42.752243 -100.312202
42.755589 -100.327072
42.759045 -100.341873
42.762611 -100.356613
42.766685 -100.371193
42.770870 -100.385712
42.775162 -100.400162
42.779560 -100.414551
42.784069 -100.428879
42.788685 -100.443146
42.793407 -100.457352
42.798241 -100.471497
42.803181 -100.485573
42.808228 -100.499588
42.813385 -100.513542
42.818649 -100.527435
42.824020 -100.541267
42.829502 -100.555031
42.835091 -100.568733
42.840786 -100.582375
42.846588 -100.595955
42.852501 -100.609474
42.858521 -100.622932
42.864647 -100.636322
42.870884 -100.649651
42.877228 -100.662918
42.883678 -100.676125
42.890240 -100.689270
42.896908 -100.702354
42.903683 -100.715370
42.910568 -100.728325
42.917561 -100.741219
42.924660 -100.754051
42.931866 -100.766823
42.939182 -100.779526
42.946606 -100.792168
42.954136 -100.804749
42.961777 -100.817268
42.969524 -100.829727
42.977379 -100.842125
42.985344 -100.854454
42.993416 -100.866722
43.001595 -100.878929
43.009884 -100.891075
43.019146 -100.906158
43.028511 -100.921158
43.037975 -100.936066
43.047543 -100.950890
43.057209 -100.965630
43.066978 -100.980278
43.076847 -100.994843
43.086819 -101.009323
43.096889 -101.023712
43.107063 -101.038017
43.117336 -101.052231
43.127712 -101.066360
43.138187 -101.080406
43.148766 -101.094360
43.159443 -101.108231
43.170223 -101.122017
43.181103 -101.135712
43.192085 -101.149323
43.203167 -101.162849
43.214352 -101.176285
43.225636 -101.189636
43.237019 -101.202904
43.248505 -101.216080
43.260090 -101.229172
43.271778 -101.242180
43.283566 -101.255096
43.295456 -101.267929
43.307446 -101.280678
43.319538 -101.293335
43.331730 -101.305908
43.344025 -101.318390
43.356419 -101.330788
43.368916 -101.343102
43.381512 -101.355324
43.394211 -101.367462
43.407009 -101.379517
43.419910 -101.391479
43.432911 -101.403358
43.446014 -101.415154
43.459217 -101.426857
43.477592 -101.440376
43.496029 -101.453789
43.514526 -101.467102
43.533081 -101.480316
43.551697 -101.493423
43.570374 -101.506432
43.589111 -101.519333
43.607906 -101.532135
43.626762 -101.544838
43.645679 -101.557434
43.664658 -101.569931
43.683693 -101.582329
43.702789 -101.594620
43.721947 -101.606812
43.741165 -101.618904
43.760441 -101.630890
43.779778 -101.642776
43.799175 -101.654564
43.818634 -101.666245
43.838150 -101.677826
43.857727 -101.689308
43.877365 -101.700684
43.897064 -101.711960
43.916821 -101.723129
43.936638 -101.734200
43.956516 -101.745171
43.976456 -101.756035
43.996452 -101.766800
44.016510 -101.777466
44.036629 -101.788025
44.056808 -101.798485
44.077045 -101.808846
44.097343 -101.819099
44.117702 -101.829254
44.138123 -101.839310
44.158600 -101.849258
44.179138 -101.859108
44.199738 -101.868851
44.220398 -101.878494
44.241116 -101.888039
44.239388 -101.883629
44.237904 -101.879227
44.236660 -101.874832
44.235657 -101.870453
44.234898 -101.866081
44.234379 -101.861717
44.234100 -101.857368
44.234066 -101.853027
44.234272 -101.848694
44.234718 -101.844368
44.235409 -101.840057
44.236340 -101.835754
44.237511 -101.831459
44.238926 -101.827179
44.240582 -101.822906
44.242477 -101.818642
44.244617 -101.814384
44.246998 -101.810143
44.249619 -101.805908
44.252483 -101.801682
44.255589 -101.797470
44.258934 -101.793266
44.262524 -101.789070
44.266354 -101.784882
44.270424 -101.780708
44.274738 -101.776543
44.279293 -101.772385
44.284088 -101.768242
44.289127 -101.764107
44.294407 -101.759979
44.299927 -101.755859
44.305691 -101.751755
44.311695 -101.747658
44.317940 -101.743568
44.324429 -101.739494
44.331158 -101.735428
44.338127 -101.731369
44.345341 -101.727318
44.352795 -101.723282
44.360489 -101.719254
44.409447 -101.729706
44.458313 -101.740051
44.507092 -101.750290
44.555782 -101.760422
44.604382 -101.770447
44.652893 -101.780365
44.701313 -101.790176
44.749645 -101.799881
44.797890 -101.809479
44.846043 -101.818970
44.894108 -101.828354
44.942081 -101.837631
44.989967 -101.846802
45.037766 -101.855865
45.085472 -101.864822
45.133091 -101.873672
45.180622 -101.882416
45.228062 -101.891052
45.275414 -101.899582
45.322674 -101.908005
45.369846 -101.916321
45.416931 -101.924530
45.463924 -101.932632
45.510830 -101.940628
45.557648 -101.948517
45.604374 -101.956299
45.651012 -101.963974
45.697559 -101.971542
45.744019 -101.979004
45.790390 -101.986359
45.836670 -101.993607
45.882862 -102.000748
45.928963 -102.007782
45.974976 -102.014709
46.020901 -102.021530
46.066734 -102.028244
46.112480 -102.034851
46.158138 -102.041351
46.203705 -102.047745
46.249184 -102.054031
46.310741 -102.053925
46.372082 -102.053757
46.433201 -102.053535
46.494099 -102.053253
46.554779 -102.052917
46.615238 -102.052528
46.675480 -102.052078
46.735500 -102.051575
46.795303 -102.051018
46.854885 -102.050400
46.914246 -102.049728
46.973389 -102.049004
47.032310 -102.048218
47.091015 -102.047379
47.149498 -102.046478
47.207764 -102.045525
47.265808 -102.044518
47.323635 -102.043449
47.381241 -102.042328
47.438625 -102.041153
47.495792 -102.039917
47.552738 -102.038628
47.609467 -102.037277
47.665974 -102.035873
47.722263 -102.034416
47.778332 -102.032898
47.834179 -102.031326
47.889809 -102.029701
47.945217 -102.028015
48.000408 -102.026276
48.055378 -102.024483
48.110130 -102.022629
48.164661 -102.020721
48.218971 -102.018753
48.273064 -102.016731
48.326935 -102.014656
48.380589 -102.012520
48.434021 -102.010330
48.487236 -102.008087
48.540230 -102.005783
48.586990 -102.001801
48.633579 -101.997772
48.679996 -101.993706
48.726242 -101.989594
48.772320 -101.985435
48.818226 -101.981239
48.863960 -101.976997
48.909523 -101.972710
48.954914 -101.968384
49.000134 -101.964012
49.045181 -101.959595
49.090061 -101.955139
49.134769 -101.950638
49.179306 -101.946098
49.223671 -101.941513
49.267864 -101.936882
49.311886 -101.932213
49.355736 -101.927498
49.399418 -101.922737
49.442928 -101.917938
49.486267 -101.913094
49.529434 -101.908203
49.572430 -101.903275
49.615253 -101.898300
49.657906 -101.893280
49.700390 -101.888222
49.742702 -101.883118
49.784843 -101.877968
49.826813 -101.872780
49.868610 -101.867546
49.910236 -101.862267
49.951691 -101.856949
49.992977 -101.851585
50.034092 -101.846184
50.075035 -101.840736
50.115807 -101.835243
50.156406 -101.829712
50.196835 -101.824135
50.237095 -101.818512
50.277184 -101.812851
50.306534 -101.813454
50.335800 -101.813965
50.364979 -101.814384
50.394073 -101.814705
50.423080 -101.814934
50.452003 -101.815071
50.480839 -101.815109
50.509590 -101.815056
50.538254 -101.814911
50.566833 -101.814667
50.595325 -101.814331
50.623734 -101.813904
50.652054 -101.813377
50.680290 -101.812759
50.708439 -101.812050
50.736504 -101.811241
50.764481 -101.810341
50.792374 -101.809349
50.820179 -101.808266
50.847897 -101.807083
50.875530 -101.805809
50.903076 -101.804443
50.930538 -101.802979
50.957912 -101.801422
50.985203 -101.799774
51.012405 -101.798027
51.039524 -101.796188
51.066555 -101.794258
51.093502 -101.792229
51.120361 -101.790108
51.147137 -101.787895
51.173824 -101.785583
51.200428 -101.783180
51.226944 -101.780685
51.253376 -101.778091
51.279720 -101.775406
51.305981 -101.772629
51.332153 -101.769753
51.358242 -101.766785
51.384243 -101.763725
51.396309 -101.751419
51.408398 -101.739090
51.420513 -101.726746
51.432655 -101.714378
51.444824 -101.701988
51.457020 -101.689583
51.469238 -101.677155
51.481483 -101.664703
51.493755 -101.652237
51.506054 -101.639748
51.518375 -101.627243
51.530724 -101.614716
51.543098 -101.602165
51.555500 -101.589600
51.567924 -101.577011
51.580376 -101.564400
51.592854 -101.551773
51.605358 -101.539124
51.617886 -101.526451
51.630440 -101.513763
51.643021 -101.501053
51.655628 -101.488319
51.668259 -101.475571
51.680916 -101.462799
51.693600 -101.450005
51.706310 -101.437195
51.719048 -101.424362
51.731808 -101.411507
51.744595 -101.398636
51.757408 -101.385742
51.770248 -101.372833
51.783112 -101.359901
51.796001 -101.346947
51.808918 -101.333977
51.821861 -101.320984
51.834827 -101.307968
51.847820 -101.294937
51.860840 -101.281883
51.873886 -101.268806
51.886955 -101.255714
51.917587 -101.243118
51.948101 -101.230499
51.978500 -101.217857
52.008785 -101.205193
52.038952 -101.192505
52.069004 -101.179787
52.098942 -101.167046
52.128761 -101.154282
52.158466 -101.141495
52.188057 -101.128685
52.217533 -101.115845
52.246891 -101.102982
52.276134 -101.090096
52.305264 -101.077187
52.334274 -101.064255
52.363171 -101.051292
52.391953 -101.038307
52.420616 -101.025299
52.449165 -101.012268
52.477600 -100.999214
52.505917 -100.986130
52.534119 -100.973022
52.562206 -100.959892
52.590179 -100.946739
52.618034 -100.933563
52.645775 -100.920357
52.673401 -100.907127
52.700909 -100.893875
52.728302 -100.880600
52.755581 -100.867302
52.782742 -100.853973
52.809788 -100.840622
52.836720 -100.827248
52.863537 -100.813850
52.890236 -100.800430
52.916821 -100.786980
52.943291 -100.773506
52.969643 -100.760010
52.995880 -100.746490
53.022003 -100.732948
53.041462 -100.720695
53.060860 -100.708405
53.080193 -100.696083
53.099464 -100.683723
53.118671 -100.671326
53.137817 -100.658897
53.156898 -100.646431
53.175919 -100.633934
53.194874 -100.621399
53.213768 -100.608826
53.232597 -100.596222
53.251366 -100.583580
53.270073 -100.570908
53.288715 -100.558197
53.307297 -100.545448
53.325813 -100.532669
53.344269 -100.519852
53.362659 -100.507004
53.380989 -100.494118
53.399254 -100.481201
53.417458 -100.468246
53.435596 -100.455254
53.453674 -100.442230
53.471687 -100.429169
53.489639 -100.416077
53.507530 -100.402946
53.525356 -100.389778
53.543121 -100.376579
53.560822 -100.363342
53.578461 -100.350075
53.596035 -100.336769
53.613548 -100.323425
53.630997 -100.310051
53.648384 -100.296638
53.665707 -100.283195
53.682968 -100.269714
53.700165 -100.256203
53.717300 -100.242653
53.734375 -100.229065
53.751385 -100.215446
53.762230 -100.206116
53.773064 -100.196716
53.783882 -100.187248
53.794689 -100.177711
53.805481 -100.168106
53.816257 -100.158432
53.827023 -100.148682
53.837772 -100.138863
53.848511 -100.128975
53.859234 -100.119019
53.869946 -100.108994
53.880642 -100.098900
53.891327 -100.088730
53.901997 -100.078491
53.912651 -100.068184
53.923294 -100.057808
53.933922 -100.047363
53.944538 -100.036850
53.955139 -100.026268
53.965729 -100.015610
53.976303 -100.004883
53.986862 -99.994087
53.997410 -99.983223
54.007942 -99.972290
54.018463 -99.961288
54.028969 -99.950211
54.039463 -99.939064
54.049942 -99.927849
54.060406 -99.916565
54.070858 -99.905212
54.081295 -99.893791
54.091721 -99.882294
54.102131 -99.870728
54.112530 -99.859093
54.122913 -99.847389
54.133286 -99.835617
54.143642 -99.823776
54.153984 -99.811859
54.164314 -99.799873
54.174629 -99.787819
54.180183 -99.771408
54.185760 -99.754959
54.191364 -99.738472
54.196991 -99.721954
54.202644 -99.705399
54.208321 -99.688805
54.214024 -99.672180
54.219749 -99.655518
54.225502 -99.638824
54.231277 -99.622093
54.237076 -99.605324
54.242901 -99.588524
54.248749 -99.571686
54.254623 -99.554810
54.260521 -99.537903
54.266445 -99.520958
54.272392 -99.503983
54.278366 -99.486969
54.284363 -99.469917
54.290386 -99.452835
54.296432 -99.435715
54.302505 -99.418556
54.308601 -99.401367
54.314724 -99.384140
54.320869 -99.366882
54.327042 -99.349586
54.333237 -99.332253
54.339458 -99.314888
54.345703 -99.297485
54.351971 -99.280045
54.358265 -99.262573
54.364582 -99.245064
54.370926 -99.227524
54.377293 -99.209946
54.383686 -99.192329
54.390102 -99.174683
54.396545 -99.156998
54.403011 -99.139275
54.409504 -99.121521
54.416019 -99.103729
54.428772 -99.090370
54.441502 -99.076935
54.454205 -99.063431
54.466881 -99.049858
54.479534 -99.036209
54.492161 -99.022491
54.504761 -99.008705
54.517338 -98.994843
54.529888 -98.980911
54.542412 -98.966911
54.554913 -98.952835
54.567387 -98.938690
54.579834 -98.924469
54.592258 -98.910179
54.604656 -98.895821
54.617027 -98.881386
54.629375 -98.866882
54.641697 -98.852310
54.653992 -98.837662
54.666264 -98.822945
54.678509 -98.808159
54.690727 -98.793297
54.702923 -98.778366
54.715092 -98.763367
54.727234 -98.748291
54.739353 -98.733147
54.751446 -98.717934
54.763512 -98.702644
54.775555 -98.687286
54.787571 -98.671860
54.799564 -98.656357
54.811531 -98.640785
54.823471 -98.625145
54.835388 -98.609428
54.847279 -98.593643
54.859142 -98.577789
54.870983 -98.561859
54.882797 -98.545860
54.894585 -98.529785
54.906349 -98.513641
54.941338 -98.499352
54.976112 -98.484970
55.010674 -98.470505
55.045021 -98.455956
55.079159 -98.441315
55.113083 -98.426590
55.146793 -98.411774
55.180290 -98.396873
55.213573 -98.381889
55.246643 -98.366814
55.279503 -98.351654
55.312149 -98.336411
55.344582 -98.321075
55.376801 -98.305656
55.408806 -98.290146
55.440601 -98.274551
55.472183 -98.258873
55.503551 -98.243103
55.534706 -98.227249
55.565647 -98.211311
55.596378 -98.195282
55.626896 -98.179169
55.657200 -98.162964
55.687290 -98.146675
55.717167 -98.130302
55.746834 -98.113838
55.776287 -98.097290
55.805527 -98.080658
55.834553 -98.063934
55.863365 -98.047127
55.891964 -98.030228
55.920353 -98.013245
55.948528 -97.996178
55.976490 -97.979019
56.004238 -97.961777
56.031773 -97.944450
56.059097 -97.927032
56.086208 -97.909531
56.113106 -97.891937
56.139790 -97.874260
56.178486 -97.856644
56.216873 -97.838943
56.254948 -97.821152
56.292709 -97.803276
56.330162 -97.785309
56.367302 -97.767250
56.404129 -97.749107
56.440647 -97.730873
56.476852 -97.712555
56.512749 -97.694145
56.548332 -97.675652
56.583603 -97.657066
56.618565 -97.638397
56.653214 -97.619637
56.687550 -97.600792
56.721577 -97.581856
56.755291 -97.562836
56.788692 -97.543724
56.821785 -97.524529
56.854565 -97.505241
56.887032 -97.485863
56.919189 -97.466400
56.951035 -97.446846
56.982567 -97.427208
57.013790 -97.407478
57.044701 -97.387665
57.075298 -97.367760
57.105587 -97.347771
57.135563 -97.327690
57.165226 -97.307526
57.194580 -97.287270
57.223621 -97.266930
57.252350 -97.246498
57.280769 -97.225983
57.308876 -97.205376
57.336670 -97.184677
57.364155 -97.163895
57.391327 -97.143021
57.418186 -97.122063
57.444736 -97.101013
57.454433 -97.070663
57.463951 -97.040298
57.473289 -97.009926
57.482452 -96.979538
57.491436 -96.949135
57.500240 -96.918716
57.508869 -96.888283
57.517319 -96.857841
57.525589 -96.827385
57.533684 -96.796913
57.541599 -96.766426
57.549335 -96.735924
57.556896 -96.705414
57.564278 -96.674889
57.571480 -96.644348
57.578506 -96.613792
57.585354 -96.583221
57.592022 -96.552643
57.598511 -96.522049
57.604824 -96.491440
57.610958 -96.460815
57.616913 -96.430176
57.622692 -96.399529
57.628292 -96.368866
57.633713 -96.338188
57.638958 -96.307495
57.644024 -96.276787
57.648911 -96.246071
57.653622 -96.215340
57.658154 -96.184593
57.662506 -96.153831
57.666679 -96.123062
57.670677 -96.092278
57.674496 -96.061478
57.678135 -96.030663
57.681599 -95.999832
57.684883 -95.968994
57.687988 -95.938141
57.690918 -95.907272
57.693668 -95.876389
57.706547 -95.844833
57.719162 -95.813271
57.731518 -95.781700
57.743610 -95.750122
57.755444 -95.718536
57.767014 -95.686943
57.778324 -95.655342
57.789371 -95.623726
57.800159 -95.592102
57.810684 -95.560471
57.820950 -95.528831
57.830952 -95.497185
57.840694 -95.465530
57.850174 -95.433868
57.859394 -95.402199
57.868351 -95.370522
57.877048 -95.338837
57.885487 -95.307137
57.893661 -95.275429
57.901577 -95.243713
57.909229 -95.211990
57.916622 -95.180260
57.923752 -95.148521
57.930622 -95.116776
57.937229 -95.085022
57.943577 -95.053261
57.949661 -95.021492
57.955486 -94.989708
57.961048 -94.957916
57.966351 -94.926117
57.971390 -94.894310
57.976170 -94.862495
57.980686 -94.830673
57.984943 -94.798843
57.988937 -94.767006
57.992672 -94.735161
57.996147 -94.703308
57.999359 -94.671440
58.002312 -94.639565
58.005001 -94.607681
58.006077 -94.585350
58.006905 -94.562935
58.007481 -94.540436
58.007805 -94.517853
58.007881 -94.495178
58.007706 -94.472420
58.007282 -94.449577
58.006607 -94.426651
58.005680 -94.403641
58.004505 -94.380539
58.003078 -94.357353
58.001404 -94.334084
57.999477 -94.310730
57.997299 -94.287292
57.994873 -94.263763
57.992195 -94.240150
57.989269 -94.216454
57.986092 -94.192673
57.982662 -94.168808
57.978985 -94.144852
57.975056 -94.120811
57.970875 -94.096687
57.966446 -94.072479
57.961765 -94.048187
57.956837 -94.023804
57.951656 -93.999336
57.946224 -93.974785
57.940544 -93.950150
57.934612 -93.925423
57.928432 -93.900612
57.922001 -93.875717
57.915318 -93.850739
57.908386 -93.825676
57.901203 -93.800522
57.893768 -93.775284
57.886086 -93.749962
57.878151 -93.724556
57.869968 -93.699066
57.861534 -93.673485
57.852848 -93.647820
57.826553 -93.615685
57.800148 -93.583519
57.773632 -93.551315
57.747005 -93.519081
57.720268 -93.486809
57.693420 -93.454506
57.666462 -93.422165
57.639397 -93.389793
57.612221 -93.357384
57.584934 -93.324944
57.557537 -93.292465
57.530029 -93.259956
57.502411 -93.227409
57.474682 -93.194832
57.446842 -93.162224
57.418892 -93.129578
57.390831 -93.096901
57.362659 -93.064186
57.334377 -93.031441
57.305988 -92.998657
57.277489 -92.965843
57.248878 -92.932991
57.220158 -92.900108
57.191326 -92.867188
57.162384 -92.834236
57.133331 -92.801254
57.104168 -92.768234
57.074894 -92.735184
57.045509 -92.702095
57.016014 -92.668976
56.986412 -92.635818
56.956699 -92.602631
56.926876 -92.569405
56.896942 -92.536148
56.866898 -92.502853
56.836742 -92.469528
56.806477 -92.436172
56.776100 -92.402779
56.745613 -92.369354
56.715015 -92.335892
56.688908 -92.303688
56.662655 -92.271439
56.636253 -92.239143
56.609703 -92.206802
56.583008 -92.174416
56.556164 -92.141991
56.529175 -92.109520
56.502037 -92.077003
56.474751 -92.044441
56.447319 -92.011833
56.419739 -91.979187
56.392010 -91.946495
56.364136 -91.913757
56.336113 -91.880974
56.307941 -91.848145
56.279625 -91.815269
56.251160 -91.782356
56.222546 -91.749397
56.193787 -91.716393
56.164879 -91.683342
56.135826 -91.650246
56.106625 -91.617111
56.077274 -91.583931
56.047779 -91.550705
56.018135 -91.517433
55.988342 -91.484116
55.958405 -91.450752
55.928318 -91.417351
55.898083 -91.383904
55.867702 -91.350410
55.837173 -91.316872
55.806499 -91.283287
55.775677 -91.249664
55.744705 -91.215996
55.713589 -91.182281
55.682323 -91.148521
55.650909 -91.114716
55.619350 -91.080864
55.587643 -91.046974
55.555786 -91.013039
55.515388 -90.974220
55.474911 -90.935394
55.434353 -90.896568
55.393715 -90.857735
55.353001 -90.818893
55.312206 -90.780052
55.271332 -90.741203
55.230377 -90.702347
55.189342 -90.663483
55.148228 -90.624619
55.107033 -90.585747
55.065758 -90.546867
55.024403 -90.507988
54.982971 -90.469101
54.941460 -90.430206
54.899868 -90.391304
54.858196 -90.352402
54.816444 -90.313492
54.774612 -90.274574
54.732700 -90.235657
54.690708 -90.196732
54.648636 -90.157799
54.606483 -90.118866
54.564255 -90.079926
54.521946 -90.040977
54.479557 -90.002022
54.437088 -89.963066
54.394539 -89.924103
54.351910 -89.885132
54.309200 -89.846161
54.266411 -89.807182
54.223541 -89.768196
54.180595 -89.729202
54.137569 -89.690208
54.094463 -89.651207
54.051277 -89.612198
54.008011 -89.573189
53.964664 -89.534172
53.921238 -89.495148
53.877731 -89.456116
53.837830 -89.421425
53.797817 -89.386688
53.757694 -89.351913
53.717464 -89.317101
53.677124 -89.282242
53.636673 -89.247345
53.596115 -89.212410
53.555447 -89.177437
53.514668 -89.142418
53.473782 -89.107361
53.432785 -89.072266
53.391678 -89.037125
53.350464 -89.001945
53.309139 -88.966728
53.267704 -88.931465
53.226162 -88.896164
53.184509 -88.860825
53.142746 -88.825447
53.100876 -88.790024
53.058895 -88.754562
53.016804 -88.719063
52.974606 -88.683517
52.932297 -88.647934
52.889877 -88.612312
52.847351 -88.576653
52.804714 -88.540947
52.761967 -88.505203
52.719112 -88.469421
52.676147 -88.433594
52.633072 -88.397728
52.589886 -88.361824
52.546593 -88.325874
52.503189 -88.289886
52.459675 -88.253860
52.416054 -88.217796
52.372322 -88.181686
52.328480 -88.145538
52.284531 -88.109352
52.240471 -88.073120
52.196301 -88.036850
52.149170 -88.001144
52.101952 -87.965401
52.054649 -87.929611
52.007259 -87.893776
51.959782 -87.857895
51.912220 -87.821968
51.864571 -87.785995
51.816837 -87.749977
51.769016 -87.713913
51.721107 -87.677803
51.673115 -87.641647
51.625034 -87.605446
51.576866 -87.569199
51.528614 -87.532906
51.480274 -87.496567
51.431847 -87.460182
51.383335 -87.423752
51.334736 -87.387283
51.286049 -87.350769
51.237278 -87.314209
51.188419 -87.277603
51.139473 -87.240952
51.090443 -87.204254
51.041325 -87.167511
50.992119 -87.130722
50.942829 -87.093887
50.893452 -87.057007
50.843990 -87.020081
50.794441 -86.983109
50.744804 -86.946091
50.695084 -86.909027
50.645275 -86.871918
50.595379 -86.834763
50.545399 -86.797569
50.495331 -86.760330
50.445175 -86.723045
50.394936 -86.685715
50.344608 -86.648338
50.294193 -86.610916
50.243694 -86.573448
50.194447 -86.536949
50.145103 -86.500397
50.095661 -86.463791
50.046124 -86.427132
49.996487 -86.390419
49.946754 -86.353653
49.896923 -86.316833
49.846996 -86.279961
49.796970 -86.243034
49.746849 -86.206055
49.696629 -86.169022
49.646313 -86.131935
49.595898 -86.094795
49.545387 -86.057602
49.494778 -86.020355
49.444073 -85.983055
49.393269 -85.945702
49.342369 -85.908295
49.291370 -85.870834
49.240276 -85.833321
49.189087 -85.795753
49.137798 -85.758133
49.086414 -85.720459
49.034931 -85.682732
48.983353 -85.644951
48.931675 -85.607117
48.879902 -85.569229
48.828030 -85.531288
48.776062 -85.493294
48.723995 -85.455246
48.671833 -85.417145
48.619572 -85.378990
48.567215 -85.340782
48.514759 -85.302521
48.462208 -85.264206
48.409557 -85.225838
48.356812 -85.187416
48.303967 -85.148941
48.251026 -85.110413
48.197987 -85.071831
48.143921 -85.033020
48.089767 -84.994156
48.035522 -84.955238
47.981190 -84.916267
47.926765 -84.877251
47.872253 -84.838181
47.817650 -84.799057
47.762959 -84.759880
47.708176 -84.720650
47.653305 -84.681374
47.598343 -84.642044
47.543289 -84.602661
47.488148 -84.563225
47.432915 -84.523735
47.377594 -84.484192
47.322182 -84.444603
47.266682 -84.404961
47.211090 -84.365265
47.155411 -84.325516
47.099640 -84.285713
47.043781 -84.245857
46.987831 -84.205956
46.931793 -84.166000
46.875664 -84.125992
46.819447 -84.085930
46.763138 -84.045815
46.706741 -84.005646
46.650253 -83.965431
46.593678 -83.925163
46.537010 -83.884842
46.480255 -83.844467
46.423409 -83.804039
46.366474 -83.763557
46.309448 -83.723030
46.252335 -83.682449
46.195129 -83.641815
46.137836 -83.601128
46.080452 -83.560387
46.022980 -83.519592
45.965416 -83.478752
45.905876 -83.437843
45.846264 -83.396881
45.786575 -83.355873
45.726814 -83.314812
45.666977 -83.273697
45.607067 -83.232529
45.547081 -83.191307
45.487022 -83.150032
45.426888 -83.108711
45.366680 -83.067337
45.306396 -83.025909
45.246040 -82.984428
45.185608 -82.942894
45.125103 -82.901314
45.064522 -82.859680
45.003868 -82.817993
44.943138 -82.776253
44.882332 -82.734459
44.821453 -82.692619
44.760498 -82.650726
44.699471 -82.608780
44.638367 -82.566780
44.577190 -82.524727
44.515938 -82.482620
44.454613 -82.440468
44.393211 -82.398262
44.331738 -82.356003
44.270187 -82.313690
44.208565 -82.271324
44.146866 -82.228912
44.085094 -82.186447
44.023247 -82.143929
43.961327 -82.101357
43.899330 -82.058731
43.837257 -82.016052
43.775112 -81.973328
43.712891 -81.930550
43.650597 -81.887718
43.588226 -81.844833
43.525784 -81.801895
43.461777 -81.759392
43.397709 -81.716835
43.333576 -81.674217
43.269382 -81.631546
43.205128 -81.588821
43.140808 -81.546036
43.076427 -81.503197
43.011986 -81.460304
42.947479 -81.417351
42.882912 -81.374344
42.818279 -81.331284
42.753586 -81.288162
42.688831 -81.244987
42.624012 -81.201759
42.559132 -81.158470
42.494186 -81.115128
42.429180 -81.071732
42.364113 -81.028275
42.298981 -80.984764
42.233788 -80.941200
42.168533 -80.897575
42.103214 -80.853897
42.037834 -80.810165
41.972389 -80.766373
41.906883 -80.722527
41.841316 -80.678627
41.775684 -80.634666
41.709991 -80.590652
41.644234 -80.546585
41.578415 -80.502457
41.512535 -80.458275
41.446590 -80.414040
41.380585 -80.369743
41.314518 -80.325394
41.248386 -80.280991
41.182194 -80.236526
41.115936 -80.192009
41.049618 -80.147438
40.983238 -80.102814
40.916794 -80.058128
40.851242 -80.014267
40.785622 -79.970345
40.719929 -79.926361
40.654167 -79.882309
40.588337 -79.838196
40.522434 -79.794022
40.456463 -79.749786
40.390419 -79.705482
40.324306 -79.661118
40.258125 -79.616692
40.191872 -79.572205
40.125549 -79.527649
40.059155 -79.483032
39.992691 -79.438354
39.926159 -79.393616
39.859554 -79.348808
39.792881 -79.303940
39.726135 -79.259010
39.659321 -79.214020
39.592438 -79.168961
39.525482 -79.123840
39.458458 -79.078659
39.391361 -79.033417
39.324196 -78.988106
39.256962 -78.942734
39.189655 -78.897301
39.122280 -78.851807
39.054832 -78.806244
38.987316 -78.760620
38.919727 -78.714935
38.852070 -78.669189
38.784344 -78.623375
38.716545 -78.577499
38.648678 -78.531563
38.580738 -78.485565
38.512730 -78.439499
38.444653 -78.393372
38.376503 -78.347183
38.308285 -78.300926
38.239994 -78.254608
38.174423 -78.210449
38.108761 -78.166206
38.043007 -78.121887
37.977161 -78.077484
37.911221 -78.032997
37.845188 -77.988434
37.779064 -77.943787
37.712845 -77.899063
37.646534 -77.854256
37.580132 -77.809364
37.513634 -77.764397
37.447044 -77.719345
37.380363 -77.674217
37.313591 -77.629005
37.246723 -77.583710
37.179764 -77.538338
37.112713 -77.492882
37.045567 -77.447350
36.978329 -77.401733
36.910999 -77.356033
36.843575 -77.310257
36.776058 -77.264397
36.708450 -77.218460
36.640751 -77.172440
36.572956 -77.126335
36.505070 -77.080154
36.437092 -77.033890
36.369019 -76.987549
36.300854 -76.941124
36.232597 -76.894615
36.164246 -76.848030
36.095802 -76.801361
36.027267 -76.754616
35.958641 -76.707787
35.889919 -76.660873
35.821106 -76.613884
35.752201 -76.566811
35.683201 -76.519661
35.614109 -76.472427
35.544926 -76.425110
35.474335 -76.377304
35.403660 -76.329422
35.332905 -76.281464
35.262066 -76.233429
35.191147 -76.185310
35.120144 -76.137115
35.049061 -76.088844
34.977894 -76.040497
34.906647 -75.992073
34.835316 -75.943573
34.763905 -75.894989
34.692410 -75.846329
34.620834 -75.797592
34.549175 -75.748779
34.477436 -75.699890
34.405613 -75.650925
34.333710 -75.601875
34.261723 -75.552750
34.189651 -75.503548
34.117500 -75.454269
34.045265 -75.404915
33.972950 -75.355484
33.900551 -75.305969
33.828072 -75.256378
33.755508 -75.206711
33.682865 -75.156967
33.610138 -75.107147
33.537331 -75.057243
33.464439 -75.007263
33.391468 -74.957207
33.318413 -74.907074
33.245277 -74.856865
33.172058 -74.806580
33.098759 -74.756210
33.025375 -74.705765
32.951912 -74.655243
32.878365 -74.604645
32.804737 -74.553970
32.731026 -74.503220
32.657234 -74.452385
