-0.041637 0.023675
-0.107700 0.059800
-0.198187 0.108375
-0.313100 0.169400
-0.452437 0.242875
-0.616200 0.328800
-0.804387 0.427175
-1.017000 0.538000
-1.254037 0.661275
-1.515499 0.797000
-1.801387 0.945175
-2.111699 1.105800
-2.446436 1.278875
-2.805599 1.464400
-3.189186 1.662374
-3.597198 1.872799
-4.029636 2.095674
-4.486498 2.330999
-4.967786 2.578774
-5.473498 2.838999
-6.003636 3.111674
-6.558198 3.396799
-7.137185 3.694374
-7.740597 4.004398
-8.368435 4.326873
-9.020697 4.661798
-9.697384 5.009173
-10.398496 5.368999
-11.124033 5.741273
-11.873995 6.125998
-12.648382 6.523173
-13.447194 6.932798
-14.270432 7.354873
-15.118093 7.789398
-15.990180 8.236373
-16.886692 8.695798
-17.807629 9.167673
-18.752991 9.651999
-19.722778 10.148773
-20.716990 10.657998
-21.734652 11.180723
-22.776089 11.716599
-23.841301 12.265623
-24.930288 12.827798
-26.043051 13.403123
-27.179588 13.991598
-28.339901 14.593223
-29.523987 15.207997
-30.731848 15.835922
-31.963484 16.476997
-33.218895 17.131222
-34.498081 17.798597
-35.801044 18.479122
-37.127781 19.172796
-38.478294 19.879622
-39.852581 20.599596
-41.250641 21.332720
-42.672478 22.078995
-44.118088 22.838419
-45.587475 23.610994
-47.080635 24.396719
-48.597572 25.195593
-50.138283 26.007618
-51.702770 26.832792
-53.291031 27.671116
-54.903069 28.522591
-56.538879 29.387215
-58.198467 30.264990
-59.881828 31.155914
-61.588966 32.059990
-63.319878 32.977215
-65.074562 33.907589
-66.853020 34.851112
-68.655258 35.807785
-70.481270 36.777611
-72.331055 37.760586
-74.204613 38.756710
-76.101952 39.765984
-78.023064 40.788406
-79.967949 41.823982
-81.932938 42.876270
-83.919250 43.944080
-85.926888 45.027416
-87.955849 46.126278
-90.006134 47.240665
-92.077744 48.370579
-94.170677 49.516014
-96.284935 50.676975
-98.420517 51.853462
-100.577431 53.045475
-102.755669 54.253010
-104.955231 55.476070
-107.176117 56.714657
-109.418327 57.968769
-111.681862 59.238407
-113.966721 60.523567
-116.272903 61.824253
-118.600410 63.140465
-120.949242 64.472198
-123.319397 65.819458
-125.710884 67.182243
-128.123688 68.560555
-130.557816 69.954391
-133.013275 71.363754
-135.490051 72.788643
-137.988159 74.229057
-140.507599 75.684990
-143.048355 77.156448
-145.610443 78.643433
-148.193848 80.145943
-150.798584 81.663979
-153.424637 83.197540
-156.072021 84.746628
-158.740723 86.311241
-161.430756 87.891380
-164.142105 89.487045
-166.874786 91.098228
-169.628799 92.724937
-172.404129 94.367172
-175.200790 96.024933
-178.006134 97.662331
-180.824371 99.291328
-183.655518 100.911926
-186.499557 102.524124
-189.356506 104.127922
-192.226349 105.723320
-195.109100 107.310318
-198.004745 108.888916
-200.913284 110.459114
-203.834732 112.020912
-206.769073 113.574310
-209.716324 115.119308
-212.676468 116.655907
-215.649521 118.184105
-218.635468 119.703903
-221.634308 121.215302
-224.646057 122.718300
-227.670700 124.212898
-230.708252 125.699097
-233.758698 127.176895
-236.822037 128.646301
-239.898285 130.107300
-242.987427 131.559906
-246.089478 133.004105
-249.204422 134.439911
-252.332275 135.867310
-255.473022 137.286316
-258.626678 138.696915
-261.793213 140.099121
-264.972656 141.492920
-268.165009 142.878326
-271.370270 144.255325
-274.588409 145.623932
-277.819458 146.984131
-281.063416 148.335938
-284.320251 149.679337
-287.589996 151.014343
-290.872650 152.340942
-294.168213 153.659149
-297.476654 154.968948
-300.782501 156.256805
-304.090942 157.527237
-307.401947 158.780243
-310.715546 160.015823
-314.031708 161.233994
-317.350433 162.434738
-320.671753 163.618057
-323.995636 164.783951
-327.322083 165.932419
-330.651123 167.063461
-333.982727 168.177078
-337.316925 169.273270
-340.653687 170.352036
-343.993011 171.413376
-347.334930 172.457291
-350.679413 173.483780
-354.026459 174.492844
-357.376099 175.484482
-360.728302 176.458694
-364.083099 177.415482
-367.440460 178.354843
-370.800385 179.276779
-374.162903 180.181290
-377.527985 181.068375
-380.895630 181.938034
-384.265869 182.790268
-387.638672 183.625076
-391.014069 184.442459
-394.392029 185.242416
-397.772552 186.024948
-401.155670 186.790054
-404.541351 187.537750
-407.929596 188.268021
-411.320435 188.980865
-414.713837 189.676285
-418.109833 190.354279
-421.508392 191.014847
-424.909515 191.657990
-428.313232 192.283707
-431.719513 192.891998
-435.118134 193.531204
-438.512512 194.185211
-441.902618 194.854019
-445.288483 195.537613
-448.670105 196.236008
-452.047485 196.949203
-455.420593 197.677200
-458.789459 198.419998
-462.154083 199.177597
-465.514465 199.949997
-468.870575 200.737198
-472.222443 201.539200
-475.570068 202.356003
-478.913452 203.187607
-482.252563 204.034012
-485.587433 204.895218
-488.918060 205.771225
-492.244415 206.662033
-495.566528 207.567627
-498.884399 208.488022
-502.198029 209.423218
-505.507385 210.373215
-508.812500 211.338013
-512.113342 212.317612
-515.409973 213.312012
-518.702332 214.321213
-521.990479 215.345215
-525.274353 216.384018
-528.553955 217.437622
-531.829346 218.506027
-535.100464 219.589233
-538.367310 220.687241
-541.629944 221.800049
-544.888306 222.927643
-548.142395 224.070038
-551.392273 225.227234
-554.637878 226.399231
-557.879272 227.586029
-561.116394 228.787628
-564.349243 230.004028
-567.556396 231.235794
-570.744934 232.482727
-573.914917 233.744843
-577.066345 235.022125
-580.199158 236.314590
-583.313416 237.622223
-586.409119 238.945038
-589.486206 240.283020
-592.544739 241.636185
-595.584717 243.004517
-598.606079 244.388031
-601.608887 245.786713
-604.593140 247.200577
-607.558777 248.629608
-610.505859 250.073822
-613.434387 251.533203
-616.344299 253.007767
-619.235657 254.497498
-622.108459 256.002411
-624.962646 257.522491
-627.798279 259.057739
-630.615356 260.608185
-633.413818 262.173798
-636.193726 263.754578
-638.955078 265.350555
-641.697815 266.961700
-644.421997 268.588013
-647.127625 270.229492
-649.814636 271.886169
-652.483093 273.558014
-655.132996 275.245026
-657.764282 276.947205
-660.377014 278.664581
-662.971191 280.397125
-665.546753 282.144836
-668.103760 283.907715
-670.642212 285.685791
-673.162048 287.479034
-675.663330 289.287445
-678.146057 291.111023
-680.625305 292.970825
-683.096069 294.859833
-685.558289 296.778046
-688.012024 298.725433
-690.457275 300.702026
-692.894043 302.707825
-695.322266 304.742828
-697.742004 306.807037
-700.153259 308.900452
-702.556030 311.023041
-704.950256 313.174835
-707.335999 315.355835
-709.713257 317.566040
-712.082031 319.805450
-714.442261 322.074036
-716.794006 324.371826
-719.137268 326.698822
-721.471985 329.055023
-723.798218 331.440430
-726.115967 333.855042
-728.425232 336.298828
-730.725952 338.771820
-733.018188 341.274017
-735.301941 343.805420
-737.577209 346.366028
-739.843933 348.955841
-742.102173 351.574829
-744.351929 354.223022
-746.593201 356.900421
-748.825928 359.607025
-751.050171 362.342834
-753.265930 365.107849
-755.473145 367.902039
-757.671875 370.725433
-759.862122 373.578033
-762.043884 376.459839
-764.217102 379.370850
-766.381836 382.311066
-768.538086 385.280457
-770.685852 388.279053
-772.817566 391.319580
-774.935730 394.397766
-777.040405 397.513641
-779.131531 400.667175
-781.209106 403.858398
-783.273193 407.087280
-785.323730 410.353851
-787.360779 413.658081
-789.384277 417.000000
-791.394226 420.379578
-793.390686 423.796844
-795.373596 427.251770
-797.343018 430.744385
-799.298889 434.274658
-801.241272 437.842621
-803.170105 441.448273
-805.085388 445.091583
-806.987183 448.772583
-808.875427 452.491241
-810.750183 456.247589
-812.611389 460.041595
-814.459045 463.873291
-816.293213 467.742645
-818.113831 471.649689
-819.920959 475.594391
-821.714539 479.576782
-823.494568 483.596832
-825.261108 487.654572
-827.014099 491.749969
-828.753601 495.883057
-830.479553 500.053833
-832.191956 504.262268
-833.890869 508.508392
-835.576233 512.792175
-837.248108 517.113647
-838.906433 521.472778
-840.551208 525.869568
-842.182495 530.304077
-843.800232 534.776245
-845.404480 539.286072
-846.985107 543.788635
-848.545532 548.298950
-850.085754 552.817017
-851.605713 557.342773
-853.105469 561.876282
-854.585022 566.417480
-856.044312 570.966431
-857.483398 575.523071
-858.902222 580.087463
-860.300842 584.659607
-861.679260 589.239441
-863.037415 593.827026
-864.375366 598.422302
-865.693115 603.025330
-866.990601 607.636047
-868.267883 612.254517
-869.524963 616.880737
-870.761780 621.514648
-871.978394 626.156311
-873.174744 630.805664
-874.350891 635.462769
-875.506836 640.127563
-876.642517 644.800110
-877.757996 649.480347
-878.853271 654.168335
-879.928284 658.864075
-880.983093 663.567505
-882.017700 668.278687
-883.032043 672.997559
-884.026184 677.724182
-885.000061 682.458496
-885.953735 687.200562
-886.887207 691.950378
-887.800415 696.707886
-888.693420 701.473145
-889.566223 706.246094
-890.418762 711.026794
-891.251099 715.815186
-892.063171 720.611328
-892.855042 725.415222
-893.656921 730.216736
-894.458740 735.019226
-895.260437 739.822754
-896.062073 744.627258
-896.863647 749.432739
-897.665161 754.239258
-898.466614 759.046753
-899.267944 763.855286
-900.069214 768.664795
-900.870422 773.475281
-901.671570 778.286804
-902.472595 783.099304
-903.273560 787.912842
-904.074463 792.727356
-904.875305 797.542847
-905.676086 802.359375
-906.476746 807.176880
-907.277344 811.995361
-908.077881 816.814880
-908.878357 821.635376
-909.678711 826.456909
-910.479004 831.279419
-911.279236 836.102905
-912.079407 840.927429
-912.879456 845.752930
-913.679443 850.579407
-914.479370 855.406921
-915.279236 860.235413
-916.079041 865.064941
-916.878723 869.895447
-917.678345 874.726929
-918.477905 879.559448
-919.277405 884.392944
-920.076782 889.227478
-920.876099 894.062988
-921.675354 898.899475
-922.474548 903.737000
-923.273621 908.575500
-924.072632 913.414978
-924.871582 918.255493
-925.675232 923.123047
-926.482056 928.008911
-927.291992 932.913147
-928.105042 937.835754
-928.921204 942.776672
-929.740479 947.735962
-930.562927 952.713623
-931.388489 957.709595
-932.217163 962.723938
-933.048950 967.756592
-933.883850 972.807617
-934.721924 977.877014
-935.563110 982.964722
-936.407410 988.070801
-937.254822 993.195251
-938.105347 998.338013
-938.959045 1003.499146
-939.815857 1008.678650
-940.675781 1013.876465
-941.538818 1019.092651
-942.404968 1024.327148
-943.274292 1029.580078
-944.146729 1034.851318
-945.022278 1040.140869
-945.900940 1045.448853
-946.782715 1050.775146
-947.667664 1056.119751
-948.555725 1061.482788
-949.446899 1066.864136
-950.341187 1072.263794
-951.238586 1077.681885
-952.139160 1083.118286
-953.042847 1088.572998
-953.949646 1094.046143
-954.859558 1099.537598
-955.772583 1105.047363
-956.688782 1110.575439
-957.608093 1116.121948
-958.530518 1121.686768
-959.456055 1127.269897
-960.353333 1132.856567
-961.232788 1138.451660
-962.094482 1144.055298
-962.938354 1149.667358
-963.764465 1155.287842
-964.572754 1160.916748
-965.363220 1166.554077
-966.135925 1172.199951
-966.890808 1177.854248
-967.627869 1183.516968
-968.347168 1189.188110
-969.048645 1194.867798
-969.732361 1200.555908
-970.398254 1206.252441
-971.046326 1211.957397
-971.676636 1217.670776
-972.289124 1223.392700
-972.883789 1229.123047
-973.460693 1234.861816
-974.019775 1240.609009
-974.561035 1246.364746
-975.084534 1252.128906
-975.590210 1257.901489
-976.078125 1263.682495
-976.548218 1269.471924
-977.000488 1275.269897
-977.434998 1281.076294
-977.851685 1286.891113
-978.250549 1292.714355
-978.631653 1298.546143
-978.994934 1304.386353
-979.340393 1310.234985
-979.668091 1316.092041
-979.977966 1321.957520
-980.270081 1327.831543
-980.544373 1333.713989
-980.800842 1339.604858
-981.039551 1345.504150
-981.260437 1351.411987
-981.463501 1357.328247
-981.657532 1363.232788
-981.839661 1369.132324
-982.009827 1375.026855
-982.168030 1380.916382
-982.314270 1386.800903
-982.448608 1392.680420
-982.570984 1398.554932
-982.681396 1404.424438
-982.779846 1410.288940
-982.866333 1416.148438
-982.940918 1422.002930
-983.003540 1427.852417
-983.054199 1433.696899
-983.092896 1439.536377
-983.119629 1445.370850
-983.134460 1451.200317
-983.137329 1457.024780
-983.128235 1462.844238
-983.107178 1468.658691
-983.074158 1474.468262
-983.029236 1480.272827
-982.972351 1486.072388
-982.903503 1491.866943
-982.822693 1497.656494
-982.729980 1503.441040
-982.625305 1509.220581
-982.508667 1514.995117
-982.380066 1520.764648
-982.239502 1526.529175
-982.087036 1532.288696
-981.922607 1538.043213
-981.746216 1543.792725
-981.557861 1549.537231
-981.357544 1555.276733
-981.145325 1561.011230
-980.921143 1566.740723
-980.684998 1572.465210
-980.436890 1578.184692
-980.176819 1583.899170
-979.904846 1589.608643
-979.635315 1595.328369
-979.363403 1601.053223
-979.089172 1606.783203
-978.812561 1612.518433
-978.533630 1618.258789
-978.252319 1624.004272
-977.968689 1629.754883
-977.682678 1635.510620
-977.394348 1641.271606
-977.103638 1647.037720
-976.810608 1652.808960
-976.515198 1658.585327
-976.217468 1664.366821
-975.917358 1670.153442
-975.614929 1675.945312
-975.310120 1681.742310
-975.002991 1687.544434
-974.693481 1693.351685
-974.381653 1699.164062
-974.067444 1704.981689
-973.750916 1710.804443
-973.432007 1716.632324
-973.110779 1722.465332
-972.787170 1728.303467
-972.461243 1734.146851
-972.132935 1739.995361
-971.802307 1745.848999
-971.469299 1751.707764
-971.133972 1757.571655
-970.796265 1763.440674
-970.456238 1769.314941
-970.113831 1775.194336
-969.769104 1781.078857
-969.421997 1786.968506
-969.072571 1792.863281
-968.720764 1798.763306
-968.366638 1804.668457
-968.010132 1810.578735
-967.651306 1816.494141
-967.290100 1822.414673
-966.906433 1828.318481
-966.506958 1834.212891
-966.091736 1840.097778
-965.660706 1845.973267
-965.213928 1851.839233
-964.751404 1857.695801
-964.273071 1863.542969
-963.778992 1869.380615
-963.269104 1875.208862
-962.743469 1881.027588
-962.202026 1886.836914
-961.644836 1892.636841
-961.071838 1898.427246
-960.483093 1904.208252
-959.878540 1909.979736
-959.258240 1915.741821
-958.622192 1921.494507
-957.970337 1927.237671
-957.302734 1932.971436
-956.619324 1938.695679
-955.920166 1944.410522
-955.205200 1950.115845
-954.474487 1955.811768
-953.727966 1961.498291
-952.965698 1967.175293
-952.187622 1972.842896
-951.393799 1978.500977
-950.584167 1984.149658
-949.758789 1989.788940
-948.917664 1995.418701
-948.060730 2001.039062
-947.188049 2006.649902
-946.299561 2012.251343
-945.395325 2017.843262
-944.475281 2023.425781
-943.539490 2028.998901
-942.587891 2034.562500
-941.620544 2040.116699
-940.637390 2045.661377
-939.638489 2051.196533
-938.630432 2056.687012
-937.611023 2062.144531
-936.580261 2067.569092
-935.538147 2072.960693
-934.484680 2078.319336
-933.419861 2083.645020
-932.343750 2088.937744
-931.256287 2094.197510
-930.157471 2099.424316
-929.047302 2104.618164
-927.925781 2109.779053
-926.792908 2114.906982
-925.648682 2120.001709
-924.493103 2125.063477
-923.326172 2130.092285
-922.147888 2135.088135
-920.958252 2140.051025
-919.757263 2144.980957
-918.544922 2149.877930
-917.321228 2154.741943
-916.086182 2159.572998
-914.839783 2164.371094
-913.582031 2169.136230
-912.312927 2173.868408
-911.032471 2178.567627
-909.740662 2183.233887
-908.437500 2187.867188
-907.122986 2192.467285
-905.797119 2197.034424
-904.459900 2201.568604
-903.111389 2206.069824
-901.751526 2210.538086
-900.380310 2214.973389
-898.997742 2219.375732
-897.603821 2223.745117
-896.198547 2228.081543
-894.781921 2232.385010
-893.353943 2236.655518
-891.914612 2240.893066
-890.463928 2245.097656
-889.015381 2249.317383
-887.564514 2253.536133
-886.111267 2257.753906
-884.655701 2261.970703
-883.197754 2266.186523
-881.737488 2270.401611
-880.274841 2274.615723
-878.809875 2278.828857
-877.342529 2283.041016
-875.872864 2287.252197
-874.400818 2291.462646
-872.926453 2295.672119
-871.449707 2299.880615
-869.970642 2304.088135
-868.489197 2308.294678
-867.005432 2312.500488
-865.519287 2316.705322
-864.030823 2320.909180
-862.539978 2325.112061
-861.046814 2329.314209
-859.551270 2333.515381
-858.053406 2337.715576
-856.553162 2341.914795
-855.050598 2346.113037
-853.545654 2350.310547
-852.038391 2354.507080
-850.528748 2358.702637
-849.016785 2362.897217
-847.502441 2367.090820
-845.985779 2371.283691
-844.466736 2375.475586
-842.945374 2379.666504
-841.421631 2383.856445
-839.895569 2388.045410
-838.367126 2392.233643
-836.836365 2396.420898
-835.303223 2400.607178
-833.767761 2404.792480
-832.229919 2408.977051
-830.689758 2413.160645
-829.122559 2417.337402
-827.536621 2421.509277
-825.931885 2425.676270
-824.308411 2429.838623
-822.666138 2433.996094
-821.005066 2438.148682
-819.325256 2442.296387
-817.626648 2446.439453
-815.909241 2450.577637
-814.173096 2454.710938
-812.418152 2458.839355
-810.644470 2462.963135
-808.851990 2467.082031
-807.040710 2471.196045
-805.210693 2475.305176
-803.361877 2479.409668
-801.494324 2483.509277
-799.607971 2487.604004
-797.702820 2491.693848
-795.778931 2495.778809
-793.836243 2499.859131
-791.874817 2503.934570
-789.894592 2508.005127
-787.895569 2512.070801
-785.877808 2516.131836
-783.841248 2520.187988
-781.785950 2524.239258
-779.711853 2528.285645
-777.618958 2532.327393
-775.507324 2536.364258
-773.376892 2540.396240
-771.227661 2544.423340
-769.059692 2548.445801
-766.872925 2552.463379
-764.667419 2556.476074
-762.443115 2560.483887
-760.200012 2564.486816
-757.938171 2568.485107
-755.657532 2572.478516
-753.358154 2576.467041
-751.056335 2580.453857
-748.746704 2584.437988
-746.429199 2588.419434
-744.103882 2592.397949
-741.770691 2596.373779
-739.429626 2600.346924
-737.080750 2604.317383
-734.723999 2608.284912
-732.359436 2612.249756
-729.987000 2616.211914
-727.606689 2620.171387
-725.218567 2624.127930
-722.822571 2628.081787
-720.418762 2632.032959
-718.007080 2635.981201
-715.587524 2639.926758
-713.160156 2643.869629
-710.724915 2647.809814
-708.281799 2651.747070
-705.830872 2655.681641
-703.372070 2659.613525
-700.905457 2663.542725
-698.430969 2667.468994
-695.948608 2671.392578
-693.458435 2675.313477
-690.960388 2679.231689
-688.454529 2683.146973
-685.940796 2687.059570
-683.419189 2690.969482
-680.889771 2694.876709
-678.352478 2698.781006
-675.807312 2702.682617
-673.254333 2706.581543
-670.693481 2710.477539
-668.124817 2714.370850
-665.548279 2718.261475
-662.963867 2722.149414
-660.371643 2726.034424
-657.771545 2729.916748
-655.163635 2733.796387
-652.523376 2737.690674
-649.858948 2741.593994
-647.170349 2745.506104
-644.457520 2749.427246
-641.720520 2753.357178
-638.959351 2757.295898
-636.174011 2761.243652
-633.364502 2765.200195
-630.530823 2769.165771
-627.672974 2773.140137
-624.790955 2777.123535
-621.884766 2781.115723
-618.954407 2785.116943
-615.999878 2789.126953
-613.021179 2793.145996
-610.018311 2797.173828
-606.991211 2801.210449
-603.939941 2805.256104
-600.864502 2809.310547
-597.764893 2813.374023
-594.641113 2817.446289
-591.493164 2821.527588
-588.321045 2825.617676
-585.124756 2829.716797
-581.904297 2833.824707
-578.659668 2837.941650
-575.390869 2842.067383
-572.097900 2846.201904
-568.780701 2850.345459
-565.439331 2854.497803
-562.073792 2858.659180
-558.684082 2862.829346
-555.270203 2867.008545
-551.832153 2871.196533
-548.369934 2875.393555
-544.883545 2879.599365
-541.372986 2883.814209
-537.838257 2888.037842
-534.279358 2892.270508
-530.696289 2896.511963
-527.103027 2900.762695
-523.494934 2905.022705
-519.872009 2909.291992
-516.234314 2913.570312
-512.581787 2917.857910
-508.914429 2922.154785
-505.232239 2926.460693
-501.535217 2930.775879
-497.823364 2935.100342
-494.096680 2939.433838
-490.355194 2943.776611
-486.598877 2948.128662
-482.827728 2952.489746
-479.041748 2956.860107
-475.240936 2961.239746
-471.425323 2965.628662
-467.594879 2970.026611
-463.749603 2974.433838
-459.889496 2978.850342
-456.014557 2983.275879
-452.124817 2987.710693
-448.220245 2992.154785
-444.300842 2996.607910
-440.366608 3001.070312
-436.417572 3005.541992
-432.453705 3010.022705
-428.475006 3014.512695
-424.481476 3019.011963
-420.473114 3023.520264
-416.449951 3028.037842
-412.411957 3032.564697
-408.359131 3037.100586
-404.291473 3041.645752
-400.208984 3046.200195
-396.111694 3050.763672
-391.999573 3055.336426
-387.872620 3059.918457
-383.730835 3064.509766
-379.574249 3069.110107
-375.402832 3073.719727
-371.237244 3078.340332
-367.070618 3082.971436
-362.902924 3087.613037
-358.734192 3092.265137
-354.564392 3096.927734
-350.393555 3101.600830
-346.221680 3106.284424
-342.048737 3110.978516
-337.874756 3115.683105
-333.699707 3120.398193
-329.523621 3125.123535
-325.346497 3129.859375
-321.168304 3134.605713
-316.989075 3139.362549
-312.808777 3144.129883
-308.627441 3148.907715
-304.445068 3153.696045
-300.261627 3158.494873
-296.077148 3163.304199
-291.891602 3168.124023
-287.705017 3172.954346
-283.517395 3177.794922
-279.328705 3182.645996
-275.138977 3187.507568
-270.948181 3192.379639
-266.756348 3197.262207
-262.563477 3202.155273
-258.369537 3207.058838
-254.174545 3211.972900
-249.978516 3216.897461
-245.781433 3221.832520
-241.583298 3226.778076
-237.384109 3231.733887
-233.183868 3236.700195
-228.982590 3241.677002
-224.780258 3246.664307
-220.576874 3251.662109
-216.372437 3256.670410
-212.166946 3261.689209
-207.960419 3266.718506
-203.744507 3271.750488
-199.522003 3276.787842
-195.292892 3281.830566
-191.057190 3286.878662
-186.814880 3291.932129
-182.565964 3296.990967
-178.310455 3302.055176
-174.048340 3307.124756
-169.779633 3312.199707
-165.504318 3317.279785
-161.222412 3322.365234
-156.933899 3327.456055
-152.638794 3332.552246
-148.337082 3337.653809
-144.028778 3342.760742
-139.713867 3347.873047
-135.392365 3352.990723
-131.064255 3358.113770
-126.729546 3363.242188
-122.388237 3368.375977
-118.040329 3373.514893
-113.685822 3378.659180
-109.324715 3383.808838
-104.957008 3388.963867
-100.582703 3394.124268
-96.201797 3399.290039
-91.814293 3404.461182
-87.420181 3409.637695
-83.019470 3414.819580
-78.612160 3420.006836
-74.198250 3425.199463
-69.777740 3430.397461
-65.350632 3435.600586
-60.916924 3440.809082
-56.476616 3446.022949
-52.029709 3451.242188
-47.576202 3456.466797
-43.116096 3461.696777
-38.649391 3466.932129
-34.176086 3472.172852
-29.709492 3477.404053
-25.245173 3482.630859
-20.783129 3487.853271
-16.323360 3493.071045
-11.865866 3498.284424
-7.410646 3503.493408
-2.957702 3508.697754
1.492967 3513.897705
5.941361 3519.093262
10.387481 3524.284180
14.831326 3529.470703
19.272896 3534.652832
23.712191 3539.830322
28.149210 3545.003418
32.583954 3550.172119
37.016422 3555.336182
41.446617 3560.495850
45.874535 3565.651123
50.300179 3570.801758
54.723549 3575.947998
59.144642 3581.089844
63.563461 3586.227051
67.980003 3591.359863
72.394272 3596.488281
76.806267 3601.612061
81.215988 3606.731445
85.623436 3611.846436
90.028603 3616.956787
94.431496 3622.062744
98.832115 3627.164307
103.230461 3632.261230
107.626534 3637.353760
112.020325 3642.441895
116.411842 3647.525391
120.801086 3652.604492
125.188057 3657.679199
129.572754 3662.749512
133.955170 3667.815186
138.335312 3672.876465
142.713181 3677.933350
147.077072 3682.963135
151.430893 3687.973389
155.774643 3692.964111
160.108307 3697.935303
164.431900 3702.886963
168.745422 3707.819092
173.048859 3712.731689
177.342224 3717.624756
181.625519 3722.498291
185.898743 3727.352295
190.161880 3732.186768
194.414948 3737.001709
198.657944 3741.797119
202.890869 3746.572998
207.113708 3751.329346
211.326477 3756.066162
215.529175 3760.783447
219.721786 3765.481201
223.904327 3770.159424
228.076797 3774.818115
232.239197 3779.457275
236.391510 3784.076904
240.533752 3788.677002
244.665924 3793.257568
248.788010 3797.818604
252.900024 3802.360107
257.001953 3806.882080
261.093811 3811.384521
265.175598 3815.867432
269.247314 3820.330811
273.308960 3824.774658
277.360535 3829.199219
281.402039 3833.604248
285.433441 3837.989746
289.454773 3842.355713
293.466034 3846.702148
297.467224 3851.029053
301.458344 3855.336426
305.439392 3859.624268
309.410370 3863.892578
313.381073 3868.171143
317.348267 3872.450195
321.311920 3876.729736
325.272064 3881.009766
329.228668 3885.290283
333.181763 3889.571289
337.131317 3893.852783
341.077362 3898.134521
345.019867 3902.416748
348.958862 3906.699463
352.894318 3910.982666
356.826263 3915.266357
360.754669 3919.550537
364.679565 3923.834961
368.600922 3928.119873
372.518768 3932.405273
376.433075 3936.691162
380.343872 3940.977539
384.251129 3945.264404
388.154877 3949.551514
392.055084 3953.839111
395.951782 3958.127197
399.844940 3962.415771
403.734589 3966.704834
407.620697 3970.994385
411.503296 3975.284424
415.382355 3979.574707
419.257904 3983.865479
423.129913 3988.156738
426.998413 3992.448486
430.863373 3996.740723
434.724823 4001.033447
438.582733 4005.326416
442.437134 4009.619873
446.287994 4013.913818
450.135345 4018.208252
453.979156 4022.503174
457.819458 4026.798584
461.656219 4031.094482
465.489471 4035.390625
469.353119 4039.683838
473.235870 4043.975342
477.137726 4048.265137
481.058685 4052.552979
484.998749 4056.839111
488.957886 4061.123535
492.936127 4065.406006
496.933472 4069.686768
500.949921 4073.965576
504.985474 4078.242676
509.040131 4082.518066
513.113892 4086.791504
517.206726 4091.063232
521.318665 4095.333252
525.449707 4099.601562
529.599854 4103.867676
533.769104 4108.132324
537.957458 4112.395020
542.164917 4116.655762
546.391479 4120.915039
550.637146 4125.172363
554.901917 4129.427734
559.185791 4133.681641
563.488770 4137.933594
567.810852 4142.183594
572.151978 4146.432129
576.512207 4150.678711
580.891541 4154.923340
585.289978 4159.166016
589.707520 4163.407227
594.144165 4167.646484
598.599915 4171.883789
603.074768 4176.119629
607.568726 4180.353516
612.081787 4184.585449
616.613953 4188.815918
621.165222 4193.044434
625.735596 4197.270996
630.325073 4201.496094
634.933655 4205.719238
639.569702 4209.936035
644.230469 4214.147949
648.915955 4218.355469
653.626099 4222.558105
658.360962 4226.755859
663.120544 4230.948730
667.904785 4235.136719
672.713745 4239.320312
677.547424 4243.499023
682.405762 4247.672852
687.288818 4251.841797
692.196594 4256.006348
697.129028 4260.166016
702.086182 4264.320801
707.068054 4268.470703
712.074585 4272.615723
717.105835 4276.756348
722.161804 4280.892090
727.242493 4285.022949
732.347839 4289.148926
737.477905 4293.270508
742.632690 4297.387207
747.812134 4301.499023
753.016296 4305.605957
758.245178 4309.708008
763.498718 4313.805664
768.776978 4317.898438
774.079956 4321.986328
779.407593 4326.069336
784.759949 4330.147461
790.137024 4334.221191
795.538757 4338.290039
800.965210 4342.354004
806.416382 4346.413086
811.892273 4350.467773
817.392822 4354.517578
822.918091 4358.562500
828.468079 4362.602539
834.042725 4366.637695
839.642090 4370.668457
845.244263 4374.724609
850.856506 4378.795898
856.478882 4382.882812
862.111328 4386.985352
867.753906 4391.103027
873.406555 4395.236328
879.069336 4399.384766
884.742188 4403.548828
890.425171 4407.728027
896.118225 4411.922852
901.821411 4416.132812
907.534668 4420.358398
913.258057 4424.599121
918.991516 4428.855469
924.735107 4433.126953
930.488770 4437.414062
936.252502 4441.716797
942.026367 4446.034668
947.810303 4450.368164
953.604370 4454.716797
959.408508 4459.081055
965.222778 4463.460449
971.047119 4467.855469
976.881592 4472.265625
982.726135 4476.691406
988.580811 4481.132324
994.445557 4485.588867
1000.320435 4490.060547
1006.205383 4494.547852
1012.100464 4499.050781
1018.005615 4503.568848
1023.920898 4508.102539
1029.846313 4512.651367
1035.781738 4517.215820
1041.727295 4521.795410
1047.682983 4526.390625
1053.648804 4531.000977
1059.624634 4535.626953
1065.610596 4540.268066
1071.606689 4544.924805
1077.606934 4549.568359
1083.613281 4554.208496
1089.625732 4558.845215
1095.644287 4563.478516
1101.668945 4568.108398
1107.699707 4572.734863
1113.736694 4577.357910
1119.779785 4581.977539
1125.828979 4586.593750
1131.884277 4591.206055
1137.945679 4595.814941
1144.013306 4600.420410
1150.087036 4605.022461
1156.166870 4609.621094
1162.252808 4614.216309
1168.344849 4618.808105
1174.442993 4623.396484
1180.547363 4627.980957
1186.657837 4632.562012
1192.774414 4637.139648
1198.897095 4641.713867
1205.025879 4646.284668
1211.160767 4650.852051
1217.301880 4655.416016
1223.449097 4659.976562
1229.602417 4664.533691
1235.761841 4669.086914
1241.927368 4673.636719
1248.099121 4678.183105
1254.276978 4682.726074
1260.460938 4687.265625
1266.651001 4691.801758
1272.847168 4696.334473
1279.049438 4700.863770
1285.257935 4705.389160
1291.472534 4709.911133
1297.693237 4714.429688
1303.920044 4718.944824
1310.152954 4723.456543
1316.391968 4727.964844
1322.632935 4732.441895
1328.877197 4736.896973
1335.124756 4741.330566
1341.375610 4745.742188
1347.629761 4750.131836
1353.887207 4754.499512
1360.147949 4758.845215
1366.411987 4763.169434
1372.679321 4767.471680
1378.949951 4771.751953
1385.223877 4776.010254
1391.501099 4780.246582
1397.781616 4784.461426
1404.065430 4788.654297
1410.352539 4792.825195
1416.642944 4796.974121
1422.936768 4801.101074
1429.233887 4805.206543
1435.534302 4809.290039
1441.838013 4813.351562
1448.145020 4817.391113
1454.455322 4821.408691
1460.768921 4825.404785
1467.085815 4829.378906
1473.406006 4833.331055
1479.729492 4837.261230
1486.056274 4841.169434
1492.386353 4845.056152
1498.719727 4848.920898
1505.056396 4852.763672
1511.396362 4856.584473
1517.739624 4860.383301
1524.086182 4864.160645
1530.436035 4867.916016
1536.789185 4871.649414
1543.145630 4875.360840
1549.505371 4879.050293
1555.868408 4882.718262
1562.234741 4886.364258
1568.604370 4889.988281
1574.961548 4893.592285
1581.311523 4897.175293
1587.654297 4900.737793
1593.989746 4904.279297
1600.317993 4907.800293
1606.639038 4911.300293
1612.952881 4914.779785
1619.259521 4918.238281
1625.558960 4921.676270
1631.851074 4925.093262
1638.135986 4928.489746
1644.413696 4931.865234
1650.684204 4935.220215
1656.947510 4938.554199
1663.203491 4941.867676
1669.452271 4945.160156
1675.693848 4948.432129
1681.928223 4951.683105
1688.155396 4954.913574
1694.375244 4958.123047
1700.587891 4961.312012
1706.793335 4964.479980
1712.991577 4967.627441
1719.182617 4970.753906
1725.366455 4973.859863
1731.542969 4976.944824
1737.712280 4980.009277
1743.874390 4983.052734
1750.029297 4986.075684
1756.177002 4989.077637
1762.317383 4992.059082
1768.450562 4995.019531
1774.576538 4997.959473
1780.695312 5000.878418
1786.806885 5003.776855
1792.911133 5006.654297
1799.008179 5009.511230
1805.098022 5012.347168
1811.180664 5015.162598
1817.256104 5017.957031
1823.328125 5020.707520
1829.395386 5023.421875
1835.458008 5026.100098
1841.515869 5028.742188
1847.569092 5031.347656
1853.617554 5033.916992
1859.661377 5036.450195
1865.700439 5038.947266
1871.734863 5041.407715
1877.764526 5043.832031
1883.789551 5046.220215
1889.809814 5048.572266
1895.825317 5050.887695
1901.836182 5053.166992
1907.842285 5055.410156
1913.843750 5057.617188
1919.840454 5059.787598
1925.832520 5061.921875
1931.819824 5064.020020
1937.802490 5066.082031
1943.780396 5068.107422
1949.753662 5070.096680
1955.722168 5072.049805
1961.686035 5073.966797
1967.645142 5075.847656
1973.599609 5077.691895
1979.549316 5079.500000
1985.494385 5081.271973
1991.434692 5083.007812
1997.370361 5084.707031
2003.301270 5086.370117
2009.227539 5087.997070
2015.149048 5089.587891
2021.065918 5091.142090
2026.978027 5092.660156
2032.885498 5094.142090
2038.788208 5095.587891
2044.686279 5096.997070
2050.579590 5098.370117
2056.468262 5099.707031
2062.328369 5101.041016
2068.167969 5102.360840
2073.987061 5103.666992
2079.785645 5104.958984
2085.563721 5106.237305
2091.321045 5107.501465
2097.057861 5108.751465
2102.774170 5109.987793
2108.469971 5111.209961
2114.145264 5112.418457
2119.800049 5113.612793
2125.434082 5114.792969
2131.047607 5115.959473
2136.640625 5117.111816
2142.213135 5118.250000
2147.765137 5119.374512
2153.296631 5120.484863
2158.807373 5121.581543
2164.297607 5122.664062
2169.767334 5123.732422
2175.216553 5124.787109
2180.645264 5125.827637
2186.053467 5126.854004
2191.440918 5127.866699
2196.807861 5128.865234
2202.154297 5129.850098
2207.480225 5130.820801
2212.785645 5131.777344
2218.070312 5132.720215
2223.334473 5133.648926
2228.578125 5134.563477
2233.801270 5135.464355
2239.003906 5136.351074
2244.186035 5137.224121
2249.347412 5138.083008
2254.488281 5138.927734
2259.608643 5139.758789
2264.708496 5140.575684
2269.787842 5141.378906
2274.846680 5142.167969
2279.882324 5142.909180
2284.895752 5143.614258
2289.886963 5144.282715
2294.855957 5144.915039
2299.802734 5145.510742
2304.727295 5146.070312
2309.629639 5146.593262
2314.509766 5147.080078
2319.367676 5147.530273
2324.203369 5147.943848
2329.016846 5148.321289
2333.808105 5148.662109
2338.577148 5148.966797
2343.323975 5149.234863
2348.048584 5149.466797
2352.750977 5149.662109
2357.431152 5149.821289
2362.089111 5149.943848
2366.724854 5150.030273
2371.338379 5150.080078
2375.929443 5150.093262
2380.498291 5150.070312
2385.044922 5150.010742
2389.569336 5149.915039
2394.071533 5149.782715
2398.551514 5149.614258
2403.009277 5149.409180
2407.444824 5149.167969
2411.858154 5148.890137
2416.249268 5148.576172
2420.618164 5148.225586
2424.964844 5147.838379
2429.289307 5147.415039
2433.591553 5146.955078
2437.871582 5146.458984
2442.129395 5145.926270
2446.364990 5145.357422
2450.578369 5144.751953
2454.769531 5144.110352
2458.938477 5143.432129
2463.098145 5142.728027
2467.244385 5141.994141
2471.376953 5141.230957
2475.496094 5140.437988
2479.601562 5139.615723
2483.693604 5138.764160
2487.771973 5137.882812
2491.836914 5136.972168
2495.888184 5136.031738
2499.926025 5135.062012
2503.950195 5134.062988
2507.960938 5133.034180
2511.958008 5131.976074
2515.941650 5130.888184
2519.911621 5129.770996
2523.868164 5128.624023
2527.811035 5127.447754
2531.740479 5126.242188
2535.656250 5125.006836
2539.558594 5123.742188
2543.447266 5122.447754
2547.322510 5121.124023
2551.184082 5119.770996
2555.032227 5118.388184
2558.866699 5116.976074
2562.687744 5115.534180
2566.495117 5114.062988
2570.289062 5112.562012
2574.069336 5111.031738
2577.836182 5109.472168
2581.589355 5107.882812
2585.329102 5106.264160
2589.055176 5104.615723
2592.767822 5102.937988
2596.466797 5101.230957
2600.152344 5099.494141
2603.824219 5097.728027
2607.482666 5095.932129
2611.127441 5094.106934
2614.758789 5092.251953
2618.378906 5090.383789
2621.986816 5088.497070
2625.582764 5086.591797
2629.166748 5084.667969
2632.738770 5082.725586
2636.298828 5080.764160
2639.846924 5078.784180
2643.383057 5076.785645
2646.906982 5074.768555
2650.418945 5072.732910
2653.918945 5070.678223
2657.406982 5068.604980
2660.883057 5066.513184
2664.347168 5064.402832
2667.799072 5062.273926
2671.239014 5060.125977
2674.666992 5057.959473
2678.083008 5055.774414
2681.487061 5053.570801
2684.879150 5051.348633
2688.259277 5049.107422
2691.627197 5046.847656
2694.983154 5044.569336
2698.327148 5042.272461
2701.659180 5039.957031
2704.979248 5037.622559
2708.287354 5035.269531
2711.583252 5032.897949
2714.867188 5030.507812
2718.139160 5028.099121
2721.399170 5025.671875
2724.647217 5023.225586
2727.883301 5020.760742
2731.107422 5018.277344
2734.319336 5015.775391
2737.519287 5013.254883
2740.707275 5010.715332
2743.883301 5008.157227
2747.047363 5005.580566
2750.199463 5002.985352
2753.344727 5000.377441
2756.481445 4997.754883
2759.609619 4995.117676
2762.729492 4992.466309
2765.840820 4989.800293
2768.943604 4987.119629
2772.037842 4984.424316
2775.123535 4981.714355
2778.200684 4978.989746
2781.269531 4976.250488
2784.329834 4973.497070
2787.381592 4970.729004
2790.424805 4967.946289
2793.459473 4965.148926
2796.485840 4962.336914
2799.503662 4959.510254
2802.512939 4956.668945
2805.513672 4953.813477
2808.505859 4950.943359
2811.489746 4948.058594
2814.465088 4945.159180
2817.431885 4942.245117
2820.390137 4939.316406
2823.339844 4936.373535
2826.281006 4933.416016
2829.213867 4930.443848
2832.138184 4927.457031
2835.053955 4924.455566
2837.961182 4921.439453
2840.859863 4918.408691
2843.750244 4915.363770
2846.632080 4912.304199
2849.505371 4909.229980
2852.370117 4906.141113
2855.226318 4903.037598
2858.073975 4899.919434
2860.913330 4896.786621
2863.744141 4893.639648
2866.566406 4890.478027
2869.380127 4887.301758
2872.190186 4884.104004
2874.994873 4880.886719
2877.794434 4877.650391
2880.588623 4874.395020
2883.377441 4871.120117
2886.160889 4867.826172
2888.939209 4864.513184
2891.712158 4861.180664
2894.479736 4857.829102
2897.242188 4854.458008
2899.999268 4851.067871
2902.750977 4847.658691
2905.497559 4844.229980
2908.238770 4840.782227
2910.974609 4837.315430
2913.705078 4833.829102
2916.430420 4830.323730
2919.150391 4826.798828
2921.864990 4823.254883
2924.574463 4819.691895
2927.278564 4816.109375
2929.977295 4812.507812
2932.670654 4808.887207
2935.358887 4805.247070
2938.041748 4801.587891
2940.719238 4797.909180
2943.391602 4794.211426
2946.058594 4790.494629
2948.720215 4786.758301
2951.376465 4783.002930
2954.027588 4779.228516
2956.673340 4775.434570
2959.313721 4771.621582
2961.948975 4767.789062
2964.578857 4763.937500
2967.203369 4760.066895
2969.822754 4756.176758
2972.436768 4752.267578
2975.045410 4748.339355
2977.648682 4744.391602
2980.343262 4740.432129
2983.096924 4736.458496
2985.909424 4732.470215
2988.781006 4728.467773
2991.711670 4724.451172
2994.701416 4720.419922
2997.750000 4716.374512
3000.857666 4712.314941
3004.024414 4708.240723
3007.250244 4704.152344
3010.535156 4700.049805
3013.878906 4695.932617
3017.281738 4691.801270
3020.743652 4687.655762
3024.264648 4683.495605
3027.844482 4679.321289
3031.483398 4675.132812
3035.181396 4670.929688
3038.938477 4666.712402
3042.754395 4662.480957
3046.629395 4658.234863
3050.563477 4653.974609
3054.556641 4649.700195
3058.608887 4645.411133
3062.719971 4641.107910
3066.890137 4636.790039
3071.119385 4632.458008
3075.407715 4628.111816
3079.754883 4623.750977
3084.161133 4619.375977
3088.626465 4614.986816
3093.150879 4610.583008
3097.734131 4606.165039
3102.376465 4601.732910
3107.077881 4597.286133
3111.838379 4592.825195
3116.657715 4588.350098
3121.536133 4583.860352
3126.473633 4579.356445
3131.470215 4574.838379
3136.559814 4570.285645
3141.730957 4565.704590
3146.983887 4561.095703
3152.318359 4556.458984
3157.734619 4551.794434
3163.232422 4547.102051
3168.812012 4542.381836
3174.473145 4537.633301
3180.216064 4532.856934
3186.040771 4528.052734
3191.947021 4523.220703
3197.935059 4518.360840
3204.004639 4513.472656
3210.156006 4508.556641
3216.388916 4503.612793
3222.703613 4498.641113
3229.099854 4493.641602
3235.577881 4488.613770
3242.137451 4483.558105
3248.778809 4478.474609
3255.501953 4473.363281
3262.306641 4468.224121
3269.193115 4463.056641
3276.161133 4457.861328
3283.210938 4452.638184
3290.342285 4447.387207
3297.555420 4442.108398
3304.850098 4436.801758
3312.226562 4431.466797
3319.684570 4426.104004
3327.224365 4420.713379
3334.845703 4415.294922
3342.548828 4409.848633
3350.333740 4404.374023
3358.200195 4398.871582
3366.148438 4393.341309
3374.178223 4387.783203
3382.289795 4382.197266
3390.482910 4376.583008
3398.757812 4370.940918
3407.117920 4365.296875
3415.562012 4359.642090
3424.090088 4353.976074
3432.702148 4348.299316
3441.398193 4342.611816
3450.178223 4336.913574
3459.042236 4331.204590
3467.990234 4325.484863
3477.022217 4319.754395
3486.138184 4314.013184
3495.338135 4308.260742
3504.622070 4302.497559
3513.989990 4296.723633
3523.441895 4290.938965
3532.977783 4285.143555
3542.597900 4279.337402
3552.302002 4273.520508
3562.090088 4267.692871
3571.962158 4261.854492
3581.918213 4256.004883
3591.958252 4250.144531
3602.082275 4244.273438
3612.290283 4238.391602
3622.582275 4232.499023
3632.958252 4226.595703
3643.418213 4220.681641
3653.962158 4214.756836
3664.590088 4208.820801
3675.302002 4202.874023
3686.097900 4196.916504
3696.977783 4190.948242
3707.941895 4184.969238
3718.989990 4178.979492
3730.122070 4172.979004
3741.338135 4166.967773
3752.638184 4160.945312
3764.022217 4154.912109
3775.490234 4148.868164
3787.042236 4142.813477
3798.678223 4136.748047
3810.351807 4130.639160
3822.078613 4124.497559
3833.858398 4118.323242
3845.691406 4112.116211
3857.577393 4105.876465
3869.516602 4099.604004
3881.508789 4093.298828
3893.554199 4086.961182
3905.652588 4080.590820
3917.804199 4074.187744
3930.008789 4067.751953
3942.266602 4061.283447
3954.577393 4054.782227
3966.941406 4048.248535
3979.358398 4041.682129
3991.828613 4035.083008
4004.351807 4028.451172
4016.928223 4021.786621
4029.557617 4015.089355
4042.240234 4008.359619
4054.975830 4001.597168
4067.764648 3994.802002
4080.606445 3987.974121
4093.501465 3981.113525
4106.449707 3974.220215
4119.450684 3967.294434
4132.504883 3960.335938
4145.612305 3953.344727
4158.772949 3946.320801
4171.986328 3939.264160
4185.252930 3932.174805
4198.572754 3925.052979
4211.945801 3917.898438
4225.371582 3910.711182
4238.850586 3903.491211
4252.382812 3896.238525
4265.968262 3888.953125
4279.606445 3881.635010
4293.297852 3874.284424
4307.042480 3866.901123
4320.809570 3859.480713
4334.609375 3852.024658
4348.441895 3844.533203
4362.307129 3837.006104
4376.204590 3829.443359
4390.134766 3821.845215
4404.097656 3814.211426
4418.093262 3806.541992
4432.121582 3798.836914
4446.182617 3791.096436
4460.276367 3783.320312
4474.402832 3775.508545
4488.562012 3767.661377
4502.753906 3759.778564
4516.978516 3751.860107
4531.235840 3743.906006
4545.525391 3735.916504
4559.847656 3727.891357
4574.202637 3719.830566
4588.590332 3711.734375
4603.010742 3703.602539
4617.463867 3695.435059
4631.949707 3687.231934
4646.468262 3678.993408
4661.019531 3670.719238
4675.603516 3662.409424
4690.220215 3654.064209
4704.869629 3645.683350
4719.551758 3637.266846
4734.266113 3628.814697
4749.013184 3620.327148
4763.792969 3611.803955
4778.605469 3603.245117
4793.450684 3594.650879
4808.328613 3586.020996
4823.239258 3577.355469
4838.182617 3568.654297
4853.158691 3559.917725
4868.167480 3551.145508
4883.208984 3542.337646
4898.292969 3533.521729
4913.416016 3524.688477
4928.578613 3515.837891
4943.780273 3506.969971
4959.021484 3498.084717
4974.301758 3489.182129
4989.621582 3480.262207
5004.980469 3471.324951
5020.378906 3462.370361
5035.816406 3453.398438
5051.293457 3444.409180
5066.809570 3435.402588
5082.365234 3426.378662
5097.959961 3417.337402
5113.594238 3408.278809
5129.267578 3399.202881
5144.980469 3390.109619
5160.732422 3380.999023
5176.523926 3371.871094
5192.354492 3362.725830
5208.224609 3353.563232
5224.133789 3344.383301
5240.082520 3335.186035
5256.070312 3325.971680
5272.097656 3316.739990
5288.164062 3307.490967
5304.270020 3298.224609
5320.415039 3288.940918
5336.599609 3279.639893
5352.823242 3270.321533
5369.085938 3260.985840
5385.388184 3251.632812
5401.729492 3242.262451
5418.110352 3232.874756
5434.530273 3223.469727
5450.989746 3214.047363
5467.488281 3204.607666
5484.026367 3195.150635
5500.603516 3185.676270
5517.220215 3176.184570
5533.875977 3166.676758
5550.571289 3157.152588
5567.305664 3147.612061
5584.079102 3138.054932
5600.892090 3128.481445
5617.744141 3118.891602
5634.635742 3109.285156
5651.566406 3099.662354
5668.536133 3090.022949
5685.545410 3080.367188
5702.593750 3070.695068
5719.681152 3061.006348
5736.808105 3051.301270
5753.974121 3041.579834
5771.179688 3031.841797
5788.424316 3022.087402
5805.708008 3012.316406
5823.031250 3002.529053
5840.393555 2992.725342
5857.794922 2982.905029
5875.235840 2973.068359
5892.715820 2963.215332
5910.235352 2953.345703
5927.793945 2943.459717
5945.391602 2933.557129
5963.028809 2923.638184
5980.705078 2913.702881
5998.420898 2903.750977
6016.175781 2893.782715
6033.969727 2883.797852
6051.803223 2873.796631
6069.675781 2863.779053
6087.587402 2853.744873
6105.538574 2843.694336
6123.528809 2833.627441
6141.558594 2823.543945
6159.627441 2813.444092
6177.735352 2803.327637
6195.882812 2793.194824
6214.069336 2783.045654
6232.295410 2772.873047
6250.561035 2762.679443
6268.866211 2752.464844
6287.210938 2742.229248
6305.595215 2731.972656
6324.019043 2721.695068
6342.482422 2711.396484
6360.985352 2701.076660
6379.527832 2690.735840
6398.109863 2680.374023
6416.731445 2669.991211
6435.392578 2659.587402
6454.093262 2649.162598
6472.833496 2638.716797
6491.613281 2628.250000
6510.432617 2617.761963
6529.291504 2607.252930
6548.189941 2596.722900
6567.127930 2586.171875
6586.105469 2575.599854
6605.122559 2565.006836
6624.179199 2554.392822
6643.275391 2543.757812
6662.411133 2533.101807
6681.586426 2522.424561
6700.801270 2511.726318
6720.055664 2501.007080
6739.349609 2490.266846
6758.683105 2479.505615
6778.056152 2468.723389
6797.468750 2457.920166
6816.920898 2447.095947
6836.412598 2436.250488
6855.943848 2425.384033
6875.514648 2414.496582
6895.125000 2403.588135
6914.774902 2392.658691
6934.464355 2381.708252
6954.193359 2370.736816
6973.961914 2359.744385
6993.743164 2348.739746
7013.546387 2337.719971
7033.371094 2326.685059
7053.217285 2315.635010
7073.084961 2304.570068
7092.974121 2293.489990
7112.885254 2282.394775
7132.817871 2271.284424
7152.771973 2260.158936
7172.747559 2249.018311
7192.745117 2237.862549
7212.764160 2226.691895
7232.804688 2215.506104
7252.866699 2204.305176
7272.950684 2193.089111
7293.056152 2181.857910
7313.183105 2170.611572
7333.331543 2159.350342
7353.501953 2148.073975
7373.693848 2136.782471
7393.907227 2125.475830
7414.142090 2114.154053
7434.398926 2102.817139
7454.677246 2091.465088
7474.977051 2080.098145
7495.298340 2068.716064
7515.641113 2057.318848
7536.005859 2045.906494
7556.392090 2034.479004
7576.799805 2023.036499
7597.229004 2011.578857
7617.680176 2000.106079
7638.152832 1988.618286
7658.646973 1977.115356
7679.162598 1965.597290
7699.700195 1954.064209
7720.259277 1942.515991
7740.839844 1930.952637
7761.441895 1919.374146
7782.065918 1907.780640
7802.714844 1896.173706
7823.387695 1884.552734
7844.084473 1872.917725
7864.805176 1861.268799
7885.550293 1849.605835
7906.319336 1837.928833
7927.112305 1826.237793
7947.929199 1814.532837
7968.770020 1802.813843
7989.634766 1791.080811
8010.523438 1779.333862
8031.436035 1767.572876
8052.372559 1755.797852
8073.333008 1744.008911
8094.317871 1732.205933
8115.326660 1720.388916
8136.359375 1708.557983
8157.416016 1696.713013
8178.496582 1684.854004
8199.601562 1672.980957
8220.730469 1661.093994
8241.882812 1649.192993
8263.059570 1637.277954
8284.259766 1625.348999
8305.484375 1613.406006
8326.732422 1601.448975
8348.004883 1589.478027
8369.300781 1577.493042
8390.621094 1565.494019
8411.965820 1553.481079
8433.333984 1541.454102
8454.726562 1529.413086
8476.142578 1517.358154
8497.583008 1505.289185
8519.046875 1493.206177
8540.535156 1481.109131
8562.046875 1468.998169
8583.583008 1456.873169
8605.142578 1444.734131
8626.726562 1432.581177
8648.331055 1420.419312
8669.957031 1408.246948
8691.604492 1396.063965
8713.274414 1383.870361
8734.965820 1371.666260
8756.678711 1359.451538
8778.413086 1347.226196
8800.168945 1334.990356
8821.946289 1322.743896
8843.746094 1310.486816
8865.567383 1298.219238
8887.410156 1285.941040
8909.274414 1273.652344
8931.160156 1261.353027
8953.067383 1249.043091
8974.997070 1236.722656
8996.948242 1224.391602
9018.920898 1212.049927
9040.915039 1199.697754
9062.930664 1187.334961
9084.967773 1174.961548
9107.027344 1162.577637
9129.108398 1150.183105
9151.210938 1137.778076
9173.334961 1125.362427
9195.480469 1112.936157
9217.647461 1100.499390
9239.836914 1088.052002
9262.047852 1075.593994
9284.280273 1063.125488
9306.534180 1050.646362
9328.809570 1038.156738
9351.106445 1025.656494
9373.425781 1013.145691
9395.766602 1000.624268
9418.128906 988.092285
9440.512695 975.549744
9462.917969 962.996582
9485.344727 950.432861
9507.793945 937.858582
9530.262695 925.269531
9552.750977 912.667175
9575.259766 900.051453
9597.789062 887.422363
9620.338867 874.779968
9642.909180 862.124207
9665.499023 849.455078
9688.109375 836.772583
9710.740234 824.076782
9733.391602 811.367615
9756.062500 798.645081
9778.753906 785.909241
9801.465820 773.160034
9824.198242 760.397461
9846.950195 747.621521
9869.722656 734.832275
9892.515625 722.029663
9915.329102 709.213684
9938.162109 696.384399
9961.015625 683.541748
9983.889648 670.685730
10006.784180 657.816345
10029.698242 644.933655
10052.632812 632.037598
10075.587891 619.128174
10098.563477 606.205444
10121.559570 593.269348
10144.575195 580.319885
10167.611328 567.357056
10190.667969 554.380920
10213.745117 541.391418
10236.841797 528.388550
10259.958984 515.372314
10283.096680 502.342773
10306.254883 489.299866
10329.432617 476.243622
10352.630859 463.174011
10375.849609 450.091064
10399.088867 436.994751
10422.347656 423.885101
10445.611328 410.764343
10468.885742 397.631744
10492.169922 384.487305
10515.463867 371.330994
10538.767578 358.162842
10562.081055 344.982849
10585.404297 331.790985
10608.738281 318.587280
10632.082031 305.371735
10655.435547 292.144318
10678.798828 278.905060
10702.171875 265.653961
10725.555664 252.391006
10748.949219 239.116196
10772.352539 225.829544
10795.765625 212.531036
10819.188477 199.220673
10842.622070 185.898468
10866.065430 172.564407
10889.518555 159.218491
10912.981445 145.860733
10936.454102 132.491119
10959.936523 119.109657
10983.429688 105.716347
11006.932617 92.311188
11030.445312 78.894173
11053.967773 65.465309
11077.500000 52.024597
11101.042969 38.572033
11124.595703 25.107620
11148.158203 11.631356
11171.730469 -1.856758
11195.312500 -15.356723
11218.905273 -28.868538
11242.507812 -42.392204
11266.120117 -55.927719
11289.742188 -69.475082
11313.374023 -83.034302
11337.016602 -96.605370
11360.668945 -110.188286
11384.316406 -123.786880
11407.964844 -137.399872
11431.613281 -151.027267
11455.262695 -164.669052
11478.912109 -178.325241
11502.562500 -191.995834
11526.212891 -205.680817
11549.864258 -219.380203
11573.515625 -233.093994
11597.167969 -246.822174
11620.820312 -260.564758
11644.473633 -274.321747
11668.126953 -288.093140
11691.781250 -301.878937
11715.435547 -315.679108
11739.090820 -329.493683
11762.746094 -343.322662
11786.402344 -357.166046
11810.058594 -371.023834
11833.715820 -384.896027
11857.373047 -398.782623
11881.031250 -412.683594
11904.689453 -426.598969
11928.348633 -440.528748
11952.007812 -454.472931
11975.667969 -468.431519
11999.328125 -482.404510
12022.988281 -496.391876
12046.649414 -510.393646
12070.310547 -524.409851
12093.972656 -538.440430
12117.634766 -552.485413
12141.297852 -566.544800
12164.960938 -580.618591
12188.625000 -594.706787
12212.289062 -608.809387
12235.954102 -622.926392
12259.619141 -637.057739
12283.285156 -651.203491
12306.951172 -665.363647
12330.622070 -679.547546
12354.295898 -693.752075
12377.973633 -707.977234
12401.654297 -722.223022
12425.337891 -736.489441
12449.025391 -750.776489
12472.715820 -765.084167
12496.409180 -779.412476
12520.105469 -793.761414
12543.805664 -808.130981
12567.508789 -822.521118
12591.214844 -836.931885
12614.924805 -851.363281
12638.637695 -865.815308
12662.353516 -880.287964
12686.073242 -894.781250
12709.795898 -909.295166
12733.521484 -923.829712
12757.250000 -938.384888
12780.982422 -952.960693
12804.717773 -967.557129
12828.456055 -982.174194
12852.198242 -996.811829
12875.943359 -1011.470093
12899.691406 -1026.149048
12923.443359 -1040.848633
12947.198242 -1055.568848
12970.956055 -1070.309692
12994.716797 -1085.071167
13018.481445 -1099.853149
13042.249023 -1114.655762
13066.019531 -1129.479004
13089.793945 -1144.322876
13113.571289 -1159.187378
13137.351562 -1174.072510
13161.135742 -1188.978271
13184.922852 -1203.904663
13208.712891 -1218.851685
13232.506836 -1233.819336
13256.303711 -1248.807617
13280.098633 -1263.812134
13303.892578 -1278.834351
13327.686523 -1293.874146
13351.480469 -1308.931641
13375.273438 -1324.006836
13399.066406 -1339.099731
13422.858398 -1354.210327
13446.650391 -1369.338501
13470.442383 -1384.484375
13494.233398 -1399.647949
13518.024414 -1414.829224
13541.815430 -1430.028198
13565.605469 -1445.244751
13589.395508 -1460.479004
13613.185547 -1475.730957
13636.974609 -1491.000610
13660.763672 -1506.287964
13684.552734 -1521.592896
13708.340820 -1536.915527
13732.128906 -1552.255859
13755.916016 -1567.613892
13779.703125 -1582.989624
13803.490234 -1598.382935
13827.276367 -1613.793945
13851.062500 -1629.222656
13874.848633 -1644.669067
13898.633789 -1660.133179
13922.418945 -1675.614868
13946.204102 -1691.114258
13969.988281 -1706.631348
13993.772461 -1722.166138
14017.556641 -1737.718506
14041.339844 -1753.288574
14065.123047 -1768.876343
14088.905273 -1784.481812
14112.687500 -1800.104980
14136.469727 -1815.745728
14160.250977 -1831.404175
14184.032227 -1847.080322
14207.813477 -1862.774170
14231.590820 -1878.490479
14255.365234 -1894.227661
14279.136719 -1909.985718
14302.905273 -1925.764648
14326.670898 -1941.564453
14350.433594 -1957.385132
14374.194336 -1973.226685
14397.952148 -1989.089111
14421.707031 -2004.972412
14445.458984 -2020.876587
14469.208008 -2036.801636
14492.954102 -2052.747559
14516.698242 -2068.714355
14540.439453 -2084.702148
14564.177734 -2100.710693
14587.913086 -2116.740234
14611.645508 -2132.790527
14635.375000 -2148.861816
14659.101562 -2164.953857
14682.826172 -2181.066895
14706.547852 -2197.200684
14730.266602 -2213.355469
14753.982422 -2229.531006
14777.695312 -2245.727539
14801.405273 -2261.944824
14825.113281 -2278.183105
14848.818359 -2294.442139
14872.520508 -2310.722168
14896.219727 -2327.022949
14919.916016 -2343.344727
14943.609375 -2359.687256
14967.300781 -2376.050781
14990.989258 -2392.435059
15014.674805 -2408.840332
15038.357422 -2425.266357
15062.037109 -2441.713379
15085.713867 -2458.181152
15109.387695 -2474.669922
15133.059570 -2491.179443
15156.728516 -2507.709961
15180.395508 -2524.247803
15204.060547 -2540.797363
15227.722656 -2557.358887
15251.382812 -2573.932129
15275.041016 -2590.517090
15298.697266 -2607.114014
15322.351562 -2623.722656
15346.002930 -2640.343262
15369.652344 -2656.975586
15393.299805 -2673.619873
15416.945312 -2690.275879
15440.587891 -2706.943604
15464.228516 -2723.623291
15487.867188 -2740.314697
15511.503906 -2757.018066
15535.137695 -2773.733154
15558.769531 -2790.460205
15582.399414 -2807.198975
15606.027344 -2823.949707
15629.653320 -2840.712158
15653.276367 -2857.486328
15676.897461 -2874.272461
15700.516602 -2891.070312
15724.133789 -2907.880127
15747.748047 -2924.701660
15771.360352 -2941.535156
15794.970703 -2958.380371
15818.579102 -2975.237305
15842.185547 -2992.106201
15865.789062 -3008.986816
15889.390625 -3025.879395
15912.990234 -3042.783691
15936.587891 -3059.699951
15960.182617 -3076.627930
15983.775391 -3093.567871
16007.366211 -3110.519531
16030.955078 -3127.482910
16054.541016 -3144.458252
16078.125000 -3161.445312
16101.707031 -3178.444336
16125.302734 -3195.472656
16148.906250 -3212.524658
16172.518555 -3229.600098
16196.138672 -3246.699219
16219.766602 -3263.822021
16243.403320 -3280.968262
16267.047852 -3298.138184
16290.701172 -3315.331543
16314.362305 -3332.548584
16338.032227 -3349.789062
16361.709961 -3367.053223
16385.396484 -3384.341064
16409.089844 -3401.652344
16432.792969 -3418.987305
16456.503906 -3436.345703
16480.222656 -3453.727783
16503.949219 -3471.133301
16527.683594 -3488.562500
16551.427734 -3506.015137
16575.179688 -3523.491455
16598.939453 -3540.991455
16622.707031 -3558.514893
16646.484375 -3576.062012
16670.269531 -3593.632568
16694.062500 -3611.226807
16717.863281 -3628.844482
16741.671875 -3646.485840
16765.490234 -3664.150879
16789.316406 -3681.839355
16813.150391 -3699.551514
16836.992188 -3717.287109
16860.841797 -3735.046387
16884.701172 -3752.829102
16908.568359 -3770.635498
16932.443359 -3788.465332
16956.326172 -3806.318848
16980.216797 -3824.196045
17004.117188 -3842.096680
17028.025391 -3860.020996
17051.941406 -3877.968750
17075.849609 -3895.933838
17099.753906 -3913.918457
17123.654297 -3931.922363
17147.552734 -3949.945801
17171.447266 -3967.988525
17195.339844 -3986.050537
17219.228516 -4004.132080
17243.115234 -4022.232910
17266.998047 -4040.353271
17290.876953 -4058.492920
17314.753906 -4076.652100
17338.626953 -4094.830566
17362.498047 -4113.028320
17386.365234 -4131.245605
17410.230469 -4149.482422
17434.091797 -4167.738770
17457.949219 -4186.014160
17481.804688 -4204.309082
17505.656250 -4222.623535
17529.505859 -4240.957031
17553.351562 -4259.310059
17577.195312 -4277.682617
17601.035156 -4296.074707
17624.871094 -4314.485840
17648.705078 -4332.916504
17672.535156 -4351.366699
17696.363281 -4369.836426
17720.187500 -4388.325195
17744.009766 -4406.833496
17767.828125 -4425.361328
17791.642578 -4443.908691
17815.455078 -4462.475098
17839.263672 -4481.061035
17863.070312 -4499.666504
17886.873047 -4518.291016
17910.673828 -4536.935059
17934.470703 -4555.598633
17958.263672 -4574.281738
17982.054688 -4592.983887
18005.841797 -4611.705566
18029.642578 -4630.433594
18053.453125 -4649.171875
18077.271484 -4667.920898
18101.097656 -4686.680176
18124.931641 -4705.450195
18148.773438 -4724.230469
18172.625000 -4743.021484
18196.484375 -4761.822754
18220.351562 -4780.634766
18244.226562 -4799.457520
18268.111328 -4818.290527
18292.003906 -4837.134277
18315.904297 -4855.988281
18339.812500 -4874.853027
18363.730469 -4893.728027
18387.656250 -4912.613770
18411.589844 -4931.509766
18435.531250 -4950.416504
18459.480469 -4969.333984
18483.439453 -4988.261719
18507.406250 -5007.200195
18531.380859 -5026.148926
18555.363281 -5045.108398
18579.355469 -5064.078125
18603.355469 -5083.058594
18627.363281 -5102.049316
18651.378906 -5121.050781
18675.402344 -5140.062988
18699.435547 -5159.085449
18723.476562 -5178.118652
18747.525391 -5197.162109
18771.582031 -5216.216309
18795.648438 -5235.280762
18819.722656 -5254.355957
18843.804688 -5273.441406
18867.894531 -5292.537598
18891.992188 -5311.644531
18916.099609 -5330.761719
18940.214844 -5349.889648
18964.337891 -5369.027832
18988.462891 -5388.190430
19012.591797 -5407.373047
19036.724609 -5426.575684
19060.861328 -5445.797852
19085.000000 -5465.040039
19109.142578 -5484.301758
19133.289062 -5503.583496
19157.439453 -5522.885254
19181.593750 -5542.206543
19205.751953 -5561.547852
19229.914062 -5580.908691
19254.080078 -5600.289551
19278.250000 -5619.690430
19302.423828 -5639.110840
19326.601562 -5658.551270
19350.781250 -5678.011230
19374.964844 -5697.491211
19399.152344 -5716.991211
19423.343750 -5736.510742
19447.539062 -5756.050293
19471.738281 -5775.609375
19495.941406 -5795.188477
19520.148438 -5814.787598
19544.359375 -5834.406250
19568.574219 -5854.044922
19592.792969 -5873.703125
19617.013672 -5893.381348
19641.238281 -5913.079590
19665.466797 -5932.797363
19689.699219 -5952.535156
19713.935547 -5972.292480
19738.175781 -5992.069824
19762.419922 -6011.867188
19786.667969 -6031.684082
19810.919922 -6051.520996
19835.175781 -6071.377441
19859.435547 -6091.253906
19883.697266 -6111.150391
19907.962891 -6131.066406
19932.232422 -6151.002441
19956.501953 -6170.964355
19980.773438 -6190.949707
20005.044922 -6210.958984
20029.318359 -6230.992188
20053.593750 -6251.049316
20077.869141 -6271.129883
20102.146484 -6291.234375
20126.425781 -6311.362793
20150.705078 -6331.515137
20174.986328 -6351.690918
20199.267578 -6371.890625
20223.550781 -6392.114258
20247.835938 -6412.361328
20272.121094 -6432.632324
20296.408203 -6452.927246
20320.697266 -6473.246094
20344.986328 -6493.588379
20369.277344 -6513.954590
20393.570312 -6534.344727
20417.863281 -6554.758789
20442.158203 -6575.196289
20466.453125 -6595.657715
20490.750000 -6616.143066
20515.048828 -6636.652344
20539.347656 -6657.185059
20563.648438 -6677.741699
20587.951172 -6698.322266
20612.253906 -6718.926758
20636.558594 -6739.554688
20660.863281 -6760.206543
20685.169922 -6780.882324
20709.478516 -6801.582031
20733.787109 -6822.305176
20758.097656 -6843.052246
20782.410156 -6863.823242
20806.722656 -6884.618164
20831.037109 -6905.436523
20855.351562 -6926.278809
20879.667969 -6947.145020
20903.986328 -6968.035156
20928.298828 -6988.940430
20952.609375 -7009.863770
20976.916016 -7030.805176
21001.220703 -7051.764160
21025.521484 -7072.741211
21049.820312 -7093.736328
21074.115234 -7114.749512
21098.408203 -7135.780762
21122.697266 -7156.830078
21146.982422 -7177.897461
21171.265625 -7198.982910
21195.544922 -7220.086426
21219.822266 -7241.208008
21244.095703 -7262.347656
21268.367188 -7283.505371
21292.634766 -7304.681152
21316.900391 -7325.875000
21341.162109 -7347.086914
21365.421875 -7368.316895
21389.677734 -7389.564941
21413.931641 -7410.831055
21438.181641 -7432.115234
21462.429688 -7453.417480
21486.673828 -7474.737793
21510.916016 -7496.076172
21535.154297 -7517.432617
21559.390625 -7538.807129
21583.623047 -7560.199707
21607.853516 -7581.610352
21632.080078 -7603.039062
21656.304688 -7624.485840
21680.525391 -7645.950684
21704.744141 -7667.433105
21728.958984 -7688.933594
21753.171875 -7710.452148
21777.380859 -7731.988770
21801.587891 -7753.543457
21825.791016 -7775.116211
21849.992188 -7796.707031
21874.189453 -7818.315918
21898.376953 -7839.953613
21922.556641 -7861.616699
21946.730469 -7883.305176
21970.896484 -7905.018555
21995.054688 -7926.757324
22019.205078 -7948.521484
22043.349609 -7970.310547
22067.486328 -7992.125000
22091.615234 -8013.964844
22115.736328 -8035.829590
22139.849609 -8057.719727
22163.957031 -8079.634766
22188.056641 -8101.575195
22212.148438 -8123.541016
22236.232422 -8145.531738
22260.308594 -8167.547852
22284.378906 -8189.589355
22308.441406 -8211.656250
22332.496094 -8233.748047
22356.542969 -8255.865234
22380.582031 -8278.007812
22404.615234 -8300.175781
22428.640625 -8322.368164
22452.658203 -8344.585938
22476.667969 -8366.829102
22500.671875 -8389.097656
22524.667969 -8411.391602
22548.656250 -8433.710938
22572.636719 -8456.054688
22596.609375 -8478.423828
22620.576172 -8500.818359
22644.535156 -8523.238281
22668.486328 -8545.683594
22692.429688 -8568.154297
22716.365234 -8590.649414
22740.294922 -8613.169922
22764.216797 -8635.715820
22788.130859 -8658.287109
22812.037109 -8680.883789
22835.935547 -8703.504883
22859.810547 -8726.167969
22883.666016 -8748.867188
22907.501953 -8771.602539
22931.318359 -8794.374023
22955.117188 -8817.181641
22978.896484 -8840.025391
23002.656250 -8862.905273
23026.396484 -8885.821289
23050.119141 -8908.773438
23073.822266 -8931.761719
23097.505859 -8954.786133
23121.169922 -8977.846680
23144.816406 -9000.943359
23168.443359 -9024.076172
23192.050781 -9047.245117
23215.638672 -9070.450195
23239.207031 -9093.690430
23262.757812 -9116.966797
23286.289062 -9140.279297
23309.800781 -9163.627930
23333.292969 -9187.012695
23356.767578 -9210.433594
23380.222656 -9233.890625
23403.658203 -9257.383789
23427.074219 -9280.913086
23450.472656 -9304.478516
23473.851562 -9328.080078
23497.210938 -9351.717773
23520.550781 -9375.391602
23543.871094 -9399.101562
23567.173828 -9422.847656
23590.457031 -9446.629883
23613.720703 -9470.448242
23636.964844 -9494.302734
23660.191406 -9518.193359
23683.398438 -9542.120117
23706.585938 -9566.083008
23729.753906 -9590.082031
23752.904297 -9614.117188
23776.035156 -9638.188477
23799.148438 -9662.280273
23822.244141 -9686.397461
23845.322266 -9710.541016
23868.382812 -9734.709961
23891.425781 -9758.905273
23914.449219 -9783.125977
23937.455078 -9807.372070
23960.443359 -9831.644531
23983.414062 -9855.942383
24006.367188 -9880.266602
24029.302734 -9904.616211
24052.220703 -9928.991211
24075.121094 -9953.392578
24098.003906 -9977.819336
24120.867188 -10002.272461
24143.712891 -10026.750977
24166.541016 -10051.255859
24189.351562 -10075.786133
24212.144531 -10100.341797
24234.919922 -10124.923828
24257.677734 -10149.531250
24280.417969 -10174.165039
24303.140625 -10198.824219
24325.843750 -10223.509766
24348.529297 -10248.220703
24371.197266 -10272.957031
24393.847656 -10297.719727
24416.480469 -10322.507812
24439.095703 -10347.322266
24461.693359 -10372.162109
24484.273438 -10397.027344
24506.835938 -10421.918945
24529.378906 -10446.835938
24551.904297 -10471.779297
24574.412109 -10496.748047
24596.902344 -10521.743164
24619.375000 -10546.763672
24641.830078 -10571.809570
24664.267578 -10596.881836
24686.687500 -10621.979492
24709.089844 -10647.102539
24731.474609 -10672.251953
24753.843750 -10697.426758
24776.195312 -10722.626953
24798.529297 -10747.852539
24820.847656 -10773.103516
24843.148438 -10798.380859
24865.431641 -10823.683594
24887.697266 -10849.011719
24909.947266 -10874.365234
24932.179688 -10899.745117
24954.394531 -10925.150391
24976.593750 -10950.581055
24998.775391 -10976.037109
25020.939453 -11001.518555
25043.087891 -11027.026367
25065.218750 -11052.559570
25087.332031 -11078.118164
25109.427734 -11103.702148
25131.507812 -11129.311523
25153.570312 -11154.947266
25175.615234 -11180.608398
25197.644531 -11206.294922
25219.656250 -11232.006836
25241.650391 -11257.745117
25263.628906 -11283.508789
25285.589844 -11309.297852
25307.533203 -11335.112305
25329.458984 -11360.952148
25351.369141 -11386.818359
25373.261719 -11412.709961
25395.136719 -11438.626953
25416.996094 -11464.569336
25438.837891 -11490.537109
25460.662109 -11516.531250
25482.468750 -11542.550781
25504.259766 -11568.595703
25526.033203 -11594.666016
25547.789062 -11620.762695
25569.529297 -11646.884766
25591.253906 -11673.041016
25612.962891 -11699.229492
25634.658203 -11725.449219
25656.337891 -11751.700195
25678.001953 -11777.983398
25699.650391 -11804.297852
25721.283203 -11830.644531
25742.902344 -11857.022461
25764.505859 -11883.432617
25786.093750 -11909.874023
25807.666016 -11936.346680
25829.222656 -11962.851562
25850.765625 -11989.387695
25872.292969 -12015.956055
25893.804688 -12042.555664
25915.300781 -12069.186523
25936.781250 -12095.849609
25958.248047 -12122.543945
25979.699219 -12149.270508
26001.134766 -12176.028320
26022.554688 -12202.817383
26043.958984 -12229.638672
26065.349609 -12256.491211
26086.724609 -12283.375977
26108.083984 -12310.291992
26129.427734 -12337.240234
26150.755859 -12364.219727
26172.068359 -12391.230469
26193.367188 -12418.273438
26214.650391 -12445.347656
26235.917969 -12472.454102
26257.169922 -12499.591797
26278.406250 -12526.760742
26299.628906 -12553.961914
26320.835938 -12581.194336
26342.027344 -12608.458984
26363.203125 -12635.754883
26384.363281 -12663.082031
26405.509766 -12690.441406
26426.640625 -12717.832031
26447.771484 -12745.260742
26468.896484 -12772.724609
26490.017578 -12800.223633
26511.132812 -12827.758789
26532.244141 -12855.329102
26553.349609 -12882.934570
26574.449219 -12910.575195
26595.544922 -12938.251953
26616.634766 -12965.963867
26637.720703 -12993.710938
26658.800781 -13021.494141
26679.876953 -13049.312500
26700.947266 -13077.166016
26722.011719 -13105.055664
26743.072266 -13132.980469
26764.126953 -13160.940430
26785.177734 -13188.936523
26806.222656 -13216.967773
26827.263672 -13245.034180
26848.298828 -13273.136719
26869.328125 -13301.274414
26890.353516 -13329.447266
26911.373047 -13357.656250
26932.388672 -13385.900391
26953.398438 -13414.179688
26974.404297 -13442.495117
26995.404297 -13470.845703
27016.398438 -13499.231445
27037.388672 -13527.653320
27058.373047 -13556.110352
27079.353516 -13584.602539
27100.328125 -13613.130859
27121.296875 -13641.694336
27142.261719 -13670.292969
27163.220703 -13698.927734
27184.175781 -13727.597656
27205.125000 -13756.302734
27226.070312 -13785.043945
27247.009766 -13813.820312
27267.943359 -13842.631836
27288.804688 -13871.437500
27309.615234 -13900.250000
27330.375000 -13929.070312
27351.085938 -13957.898438
27371.746094 -13986.734375
27392.355469 -14015.577148
27412.914062 -14044.427734
27433.421875 -14073.286133
27453.880859 -14102.152344
27474.289062 -14131.025391
27494.646484 -14159.906250
27514.953125 -14188.794922
27535.208984 -14217.690430
27555.416016 -14246.593750
27575.572266 -14275.504883
27595.677734 -14304.423828
27615.732422 -14333.349609
27635.736328 -14362.283203
27655.691406 -14391.224609
27675.595703 -14420.173828
27695.449219 -14449.129883
27715.251953 -14478.093750
27735.003906 -14507.065430
27754.707031 -14536.043945
27774.359375 -14565.030273
27793.960938 -14594.024414
27813.511719 -14623.026367
27833.011719 -14652.035156
27852.462891 -14681.051758
27871.863281 -14710.076172
27891.212891 -14739.108398
27910.511719 -14768.147461
27929.759766 -14797.194336
27948.958984 -14826.249023
27968.107422 -14855.311523
27987.205078 -14884.380859
28006.251953 -14913.458008
28025.248047 -14942.542969
28044.193359 -14971.634766
28063.089844 -15000.734375
28082.058594 -15029.885742
28101.060547 -15059.073242
28120.093750 -15088.297852
28139.160156 -15117.559570
28158.259766 -15146.857422
28177.390625 -15176.192383
28196.554688 -15205.563477
28215.750000 -15234.971680
28234.978516 -15264.416992
28254.238281 -15293.898438
28273.531250 -15323.416992
28292.855469 -15352.971680
28312.212891 -15382.563477
28331.601562 -15412.192383
28351.023438 -15441.857422
28370.476562 -15471.559570
28389.962891 -15501.297852
28409.482422 -15531.073242
28429.033203 -15560.885742
28448.617188 -15590.734375
28468.232422 -15620.620117
28487.880859 -15650.541992
28507.560547 -15680.500977
28527.273438 -15710.497070
28547.017578 -15740.529297
28566.794922 -15770.598633
28586.603516 -15800.704102
28606.445312 -15830.846680
28626.318359 -15861.026367
28646.224609 -15891.242188
28666.164062 -15921.495117
28686.134766 -15951.784180
28706.138672 -15982.110352
28726.173828 -16012.473633
28746.242188 -16042.873047
28766.341797 -16073.309570
28786.474609 -16103.783203
28806.638672 -16134.292969
28826.835938 -16164.839844
28847.064453 -16195.422852
28867.375000 -16226.023438
28887.750000 -16256.648438
28908.189453 -16287.297852
28928.695312 -16317.970703
28949.265625 -16348.667969
28969.900391 -16379.389648
28990.599609 -16410.134766
29011.365234 -16440.904297
29032.195312 -16471.697266
29053.089844 -16502.515625
29074.048828 -16533.357422
29095.072266 -16564.222656
29116.162109 -16595.111328
29137.316406 -16626.025391
29158.535156 -16656.962891
29179.818359 -16687.923828
29201.167969 -16718.910156
29222.582031 -16749.919922
29244.060547 -16780.953125
29265.603516 -16812.011719
29287.212891 -16843.093750
29308.886719 -16874.199219
29330.625000 -16905.330078
29352.427734 -16936.484375
29374.294922 -16967.662109
29396.228516 -16998.865234
29418.226562 -17030.091797
29440.289062 -17061.341797
29462.416016 -17092.617188
29484.609375 -17123.916016
29506.867188 -17155.238281
29529.189453 -17186.583984
29551.576172 -17217.955078
29574.027344 -17249.349609
29596.544922 -17280.767578
29619.126953 -17312.210938
29641.773438 -17343.677734
29664.484375 -17375.167969
29687.261719 -17406.683594
29710.103516 -17438.222656
29732.992188 -17469.781250
29755.933594 -17501.359375
29778.927734 -17532.958984
29801.974609 -17564.580078
29825.074219 -17596.220703
29848.226562 -17627.882812
29871.431641 -17659.566406
29894.689453 -17691.269531
29918.000000 -17722.994141
29941.363281 -17754.738281
29964.779297 -17786.503906
29988.248047 -17818.291016
30011.769531 -17850.097656
30035.343750 -17881.925781
30058.970703 -17913.775391
30082.650391 -17945.644531
30106.382812 -17977.535156
30130.167969 -18009.447266
30154.005859 -18041.378906
30177.896484 -18073.332031
30201.839844 -18105.304688
30225.835938 -18137.298828
30249.884766 -18169.314453
30273.986328 -18201.349609
30298.140625 -18233.406250
30322.347656 -18265.484375
30346.607422 -18297.582031
30370.919922 -18329.701172
30395.285156 -18361.841797
30419.703125 -18394.001953
30444.173828 -18426.183594
30468.697266 -18458.384766
30493.273438 -18490.607422
30517.902344 -18522.851562
30542.583984 -18555.115234
30567.318359 -18587.400391
30592.107422 -18619.707031
30616.949219 -18652.033203
30641.843750 -18684.380859
30666.791016 -18716.750000
30691.757812 -18749.158203
30716.755859 -18781.599609
30741.785156 -18814.074219
30766.847656 -18846.582031
30791.941406 -18879.125000
30817.066406 -18911.701172
30842.222656 -18944.310547
30867.410156 -18976.953125
30892.628906 -19009.628906
30917.878906 -19042.337891
30943.160156 -19075.082031
30968.474609 -19107.859375
30993.820312 -19140.669922
31019.197266 -19173.513672
31044.605469 -19206.390625
31070.044922 -19239.300781
31095.515625 -19272.244141
31121.017578 -19305.222656
31146.550781 -19338.234375
31172.115234 -19371.279297
31197.712891 -19404.357422
31223.341797 -19437.468750
31249.001953 -19470.613281
31274.693359 -19503.792969
31300.416016 -19537.005859
31326.169922 -19570.251953
31351.955078 -19603.531250
31377.771484 -19636.843750
31403.619141 -19670.189453
31429.500000 -19703.568359
31455.412109 -19736.982422
31481.355469 -19770.429688
31507.330078 -19803.910156
31533.335938 -19837.423828
31559.373047 -19870.970703
31585.441406 -19904.550781
31611.541016 -19938.164062
31637.673828 -19971.812500
31663.837891 -20005.494141
31690.033203 -20039.208984
31716.216797 -20072.929688
31742.404297 -20106.666016
31768.595703 -20140.416016
31794.791016 -20174.181641
31820.990234 -20207.962891
31847.191406 -20241.757812
31873.396484 -20275.568359
31899.605469 -20309.394531
31925.818359 -20343.236328
31952.035156 -20377.091797
31978.255859 -20410.962891
32004.478516 -20444.849609
32030.705078 -20478.750000
32056.935547 -20512.666016
32083.169922 -20546.597656
32109.408203 -20580.542969
32135.648438 -20614.503906
32161.892578 -20648.480469
32188.140625 -20682.472656
32214.392578 -20716.478516
32240.648438 -20750.500000
32266.908203 -20784.537109
32293.169922 -20818.587891
32319.435547 -20852.654297
32345.705078 -20886.736328
32371.978516 -20920.833984
32398.255859 -20954.945312
32424.535156 -20989.072266
32450.818359 -21023.214844
32477.105469 -21057.371094
32503.396484 -21091.542969
32529.691406 -21125.730469
32555.990234 -21159.931641
32582.291016 -21194.148438
32608.595703 -21228.380859
32634.904297 -21262.628906
32661.216797 -21296.890625
32687.533203 -21331.167969
32713.851562 -21365.460938
32740.173828 -21399.767578
32766.552734 -21434.091797
32792.972656 -21468.431641
32819.429688 -21502.787109
32845.925781 -21537.160156
32872.460938 -21571.548828
32899.035156 -21605.953125
32925.648438 -21640.373047
32952.300781 -21674.810547
32978.992188 -21709.263672
33005.722656 -21743.732422
33032.492188 -21778.216797
33059.300781 -21812.718750
33086.148438 -21847.236328
33113.035156 -21881.769531
33139.960938 -21916.318359
33166.921875 -21950.884766
33193.921875 -21985.466797
33220.960938 -22020.064453
33248.039062 -22054.677734
33275.156250 -22089.308594
33302.312500 -22123.955078
33329.507812 -22158.617188
33356.742188 -22193.294922
33384.015625 -22227.990234
33411.328125 -22262.701172
33438.679688 -22297.427734
33466.070312 -22332.169922
33493.500000 -22366.929688
33520.968750 -22401.705078
33548.476562 -22436.496094
33576.023438 -22471.302734
33603.609375 -22506.126953
33631.234375 -22540.966797
33658.898438 -22575.822266
33686.601562 -22610.693359
33714.343750 -22645.580078
33742.125000 -22680.484375
33769.945312 -22715.404297
33797.804688 -22750.339844
33825.703125 -22785.291016
33853.617188 -22820.263672
33881.558594 -22855.253906
33909.527344 -22890.263672
33937.519531 -22925.292969
33965.539062 -22960.339844
33993.582031 -22995.406250
34021.652344 -23030.490234
34049.746094 -23065.593750
34077.867188 -23100.716797
34106.015625 -23135.857422
34134.187500 -23171.017578
34162.386719 -23206.195312
34190.609375 -23241.392578
34218.859375 -23276.609375
34247.136719 -23311.843750
34275.437500 -23347.097656
34303.765625 -23382.369141
34332.117188 -23417.660156
34360.496094 -23452.970703
34388.898438 -23488.298828
34417.328125 -23523.646484
34445.785156 -23559.011719
34474.265625 -23594.396484
34502.773438 -23629.800781
34531.304688 -23665.222656
34559.863281 -23700.664062
34588.445312 -23736.123047
34617.054688 -23771.601562
34645.691406 -23807.099609
34674.351562 -23842.615234
34703.039062 -23878.150391
34731.750000 -23913.703125
34760.488281 -23949.275391
34789.253906 -23984.867188
34818.042969 -24020.476562
34846.859375 -24056.105469
34875.699219 -24091.751953
34904.566406 -24127.417969
34933.457031 -24163.103516
34962.375000 -24198.806641
34991.300781 -24234.541016
35020.238281 -24270.302734
35049.191406 -24306.093750
35078.156250 -24341.912109
35107.136719 -24377.757812
35136.128906 -24413.630859
35165.132812 -24449.531250
35194.152344 -24485.458984
35223.183594 -24521.414062
35252.230469 -24557.396484
35281.289062 -24593.406250
35310.363281 -24629.443359
35339.449219 -24665.507812
35368.546875 -24701.599609
35397.660156 -24737.718750
35426.785156 -24773.865234
35455.925781 -24810.039062
35485.078125 -24846.242188
35514.246094 -24882.472656
35543.425781 -24918.730469
35572.617188 -24955.015625
35601.824219 -24991.328125
35631.042969 -25027.667969
35660.277344 -25064.035156
35689.523438 -25100.429688
35718.785156 -25136.851562
35748.058594 -25173.300781
35777.343750 -25209.777344
35806.644531 -25246.281250
35835.957031 -25282.812500
35865.285156 -25319.371094
35894.625000 -25355.957031
35923.980469 -25392.572266
35953.347656 -25429.214844
35982.726562 -25465.884766
36012.121094 -25502.582031
36041.527344 -25539.306641
36070.949219 -25576.058594
36100.382812 -25612.837891
36129.832031 -25649.644531
36159.277344 -25686.464844
36188.726562 -25723.304688
36218.179688 -25760.164062
36247.636719 -25797.041016
36277.097656 -25833.937500
36306.562500 -25870.853516
36336.031250 -25907.787109
36365.503906 -25944.740234
36394.980469 -25981.712891
36424.460938 -26018.703125
36453.945312 -26055.712891
36483.433594 -26092.740234
36512.925781 -26129.787109
36542.421875 -26166.853516
36571.921875 -26203.937500
36601.425781 -26241.041016
36630.933594 -26278.164062
36660.445312 -26315.304688
36689.960938 -26352.464844
36719.480469 -26389.644531
36749.003906 -26426.841797
36778.531250 -26464.058594
36808.062500 -26501.292969
36837.597656 -26538.546875
36867.136719 -26575.820312
36896.679688 -26613.111328
36926.226562 -26650.421875
36955.777344 -26687.751953
36985.332031 -26725.099609
37014.890625 -26762.466797
37044.453125 -26799.853516
37074.019531 -26837.257812
37103.589844 -26874.681641
37133.164062 -26912.125000
37162.742188 -26949.585938
37192.324219 -26987.066406
37221.910156 -27024.564453
37251.500000 -27062.082031
37281.093750 -27099.619141
37310.691406 -27137.173828
37340.308594 -27174.761719
37369.945312 -27212.376953
37399.597656 -27250.019531
37429.265625 -27287.691406
37458.949219 -27325.390625
37488.648438 -27363.117188
37518.363281 -27400.871094
37548.097656 -27438.654297
37577.847656 -27476.464844
37607.613281 -27514.302734
37637.394531 -27552.167969
37667.191406 -27590.062500
37697.007812 -27627.984375
37726.839844 -27665.933594
37756.687500 -27703.910156
37786.550781 -27741.916016
37816.429688 -27779.949219
37846.324219 -27818.009766
37876.238281 -27856.097656
37906.167969 -27894.214844
37936.113281 -27932.359375
37966.074219 -27970.531250
37996.050781 -28008.730469
38026.046875 -28046.958984
38056.058594 -28085.214844
38086.085938 -28123.498047
38116.128906 -28161.808594
38146.187500 -28200.148438
38176.265625 -28238.515625
38206.359375 -28276.910156
38236.468750 -28315.332031
38266.593750 -28353.783203
38296.734375 -28392.261719
38326.890625 -28430.767578
38357.066406 -28469.300781
38387.257812 -28507.863281
38417.464844 -28546.453125
38447.687500 -28585.070312
38477.925781 -28623.714844
38508.183594 -28662.386719
38538.527344 -28701.093750
38568.933594 -28739.832031
38599.402344 -28778.601562
38629.933594 -28817.402344
38660.527344 -28856.236328
38691.187500 -28895.101562
38721.910156 -28933.998047
38752.695312 -28972.925781
38783.542969 -29011.886719
38814.453125 -29050.878906
38845.429688 -29089.902344
38876.468750 -29128.957031
38907.570312 -29168.042969
38938.734375 -29207.162109
38969.960938 -29246.312500
39001.253906 -29285.494141
39032.609375 -29324.707031
39064.027344 -29363.953125
39095.507812 -29403.230469
39127.050781 -29442.539062
39158.656250 -29481.878906
39190.328125 -29521.251953
39222.062500 -29560.656250
39253.859375 -29600.091797
39285.718750 -29639.558594
39317.640625 -29679.056641
39349.628906 -29718.587891
39381.679688 -29758.150391
39413.792969 -29797.744141
39445.968750 -29837.369141
39478.207031 -29877.027344
39510.511719 -29916.716797
39542.878906 -29956.437500
39575.308594 -29996.189453
39607.800781 -30035.974609
39640.355469 -30075.791016
39672.972656 -30115.638672
39705.656250 -30155.517578
39738.402344 -30195.427734
39771.210938 -30235.371094
39804.121094 -30275.345703
39837.117188 -30315.353516
39870.203125 -30355.392578
39903.375000 -30395.462891
39936.636719 -30435.566406
39969.984375 -30475.701172
40003.421875 -30515.867188
40036.945312 -30556.066406
40070.558594 -30596.296875
40104.257812 -30636.560547
40138.046875 -30676.855469
40171.921875 -30717.181641
40205.886719 -30757.541016
40239.937500 -30797.931641
40274.078125 -30838.355469
40308.304688 -30878.810547
40342.621094 -30919.296875
40377.023438 -30959.816406
40411.515625 -31000.367188
40446.093750 -31040.949219
40480.761719 -31081.564453
40515.515625 -31122.210938
40550.359375 -31162.890625
40585.289062 -31203.601562
40620.308594 -31244.343750
40655.414062 -31285.119141
40690.609375 -31325.925781
40725.890625 -31366.765625
40761.261719 -31407.636719
40796.718750 -31448.539062
40832.265625 -31489.474609
40867.898438 -31530.441406
40903.621094 -31571.439453
40939.429688 -31612.470703
40975.328125 -31653.533203
41011.312500 -31694.628906
41047.386719 -31735.755859
41083.546875 -31776.914062
41119.792969 -31818.105469
41156.128906 -31859.328125
41192.503906 -31900.554688
41228.933594 -31941.794922
41265.417969 -31983.048828
41301.957031 -32024.316406
41338.550781 -32065.597656
41375.195312 -32106.892578
41411.894531 -32148.201172
41448.648438 -32189.521484
41485.457031 -32230.855469
41522.320312 -32272.203125
41559.238281 -32313.564453
41596.210938 -32354.939453
41633.238281 -32396.328125
41670.320312 -32437.730469
41707.457031 -32479.146484
41744.648438 -32520.574219
41781.894531 -32562.015625
41819.195312 -32603.470703
41856.550781 -32644.939453
41893.960938 -32686.421875
41931.425781 -32727.917969
41968.945312 -32769.425781
42006.519531 -32810.949219
42044.148438 -32852.484375
42081.832031 -32894.035156
42119.570312 -32935.597656
42157.363281 -32977.171875
42195.210938 -33018.761719
42233.113281 -33060.363281
42271.066406 -33101.980469
42309.074219 -33143.609375
42347.136719 -33185.253906
42385.253906 -33226.910156
42423.425781 -33268.582031
42461.652344 -33310.265625
42499.933594 -33351.960938
42538.269531 -33393.671875
42576.660156 -33435.394531
42615.105469 -33477.132812
42653.605469 -33518.882812
42692.191406 -33560.644531
42730.851562 -33602.417969
42769.589844 -33644.203125
42808.402344 -33686.000000
42847.289062 -33727.808594
42886.250000 -33769.632812
42925.289062 -33811.468750
42964.402344 -33853.316406
43003.589844 -33895.175781
43042.851562 -33937.046875
43082.191406 -33978.929688
43121.605469 -34020.824219
43161.093750 -34062.730469
43200.660156 -34104.648438
43240.300781 -34146.578125
43280.015625 -34188.523438
43319.804688 -34230.480469
43359.671875 -34272.449219
43399.613281 -34314.429688
43439.628906 -34356.421875
43479.722656 -34398.425781
43519.890625 -34440.441406
43560.132812 -34482.468750
43600.449219 -34524.507812
43640.843750 -34566.558594
43681.312500 -34608.625000
43721.855469 -34650.703125
43762.472656 -34692.792969
43803.167969 -34734.894531
43843.937500 -34777.007812
43884.781250 -34819.132812
43925.703125 -34861.269531
43966.699219 -34903.417969
44007.769531 -34945.578125
44048.914062 -34987.750000
44090.136719 -35029.937500
44131.433594 -35072.136719
44172.804688 -35114.347656
44214.250000 -35156.570312
44255.773438 -35198.804688
44297.367188 -35241.078125
44339.035156 -35283.382812
44380.773438 -35325.718750
44422.585938 -35368.085938
44464.468750 -35410.488281
44506.425781 -35452.921875
44548.453125 -35495.386719
44590.554688 -35537.882812
44632.730469 -35580.410156
44674.976562 -35622.968750
44717.296875 -35665.558594
44759.687500 -35708.179688
44802.152344 -35750.832031
44844.691406 -35793.515625
44887.300781 -35836.230469
44929.984375 -35878.976562
44972.738281 -35921.753906
45015.566406 -35964.562500
45058.464844 -36007.402344
45101.437500 -36050.273438
45144.484375 -36093.175781
45187.601562 -36136.109375
45230.792969 -36179.074219
45274.054688 -36222.070312
45317.390625 -36265.097656
45360.796875 -36308.156250
45404.277344 -36351.246094
45447.832031 -36394.367188
45491.457031 -36437.519531
45535.156250 -36480.703125
45578.925781 -36523.917969
45622.769531 -36567.164062
45666.687500 -36610.441406
45710.675781 -36653.750000
45754.738281 -36697.089844
45798.871094 -36740.464844
45843.078125 -36783.871094
45887.355469 -36827.308594
45931.707031 -36870.777344
45976.132812 -36914.277344
46020.578125 -36957.789062
46065.058594 -37001.316406
46109.578125 -37044.863281
46154.136719 -37088.429688
46198.730469 -37132.015625
46243.363281 -37175.617188
46288.031250 -37219.238281
46332.738281 -37262.878906
46377.484375 -37306.539062
46422.265625 -37350.214844
46467.085938 -37393.910156
46511.945312 -37437.625000
46556.839844 -37481.359375
46601.773438 -37525.109375
46646.742188 -37568.878906
46691.750000 -37612.667969
46736.796875 -37656.476562
46781.878906 -37700.300781
46827.000000 -37744.144531
46872.156250 -37788.007812
46917.351562 -37831.886719
46962.585938 -37875.785156
47007.855469 -37919.703125
47053.164062 -37963.640625
47098.511719 -38007.593750
47143.894531 -38051.566406
47189.316406 -38095.558594
47234.773438 -38139.570312
47280.269531 -38183.597656
47325.804688 -38227.644531
47371.375000 -38271.710938
47416.984375 -38315.796875
47462.632812 -38359.898438
47508.316406 -38404.019531
47554.039062 -38448.160156
47599.796875 -38492.320312
47645.593750 -38536.496094
47691.429688 -38580.691406
47737.300781 -38624.906250
47783.210938 -38669.136719
47829.171875 -38713.390625
47875.179688 -38757.667969
47921.234375 -38801.964844
47967.335938 -38846.281250
48013.484375 -38890.621094
48059.679688 -38934.980469
48105.921875 -38979.363281
48152.210938 -39023.765625
48198.546875 -39068.187500
48244.929688 -39112.632812
48291.359375 -39157.097656
48337.835938 -39201.585938
48384.359375 -39246.093750
48430.929688 -39290.621094
48477.546875 -39335.171875
48524.210938 -39379.742188
48570.921875 -39424.335938
48617.679688 -39468.949219
48664.484375 -39513.582031
48711.335938 -39558.238281
48758.234375 -39602.914062
48805.179688 -39647.613281
48852.171875 -39692.332031
48899.210938 -39737.070312
48946.296875 -39781.832031
48993.429688 -39826.613281
49040.609375 -39871.417969
49087.835938 -39916.242188
49135.109375 -39961.085938
49182.429688 -40005.953125
49229.796875 -40050.839844
49277.210938 -40095.750000
49324.671875 -40140.679688
49372.179688 -40185.628906
49419.734375 -40230.601562
49467.335938 -40275.593750
49514.984375 -40320.609375
49562.679688 -40365.644531
49610.421875 -40410.699219
49658.210938 -40455.777344
49706.019531 -40500.863281
49753.859375 -40545.957031
49801.730469 -40591.062500
49849.628906 -40636.179688
49897.558594 -40681.308594
49945.519531 -40726.449219
49993.507812 -40771.601562
50041.527344 -40816.765625
50089.578125 -40861.941406
50137.656250 -40907.128906
50185.765625 -40952.328125
50233.906250 -40997.535156
50282.074219 -41042.753906
50330.273438 -41087.984375
50378.503906 -41133.226562
50426.761719 -41178.480469
50475.050781 -41223.746094
50523.371094 -41269.023438
50571.718750 -41314.312500
50620.097656 -41359.613281
50668.503906 -41404.925781
50716.941406 -41450.250000
50765.410156 -41495.582031
50813.906250 -41540.925781
50862.433594 -41586.281250
50910.992188 -41631.648438
50959.578125 -41677.027344
51008.195312 -41722.417969
51056.843750 -41767.820312
51105.519531 -41813.234375
51154.226562 -41858.660156
51202.964844 -41904.097656
51251.730469 -41949.542969
51300.527344 -41995.000000
51349.355469 -42040.468750
51398.210938 -42085.949219
51447.097656 -42131.441406
51496.015625 -42176.945312
51544.960938 -42222.460938
51593.937500 -42267.988281
51642.957031 -42313.539062
51692.011719 -42359.109375
51741.105469 -42404.699219
51790.234375 -42450.312500
51839.402344 -42495.945312
51888.605469 -42541.597656
51937.847656 -42587.269531
51987.125000 -42632.960938
52036.441406 -42678.671875
52085.796875 -42724.402344
52135.187500 -42770.156250
52184.617188 -42815.929688
52234.082031 -42861.722656
52283.585938 -42907.535156
52333.125000 -42953.367188
52382.703125 -42999.218750
52432.320312 -43045.089844
52481.972656 -43090.984375
52531.664062 -43136.898438
52581.390625 -43182.832031
52631.156250 -43228.785156
52680.957031 -43274.757812
52730.796875 -43320.750000
52780.671875 -43366.761719
52830.585938 -43412.796875
52880.539062 -43458.851562
52930.527344 -43504.925781
52980.554688 -43551.019531
53030.617188 -43597.132812
53080.718750 -43643.265625
53130.855469 -43689.417969
53181.031250 -43735.593750
53231.246094 -43781.789062
53281.496094 -43828.003906
53331.785156 -43874.238281
53382.109375 -43920.492188
53432.472656 -43966.765625
53482.871094 -44013.058594
53533.308594 -44059.375000
53583.781250 -44105.710938
53634.285156 -44152.066406
53684.820312 -44198.445312
53735.386719 -44244.843750
53785.984375 -44291.265625
53836.613281 -44337.707031
53887.273438 -44384.171875
53937.964844 -44430.656250
53988.687500 -44477.164062
54039.445312 -44523.691406
54090.234375 -44570.242188
54141.054688 -44616.812500
54191.906250 -44663.402344
54242.789062 -44710.015625
54293.703125 -44756.648438
54344.648438 -44803.304688
54395.625000 -44849.980469
54446.632812 -44896.679688
54497.671875 -44943.398438
54548.742188 -44990.140625
54599.847656 -45036.902344
54650.984375 -45083.687500
54702.152344 -45130.492188
54753.351562 -45177.316406
54804.582031 -45224.164062
54855.843750 -45271.031250
54907.136719 -45317.921875
54958.460938 -45364.832031
55009.816406 -45411.765625
55061.203125 -45458.718750
55112.621094 -45505.695312
55164.074219 -45552.691406
55215.558594 -45599.710938
55267.074219 -45646.750000
55318.621094 -45693.812500
55370.199219 -45740.894531
55421.808594 -45787.996094
55473.449219 -45835.121094
55525.121094 -45882.265625
55576.824219 -45929.433594
55628.558594 -45976.621094
55680.328125 -46023.835938
55732.132812 -46071.074219
55783.972656 -46118.332031
55835.847656 -46165.613281
55887.757812 -46212.917969
55939.699219 -46260.246094
55991.675781 -46307.597656
56043.687500 -46354.972656
56095.734375 -46402.371094
56147.812500 -46449.792969
56199.925781 -46497.238281
56252.074219 -46544.707031
56304.257812 -46592.199219
56356.476562 -46639.714844
56408.726562 -46687.253906
56461.011719 -46734.816406
56513.332031 -46782.402344
56565.687500 -46830.011719
56618.078125 -46877.644531
56670.500000 -46925.300781
56722.957031 -46972.980469
56775.449219 -47020.683594
56827.976562 -47068.410156
56880.535156 -47116.160156
56933.128906 -47163.933594
56985.757812 -47211.730469
57038.421875 -47259.550781
57091.121094 -47307.394531
57143.851562 -47355.261719
57196.617188 -47403.152344
57249.417969 -47451.066406
57302.253906 -47499.003906
57355.121094 -47546.964844
57408.023438 -47594.949219
57460.960938 -47642.957031
57513.933594 -47690.988281
57566.941406 -47739.042969
57619.980469 -47787.121094
57673.054688 -47835.222656
57726.164062 -47883.347656
57779.304688 -47931.496094
57832.476562 -47979.667969
57885.683594 -48027.863281
57938.921875 -48076.078125
57992.191406 -48124.316406
58045.492188 -48172.578125
58098.828125 -48220.863281
58152.195312 -48269.171875
58205.593750 -48317.503906
58259.027344 -48365.859375
58312.492188 -48414.238281
58365.988281 -48462.640625
58419.519531 -48511.062500
58473.082031 -48559.507812
58526.675781 -48607.976562
58580.300781 -48656.468750
58633.960938 -48704.984375
58687.652344 -48753.523438
58741.375000 -48802.085938
58795.132812 -48850.671875
58848.921875 -48899.281250
58902.742188 -48947.914062
58956.597656 -48996.566406
59010.484375 -49045.242188
59064.402344 -49093.941406
59118.351562 -49142.664062
59172.335938 -49191.410156
59226.351562 -49240.179688
59280.398438 -49288.972656
59334.480469 -49337.789062
59388.593750 -49386.628906
59442.738281 -49435.488281
59496.917969 -49484.371094
59551.128906 -49533.277344
59605.371094 -49582.207031
59659.648438 -49631.160156
59713.957031 -49680.136719
59768.296875 -49729.136719
59822.667969 -49778.160156
59877.074219 -49827.207031
59931.507812 -49876.277344
59985.968750 -49925.367188
60040.457031 -49974.480469
60094.976562 -50023.617188
60149.523438 -50072.777344
60204.097656 -50121.960938
60258.703125 -50171.167969
60313.335938 -50220.398438
60367.996094 -50269.652344
60422.687500 -50318.929688
60477.406250 -50368.226562
60532.152344 -50417.546875
60586.925781 -50466.890625
60641.730469 -50516.257812
60696.562500 -50565.648438
60751.421875 -50615.062500
60806.312500 -50664.500000
60861.230469 -50713.960938
60916.175781 -50763.445312
60971.152344 -50812.949219
61026.156250 -50862.476562
61081.187500 -50912.027344
61136.250000 -50961.601562
61191.339844 -51011.199219
61246.457031 -51060.820312
61301.605469 -51110.464844
61356.781250 -51160.132812
61411.984375 -51209.820312
61467.218750 -51259.531250
61522.480469 -51309.265625
61577.769531 -51359.023438
61633.089844 -51408.804688
61688.437500 -51458.609375
61743.812500 -51508.437500
61799.218750 -51558.289062
61854.652344 -51608.164062
61910.113281 -51658.058594
61965.605469 -51707.976562
62021.125000 -51757.917969
62076.671875 -51807.882812
62132.246094 -51857.871094
62187.843750 -51907.886719
62243.468750 -51957.925781
62299.117188 -52007.988281
62354.792969 -52058.074219
62410.492188 -52108.183594
62466.218750 -52158.316406
62521.968750 -52208.472656
62577.746094 -52258.656250
62633.550781 -52308.863281
62689.378906 -52359.093750
62745.234375 -52409.347656
62801.113281 -52459.625000
62857.019531 -52509.925781
62912.949219 -52560.250000
62968.906250 -52610.597656
63024.886719 -52660.972656
63080.894531 -52711.371094
63136.929688 -52761.792969
63192.988281 -52812.238281
63249.074219 -52862.707031
63305.183594 -52913.199219
63361.320312 -52963.714844
63417.480469 -53014.257812
63473.667969 -53064.824219
63529.882812 -53115.414062
63586.121094 -53166.027344
63642.386719 -53216.664062
63698.675781 -53267.324219
63754.992188 -53318.007812
63811.332031 -53368.718750
63867.699219 -53419.453125
63924.089844 -53470.210938
63980.507812 -53520.992188
64036.953125 -53571.796875
64093.421875 -53622.625000
64149.917969 -53673.476562
64206.437500 -53724.355469
64262.984375 -53775.257812
64319.554688 -53826.183594
64376.156250 -53877.136719
64432.785156 -53928.113281
64489.441406 -53979.117188
64546.125000 -54030.144531
64602.835938 -54081.199219
64659.574219 -54132.281250
64716.339844 -54183.386719
64773.132812 -54234.519531
64829.953125 -54285.675781
64886.800781 -54336.859375
64943.675781 -54388.070312
65000.578125 -54439.304688
65057.507812 -54490.566406
65114.464844 -54541.851562
65171.449219 -54593.164062
65228.460938 -54644.500000
65285.500000 -54695.863281
65342.570312 -54747.253906
65399.667969 -54798.667969
65456.792969 -54850.109375
65513.945312 -54901.574219
65571.125000 -54953.066406
65628.328125 -55004.585938
65685.562500 -55056.128906
65742.820312 -55107.699219
65800.109375 -55159.292969
65857.429688 -55210.914062
65914.773438 -55262.562500
65972.148438 -55314.234375
66029.546875 -55365.933594
66086.976562 -55417.656250
66144.429688 -55469.406250
66201.914062 -55521.183594
66259.421875 -55572.984375
66316.960938 -55624.812500
66374.523438 -55676.664062
66432.117188 -55728.542969
66489.734375 -55780.445312
66547.382812 -55832.375000
66605.054688 -55884.332031
66662.765625 -55936.320312
66720.507812 -55988.339844
66778.281250 -56040.386719
66836.093750 -56092.464844
66893.937500 -56144.574219
66951.812500 -56196.714844
67009.718750 -56248.882812
67067.664062 -56301.082031
67125.640625 -56353.312500
67183.648438 -56405.574219
67241.687500 -56457.863281
67299.765625 -56510.183594
67357.875000 -56562.535156
67416.015625 -56614.917969
67474.187500 -56667.328125
67532.398438 -56719.769531
67590.640625 -56772.242188
67648.914062 -56824.746094
67707.218750 -56877.277344
67765.562500 -56929.839844
67823.937500 -56982.433594
67882.343750 -57035.054688
67940.781250 -57087.707031
67999.257812 -57140.390625
68057.765625 -57193.105469
68116.304688 -57245.847656
68174.875000 -57298.621094
68233.484375 -57351.425781
68292.125000 -57404.261719
68350.796875 -57457.125000
68409.500000 -57510.019531
68468.242188 -57562.945312
68527.015625 -57615.902344
68585.820312 -57668.886719
68644.656250 -57721.902344
68703.531250 -57774.949219
68762.437500 -57828.027344
68821.375000 -57881.132812
68880.343750 -57934.269531
68939.351562 -57987.437500
68998.382812 -58040.632812
69057.445312 -58093.859375
69116.539062 -58147.113281
69175.664062 -58200.398438
69234.820312 -58253.710938
69294.007812 -58307.054688
69353.226562 -58360.425781
69412.476562 -58413.828125
69471.757812 -58467.257812
69531.062500 -58520.718750
69590.398438 -58574.207031
69649.765625 -58627.726562
69709.164062 -58681.273438
69768.593750 -58734.851562
69828.054688 -58788.460938
69887.546875 -58842.097656
69947.070312 -58895.765625
70006.625000 -58949.460938
70066.210938 -59003.187500
70125.828125 -59056.941406
70185.468750 -59110.726562
70245.140625 -59164.539062
70304.843750 -59218.382812
70364.578125 -59272.253906
70424.343750 -59326.156250
70484.140625 -59380.085938
70543.968750 -59434.046875
70603.828125 -59488.035156
70663.718750 -59542.054688
70723.640625 -59596.101562
70783.593750 -59650.179688
70843.570312 -59704.285156
70903.578125 -59758.421875
70963.617188 -59812.589844
71023.687500 -59866.785156
71083.789062 -59921.011719
71143.921875 -59975.265625
71204.085938 -60029.550781
71264.281250 -60083.863281
71324.507812 -60138.207031
