-0.017212 0.011270
-0.034425 0.022585
-0.051637 0.033944
-0.068850 0.045349
-0.086062 0.056798
-0.103275 0.068293
-0.120487 0.079832
-0.137700 0.091416
-0.154912 0.103045
-0.172125 0.114719
-0.189337 0.126438
-0.206550 0.138202
-0.223762 0.150011
-0.240975 0.161864
-0.258187 0.173763
-0.275400 0.185706
-0.292612 0.197695
-0.309825 0.209728
-0.327037 0.221806
-0.344250 0.233929
-0.361462 0.246097
-0.378675 0.258310
-0.395887 0.270567
-0.413100 0.282870
-0.430313 0.295217
-0.447525 0.307610
-0.464738 0.320047
-0.481950 0.332529
-0.499163 0.345056
-0.516375 0.357628
-0.533588 0.370245
-0.550800 0.382907
-0.568013 0.395614
-0.585225 0.408365
-0.602438 0.421162
-0.619650 0.434003
-0.636863 0.446890
-0.654075 0.459821
-0.671288 0.472797
-0.688500 0.485818
-0.705388 0.499235
-0.722275 0.512699
-0.739163 0.526209
-0.756050 0.539765
-0.772938 0.553367
-0.789825 0.567016
-0.806713 0.580711
-0.823600 0.594453
-0.840488 0.608240
-0.857375 0.622074
-0.874263 0.635955
-0.891150 0.649881
-0.908037 0.663854
-0.924925 0.677873
-0.941812 0.691939
-0.958700 0.706051
-0.975587 0.720209
-0.992475 0.734413
-1.009362 0.748664
-1.026250 0.762961
-1.043138 0.777304
-1.060025 0.791694
-1.076913 0.806130
-1.093800 0.820612
-1.110688 0.835140
-1.127575 0.849715
-1.144463 0.864336
-1.161350 0.879004
-1.178238 0.893717
-1.195125 0.908477
-1.212013 0.923284
-1.228901 0.938136
-1.245788 0.953035
-1.262676 0.967981
-1.279563 0.982972
-1.296451 0.998010
-1.313338 1.013094
-1.330226 1.028224
-1.347113 1.043401
-1.364001 1.058624
-1.379663 1.075086
-1.395326 1.091598
-1.410988 1.108162
-1.426651 1.124776
-1.442313 1.141442
-1.457976 1.158159
-1.473638 1.174927
-1.489300 1.191746
-1.504963 1.208616
-1.520625 1.225537
-1.536288 1.242509
-1.551950 1.259532
-1.567613 1.276606
-1.583275 1.293731
-1.598937 1.310907
-1.614600 1.328135
-1.630262 1.345413
-1.645925 1.362742
-1.661587 1.380123
-1.677250 1.397554
-1.692912 1.415037
-1.708574 1.432570
-1.724237 1.450155
-1.739899 1.467791
-1.755562 1.485478
-1.771224 1.503215
-1.786887 1.521004
-1.802549 1.538844
-1.818211 1.556735
-1.833874 1.574677
-1.849536 1.592670
-1.865199 1.610714
-1.880861 1.628809
-1.896524 1.646955
-1.912186 1.665153
-1.927848 1.683401
-1.943511 1.701700
-1.959173 1.720051
-1.974836 1.738452
-1.990498 1.756905
-2.001948 1.763398
-2.013398 1.769894
-2.024848 1.776394
-2.036298 1.782897
-2.047748 1.789403
-2.059198 1.795912
-2.070648 1.802424
-2.082098 1.808940
-2.093549 1.815459
-2.104999 1.821981
-2.116449 1.828506
-2.127899 1.835034
-2.139349 1.841566
-2.150799 1.848101
-2.162249 1.854639
-2.173699 1.861180
-2.185149 1.867724
-2.196599 1.874272
-2.208049 1.880823
-2.219499 1.887377
-2.230949 1.893934
-2.242399 1.900494
-2.253849 1.907058
-2.265299 1.913625
-2.276749 1.920195
-2.288199 1.926768
-2.299649 1.933344
-2.311100 1.939924
-2.322550 1.946507
-2.334000 1.953092
-2.345450 1.959682
-2.356900 1.966274
-2.368350 1.972870
-2.379800 1.979468
-2.391250 1.986071
-2.402700 1.992676
-2.414150 1.999284
-2.425600 2.005896
-2.437050 2.012510
-2.448500 2.019128
-2.454788 2.021219
-2.461075 2.023295
-2.467363 2.025356
-2.473650 2.027402
-2.479938 2.029433
-2.486226 2.031450
-2.492513 2.033451
-2.498801 2.035438
-2.505088 2.037410
-2.511376 2.039367
-2.517663 2.041309
-2.523951 2.043236
-2.530239 2.045149
-2.536526 2.047046
-2.542814 2.048929
-2.549101 2.050797
-2.555389 2.052650
-2.561677 2.054488
-2.567964 2.056312
-2.574252 2.058120
-2.580539 2.059914
-2.586827 2.061692
-2.593114 2.063457
-2.599402 2.065206
-2.605690 2.066940
-2.611977 2.068659
-2.618265 2.070364
-2.624552 2.072053
-2.630840 2.073728
-2.637127 2.075388
-2.643415 2.077034
-2.649703 2.078664
-2.655990 2.080279
-2.662278 2.081880
-2.668565 2.083466
-2.674853 2.085037
-2.681140 2.086593
-2.687428 2.088134
-2.693716 2.089660
-2.700003 2.091172
-2.702878 2.108845
-2.705753 2.126568
-2.708628 2.144341
-2.711504 2.162164
-2.714379 2.180036
-2.717254 2.197958
-2.720129 2.215929
-2.723004 2.233950
-2.725879 2.252020
-2.728754 2.270140
-2.731629 2.288310
-2.734504 2.306529
-2.737379 2.324798
-2.740254 2.343116
-2.743129 2.361484
-2.746005 2.379902
-2.748880 2.398369
-2.751755 2.416886
-2.754630 2.435452
-2.757505 2.454068
-2.760380 2.472734
-2.763255 2.491449
-2.766130 2.510214
-2.769005 2.529028
-2.771880 2.547892
-2.774755 2.566805
-2.777631 2.585768
-2.780506 2.604781
-2.783381 2.623843
-2.786256 2.642956
-2.789131 2.662117
-2.792006 2.681329
-2.794881 2.700589
-2.797756 2.719900
-2.800631 2.739260
-2.803506 2.758670
-2.806381 2.778129
-2.809257 2.797638
-2.812132 2.817196
-2.815007 2.836804
-2.810719 2.856650
-2.806432 2.876546
-2.802144 2.896493
-2.797857 2.916490
-2.793569 2.936537
-2.789282 2.956634
-2.784994 2.976782
-2.780707 2.996981
-2.776419 3.017229
-2.772132 3.037528
-2.767844 3.057878
-2.763557 3.078277
-2.759269 3.098727
-2.754982 3.119228
-2.750695 3.139779
-2.746407 3.160380
-2.742120 3.181031
-2.737832 3.201733
-2.733545 3.222485
-2.729257 3.243288
-2.724970 3.264140
-2.720682 3.285043
-2.716395 3.305997
-2.712107 3.327001
-2.707820 3.348055
-2.703532 3.369160
-2.699245 3.390315
-2.694957 3.411520
-2.690670 3.432776
-2.686382 3.454082
-2.682095 3.475438
-2.677807 3.496845
-2.673520 3.518302
-2.669232 3.539809
-2.664945 3.561367
-2.660657 3.582975
-2.656370 3.604634
-2.652082 3.626342
-2.647795 3.648101
-2.643507 3.669911
-2.644258 3.698811
-2.645008 3.727790
-2.645758 3.756847
-2.646508 3.785983
-2.647258 3.815197
-2.648008 3.844489
-2.648758 3.873860
-2.649508 3.903309
-2.650258 3.932837
-2.651008 3.962443
-2.651758 3.992127
-2.652508 4.021890
-2.653258 4.051732
-2.654008 4.081651
-2.654758 4.111649
-2.655509 4.141726
-2.656259 4.171880
-2.657009 4.202114
-2.657759 4.232425
-2.658509 4.262815
-2.659259 4.293283
-2.660009 4.323830
-2.660759 4.354455
-2.661509 4.385159
-2.662259 4.415941
-2.663009 4.446801
-2.663759 4.477740
-2.664509 4.508757
-2.665259 4.539853
-2.666009 4.571027
-2.666759 4.602279
-2.667510 4.633610
-2.668260 4.665019
-2.669010 4.696507
-2.669760 4.728073
-2.670510 4.759717
-2.671260 4.791440
-2.672010 4.823241
-2.672760 4.855120
-2.673510 4.887078
-2.671748 4.923369
-2.669985 4.959755
-2.668223 4.996236
-2.666461 5.032813
-2.664698 5.069485
-2.662936 5.106253
-2.661173 5.143116
-2.659411 5.180074
-2.657649 5.217127
-2.655886 5.254276
-2.654124 5.291521
-2.652361 5.328860
-2.650599 5.366295
-2.648837 5.403826
-2.647074 5.441452
-2.645312 5.479173
-2.643549 5.516989
-2.641787 5.554901
-2.640025 5.592908
-2.638262 5.631011
-2.636500 5.669209
-2.634737 5.707502
-2.632975 5.745891
-2.631213 5.784375
-2.629450 5.822955
-2.627688 5.861629
-2.625926 5.900399
-2.624163 5.939264
-2.622401 5.978224
-2.620638 6.017280
-2.618876 6.056431
-2.617114 6.095678
-2.615351 6.135020
-2.613589 6.174457
-2.611826 6.213990
-2.610064 6.253618
-2.608302 6.293341
-2.606539 6.333160
-2.604777 6.373074
-2.603014 6.413084
-2.597902 6.438153
-2.592790 6.463259
-2.587677 6.488400
-2.582565 6.513576
-2.577452 6.538787
-2.572340 6.564034
-2.567228 6.589317
-2.562115 6.614635
-2.557003 6.639989
-2.551890 6.665378
-2.546778 6.690803
-2.541666 6.716262
-2.536553 6.741758
-2.531441 6.767289
-2.526328 6.792855
-2.521216 6.818457
-2.516104 6.844094
-2.510991 6.869766
-2.505879 6.895474
-2.500766 6.921218
-2.495654 6.946997
-2.490541 6.972811
-2.485429 6.998661
-2.480317 7.024546
-2.475204 7.050467
-2.470092 7.076423
-2.464979 7.102415
-2.459867 7.128442
-2.454755 7.154504
-2.449642 7.180602
-2.444530 7.206736
-2.439417 7.232904
-2.434305 7.259109
-2.429193 7.285348
-2.424080 7.311624
-2.418968 7.337934
-2.413855 7.364280
-2.408743 7.390662
-2.403630 7.417079
-2.398518 7.443532
-2.403481 7.466643
-2.408443 7.489777
-2.413405 7.512933
-2.418368 7.536111
-2.423330 7.559311
-2.428293 7.582533
-2.433255 7.605777
-2.438218 7.629043
-2.443180 7.652331
-2.448143 7.675641
-2.453105 7.698973
-2.458067 7.722327
-2.463030 7.745703
-2.467992 7.769101
-2.472955 7.792521
-2.477917 7.815963
-2.482880 7.839427
-2.487842 7.862913
-2.492805 7.886421
-2.497767 7.909951
-2.502729 7.933503
-2.507692 7.957077
-2.512654 7.980673
-2.517617 8.004291
-2.522579 8.027930
-2.527542 8.051592
-2.532504 8.075275
-2.537467 8.098982
-2.542429 8.122710
-2.547391 8.146461
-2.552354 8.170233
-2.557316 8.194027
-2.562279 8.217843
-2.567241 8.241681
-2.572204 8.265541
-2.577166 8.289423
-2.582129 8.313327
-2.587091 8.337253
-2.592053 8.361200
-2.597016 8.385170
-2.603578 8.417871
-2.610141 8.450630
-2.616703 8.483445
-2.623266 8.516317
-2.629828 8.549246
-2.636391 8.582231
-2.642953 8.615273
-2.649516 8.648371
-2.656078 8.681526
-2.662641 8.714738
-2.669203 8.748007
-2.675766 8.781332
-2.682328 8.814714
-2.688890 8.848153
-2.695453 8.881649
-2.702015 8.915201
-2.708578 8.948810
-2.715140 8.982475
-2.721703 9.016197
-2.728265 9.049976
-2.734828 9.083812
-2.741390 9.117704
-2.747953 9.151653
-2.754515 9.185659
-2.761078 9.219722
-2.767640 9.253841
-2.774203 9.288017
-2.780765 9.322249
-2.787328 9.356539
-2.793890 9.390884
-2.800452 9.425287
-2.807015 9.459746
-2.813577 9.494263
-2.820140 9.528835
-2.826702 9.563465
-2.833265 9.598151
-2.839827 9.632895
-2.846390 9.667694
-2.852952 9.702550
-2.859515 9.737463
-2.855615 9.767463
-2.851715 9.797500
-2.847815 9.827574
-2.843915 9.857684
-2.840014 9.887832
-2.836114 9.918016
-2.832214 9.948237
-2.828314 9.978496
-2.824414 10.008791
-2.820514 10.039123
-2.816614 10.069491
-2.812714 10.099897
-2.808814 10.130340
-2.804914 10.160819
-2.801014 10.191336
-2.797114 10.221889
-2.793214 10.252480
-2.789314 10.283107
-2.785414 10.313771
-2.781514 10.344472
-2.777614 10.375210
-2.773714 10.405985
-2.769814 10.436796
-2.765913 10.467645
-2.762013 10.498530
-2.758113 10.529453
-2.754213 10.560412
-2.750313 10.591409
-2.746413 10.622442
-2.742513 10.653512
-2.738613 10.684619
-2.734713 10.715763
-2.730813 10.746943
-2.726913 10.778161
-2.723013 10.809416
-2.719113 10.840707
-2.715213 10.872035
-2.711313 10.903400
-2.707413 10.934803
-2.703513 10.966242
-2.702538 10.990966
-2.701563 11.015700
-2.700588 11.040444
-2.699613 11.065198
-2.698638 11.089962
-2.697663 11.114736
-2.696688 11.139520
-2.695714 11.164313
-2.694739 11.189117
-2.693764 11.213931
-2.692789 11.238755
-2.691814 11.263589
-2.690839 11.288433
-2.689864 11.313287
-2.688889 11.338151
-2.687914 11.363025
-2.686939 11.387909
-2.685965 11.412803
-2.684990 11.437707
-2.684015 11.462621
-2.683040 11.487545
-2.682065 11.512479
-2.681090 11.537423
-2.680115 11.562377
-2.679140 11.587341
-2.678165 11.612315
-2.677191 11.637300
-2.676216 11.662293
-2.675241 11.687298
-2.674266 11.712312
-2.673291 11.737336
-2.672316 11.762370
-2.671341 11.787415
-2.670366 11.812469
-2.669391 11.837533
-2.668417 11.862607
-2.667442 11.887691
-2.666467 11.912786
-2.665492 11.937889
-2.664517 11.963003
-2.668342 11.993222
-2.672167 12.023472
-2.675992 12.053752
-2.679817 12.084063
-2.683642 12.114403
-2.687467 12.144773
-2.691292 12.175175
-2.695117 12.205606
-2.698941 12.236068
-2.702766 12.266560
-2.706591 12.297082
-2.710416 12.327635
-2.714241 12.358218
-2.718066 12.388831
-2.721891 12.419475
-2.725716 12.450149
-2.729541 12.480853
-2.733366 12.511587
-2.737191 12.542352
-2.741016 12.573147
-2.744841 12.603972
-2.748666 12.634828
-2.752491 12.665713
-2.756316 12.696630
-2.760141 12.727576
-2.763966 12.758554
-2.767791 12.789560
-2.771616 12.820598
-2.775440 12.851665
-2.779265 12.882764
-2.783090 12.913892
-2.786915 12.945050
-2.790740 12.976239
-2.794565 13.007459
-2.798390 13.038709
-2.802215 13.069988
-2.806040 13.101298
-2.809865 13.132639
-2.813690 13.164010
-2.817515 13.195411
-2.814627 13.219513
-2.811740 13.243616
-2.808852 13.267720
-2.805965 13.291825
-2.803077 13.315932
-2.800190 13.340040
-2.797302 13.364149
-2.794415 13.388259
-2.791528 13.412370
-2.788640 13.436481
-2.785753 13.460594
-2.782865 13.484709
-2.779978 13.508824
-2.777090 13.532941
-2.774203 13.557058
-2.771315 13.581177
-2.768428 13.605296
-2.765540 13.629417
-2.762653 13.653540
-2.759765 13.677663
-2.756878 13.701787
-2.753990 13.725912
-2.751103 13.750038
-2.748215 13.774165
-2.745328 13.798294
-2.742440 13.822424
-2.739553 13.846555
-2.736665 13.870687
-2.733778 13.894819
-2.730890 13.918953
-2.728003 13.943089
-2.725115 13.967225
-2.722228 13.991363
-2.719340 14.015501
-2.716453 14.039640
-2.713565 14.063781
-2.710678 14.087922
-2.707790 14.112065
-2.704903 14.136209
-2.702015 14.160355
-2.701340 14.172691
-2.700665 14.184982
-2.699991 14.197227
-2.699316 14.209426
-2.698641 14.221579
-2.697966 14.233685
-2.697291 14.245747
-2.696616 14.257762
-2.695941 14.269731
-2.695266 14.281653
-2.694591 14.293530
-2.693916 14.305362
-2.693241 14.317147
-2.692566 14.328887
-2.691891 14.340580
-2.691216 14.352227
-2.690541 14.363829
-2.689866 14.375384
-2.689191 14.386894
-2.688516 14.398357
-2.687841 14.409775
-2.687166 14.421146
-2.686491 14.432472
-2.685816 14.443752
-2.685141 14.454987
-2.684466 14.466174
-2.683791 14.477316
-2.683116 14.488412
-2.682441 14.499462
-2.681767 14.510467
-2.681092 14.521424
-2.680417 14.532336
-2.679742 14.543202
-2.679067 14.554023
-2.678392 14.564797
-2.677717 14.575526
-2.677042 14.586208
-2.676367 14.596845
-2.675692 14.607435
-2.675017 14.617980
-2.678842 14.644567
-2.682667 14.671173
-2.686492 14.697797
-2.690317 14.724439
-2.694142 14.751099
-2.697967 14.777777
-2.701792 14.804473
-2.705616 14.831187
-2.709441 14.857921
-2.713266 14.884672
-2.717091 14.911442
-2.720916 14.938230
-2.724741 14.965035
-2.728566 14.991859
-2.732391 15.018702
-2.736216 15.045562
-2.740041 15.072440
-2.743866 15.099337
-2.747691 15.126251
-2.751516 15.153184
-2.755341 15.180135
-2.759166 15.207104
-2.762991 15.234091
-2.766816 15.261096
-2.770641 15.288119
-2.774466 15.315161
-2.778291 15.342220
-2.782115 15.369298
-2.785940 15.396394
-2.789765 15.423508
-2.793590 15.450640
-2.797415 15.477790
-2.801240 15.504958
-2.805065 15.532145
-2.808890 15.559349
-2.812715 15.586572
-2.816540 15.613812
-2.820365 15.641071
-2.824190 15.668348
-2.828015 15.695643
-2.823627 15.721000
-2.819240 15.746366
-2.814852 15.771742
-2.810464 15.797129
-2.806077 15.822526
-2.801689 15.847934
-2.797302 15.873352
-2.792914 15.898781
-2.788526 15.924219
-2.784139 15.949668
-2.779751 15.975127
-2.775363 16.000597
-2.770976 16.026077
-2.766588 16.051567
-2.762201 16.077068
-2.757813 16.102579
-2.753425 16.128101
-2.749038 16.153633
-2.744650 16.179174
-2.740263 16.204727
-2.735875 16.230289
-2.731487 16.255863
-2.727100 16.281446
-2.722712 16.307041
-2.718324 16.332645
-2.713937 16.358259
-2.709549 16.383884
-2.705162 16.409519
-2.700774 16.435165
-2.696386 16.460821
-2.691999 16.486488
-2.687611 16.512165
-2.683223 16.537851
-2.678836 16.563549
-2.674448 16.589256
-2.670061 16.614975
-2.665673 16.640703
-2.661285 16.666443
-2.656898 16.692192
-2.652510 16.717951
-2.653585 16.744762
-2.654660 16.771589
-2.655735 16.798429
-2.656810 16.825285
-2.657885 16.852154
-2.658960 16.879038
-2.660035 16.905937
-2.661110 16.932850
-2.662185 16.959778
-2.663260 16.986719
-2.664335 17.013676
-2.665411 17.040648
-2.666486 17.067633
-2.667561 17.094633
-2.668636 17.121647
-2.669711 17.148676
-2.670786 17.175720
-2.671861 17.202778
-2.672936 17.229851
-2.674011 17.256937
-2.675086 17.284039
-2.676161 17.311155
-2.677236 17.338285
-2.678311 17.365431
-2.679386 17.392590
-2.680461 17.419764
-2.681536 17.446953
-2.682611 17.474155
-2.683686 17.501373
-2.684761 17.528605
-2.685836 17.555851
-2.686911 17.583113
-2.687986 17.610388
-2.689061 17.637678
-2.690136 17.664982
-2.691211 17.692301
-2.692286 17.719635
-2.693361 17.746983
-2.694436 17.774345
-2.695511 17.801722
-2.688424 17.834961
-2.681336 17.868238
-2.674249 17.901554
-2.667161 17.934908
-2.660074 17.968300
-2.652987 18.001728
-2.645899 18.035194
-2.638812 18.068699
-2.631724 18.102242
-2.624637 18.135822
-2.617549 18.169439
-2.610462 18.203094
-2.603374 18.236788
-2.596287 18.270519
-2.589199 18.304289
-2.582112 18.338097
-2.575024 18.371941
-2.567937 18.405823
-2.560849 18.439743
-2.553762 18.473701
-2.546674 18.507698
-2.539587 18.541731
-2.532500 18.575802
-2.525412 18.609911
-2.518325 18.644058
-2.511237 18.678244
-2.504150 18.712467
-2.497062 18.746727
-2.489975 18.781025
-2.482887 18.815361
-2.475800 18.849735
-2.468712 18.884148
-2.461625 18.918596
-2.454537 18.953083
-2.447450 18.987608
-2.440362 19.022171
-2.433275 19.056772
-2.426188 19.091412
-2.419100 19.126087
-2.412013 19.160801
-2.409600 19.195704
-2.407187 19.230644
-2.404775 19.265623
-2.402362 19.300640
-2.399950 19.335697
-2.397537 19.370792
-2.395125 19.405926
-2.392712 19.441097
-2.390300 19.476307
-2.387887 19.511555
-2.385474 19.546841
-2.383062 19.582165
-2.380649 19.617529
-2.378237 19.652931
-2.375824 19.688372
-2.373412 19.723850
-2.370999 19.759367
-2.368587 19.794922
-2.366174 19.830515
-2.363761 19.866148
-2.361349 19.901819
-2.358936 19.937529
-2.356524 19.973276
-2.354111 20.009062
-2.351699 20.044886
-2.349286 20.080748
-2.346874 20.116648
-2.344461 20.152588
-2.342048 20.188566
-2.339636 20.224583
-2.337223 20.260637
-2.334811 20.296730
-2.332398 20.332861
-2.329986 20.369030
-2.327573 20.405239
-2.325161 20.441486
-2.322748 20.477772
-2.320335 20.514095
-2.317923 20.550457
-2.315510 20.586857
-2.319985 20.623936
-2.324461 20.661055
-2.328936 20.698215
-2.333411 20.735416
-2.337886 20.772659
-2.342361 20.809942
-2.346836 20.847267
-2.351311 20.884632
-2.355786 20.922039
-2.360261 20.959486
-2.364737 20.996975
-2.369212 21.034504
-2.373687 21.072075
-2.378162 21.109686
-2.382637 21.147337
-2.387112 21.185030
-2.391587 21.222763
-2.396062 21.260538
-2.400537 21.298353
-2.405013 21.336210
-2.409488 21.374107
-2.413963 21.412046
-2.418438 21.450026
-2.422913 21.488047
-2.427388 21.526108
-2.431863 21.564211
-2.436338 21.602354
-2.440814 21.640539
-2.445289 21.678764
-2.449764 21.717030
-2.454239 21.755337
-2.458714 21.793684
-2.463189 21.832073
-2.467664 21.870502
-2.472139 21.908974
-2.476614 21.947485
-2.481090 21.986038
-2.485565 22.024632
-2.490040 22.063267
-2.494515 22.101942
-2.496215 22.138086
-2.497915 22.174261
-2.499615 22.210466
-2.501315 22.246702
-2.503015 22.282969
-2.504714 22.319265
-2.506414 22.355593
-2.508114 22.391951
-2.509814 22.428341
-2.511514 22.464762
-2.513214 22.501213
-2.514914 22.537695
-2.516614 22.574207
-2.518314 22.610750
-2.520014 22.647324
-2.521714 22.683928
-2.523414 22.720562
-2.525114 22.757227
-2.526814 22.793924
-2.528513 22.830652
-2.530213 22.867411
-2.531913 22.904200
-2.533613 22.941019
-2.535313 22.977869
-2.537013 23.014750
-2.538713 23.051661
-2.540413 23.088602
-2.542113 23.125574
-2.543813 23.162577
-2.545513 23.199612
-2.547213 23.236677
-2.548913 23.273773
-2.550612 23.310900
-2.552312 23.348057
-2.554012 23.385244
-2.555712 23.422462
-2.557412 23.459711
-2.559112 23.496990
-2.560812 23.534300
-2.562512 23.571642
-2.568649 23.604082
-2.574787 23.636534
-2.580924 23.668995
-2.587061 23.701468
-2.593199 23.733952
-2.599336 23.766447
-2.605474 23.798954
-2.611611 23.831470
-2.617748 23.863998
-2.623886 23.896538
-2.630023 23.929089
-2.636160 23.961649
-2.642298 23.994221
-2.648435 24.026804
-2.654572 24.059399
-2.660710 24.092005
-2.666847 24.124620
-2.672985 24.157248
-2.679122 24.189886
-2.685259 24.222536
-2.691397 24.255198
-2.697534 24.287868
-2.703671 24.320551
-2.709809 24.353245
-2.715946 24.385950
-2.722084 24.418667
-2.728221 24.451393
-2.734358 24.484131
-2.740496 24.516880
-2.746633 24.549641
-2.752770 24.582413
-2.758908 24.615194
-2.765045 24.647987
-2.771183 24.680792
-2.777320 24.713608
-2.783457 24.746435
-2.789595 24.779272
-2.795732 24.812120
-2.801869 24.844980
-2.808007 24.877851
-2.818044 24.903177
-2.828082 24.928484
-2.838119 24.953772
-2.848156 24.979040
-2.858194 25.004290
-2.868231 25.029522
-2.878269 25.054735
-2.888306 25.079929
-2.898344 25.105104
-2.908381 25.130260
-2.918418 25.155397
-2.928456 25.180515
-2.938493 25.205614
-2.948531 25.230694
-2.958568 25.255754
-2.968606 25.280796
-2.978643 25.305819
-2.988680 25.330822
-2.998718 25.355806
-3.008755 25.380772
-3.018793 25.405718
-3.028830 25.430645
-3.038867 25.455553
-3.048905 25.480442
-3.058942 25.505312
-3.068980 25.530163
-3.079017 25.554995
-3.089055 25.579807
-3.099092 25.604601
-3.109129 25.629375
-3.119167 25.654131
-3.129204 25.678867
-3.139242 25.703585
-3.149279 25.728283
-3.159317 25.752962
-3.169354 25.777622
-3.179391 25.802263
-3.189429 25.826885
-3.199466 25.851488
-3.209504 25.876072
-3.216266 25.910664
-3.223029 25.945276
-3.229791 25.979910
-3.236554 26.014565
-3.243316 26.049240
-3.250079 26.083937
-3.256841 26.118654
-3.263604 26.153393
-3.270366 26.188152
-3.277129 26.222933
-3.283891 26.257734
-3.290654 26.292557
-3.297416 26.327400
-3.304179 26.362265
-3.310941 26.397150
-3.317704 26.432056
-3.324466 26.466984
-3.331229 26.501930
-3.337991 26.536898
-3.344754 26.571886
-3.351516 26.606895
-3.358279 26.641926
-3.365041 26.676977
-3.371804 26.712049
-3.378566 26.747143
-3.385329 26.782257
-3.392091 26.817392
-3.398854 26.852549
-3.405616 26.887726
-3.412379 26.922924
-3.419141 26.958143
-3.425904 26.993383
-3.432666 27.028645
-3.439429 27.063927
-3.446191 27.099230
-3.452954 27.134554
-3.459716 27.169899
-3.466479 27.205265
-3.473241 27.240652
-3.480004 27.276060
-3.475454 27.310358
-3.470904 27.344673
-3.466354 27.379005
-3.461804 27.413353
-3.457254 27.447718
-3.452704 27.482098
-3.448154 27.516495
-3.443604 27.550909
-3.439054 27.585339
-3.434504 27.619785
-3.429954 27.654247
-3.425404 27.688726
-3.420854 27.723223
-3.416304 27.757734
-3.411754 27.792263
-3.407204 27.826807
-3.402654 27.861368
-3.398104 27.895947
-3.393554 27.930540
-3.389004 27.965151
-3.384454 27.999777
-3.379904 28.034420
-3.375354 28.069080
-3.370804 28.103756
-3.366254 28.138449
-3.361704 28.173157
-3.357154 28.207882
-3.352604 28.242624
-3.348054 28.277382
-3.343504 28.312157
-3.338954 28.346947
-3.334404 28.381754
-3.329854 28.416578
-3.325305 28.451418
-3.320755 28.486275
-3.316205 28.521147
-3.311655 28.556036
-3.307105 28.590940
-3.302555 28.625862
-3.298005 28.660801
-3.290655 28.694262
-3.283305 28.727734
-3.275955 28.761215
-3.268605 28.794708
-3.261255 28.828211
-3.253905 28.861725
-3.246555 28.895248
-3.239205 28.928783
-3.231855 28.962328
-3.224505 28.995884
-3.217155 29.029449
-3.209805 29.063026
-3.202455 29.096613
-3.195105 29.130211
-3.187755 29.163818
-3.180405 29.197435
-3.173055 29.231064
-3.165705 29.264702
-3.158355 29.298351
-3.151005 29.332010
-3.143655 29.365681
-3.136305 29.399361
-3.128955 29.433052
-3.121605 29.466753
-3.114255 29.500465
-3.106905 29.534187
-3.099555 29.567921
-3.092206 29.601664
-3.084856 29.635418
-3.077506 29.669182
-3.070156 29.702957
-3.062806 29.736742
-3.055456 29.770538
-3.048106 29.804344
-3.040756 29.838161
-3.033406 29.871988
-3.026056 29.905827
-3.018706 29.939674
-3.011356 29.973532
-3.004006 30.007401
-3.003956 30.051407
-3.003906 30.095465
-3.003856 30.139574
-3.003806 30.183733
-3.003756 30.227943
-3.003706 30.272205
-3.003655 30.316517
-3.003605 30.360880
-3.003555 30.405293
-3.003505 30.449757
-3.003455 30.494272
-3.003405 30.538837
-3.003355 30.583454
-3.003305 30.628122
-3.003255 30.672840
-3.003205 30.717609
-3.003155 30.762430
-3.003105 30.807301
-3.003055 30.852222
-3.003005 30.897194
-3.002954 30.942217
-3.002904 30.987291
-3.002854 31.032415
-3.002804 31.077591
-3.002754 31.122818
-3.002704 31.168095
-3.002654 31.213423
-3.002604 31.258801
-3.002554 31.304230
-3.002504 31.349710
-3.002454 31.395241
-3.002404 31.440823
-3.002354 31.486456
-3.002304 31.532139
-3.002254 31.577873
-3.002203 31.623659
-3.002153 31.669495
-3.002103 31.715382
-3.002053 31.761318
-3.002003 31.807306
-3.003941 31.843870
-3.005878 31.880447
-3.007815 31.917038
-3.009753 31.953640
-3.011690 31.990255
-3.013628 32.026886
-3.015565 32.063530
-3.017502 32.100185
-3.019440 32.136852
-3.021377 32.173534
-3.023314 32.210228
-3.025252 32.246937
-3.027189 32.283657
-3.029127 32.320389
-3.031064 32.357136
-3.033001 32.393894
-3.034939 32.430668
-3.036876 32.467453
-3.038814 32.504253
-3.040751 32.541065
-3.042688 32.577888
-3.044626 32.614727
-3.046563 32.651577
-3.048501 32.688442
-3.050438 32.725319
-3.052375 32.762211
-3.054313 32.799114
-3.056250 32.836029
-3.058187 32.872959
-3.060125 32.909901
-3.062062 32.946857
-3.064000 32.983826
-3.065937 33.020805
-3.067874 33.057800
-3.069812 33.094807
-3.071749 33.131828
-3.073687 33.168861
-3.075624 33.205910
-3.077561 33.242970
-3.079499 33.280041
-3.082849 33.307888
-3.086199 33.335712
-3.089549 33.363514
-3.092899 33.391293
-3.096249 33.419048
-3.099599 33.446777
-3.102949 33.474483
-3.106299 33.502167
-3.109649 33.529827
-3.112999 33.557461
-3.116349 33.585072
-3.119699 33.612659
-3.123049 33.640224
-3.126399 33.667767
-3.129749 33.695282
-3.133099 33.722775
-3.136449 33.750244
-3.139799 33.777691
-3.143149 33.805111
-3.146499 33.832508
-3.149849 33.859882
-3.153199 33.887234
-3.156549 33.914558
-3.159899 33.941860
-3.163249 33.969139
-3.166599 33.996395
-3.169949 34.023628
-3.173299 34.050835
-3.176649 34.078018
-3.179999 34.105179
-3.183349 34.132317
-3.186699 34.159428
-3.190049 34.186516
-3.193399 34.213581
-3.196749 34.240623
-3.200099 34.267643
-3.203449 34.294636
-3.206800 34.321606
-3.210150 34.348553
-3.213500 34.375477
-3.222112 34.402939
-3.230724 34.430382
-3.239337 34.457802
-3.247949 34.485203
-3.256562 34.512581
-3.265174 34.539936
-3.273786 34.567272
-3.282399 34.594585
-3.291011 34.621876
-3.299623 34.649147
-3.308236 34.676395
-3.316848 34.703621
-3.325461 34.730827
-3.334073 34.758011
-3.342685 34.785175
-3.351298 34.812317
-3.359910 34.839436
-3.368523 34.866535
-3.377135 34.893612
-3.385747 34.920666
-3.394360 34.947701
-3.402972 34.974712
-3.411585 35.001701
-3.420197 35.028671
-3.428809 35.055618
-3.437422 35.082546
-3.446034 35.109451
-3.454647 35.136333
-3.463259 35.163197
-3.471871 35.190037
-3.480484 35.216854
-3.489096 35.243652
-3.497709 35.270428
-3.506321 35.297180
-3.514933 35.323914
-3.523546 35.350624
-3.532158 35.377316
-3.540771 35.403984
-3.549383 35.430630
-3.557995 35.457256
-3.565345 35.476078
-3.572695 35.494850
-3.580045 35.513569
-3.587395 35.532234
-3.594745 35.550846
-3.602095 35.569405
-3.609445 35.587914
-3.616795 35.606369
-3.624145 35.624771
-3.631495 35.643120
-3.638845 35.661419
-3.646195 35.679665
-3.653545 35.697857
-3.660895 35.715996
-3.668245 35.734085
-3.675595 35.752121
-3.682945 35.770103
-3.690295 35.788033
-3.697645 35.805912
-3.704995 35.823738
-3.712345 35.841511
-3.719695 35.859230
-3.727045 35.876900
-3.734395 35.894516
-3.741745 35.912079
-3.749094 35.929588
-3.756444 35.947044
-3.763794 35.964451
-3.771144 35.981804
-3.778494 35.999104
-3.785844 36.016350
-3.793194 36.033546
-3.800544 36.050690
-3.807894 36.067780
-3.815244 36.084816
-3.822594 36.101803
-3.829944 36.118736
-3.837294 36.135616
-3.844644 36.152443
-3.851994 36.169220
-3.867269 36.197124
-3.882544 36.225021
-3.897819 36.252911
-3.913094 36.280792
-3.928369 36.308666
-3.943644 36.336533
-3.958919 36.364391
-3.974194 36.392242
-3.989469 36.420082
-4.004744 36.447914
-4.020019 36.475739
-4.035294 36.503555
-4.050569 36.531364
-4.065844 36.559166
-4.081119 36.586960
-4.096394 36.614746
-4.111669 36.642525
-4.126944 36.670296
-4.142219 36.698059
-4.157494 36.725815
-4.172769 36.753559
-4.188044 36.781296
-4.203319 36.809025
-4.218594 36.836746
-4.233869 36.864460
-4.249144 36.892166
-4.264419 36.919865
-4.279694 36.947556
-4.294969 36.975239
-4.310244 37.002914
-4.325519 37.030582
-4.340794 37.058239
-4.356069 37.085888
-4.371344 37.113529
-4.386619 37.141163
-4.401894 37.168789
-4.417169 37.196407
-4.432444 37.224018
-4.447719 37.251621
-4.462994 37.279217
-4.479106 37.295547
-4.495219 37.311825
-4.511331 37.328049
-4.527443 37.344219
-4.543556 37.360336
-4.559668 37.376400
-4.575780 37.392414
-4.591893 37.408375
-4.608005 37.424282
-4.624117 37.440136
-4.640230 37.455936
-4.656342 37.471684
-4.672454 37.487381
-4.688567 37.503025
-4.704679 37.518616
-4.720791 37.534153
-4.736904 37.549637
-4.753016 37.565067
-4.769128 37.580448
-4.785241 37.595776
-4.801353 37.611050
-4.817465 37.626270
-4.833578 37.641438
-4.849690 37.656551
-4.865802 37.671616
-4.881915 37.686626
-4.898027 37.701584
-4.914139 37.716488
-4.930252 37.731339
-4.946364 37.746136
-4.962476 37.760880
-4.978589 37.775574
-4.994701 37.790215
-5.010813 37.804802
-5.026926 37.819336
-5.043038 37.833817
-5.059150 37.848244
-5.075263 37.862621
-5.091375 37.876945
-5.107487 37.891216
-5.119262 37.908897
-5.131037 37.926540
-5.142812 37.944145
-5.154587 37.961708
-5.166362 37.979233
-5.178137 37.996719
-5.189912 38.014168
-5.201687 38.031574
-5.213462 38.048943
-5.225237 38.066273
-5.237012 38.083565
-5.248787 38.100819
-5.260562 38.118031
-5.272337 38.135204
-5.284112 38.152340
-5.295887 38.169437
-5.307662 38.186493
-5.319438 38.203510
-5.331213 38.220490
-5.342988 38.237431
-5.354763 38.254333
-5.366538 38.271194
-5.378313 38.288017
-5.390088 38.304802
-5.401863 38.321548
-5.413638 38.338253
-5.425413 38.354919
-5.437188 38.371548
-5.448963 38.388138
-5.460738 38.404690
-5.472513 38.421200
-5.484288 38.437672
-5.496063 38.454105
-5.507838 38.470501
-5.519613 38.486855
-5.531388 38.503170
-5.543163 38.519447
-5.554938 38.535686
-5.566713 38.551888
-5.578488 38.568047
-5.589488 38.589615
-5.600488 38.611164
-5.611488 38.632698
-5.622488 38.654213
-5.633489 38.675713
-5.644489 38.697193
-5.655489 38.718658
-5.666489 38.740105
-5.677489 38.761536
-5.688489 38.782948
-5.699490 38.804344
-5.710490 38.825722
-5.721490 38.847084
-5.732490 38.868427
-5.743490 38.889751
-5.754490 38.911060
-5.765491 38.932350
-5.776491 38.953625
-5.787491 38.974880
-5.798491 38.996120
-5.809491 39.017342
-5.820491 39.038548
-5.831491 39.059734
-5.842492 39.080906
-5.853492 39.102058
-5.864492 39.123196
-5.875492 39.144314
-5.886492 39.165413
-5.897492 39.186497
-5.908493 39.207561
-5.919493 39.228611
-5.930493 39.249641
-5.941493 39.270657
-5.952493 39.291653
-5.963493 39.312634
-5.974494 39.333595
-5.985494 39.354542
-5.996494 39.375469
-6.007494 39.396381
-6.018494 39.417274
-6.027744 39.440197
-6.036994 39.463108
-6.046245 39.486012
-6.055495 39.508907
-6.064745 39.531792
-6.073995 39.554668
-6.083245 39.577534
-6.092495 39.600391
-6.101746 39.623241
-6.110996 39.646080
-6.120246 39.668911
-6.129496 39.691730
-6.138746 39.714542
-6.147996 39.737347
-6.157247 39.760139
-6.166497 39.782925
-6.175747 39.805698
-6.184997 39.828465
-6.194247 39.851223
-6.203497 39.873970
-6.212748 39.896709
-6.221998 39.919437
-6.231248 39.942158
-6.240498 39.964870
-6.249748 39.987572
-6.258998 40.010265
-6.268249 40.032948
-6.277499 40.055622
-6.286749 40.078289
-6.295999 40.100945
-6.305249 40.123592
-6.314499 40.146229
-6.323750 40.168858
-6.333000 40.191479
-6.342250 40.214088
-6.351500 40.236691
-6.360750 40.259281
-6.370000 40.281864
-6.379251 40.304440
-6.388501 40.327003
-6.396151 40.347225
-6.403800 40.367428
-6.411450 40.387611
-6.419100 40.407776
-6.426750 40.427925
-6.434400 40.448055
-6.442050 40.468166
-6.449700 40.488258
-6.457350 40.508331
-6.465000 40.528385
-6.472650 40.548424
-6.480299 40.568443
-6.487949 40.588444
-6.495599 40.608425
-6.503249 40.628387
-6.510899 40.648331
-6.518549 40.668259
-6.526199 40.688168
-6.533849 40.708057
-6.541499 40.727928
-6.549149 40.747780
-6.556798 40.767612
-6.564448 40.787430
-6.572098 40.807228
-6.579748 40.827007
-6.587398 40.846767
-6.595048 40.866508
-6.602698 40.886230
-6.610348 40.905937
-6.617998 40.925625
-6.625648 40.945293
-6.633297 40.964943
-6.640947 40.984573
-6.648597 41.004185
-6.656247 41.023777
-6.663897 41.043354
-6.671547 41.062912
-6.679197 41.082451
-6.686847 41.101971
-6.694497 41.121471
-6.669984 41.143414
-6.645472 41.165348
-6.620960 41.187275
-6.596447 41.209190
-6.571935 41.231098
-6.547423 41.252998
-6.522911 41.274891
-6.498398 41.296772
-6.473886 41.318645
-6.449374 41.340511
-6.424861 41.362370
-6.400349 41.384216
-6.375837 41.406055
-6.351325 41.427887
-6.326812 41.449711
-6.302300 41.471523
-6.277788 41.493328
-6.253275 41.515125
-6.228763 41.536911
-6.204251 41.558689
-6.179739 41.580460
-6.155226 41.602222
-6.130714 41.623974
-6.106202 41.645718
-6.081689 41.667454
-6.057177 41.689182
-6.032665 41.710899
-6.008152 41.732609
-5.983640 41.754311
-5.959128 41.776005
-5.934616 41.797688
-5.910103 41.819363
-5.885591 41.841030
-5.861079 41.862686
-5.836566 41.884335
-5.812054 41.905975
-5.787542 41.927608
-5.763030 41.949230
-5.738517 41.970844
-5.714005 41.992451
-5.678167 42.007221
-5.642330 42.021954
-5.606492 42.036652
-5.570654 42.051315
-5.534817 42.065941
-5.498979 42.080532
-5.463141 42.095085
-5.427304 42.109604
-5.391466 42.124088
-5.355628 42.138535
-5.319791 42.152946
-5.283953 42.167320
-5.248116 42.181660
-5.212278 42.195965
-5.176440 42.210232
-5.140603 42.224464
-5.104765 42.238663
-5.068927 42.252823
-5.033090 42.266949
-4.997252 42.281036
-4.961414 42.295090
-4.925577 42.309109
-4.889739 42.323090
-4.853901 42.337036
-4.818064 42.350945
-4.782226 42.364819
-4.746388 42.378658
-4.710551 42.392460
-4.674713 42.406227
-4.638875 42.419956
-4.603038 42.433651
-4.567200 42.447311
-4.531363 42.460934
-4.495525 42.474522
-4.459687 42.488071
-4.423850 42.501587
-4.388012 42.515068
-4.352174 42.528511
-4.316337 42.541920
-4.280499 42.555290
-4.243499 42.577225
-4.206499 42.599155
-4.169498 42.621086
-4.132498 42.643013
-4.095498 42.664940
-4.058498 42.686863
-4.021498 42.708786
-3.984498 42.730709
-3.947498 42.752628
-3.910498 42.774548
-3.873498 42.796463
-3.836498 42.818378
-3.799498 42.840294
-3.762498 42.862206
-3.725498 42.884117
-3.688498 42.906025
-3.651498 42.927933
-3.614498 42.949837
-3.577498 42.971741
-3.540498 42.993645
-3.503499 43.015545
-3.466499 43.037445
-3.429499 43.059341
-3.392499 43.081238
-3.355499 43.103130
-3.318499 43.125023
-3.281499 43.146915
-3.244499 43.168804
-3.207499 43.190693
-3.170499 43.212578
-3.133499 43.234463
-3.096499 43.256348
-3.059499 43.278229
-3.022499 43.300110
-2.985499 43.321987
-2.948499 43.343864
-2.911500 43.365738
-2.874500 43.387611
-2.837500 43.409485
-2.800500 43.431355
-2.778950 43.442242
-2.757400 43.453083
-2.735850 43.463879
-2.714300 43.474628
-2.692750 43.485336
-2.671200 43.495998
-2.649650 43.506615
-2.628100 43.517185
-2.606550 43.527710
-2.585000 43.538189
-2.563450 43.548622
-2.541900 43.559010
-2.520350 43.569351
-2.498801 43.579651
-2.477251 43.589905
-2.455701 43.600113
-2.434151 43.610275
-2.412601 43.620392
-2.391051 43.630463
-2.369501 43.640488
-2.347951 43.650467
-2.326401 43.660400
-2.304851 43.670292
-2.283301 43.680138
-2.261751 43.689938
-2.240201 43.699692
-2.218651 43.709400
-2.197101 43.719063
-2.175551 43.728680
-2.154001 43.738251
-2.132452 43.747776
-2.110902 43.757259
-2.089352 43.766697
-2.067802 43.776089
-2.046252 43.785435
-2.024702 43.794735
-2.003152 43.803989
-1.981602 43.813198
-1.960052 43.822361
-1.938502 43.831478
-1.927165 43.839096
-1.915827 43.846664
-1.904490 43.854179
-1.893152 43.861645
-1.881814 43.869057
-1.870477 43.876419
-1.859139 43.883728
-1.847802 43.890987
-1.836464 43.898197
-1.825127 43.905354
-1.813789 43.912460
-1.802452 43.919514
-1.791114 43.926517
-1.779777 43.933472
-1.768439 43.940372
-1.757102 43.947224
-1.745764 43.954021
-1.734427 43.960770
-1.723089 43.967468
-1.711752 43.974113
-1.700414 43.980709
-1.689077 43.987251
-1.677739 43.993744
-1.666402 44.000187
-1.655064 44.006577
-1.643727 44.012917
-1.632389 44.019203
-1.621052 44.025440
-1.609714 44.031624
-1.598377 44.037758
-1.587039 44.043842
-1.575701 44.049873
-1.564364 44.055855
-1.553026 44.061783
-1.541689 44.067661
-1.530351 44.073490
-1.519014 44.079266
-1.507676 44.084991
-1.496339 44.090664
-1.485001 44.096287
-1.470351 44.111019
-1.455701 44.125736
-1.441051 44.140442
-1.426401 44.155132
-1.411751 44.169807
-1.397101 44.184467
-1.382451 44.199112
-1.367801 44.213741
-1.353151 44.228359
-1.338501 44.242962
-1.323851 44.257549
-1.309201 44.272121
-1.294551 44.286678
-1.279902 44.301220
-1.265252 44.315746
-1.250602 44.330261
-1.235952 44.344761
-1.221302 44.359245
-1.206652 44.373714
-1.192002 44.388168
-1.177352 44.402607
-1.162702 44.417034
-1.148052 44.431446
-1.133402 44.445843
-1.118752 44.460224
-1.104102 44.474590
-1.089452 44.488941
-1.074802 44.503281
-1.060152 44.517605
-1.045502 44.531914
-1.030852 44.546207
-1.016202 44.560486
-1.001552 44.574749
-0.986902 44.588997
-0.972252 44.603233
-0.957602 44.617455
-0.942952 44.631660
-0.928302 44.645851
-0.913652 44.660027
-0.899002 44.674187
-0.884377 44.688774
-0.869752 44.703346
-0.855127 44.717907
-0.840502 44.732456
-0.825877 44.746990
-0.811252 44.761513
-0.796627 44.776020
-0.782002 44.790516
-0.767377 44.805000
-0.752752 44.819469
-0.738127 44.833927
-0.723502 44.848373
-0.708877 44.862804
-0.694252 44.877224
-0.679627 44.891628
-0.665002 44.906021
-0.650377 44.920403
-0.635752 44.934769
-0.621127 44.949123
-0.606502 44.963467
-0.591877 44.977795
-0.577252 44.992111
-0.562627 45.006413
-0.548002 45.020702
-0.533377 45.034981
-0.518752 45.049244
-0.504126 45.063496
-0.489501 45.077732
-0.474876 45.091957
-0.460251 45.106171
-0.445626 45.120369
-0.431001 45.134556
-0.416376 45.148731
-0.401751 45.162891
-0.387126 45.177040
-0.372501 45.191174
-0.357876 45.205296
-0.343251 45.219406
-0.328626 45.233501
-0.314001 45.247585
-0.299226 45.259357
-0.284451 45.271111
-0.269676 45.282841
-0.254901 45.294548
-0.240126 45.306232
-0.225351 45.317898
-0.210576 45.329540
-0.195801 45.341160
-0.181026 45.352757
-0.166251 45.364330
-0.151476 45.375885
-0.136701 45.387417
-0.121926 45.398926
-0.107151 45.410412
-0.092376 45.421879
-0.077601 45.433323
-0.062826 45.444744
-0.048051 45.456142
-0.033276 45.467518
-0.018501 45.478874
-0.003726 45.490208
0.011049 45.501518
0.025824 45.512806
0.040599 45.524071
0.055374 45.535316
0.070149 45.546539
0.084924 45.557739
0.099699 45.568916
0.114474 45.580074
0.129249 45.591209
0.144024 45.602322
0.158799 45.613411
0.173574 45.624477
0.188349 45.635525
0.203124 45.646549
0.217899 45.657551
0.232674 45.668530
0.247449 45.679489
0.262224 45.690426
0.276999 45.701340
0.282799 45.715206
0.288599 45.729061
0.294399 45.742908
0.300199 45.756744
0.305999 45.770569
0.311799 45.784386
0.317599 45.798191
0.323399 45.811985
0.329199 45.825771
0.334999 45.839546
0.340799 45.853310
0.346599 45.867065
0.352399 45.880810
0.358199 45.894543
0.363999 45.908264
0.369799 45.921978
0.375599 45.935680
0.381399 45.949371
0.387199 45.963055
0.392999 45.976727
0.398799 45.990387
0.404599 46.004040
0.410399 46.017681
0.416199 46.031311
0.421999 46.044933
0.427799 46.058544
0.433599 46.072144
0.439399 46.085735
0.445199 46.099316
0.450999 46.112885
0.456799 46.126446
0.462599 46.139996
0.468399 46.153534
0.474199 46.167065
0.479999 46.180584
0.485799 46.194092
0.491599 46.207592
0.497399 46.221081
0.503199 46.234558
0.508999 46.248028
0.515986 46.262039
0.522974 46.276043
0.529961 46.290039
0.536949 46.304024
0.543936 46.318001
0.550924 46.331970
0.557911 46.345932
0.564899 46.359886
0.571886 46.373833
0.578874 46.387772
0.585862 46.401703
0.592849 46.415627
0.599837 46.429543
0.606824 46.443447
0.613812 46.457344
0.620799 46.471233
0.627787 46.485115
0.634774 46.498989
0.641762 46.512856
0.648749 46.526714
0.655737 46.540565
0.662724 46.554409
0.669712 46.568245
0.676699 46.582069
0.683687 46.595886
0.690674 46.609695
0.697662 46.623497
0.704649 46.637291
0.711637 46.651077
0.718624 46.664856
0.725612 46.678627
0.732599 46.692390
0.739587 46.706146
0.746574 46.719894
0.753562 46.733631
0.760549 46.747360
0.767537 46.761082
0.774524 46.774796
0.781512 46.788502
0.788499 46.802200
0.794324 46.817612
0.800149 46.833019
0.805974 46.848427
0.811799 46.863834
0.817624 46.879238
0.823449 46.894642
0.829274 46.910046
0.835099 46.925446
0.840924 46.940845
0.846749 46.956245
0.852574 46.971645
0.858399 46.987041
0.864224 47.002438
0.870049 47.017834
0.875874 47.033226
0.881699 47.048618
0.887524 47.064011
0.893349 47.079399
0.899174 47.094788
0.904999 47.110176
0.910824 47.125565
0.916649 47.140949
0.922474 47.156334
0.928299 47.171719
0.934124 47.187099
0.939949 47.202480
0.945774 47.217861
0.951599 47.233238
0.957424 47.248615
0.963249 47.263992
0.969074 47.279369
0.974899 47.294743
0.980724 47.310116
0.986549 47.325489
0.992374 47.340858
0.998199 47.356228
1.004024 47.371597
1.009849 47.386963
1.015674 47.402328
1.021499 47.417694
1.026636 47.431664
1.031774 47.445629
1.036911 47.459587
1.042049 47.473537
1.047186 47.487480
1.052324 47.501419
1.057461 47.515350
1.062598 47.529274
1.067736 47.543190
1.072873 47.557102
1.078011 47.571007
1.083148 47.584904
1.088286 47.598793
1.093423 47.612679
1.098561 47.626556
1.103698 47.640427
1.108835 47.654289
1.113973 47.668144
1.119110 47.681995
1.124248 47.695839
1.129385 47.709675
1.134523 47.723503
1.139660 47.737328
1.144798 47.751144
1.149935 47.764954
1.155072 47.778755
1.160210 47.792553
1.165347 47.806343
1.170485 47.820126
1.175622 47.833900
1.180760 47.847672
1.185897 47.861435
1.191035 47.875191
1.196172 47.888939
1.201309 47.902683
1.206447 47.916420
1.211584 47.930149
1.216722 47.943871
1.221859 47.957588
1.226997 47.971298
1.226972 47.985752
1.226947 48.000202
1.226922 48.014652
1.226897 48.029099
1.226871 48.043541
1.226846 48.057980
1.226821 48.072414
1.226796 48.086845
1.226771 48.101273
1.226746 48.115696
1.226721 48.130116
1.226696 48.144531
1.226671 48.158943
1.226646 48.173351
1.226621 48.187756
1.226596 48.202156
1.226571 48.216553
1.226546 48.230946
1.226521 48.245335
1.226496 48.259720
1.226471 48.274101
1.226446 48.288479
1.226421 48.302853
1.226396 48.317223
1.226371 48.331589
1.226346 48.345951
1.226321 48.360310
1.226296 48.374664
1.226271 48.389015
1.226246 48.403362
1.226221 48.417706
1.226196 48.432045
1.226171 48.446381
1.226146 48.460712
1.226120 48.475040
1.226095 48.489368
1.226070 48.503693
1.226045 48.518013
1.226020 48.532330
1.225995 48.546642
1.221233 48.559669
1.216470 48.572689
1.211708 48.585697
1.206945 48.598698
1.202183 48.611691
1.197420 48.624676
1.192658 48.637650
1.187895 48.650616
1.183133 48.663574
1.178370 48.676521
1.173607 48.689461
1.168845 48.702393
1.164082 48.715313
1.159320 48.728226
1.154557 48.741131
1.149795 48.754025
1.145032 48.766911
1.140270 48.779789
1.135507 48.792660
1.130745 48.805519
1.125982 48.818371
1.121220 48.831215
1.116457 48.844048
1.111695 48.856873
1.106932 48.869690
1.102170 48.882496
1.097407 48.895294
1.092644 48.908085
1.087882 48.920868
1.083119 48.933640
1.078357 48.946404
1.073594 48.959160
1.068832 48.971905
1.064069 48.984642
1.059307 48.997372
1.054544 49.010090
1.049782 49.022800
1.045019 49.035503
1.040257 49.048195
1.035494 49.060879
1.032107 49.070431
1.028719 49.079960
1.025332 49.089470
1.021944 49.098957
1.018557 49.108421
1.015169 49.117867
1.011782 49.127289
1.008394 49.136692
1.005007 49.146072
1.001620 49.155434
0.998232 49.164772
0.994845 49.174088
0.991457 49.183384
0.988070 49.192657
0.984682 49.201912
0.981295 49.211143
0.977907 49.220356
0.974519 49.229546
0.971132 49.238712
0.967744 49.247860
0.964357 49.256985
0.960969 49.266090
0.957582 49.275173
0.954194 49.284237
0.950807 49.293278
0.947419 49.302296
0.944032 49.311295
0.940644 49.320271
0.937257 49.329227
0.933869 49.338161
0.930482 49.347076
0.927094 49.355968
0.923707 49.364838
0.920319 49.373688
0.916932 49.382515
0.913544 49.391323
0.910157 49.400108
0.906769 49.408875
0.903382 49.417618
0.899994 49.426338
0.894819 49.436520
0.889644 49.446686
0.884469 49.456837
0.879294 49.466972
0.874119 49.477093
0.868944 49.487198
0.863769 49.497288
0.858594 49.507362
0.853419 49.517422
0.848244 49.527466
0.843069 49.537495
0.837894 49.547508
0.832719 49.557507
0.827544 49.567490
0.822369 49.577457
0.817194 49.587410
0.812019 49.597347
0.806844 49.607269
0.801669 49.617176
0.796494 49.627068
0.791319 49.636944
0.786144 49.646805
0.780969 49.656647
0.775794 49.666473
0.770619 49.676285
0.765444 49.686081
0.760269 49.695862
0.755094 49.705627
0.749919 49.715378
0.744744 49.725113
0.739569 49.734833
0.734394 49.744537
0.729219 49.754227
0.724044 49.763901
0.718869 49.773560
0.713694 49.783203
0.708519 49.792831
0.703344 49.802444
0.698169 49.812042
0.692994 49.821625
0.686607 49.829586
0.680219 49.837524
0.673832 49.845444
0.667444 49.853340
0.661057 49.861214
0.654669 49.869064
0.648282 49.876896
0.641894 49.884705
0.635507 49.892490
0.629119 49.900257
0.622732 49.908001
0.616344 49.915722
0.609957 49.923424
0.603569 49.931103
0.597181 49.938759
0.590794 49.946392
0.584406 49.954006
0.578019 49.961597
0.571631 49.969166
0.565244 49.976715
0.558856 49.984241
0.552469 49.991745
0.546081 49.999229
0.539694 50.006691
0.533306 50.014130
0.526919 50.021545
0.520531 50.028942
0.514144 50.036316
0.507756 50.043667
0.501369 50.050999
0.494981 50.058308
0.488594 50.065594
0.482206 50.072861
0.475819 50.080105
0.469431 50.087326
0.463044 50.094524
0.456656 50.101704
0.450269 50.108860
0.443881 50.115993
0.437494 50.123108
0.431406 50.134743
0.425318 50.146374
0.419231 50.158001
0.413143 50.169624
0.407056 50.181244
0.400968 50.192860
0.394881 50.204472
0.388793 50.216080
0.382706 50.227684
0.376618 50.239285
0.370531 50.250881
0.364443 50.262474
0.358356 50.274063
0.352268 50.285648
0.346181 50.297230
0.340093 50.308807
0.334006 50.320385
0.327918 50.331959
0.321831 50.343529
0.315743 50.355095
0.309656 50.366657
0.303568 50.378216
0.297481 50.389771
0.291393 50.401321
0.285306 50.412868
0.279218 50.424412
0.273131 50.435951
0.267043 50.447487
0.260956 50.459019
0.254868 50.470547
0.248781 50.482071
0.242693 50.493591
0.236606 50.505108
0.230518 50.516621
0.224431 50.528130
0.218343 50.539635
0.212256 50.551136
0.206168 50.562634
0.200081 50.574127
0.193993 50.585621
0.193106 50.591209
0.192218 50.596771
0.191331 50.602306
0.190443 50.607815
0.189556 50.613297
0.188668 50.618752
0.187781 50.624180
0.186893 50.629578
0.186006 50.634949
0.185118 50.640293
0.184231 50.645611
0.183343 50.650902
0.182456 50.656166
0.181568 50.661404
0.180681 50.666615
0.179793 50.671799
0.178906 50.676952
0.178018 50.682079
0.177131 50.687180
0.176244 50.692253
0.175356 50.697300
0.174469 50.702320
0.173581 50.707314
0.172694 50.712280
0.171806 50.717220
0.170919 50.722130
0.170031 50.727013
0.169144 50.731869
0.168256 50.736698
0.167369 50.741501
0.166481 50.746277
0.165594 50.751026
0.164706 50.755749
0.163819 50.760441
0.162931 50.765106
0.162044 50.769745
0.161156 50.774357
0.160269 50.778942
0.159381 50.783501
0.158494 50.788033
0.151956 50.794632
0.145419 50.801212
0.138881 50.807774
0.132344 50.814316
0.125806 50.820839
0.119269 50.827343
0.112731 50.833828
0.106194 50.840298
0.099656 50.846748
0.093119 50.853180
0.086581 50.859592
0.080044 50.865986
0.073506 50.872360
0.066969 50.878716
0.060431 50.885052
0.053894 50.891369
0.047356 50.897667
0.040819 50.903946
0.034281 50.910206
0.027744 50.916447
0.021206 50.922668
0.014669 50.928875
0.008131 50.935062
0.001594 50.941231
-0.004944 50.947380
-0.011481 50.953510
-0.018019 50.959621
-0.024556 50.965714
-0.031094 50.971786
-0.037631 50.977840
-0.044169 50.983875
-0.050706 50.989891
-0.057244 50.995888
-0.063781 51.001865
-0.070319 51.007824
-0.076856 51.013767
-0.083394 51.019691
-0.089931 51.025597
-0.096469 51.031483
-0.103006 51.037350
-0.103881 51.047653
-0.104756 51.057957
-0.105631 51.068256
-0.106506 51.078556
-0.107381 51.088856
-0.108256 51.099152
-0.109131 51.109447
-0.110006 51.119743
-0.110881 51.130039
-0.111756 51.140331
-0.112631 51.150623
-0.113506 51.160915
-0.114381 51.171207
-0.115256 51.181496
-0.116131 51.191784
-0.117006 51.202072
-0.117881 51.212357
-0.118756 51.222641
-0.119631 51.232925
-0.120507 51.243210
-0.121382 51.253490
-0.122257 51.263771
-0.123132 51.274052
-0.124007 51.284328
-0.124882 51.294605
-0.125757 51.304882
-0.126632 51.315159
-0.127507 51.325432
-0.128382 51.335705
-0.129257 51.345978
-0.130132 51.356251
-0.131007 51.366520
-0.131882 51.376789
-0.132757 51.387058
-0.133632 51.397324
-0.134507 51.407589
-0.135382 51.417854
-0.136257 51.428120
-0.137132 51.438381
-0.138007 51.448643
-0.141144 51.454235
-0.144282 51.459808
-0.147419 51.465363
-0.150557 51.470898
-0.153694 51.476410
-0.156832 51.481903
-0.159969 51.487377
-0.163107 51.492832
-0.166244 51.498268
-0.169382 51.503685
-0.172519 51.509079
-0.175657 51.514454
-0.178794 51.519810
-0.181932 51.525146
-0.185069 51.530464
-0.188207 51.535763
-0.191344 51.541042
-0.194482 51.546299
-0.197619 51.551537
-0.200757 51.556755
-0.203894 51.561954
-0.207032 51.567135
-0.210169 51.572296
-0.213307 51.577435
-0.216444 51.582554
-0.219582 51.587654
-0.222719 51.592735
-0.225857 51.597797
-0.228994 51.602840
-0.232132 51.607864
-0.235269 51.612865
-0.238407 51.617847
-0.241544 51.622810
-0.244682 51.627754
-0.247819 51.632679
-0.250957 51.637585
-0.254094 51.642471
-0.257232 51.647335
-0.260369 51.652180
-0.263507 51.657005
-0.267894 51.659817
-0.272282 51.662601
-0.276669 51.665356
-0.281057 51.668083
-0.285444 51.670784
-0.289832 51.673458
-0.294219 51.676102
-0.298607 51.678719
-0.302994 51.681309
-0.307382 51.683872
-0.311769 51.686405
-0.316157 51.688911
-0.320544 51.691391
-0.324932 51.693844
-0.329319 51.696270
-0.333707 51.698666
-0.338094 51.701035
-0.342482 51.703377
-0.346869 51.705692
-0.351257 51.707977
-0.355644 51.710236
-0.360032 51.712467
-0.364419 51.714672
-0.368807 51.716846
-0.373194 51.718994
-0.377582 51.721115
-0.381969 51.723209
-0.386357 51.725273
-0.390744 51.727310
-0.395132 51.729321
-0.399519 51.731304
-0.403907 51.733261
-0.408294 51.735188
-0.412682 51.737087
-0.417069 51.738960
-0.421457 51.740807
-0.425844 51.742622
-0.430232 51.744411
-0.434619 51.746174
-0.439007 51.747910
-0.445482 51.752502
-0.451957 51.757080
-0.458432 51.761642
-0.464907 51.766186
-0.471381 51.770714
-0.477856 51.775227
-0.484331 51.779724
-0.490806 51.784206
-0.497281 51.788670
-0.503756 51.793118
-0.510231 51.797550
-0.516706 51.801968
-0.523181 51.806366
-0.529656 51.810749
-0.536131 51.815117
-0.542606 51.819469
-0.549081 51.823807
-0.555556 51.828125
-0.562031 51.832428
-0.568506 51.836716
-0.574981 51.840988
-0.581456 51.845242
-0.587931 51.849480
-0.594406 51.853703
-0.600881 51.857910
-0.607356 51.862103
-0.613831 51.866276
-0.620306 51.870434
-0.626781 51.874577
-0.633256 51.878704
-0.639731 51.882812
-0.646206 51.886906
-0.652681 51.890984
-0.659156 51.895046
-0.665631 51.899094
-0.672106 51.903122
-0.678581 51.907135
-0.685056 51.911133
-0.691531 51.915115
-0.698005 51.919083
-0.706705 51.919430
-0.715405 51.919746
-0.724105 51.920033
-0.732805 51.920288
-0.741505 51.920513
-0.750205 51.920708
-0.758905 51.920872
-0.767605 51.921005
-0.776305 51.921108
-0.785005 51.921181
-0.793705 51.921223
-0.802405 51.921234
-0.811105 51.921215
-0.819805 51.921165
-0.828505 51.921085
-0.837205 51.920975
-0.845905 51.920834
-0.854605 51.920662
-0.863305 51.920460
-0.872005 51.920227
-0.880705 51.919964
-0.889404 51.919670
-0.898104 51.919346
-0.906804 51.918991
-0.915504 51.918610
-0.924204 51.918198
-0.932904 51.917755
-0.941604 51.917282
-0.950304 51.916779
-0.959004 51.916245
-0.967704 51.915680
-0.976404 51.915085
-0.985104 51.914459
-0.993804 51.913803
-1.002504 51.913116
-1.011204 51.912399
-1.019904 51.911652
-1.028604 51.910873
-1.037304 51.910065
-1.046004 51.909225
-1.060541 51.902897
-1.075079 51.896515
-1.089616 51.890079
-1.104154 51.883595
-1.118691 51.877056
-1.133229 51.870464
-1.147766 51.863823
-1.162304 51.857128
-1.176841 51.850380
-1.191378 51.843582
-1.205916 51.836731
-1.220453 51.829826
-1.234991 51.822868
-1.249528 51.815861
-1.264066 51.808800
-1.278603 51.801685
-1.293141 51.794521
-1.307678 51.787304
-1.322216 51.780033
-1.336753 51.772713
-1.351290 51.765339
-1.365828 51.757912
-1.380365 51.750435
-1.394903 51.742905
-1.409440 51.735321
-1.423978 51.727688
-1.438515 51.720001
-1.453053 51.712261
-1.467590 51.704472
-1.482128 51.696629
-1.496665 51.688732
-1.511202 51.680782
-1.525740 51.672783
-1.540277 51.664730
-1.554815 51.656624
-1.569352 51.648468
-1.583890 51.640259
-1.598427 51.631996
-1.612965 51.623684
-1.627502 51.615318
-1.641402 51.612072
-1.655302 51.608791
-1.669202 51.605480
-1.683102 51.602139
-1.697002 51.598766
-1.710902 51.595360
-1.724802 51.591923
-1.738702 51.588455
-1.752602 51.584953
-1.766502 51.581421
-1.780403 51.577858
-1.794303 51.574265
-1.808203 51.570637
-1.822103 51.566978
-1.836003 51.563290
-1.849903 51.559570
-1.863803 51.555817
-1.877703 51.552032
-1.891603 51.548218
-1.905503 51.544369
-1.919403 51.540489
-1.933303 51.536579
-1.947203 51.532639
-1.961103 51.528664
-1.975003 51.524658
-1.988903 51.520622
-2.002803 51.516552
-2.016703 51.512451
-2.030603 51.508320
-2.044503 51.504158
-2.058403 51.499962
-2.072303 51.495735
-2.086203 51.491478
-2.100103 51.487186
-2.114003 51.482864
-2.127903 51.478512
-2.141804 51.474129
-2.155704 51.469711
-2.169604 51.465263
-2.183504 51.460785
-2.197004 51.456375
-2.210504 51.451935
-2.224004 51.447460
-2.237504 51.442955
-2.251004 51.438419
-2.264503 51.433853
-2.278003 51.429256
-2.291503 51.424625
-2.305003 51.419964
-2.318503 51.415272
-2.332003 51.410549
-2.345503 51.405796
-2.359003 51.401012
-2.372503 51.396194
-2.386003 51.391346
-2.399503 51.386467
-2.413003 51.381557
-2.426503 51.376617
-2.440003 51.371647
-2.453503 51.366642
-2.467003 51.361607
-2.480503 51.356541
-2.494003 51.351444
-2.507503 51.346317
-2.521003 51.341156
-2.534503 51.335964
-2.548003 51.330742
-2.561503 51.325489
-2.575003 51.320206
-2.588503 51.314892
-2.602003 51.309544
-2.615503 51.304165
-2.629003 51.298756
-2.642503 51.293316
-2.656003 51.287846
-2.669503 51.282341
-2.683003 51.276806
-2.696503 51.271240
-2.710003 51.265644
-2.723503 51.260017
-2.736128 51.251320
-2.748753 51.242580
-2.761378 51.233799
-2.774003 51.224972
-2.786628 51.216103
-2.799253 51.207191
-2.811877 51.198235
-2.824502 51.189236
-2.837127 51.180195
-2.849752 51.171108
-2.862377 51.161980
-2.875002 51.152809
-2.887627 51.143593
-2.900252 51.134335
-2.912877 51.125034
-2.925502 51.115688
-2.938127 51.106300
-2.950752 51.096867
-2.963377 51.087391
-2.976002 51.077873
-2.988627 51.068310
-3.001252 51.058704
-3.013877 51.049057
-3.026502 51.039364
-3.039127 51.029629
-3.051752 51.019852
-3.064377 51.010029
-3.077002 51.000164
-3.089627 50.990257
-3.102252 50.980305
-3.114877 50.970310
-3.127502 50.960274
-3.140127 50.950191
-3.152752 50.940067
-3.165377 50.929897
-3.178002 50.919685
-3.190627 50.909431
-3.203252 50.899132
-3.215877 50.888790
-3.228502 50.878407
-3.236014 50.866058
-3.243527 50.853661
-3.251040 50.841209
-3.258552 50.828709
-3.266065 50.816158
-3.273577 50.803555
-3.281090 50.790901
-3.288602 50.778198
-3.296115 50.765442
-3.303627 50.752636
-3.311140 50.739777
-3.318653 50.726868
-3.326165 50.713909
-3.333678 50.700897
-3.341190 50.687836
-3.348703 50.674725
-3.356215 50.661560
-3.363728 50.648346
-3.371241 50.635082
-3.378753 50.621765
-3.386266 50.608398
-3.393778 50.594982
-3.401291 50.581512
-3.408803 50.567993
-3.416316 50.554420
-3.423829 50.540798
-3.431341 50.527126
-3.438854 50.513401
-3.446366 50.499626
-3.453879 50.485802
-3.461391 50.471924
-3.468904 50.457996
-3.476417 50.444019
-3.483929 50.429989
-3.491442 50.415909
-3.498954 50.401779
-3.506467 50.387596
-3.513979 50.373363
-3.521492 50.359077
-3.529005 50.344742
-3.559205 50.344376
-3.589405 50.344013
-3.619605 50.343655
-3.649805 50.343300
-3.680005 50.342953
-3.710205 50.342609
-3.740405 50.342270
-3.770605 50.341938
-3.800805 50.341610
-3.831005 50.341286
-3.861205 50.340965
-3.891405 50.340652
-3.921605 50.340343
-3.951805 50.340038
-3.982005 50.339741
-4.012205 50.339447
-4.042405 50.339157
-4.072605 50.338871
-4.102805 50.338593
-4.133005 50.338318
-4.163205 50.338047
-4.193405 50.337784
-4.223605 50.337524
-4.253805 50.337269
-4.284005 50.337017
-4.314205 50.336773
-4.344405 50.336533
-4.374605 50.336296
-4.404805 50.336067
-4.435005 50.335842
-4.465205 50.335621
-4.495405 50.335403
-4.525605 50.335194
-4.555805 50.334988
-4.586005 50.334785
-4.616205 50.334591
-4.646405 50.334400
-4.676605 50.334213
-4.706805 50.334030
-4.737005 50.333855
-4.725855 50.319038
-4.714705 50.304169
-4.703555 50.289246
-4.692405 50.274269
-4.681255 50.259239
-4.670105 50.244156
-4.658956 50.229019
-4.647806 50.213829
-4.636656 50.198586
-4.625506 50.183289
-4.614356 50.167938
-4.603206 50.152534
-4.592056 50.137077
-4.580906 50.121567
-4.569757 50.106003
-4.558607 50.090382
-4.547457 50.074707
-4.536307 50.058979
-4.525157 50.043198
-4.514007 50.027363
-4.502857 50.011475
-4.491707 49.995533
-4.480557 49.979538
-4.469408 49.963490
-4.458258 49.947388
-4.447108 49.931232
-4.435958 49.915024
-4.424808 49.898762
-4.413658 49.882446
-4.402508 49.866077
-4.391358 49.849655
-4.380208 49.833179
-4.369059 49.816650
-4.357909 49.800068
-4.346759 49.783432
-4.335609 49.766743
-4.324459 49.750000
-4.313309 49.733204
-4.302159 49.716354
-4.291009 49.699451
-4.263559 49.688858
-4.236109 49.678238
-4.208659 49.667587
-4.181209 49.656910
-4.153759 49.646206
-4.126309 49.635471
-4.098859 49.624710
-4.071409 49.613922
-4.043959 49.603104
-4.016509 49.592258
-3.989058 49.581387
-3.961608 49.570484
-3.934158 49.559555
-3.906708 49.548595
-3.879258 49.537609
-3.851808 49.526596
-3.824358 49.515553
-3.796908 49.504482
-3.769458 49.493385
-3.742008 49.482258
-3.714558 49.471104
-3.687108 49.459919
-3.659657 49.448708
-3.632207 49.437469
-3.604757 49.426201
-3.577307 49.414906
-3.549857 49.403584
-3.522407 49.392231
-3.494957 49.380852
-3.467507 49.369446
-3.440057 49.358009
-3.412607 49.346546
-3.385157 49.335052
-3.357707 49.323532
-3.330256 49.311985
-3.302806 49.300407
-3.275356 49.288803
-3.247906 49.277172
-3.220456 49.265511
-3.193006 49.253822
-3.171618 49.243752
-3.150231 49.233658
-3.128843 49.223541
-3.107456 49.213406
-3.086068 49.203247
-3.064681 49.193066
-3.043293 49.182865
-3.021905 49.172642
-3.000518 49.162395
-2.979130 49.152130
-2.957743 49.141842
-2.936355 49.131531
-2.914968 49.121201
-2.893580 49.110847
-2.872192 49.100471
-2.850805 49.090076
-2.829417 49.079659
-2.808030 49.069218
-2.786642 49.058758
-2.765254 49.048275
-2.743867 49.037773
-2.722479 49.027248
-2.701092 49.016701
-2.679704 49.006134
-2.658317 48.995544
-2.636929 48.984932
-2.615541 48.974300
-2.594154 48.963646
-2.572766 48.952969
-2.551379 48.942272
-2.529991 48.931553
-2.508604 48.920811
-2.487216 48.910049
-2.465828 48.899265
-2.444441 48.888458
-2.423053 48.877632
-2.401666 48.866783
-2.380278 48.855911
-2.358891 48.845020
-2.337503 48.834106
-2.326766 48.816784
-2.316028 48.799416
-2.305291 48.781998
-2.294553 48.764534
-2.283816 48.747025
-2.273078 48.729465
-2.262341 48.711861
-2.251604 48.694210
-2.240866 48.676510
-2.230129 48.658764
-2.219391 48.640972
-2.208654 48.623131
-2.197917 48.605244
-2.187179 48.587311
-2.176442 48.569328
-2.165704 48.551300
-2.154967 48.533226
-2.144229 48.515106
-2.133492 48.496937
-2.122755 48.478722
-2.112017 48.460461
-2.101280 48.442150
-2.090542 48.423794
-2.079805 48.405392
-2.069067 48.386940
-2.058330 48.368443
-2.047593 48.349899
-2.036855 48.331306
-2.026118 48.312668
-2.015380 48.293983
-2.004643 48.275249
-1.993905 48.256470
-1.983168 48.237644
-1.972430 48.218769
-1.961693 48.199848
-1.950955 48.180882
-1.940218 48.161865
-1.929480 48.142803
-1.918743 48.123695
-1.908005 48.104538
-1.911230 48.094597
-1.914455 48.084644
-1.917680 48.074684
-1.920905 48.064713
-1.924130 48.054733
-1.927355 48.044743
-1.930580 48.034740
-1.933805 48.024731
-1.937030 48.014709
-1.940255 48.004677
-1.943480 47.994637
-1.946705 47.984585
-1.949930 47.974522
-1.953155 47.964451
-1.956380 47.954369
-1.959605 47.944275
-1.962830 47.934174
-1.966055 47.924061
-1.969280 47.913937
-1.972504 47.903805
-1.975729 47.893661
-1.978954 47.883511
-1.982179 47.873348
-1.985404 47.863174
-1.988629 47.852993
-1.991854 47.842800
-1.995079 47.832596
-1.998304 47.822384
-2.001529 47.812160
-2.004754 47.801926
-2.007979 47.791683
-2.011204 47.781429
-2.014430 47.771164
-2.017655 47.760891
-2.020880 47.750607
-2.024105 47.740311
-2.027330 47.730007
-2.030555 47.719692
-2.033780 47.709366
-2.037005 47.699032
-2.022555 47.688160
-2.008105 47.677277
-1.993655 47.666382
-1.979205 47.655472
-1.964755 47.644550
-1.950305 47.633617
-1.935855 47.622673
-1.921405 47.611717
-1.906955 47.600746
-1.892505 47.589764
-1.878055 47.578770
-1.863605 47.567764
-1.849156 47.556747
-1.834706 47.545715
-1.820256 47.534672
-1.805806 47.523617
-1.791356 47.512550
-1.776906 47.501472
-1.762456 47.490379
-1.748006 47.479275
-1.733556 47.468159
-1.719106 47.457031
-1.704656 47.445892
-1.690206 47.434738
-1.675756 47.423573
-1.661306 47.412395
-1.646856 47.401207
-1.632406 47.390007
-1.617956 47.378792
-1.603506 47.367565
-1.589056 47.356327
-1.574606 47.345078
-1.560156 47.333817
-1.545707 47.322540
-1.531257 47.311253
-1.516807 47.299953
-1.502357 47.288643
-1.487907 47.277321
-1.473457 47.265984
-1.459007 47.254635
-1.451157 47.241943
-1.443307 47.229237
-1.435457 47.216511
-1.427607 47.203770
-1.419757 47.191010
-1.411906 47.178230
-1.404056 47.165436
-1.396206 47.152622
-1.388356 47.139793
-1.380506 47.126945
-1.372656 47.114079
-1.364806 47.101196
-1.356956 47.088295
-1.349106 47.075378
-1.341256 47.062443
-1.333406 47.049492
-1.325556 47.036522
-1.317706 47.023533
-1.309856 47.010529
-1.302006 46.997505
-1.294156 46.984467
-1.286306 46.971409
-1.278456 46.958332
-1.270606 46.945240
-1.262756 46.932129
-1.254905 46.919003
-1.247055 46.905857
-1.239205 46.892696
-1.231355 46.879517
-1.223505 46.866318
-1.215655 46.853104
-1.207805 46.839870
-1.199955 46.826622
-1.192105 46.813354
-1.184255 46.800068
-1.176405 46.786766
-1.168555 46.773445
-1.160705 46.760109
-1.152855 46.746754
-1.145005 46.733379
-1.143305 46.715611
-1.141605 46.697807
-1.139905 46.679966
-1.138205 46.662090
-1.136505 46.644180
-1.134804 46.626236
-1.133104 46.608257
-1.131404 46.590244
-1.129704 46.572193
-1.128004 46.554108
-1.126304 46.535988
-1.124604 46.517834
-1.122904 46.499645
-1.121204 46.481422
-1.119504 46.463161
-1.117804 46.444866
-1.116104 46.426537
-1.114404 46.408173
-1.112704 46.389774
-1.111004 46.371342
-1.109304 46.352871
-1.107604 46.334366
-1.105904 46.315826
-1.104204 46.297253
-1.102504 46.278645
-1.100804 46.260002
-1.099104 46.241322
-1.097404 46.222607
-1.095703 46.203857
-1.094003 46.185074
-1.092303 46.166256
-1.090603 46.147404
-1.088903 46.128517
-1.087203 46.109592
-1.085503 46.090633
-1.083803 46.071640
-1.082103 46.052612
-1.080403 46.033550
-1.078703 46.014454
-1.077003 45.995319
-1.080091 45.980495
-1.083178 45.965652
-1.086266 45.950790
-1.089353 45.935913
-1.092441 45.921017
-1.095528 45.906101
-1.098616 45.891171
-1.101703 45.876221
-1.104791 45.861256
-1.107878 45.846272
-1.110966 45.831268
-1.114053 45.816250
-1.117141 45.801212
-1.120228 45.786156
-1.123316 45.771084
-1.126403 45.755993
-1.129491 45.740883
-1.132578 45.725758
-1.135666 45.710613
-1.138753 45.695454
-1.141841 45.680275
-1.144928 45.665077
-1.148016 45.649864
-1.151103 45.634632
-1.154191 45.619381
-1.157279 45.604115
-1.160366 45.588829
-1.163454 45.573528
-1.166541 45.558208
-1.169629 45.542870
-1.172716 45.527515
-1.175804 45.512142
-1.178891 45.496750
-1.181979 45.481342
-1.185066 45.465916
-1.188154 45.450474
-1.191241 45.435013
-1.194329 45.419533
-1.197416 45.404037
-1.200504 45.388523
-1.197329 45.368473
-1.194154 45.348389
-1.190979 45.328266
-1.187804 45.308109
-1.184629 45.287918
-1.181454 45.267689
-1.178279 45.247425
-1.175104 45.227127
-1.171929 45.206791
-1.168754 45.186420
-1.165579 45.166016
-1.162404 45.145573
-1.159229 45.125095
-1.156054 45.104584
-1.152879 45.084034
-1.149704 45.063450
-1.146528 45.042831
-1.143353 45.022175
-1.140178 45.001484
-1.137003 44.980759
-1.133828 44.959995
-1.130653 44.939198
-1.127478 44.918362
-1.124303 44.897491
-1.121128 44.876587
-1.117953 44.855644
-1.114778 44.834667
-1.111603 44.813656
-1.108428 44.792606
-1.105253 44.771523
-1.102078 44.750404
-1.098903 44.729248
-1.095728 44.708057
-1.092553 44.686832
-1.089378 44.665569
-1.086203 44.644272
-1.083028 44.622940
-1.079853 44.601570
-1.076678 44.580166
-1.073503 44.558727
-1.046890 44.535305
-1.020278 44.511841
-0.993665 44.488335
-0.967053 44.464783
-0.940440 44.441189
-0.913828 44.417549
-0.887215 44.393867
-0.860603 44.370144
-0.833990 44.346375
-0.807378 44.322563
-0.780765 44.298710
-0.754153 44.274811
-0.727540 44.250870
-0.700928 44.226883
-0.674315 44.202854
-0.647703 44.178783
-0.621090 44.154667
-0.594478 44.130508
-0.567865 44.106308
-0.541253 44.082062
-0.514640 44.057774
-0.488028 44.033440
-0.461415 44.009064
-0.434803 43.984646
-0.408190 43.960182
-0.381577 43.935677
-0.354965 43.911129
-0.328352 43.886536
-0.301740 43.861900
-0.275127 43.837219
-0.248515 43.812496
-0.221902 43.787731
-0.195290 43.762920
-0.168677 43.738068
-0.142065 43.713173
-0.115452 43.688232
-0.088840 43.663250
-0.062227 43.638222
-0.035615 43.613152
-0.009002 43.588039
0.029935 43.562733
0.068873 43.537380
0.107810 43.511986
0.146748 43.486546
0.185685 43.461063
0.224623 43.435535
0.263560 43.409966
0.302498 43.384350
0.341435 43.358688
0.380373 43.332985
0.419310 43.307236
0.458248 43.281445
0.497185 43.255608
0.536123 43.229729
0.575060 43.203804
0.613998 43.177837
0.652935 43.151825
0.691873 43.125771
0.730810 43.099670
0.769748 43.073528
0.808685 43.047340
0.847623 43.021111
0.886560 42.994835
0.925498 42.968513
0.964435 42.942150
1.003373 42.915741
1.042310 42.889290
1.081248 42.862793
1.120186 42.836254
1.159123 42.809669
1.198061 42.783043
1.236998 42.756371
1.275936 42.729656
1.314873 42.702896
1.353811 42.676094
1.392749 42.649246
1.431686 42.622356
1.470624 42.595421
1.509561 42.568439
1.548499 42.541416
1.570761 42.523674
1.593024 42.505924
1.615287 42.488167
1.637549 42.470402
1.659812 42.452633
1.682074 42.434856
1.704337 42.417072
1.726599 42.399281
1.748862 42.381481
1.771125 42.363678
1.793387 42.345867
1.815650 42.328049
1.837912 42.310223
1.860175 42.292389
1.882437 42.274551
1.904700 42.256706
1.926963 42.238853
1.949225 42.220993
1.971488 42.203125
1.993750 42.185253
2.016013 42.167374
2.038275 42.149487
2.060538 42.131592
2.082801 42.113689
2.105063 42.095783
2.127326 42.077869
2.149588 42.059948
2.171851 42.042019
2.194113 42.024086
2.216376 42.006145
2.238639 41.988197
2.260901 41.970242
2.283164 41.952278
2.305426 41.934311
2.327689 41.916336
2.349952 41.898354
2.372214 41.880363
2.394477 41.862366
2.416739 41.844364
2.439002 41.826355
2.471652 41.809002
2.504302 41.791645
2.536952 41.774284
2.569602 41.756920
2.602252 41.739552
2.634902 41.722179
2.667552 41.704803
2.700202 41.687424
2.732852 41.670040
2.765502 41.652649
2.798152 41.635254
2.830802 41.617855
2.863452 41.600452
2.896102 41.583046
2.928752 41.565636
2.961402 41.548222
2.994052 41.530804
3.026702 41.513382
3.059352 41.495956
3.092002 41.478523
3.124652 41.461086
3.157302 41.443645
3.189952 41.426201
3.222602 41.408752
3.255252 41.391300
3.287902 41.373844
3.320552 41.356384
3.353202 41.338921
3.385852 41.321453
3.418502 41.303978
3.451152 41.286499
3.483802 41.269016
3.516452 41.251530
3.549102 41.234039
3.581752 41.216545
3.614402 41.199047
3.647052 41.181545
3.679702 41.164040
3.712352 41.146526
3.745002 41.129009
3.776289 41.101814
3.807576 41.074577
3.838864 41.047295
3.870151 41.019970
3.901439 40.992603
3.932726 40.965195
3.964014 40.937744
3.995301 40.910248
4.026588 40.882710
4.057876 40.855129
4.089164 40.827507
4.120451 40.799839
4.151739 40.772129
4.183027 40.744377
4.214314 40.716583
4.245602 40.688747
4.276890 40.660866
4.308177 40.632942
4.339465 40.604977
4.370753 40.576969
4.402040 40.548920
4.433328 40.520824
4.464616 40.492687
4.495903 40.464508
4.527191 40.436287
4.558479 40.408024
4.589767 40.379715
4.621054 40.351364
4.652342 40.322971
4.683630 40.294537
4.714917 40.266060
4.746205 40.237537
4.777493 40.208973
4.808780 40.180367
4.840068 40.151718
4.871356 40.123028
4.902643 40.094292
4.933931 40.065514
4.965219 40.036694
4.996506 40.007832
5.010293 39.985390
5.024081 39.962929
5.037868 39.940453
5.051655 39.917957
5.065443 39.895447
5.079230 39.872921
5.093017 39.850376
5.106804 39.827816
5.120592 39.805237
5.134379 39.782642
5.148166 39.760029
5.161953 39.737400
5.175741 39.714752
5.189528 39.692089
5.203315 39.669407
5.217103 39.646709
5.230890 39.623997
5.244677 39.601265
5.258464 39.578518
5.272252 39.555752
5.286039 39.532970
5.299826 39.510170
5.313613 39.487354
5.327401 39.464520
5.341188 39.441669
5.354975 39.418800
5.368762 39.395916
5.382550 39.373013
5.396337 39.350094
5.410124 39.327160
5.423912 39.304207
5.437699 39.281239
5.451486 39.258251
5.465273 39.235249
5.479061 39.212227
5.492848 39.189190
5.506635 39.166134
5.520422 39.143063
5.534210 39.119972
5.547997 39.096867
5.566422 39.072437
5.584847 39.047989
5.603272 39.023518
5.621697 38.999023
5.640122 38.974506
5.658547 38.949966
5.676972 38.925404
5.695397 38.900822
5.713822 38.876217
5.732247 38.851589
5.750672 38.826939
5.769097 38.802265
5.787522 38.777573
5.805947 38.752857
5.824372 38.728119
5.842797 38.703358
5.861222 38.678574
5.879647 38.653767
5.898072 38.628941
5.916497 38.604092
5.934922 38.579220
5.953347 38.554325
5.971772 38.529408
5.990197 38.504471
6.008622 38.479511
6.027047 38.454529
6.045472 38.429523
6.063897 38.404495
6.082322 38.379444
6.100747 38.354374
6.119172 38.329281
6.137597 38.304165
6.156022 38.279026
6.174447 38.253864
6.192872 38.228683
6.211297 38.203480
6.229722 38.178253
6.248147 38.153004
6.266572 38.127731
6.284997 38.102436
6.294959 38.082016
6.304922 38.061592
6.314884 38.041164
6.324847 38.020737
6.334809 38.000305
6.344772 37.979870
6.354734 37.959431
6.364697 37.938992
6.374660 37.918549
6.384622 37.898102
6.394585 37.877655
6.404547 37.857204
6.414510 37.836750
6.424472 37.816292
6.434435 37.795834
6.444397 37.775372
6.454360 37.754906
6.464323 37.734440
6.474285 37.713970
6.484248 37.693497
6.494210 37.673023
6.504173 37.652546
6.514135 37.632065
6.524098 37.611580
6.534060 37.591095
6.544023 37.570606
6.553986 37.550114
6.563948 37.529621
6.573911 37.509125
6.583873 37.488625
6.593836 37.468121
6.603798 37.447617
6.613761 37.427109
6.623724 37.406597
6.633686 37.386086
6.643649 37.365570
6.653611 37.345051
6.663574 37.324528
6.673536 37.304005
6.683499 37.283478
6.697174 37.258556
6.710849 37.233616
6.724524 37.208652
6.738200 37.183670
6.751875 37.158669
6.765550 37.133644
6.779225 37.108601
6.792901 37.083538
6.806576 37.058456
6.820251 37.033352
6.833926 37.008228
6.847601 36.983086
6.861277 36.957920
6.874952 36.932735
6.888627 36.907532
6.902302 36.882305
6.915977 36.857059
6.929653 36.831795
6.943328 36.806511
6.957003 36.781204
6.970678 36.755878
6.984354 36.730534
6.998029 36.705166
7.011704 36.679779
7.025379 36.654373
7.039054 36.628944
7.052730 36.603497
7.066405 36.578030
7.080080 36.552544
7.093755 36.527035
7.107430 36.501507
7.121106 36.475960
7.134781 36.450390
7.148456 36.424801
7.162131 36.399193
7.175807 36.373566
7.189482 36.347916
7.203157 36.322247
7.216832 36.296558
7.230507 36.270847
7.241307 36.244503
7.252107 36.218136
7.262907 36.191746
7.273707 36.165333
7.284507 36.138897
7.295307 36.112438
7.306107 36.085957
7.316906 36.059452
7.327706 36.032925
7.338506 36.006374
7.349306 35.979801
7.360106 35.953209
7.370906 35.926594
7.381706 35.899956
7.392506 35.873295
7.403306 35.846611
7.414105 35.819904
7.424905 35.793175
7.435705 35.766422
7.446505 35.739647
7.457305 35.712849
7.468105 35.686028
7.478905 35.659184
7.489705 35.632317
7.500504 35.605427
7.511304 35.578514
7.522104 35.551579
7.532904 35.524624
7.543704 35.497646
7.554504 35.470646
7.565304 35.443623
7.576104 35.416576
7.586904 35.389507
7.597703 35.362415
7.608503 35.335300
7.619303 35.308163
7.630103 35.281002
7.640903 35.253819
7.651703 35.226612
7.662503 35.199383
7.674653 35.171104
7.686802 35.142799
7.698952 35.114468
7.711102 35.086109
7.723252 35.057724
7.735402 35.029312
7.747551 35.000874
7.759701 34.972404
7.771851 34.943909
7.784001 34.915386
7.796151 34.886837
7.808300 34.858261
7.820450 34.829659
7.832600 34.801029
7.844750 34.772373
7.856900 34.743690
7.869050 34.714981
7.881199 34.686245
7.893349 34.657482
7.905499 34.628693
7.917649 34.599876
7.929799 34.571033
7.941948 34.542164
7.954098 34.513268
7.966248 34.484344
7.978398 34.455395
7.990548 34.426418
8.002698 34.397415
8.014848 34.368385
8.026998 34.339329
8.039147 34.310246
8.051297 34.281136
8.063447 34.251999
8.075597 34.222836
8.087747 34.193645
8.099896 34.164429
8.112046 34.135185
8.124196 34.105915
8.136346 34.076618
8.148496 34.047295
8.159708 34.018120
8.170920 33.988918
8.182133 33.959690
8.193345 33.930439
8.204557 33.901161
8.215770 33.871857
8.226982 33.842525
8.238194 33.813168
8.249407 33.783787
8.260619 33.754379
8.271832 33.724945
8.283044 33.695484
8.294256 33.665997
8.305469 33.636482
8.316681 33.606945
8.327893 33.577381
8.339106 33.547791
8.350318 33.518173
8.361530 33.488529
8.372743 33.458858
8.383955 33.429165
8.395167 33.399445
8.406380 33.369698
8.417592 33.339924
8.428804 33.310123
8.440017 33.280296
8.451229 33.250446
8.462441 33.220570
8.473654 33.190666
8.484866 33.160736
8.496078 33.130779
8.507291 33.100796
8.518503 33.070789
8.529716 33.040756
8.540928 33.010696
8.552140 32.980610
8.563353 32.950497
8.574565 32.920357
8.585777 32.890194
8.596990 32.860004
8.606302 32.829800
8.615615 32.799568
8.624928 32.769314
8.634240 32.739033
8.643553 32.708725
8.652865 32.678391
8.662178 32.648029
8.671491 32.617645
8.680803 32.587234
8.690116 32.556797
8.699429 32.526333
8.708741 32.495842
8.718054 32.465328
8.727366 32.434788
8.736679 32.404221
8.745992 32.373627
8.755304 32.343006
8.764617 32.312359
8.773930 32.281689
8.783242 32.250992
8.792555 32.220268
8.801867 32.189518
8.811180 32.158741
8.820493 32.127941
8.829805 32.097115
8.839118 32.066261
8.848431 32.035381
8.857743 32.004475
8.867056 31.973543
8.876369 31.942585
8.885681 31.911602
8.894994 31.880592
8.904306 31.849556
8.913619 31.818495
8.922932 31.787407
8.932244 31.756292
8.941557 31.725153
8.950870 31.693987
8.960182 31.662796
8.969495 31.631578
8.977307 31.599846
8.985120 31.568085
8.992932 31.536295
9.000745 31.504478
9.008557 31.472633
9.016370 31.440760
9.024182 31.408859
9.031995 31.376930
9.039807 31.344973
9.047620 31.312988
9.055432 31.280975
9.063245 31.248936
9.071057 31.216867
9.078870 31.184771
9.086682 31.152647
9.094495 31.120495
9.102307 31.088314
9.110120 31.056107
9.117932 31.023870
9.125745 30.991606
9.133557 30.959314
9.141370 30.926994
9.149182 30.894646
9.156995 30.862270
9.164807 30.829866
9.172620 30.797434
9.180432 30.764975
9.188245 30.732487
9.196057 30.699970
9.203870 30.667427
9.211682 30.634855
9.219495 30.602255
9.227307 30.569628
9.235120 30.536972
9.242932 30.504288
9.250745 30.471577
9.258557 30.438837
9.266370 30.406071
9.274182 30.373276
9.281995 30.340452
9.290770 30.306709
9.299544 30.272936
9.308319 30.239130
9.317094 30.205294
9.325869 30.171425
9.334643 30.137526
9.343418 30.103594
9.352193 30.069632
9.360968 30.035637
9.369742 30.001612
9.378517 29.967554
9.387292 29.933466
9.396067 29.899345
9.404841 29.865194
9.413616 29.831011
9.422391 29.796797
9.431166 29.762550
9.439940 29.728273
9.448715 29.693964
9.457490 29.659624
9.466265 29.625252
9.475039 29.590849
9.483814 29.556414
9.492589 29.521948
9.501364 29.487450
9.510139 29.452921
9.518913 29.418360
9.527688 29.383766
9.536463 29.349142
9.545238 29.314486
9.554012 29.279799
9.562787 29.245079
9.571562 29.210329
9.580337 29.175547
9.589111 29.140734
9.597886 29.105888
9.606661 29.071012
9.615436 29.036104
9.624210 29.001165
9.632985 28.966194
9.644572 28.928946
9.656159 28.891657
9.667747 28.854328
9.679334 28.816957
9.690921 28.779547
9.702508 28.742096
9.714095 28.704605
9.725682 28.667074
9.737269 28.629501
9.748857 28.591888
9.760444 28.554235
9.772031 28.516542
9.783618 28.478809
9.795205 28.441034
9.806792 28.403219
9.818379 28.365364
9.829967 28.327469
9.841554 28.289532
9.853141 28.251554
9.864728 28.213537
9.876315 28.175480
9.887902 28.137383
9.899489 28.099243
9.911077 28.061064
9.922664 28.022844
9.934251 27.984585
9.945838 27.946285
9.957425 27.907944
9.969012 27.869562
9.980599 27.831141
9.992187 27.792679
10.003774 27.754177
10.015361 27.715633
10.026948 27.677050
10.038535 27.638426
10.050122 27.599762
10.061709 27.561058
10.073297 27.522312
10.084884 27.483526
10.096471 27.444700
10.106733 27.406248
10.116996 27.367758
10.127258 27.329227
10.137521 27.290659
10.147783 27.252050
10.158046 27.213404
10.168308 27.174719
10.178571 27.135994
10.188833 27.097231
10.199096 27.058430
10.209358 27.019588
10.219621 26.980709
10.229883 26.941792
10.240146 26.902834
10.250408 26.863838
10.260671 26.824804
10.270933 26.785730
10.281196 26.746618
10.291458 26.707468
10.301721 26.668278
10.311983 26.629049
10.322246 26.589783
10.332508 26.550476
10.342771 26.511131
10.353033 26.471748
10.363296 26.432325
10.373558 26.392864
10.383821 26.353365
10.394083 26.313826
10.404346 26.274248
10.414608 26.234632
10.424870 26.194977
10.435133 26.155283
10.445395 26.115551
10.455658 26.075779
10.465920 26.035969
10.476183 25.996120
10.486445 25.956232
10.496708 25.916306
10.506970 25.876339
