-0.017350 0.011225
-0.034838 0.022450
-0.052464 0.033675
-0.070227 0.044900
-0.088128 0.056125
-0.106167 0.067350
-0.124343 0.078575
-0.142657 0.089800
-0.161109 0.101025
-0.179698 0.112250
-0.198426 0.123475
-0.217291 0.134700
-0.236293 0.145925
-0.255433 0.157150
-0.274711 0.168375
-0.294127 0.179600
-0.313681 0.190825
-0.333372 0.202050
-0.353200 0.213275
-0.373167 0.224500
-0.393271 0.235725
-0.413513 0.246950
-0.433893 0.258175
-0.454410 0.269400
-0.475065 0.280625
-0.495858 0.291850
-0.516788 0.303075
-0.537856 0.314300
-0.559062 0.325525
-0.580405 0.336750
-0.601887 0.347975
-0.623505 0.359200
-0.645262 0.370425
-0.667156 0.381650
-0.689188 0.392875
-0.711358 0.404100
-0.733665 0.415325
-0.756111 0.426550
-0.778693 0.437775
-0.801414 0.449000
-0.823944 0.460575
-0.846610 0.472150
-0.869411 0.483725
-0.892347 0.495300
-0.915418 0.506875
-0.938624 0.518450
-0.961965 0.530025
-0.985441 0.541600
-1.009053 0.553175
-1.032799 0.564750
-1.056681 0.576325
-1.080698 0.587900
-1.104849 0.599475
-1.129136 0.611050
-1.153558 0.622625
-1.178115 0.634200
-1.202808 0.645775
-1.227635 0.657350
-1.252597 0.668925
-1.277695 0.680500
-1.302927 0.692075
-1.328295 0.703650
-1.353798 0.715225
-1.379436 0.726799
-1.405209 0.738374
-1.431117 0.749949
-1.457160 0.761524
-1.483338 0.773099
-1.509652 0.784674
-1.536100 0.796249
-1.562684 0.807824
-1.589403 0.819399
-1.616256 0.830974
-1.643245 0.842549
-1.670369 0.854124
-1.697628 0.865699
-1.725023 0.877274
-1.752552 0.888849
-1.780216 0.900424
-1.808016 0.911999
-1.834716 0.924762
-1.861541 0.937524
-1.888491 0.950287
-1.915567 0.963049
-1.942768 0.975812
-1.970094 0.988574
-1.997546 1.001337
-2.025123 1.014099
-2.052825 1.026862
-2.080652 1.039624
-2.108605 1.052387
-2.136683 1.065149
-2.164887 1.077912
-2.193215 1.090675
-2.221669 1.103437
-2.250249 1.116200
-2.278953 1.128962
-2.307783 1.141725
-2.336738 1.154487
-2.365819 1.167250
-2.395025 1.180012
-2.424356 1.192775
-2.453812 1.205537
-2.483394 1.218300
-2.513101 1.231063
-2.542933 1.243825
-2.572891 1.256588
-2.602974 1.269350
-2.633182 1.282113
-2.663515 1.294875
-2.693974 1.307638
-2.724558 1.320400
-2.755268 1.333163
-2.786102 1.345925
-2.817062 1.358688
-2.848148 1.371451
-2.879358 1.384213
-2.910694 1.396976
-2.942155 1.409738
-2.973742 1.422501
-3.001207 1.423301
-3.028764 1.424101
-3.056413 1.424901
-3.084154 1.425701
-3.111986 1.426501
-3.139910 1.427301
-3.167925 1.428101
-3.196032 1.428901
-3.224230 1.429701
-3.252520 1.430501
-3.280902 1.431301
-3.309375 1.432101
-3.337940 1.432901
-3.366596 1.433701
-3.395344 1.434501
-3.424184 1.435301
-3.453115 1.436101
-3.482138 1.436901
-3.511252 1.437701
-3.540458 1.438501
-3.569756 1.439301
-3.599145 1.440101
-3.628626 1.440901
-3.658198 1.441701
-3.687862 1.442501
-3.717618 1.443301
-3.747465 1.444101
-3.777404 1.444901
-3.807434 1.445701
-3.837556 1.446501
-3.867770 1.447301
-3.898075 1.448101
-3.928472 1.448901
-3.958960 1.449701
-3.989540 1.450501
-4.020212 1.451301
-4.050975 1.452101
-4.081830 1.452901
-4.112776 1.453701
-4.143814 1.454501
-4.169740 1.450789
-4.195716 1.447076
-4.221742 1.443364
-4.247819 1.439651
-4.273946 1.435939
-4.300123 1.432226
-4.326351 1.428514
-4.352629 1.424801
-4.378957 1.421088
-4.405335 1.417376
-4.431764 1.413663
-4.458243 1.409951
-4.484773 1.406238
-4.511353 1.402526
-4.537982 1.398813
-4.564663 1.395101
-4.591393 1.391388
-4.618175 1.387676
-4.645006 1.383963
-4.671887 1.380251
-4.698819 1.376538
-4.725801 1.372826
-4.752834 1.369113
-4.779917 1.365400
-4.807050 1.361688
-4.834233 1.357975
-4.861467 1.354263
-4.888751 1.350550
-4.916085 1.346838
-4.943470 1.343125
-4.970904 1.339413
-4.998389 1.335700
-5.025925 1.331988
-5.053510 1.328275
-5.081146 1.324563
-5.108832 1.320850
-5.136569 1.317137
-5.164356 1.313425
-5.192193 1.309712
-5.220080 1.306000
-5.244578 1.318400
-5.269099 1.330800
-5.293643 1.343200
-5.318211 1.355600
-5.342801 1.368000
-5.367414 1.380400
-5.392049 1.392800
-5.416708 1.405200
-5.441391 1.417600
-5.466095 1.430000
-5.490823 1.442400
-5.515574 1.454800
-5.540349 1.467200
-5.565145 1.479600
-5.589965 1.492000
-5.614809 1.504400
-5.639675 1.516800
-5.664564 1.529200
-5.689476 1.541600
-5.714411 1.554000
-5.739369 1.566401
-5.764350 1.578801
-5.789354 1.591201
-5.814381 1.603601
-5.839431 1.616001
-5.864504 1.628401
-5.889600 1.640801
-5.914719 1.653201
-5.939861 1.665601
-5.965026 1.678001
-5.990214 1.690401
-6.015425 1.702801
-6.040659 1.715201
-6.065916 1.727601
-6.091196 1.740001
-6.116499 1.752401
-6.141825 1.764801
-6.167174 1.777201
-6.192546 1.789601
-6.217941 1.802001
-6.236139 1.814589
-6.254303 1.827176
-6.272433 1.839764
-6.290528 1.852351
-6.308589 1.864939
-6.326616 1.877526
-6.344609 1.890114
-6.362567 1.902701
-6.380491 1.915289
-6.398380 1.927877
-6.416235 1.940464
-6.434056 1.953052
-6.451843 1.965639
-6.469595 1.978227
-6.487313 1.990814
-6.504996 2.003402
-6.522645 2.015989
-6.540261 2.028577
-6.557842 2.041164
-6.575388 2.053752
-6.592901 2.066339
-6.610379 2.078927
-6.627822 2.091515
-6.645232 2.104102
-6.662607 2.116690
-6.679947 2.129277
-6.697254 2.141865
-6.714526 2.154452
-6.731763 2.167040
-6.748967 2.179627
-6.766136 2.192215
-6.783270 2.204803
-6.800371 2.217390
-6.817438 2.229978
-6.834470 2.242565
-6.851468 2.255153
-6.868431 2.267740
-6.885360 2.280328
-6.902255 2.292915
-6.919116 2.305503
-6.941020 2.325103
-6.962930 2.344703
-6.984846 2.364303
-7.006768 2.383903
-7.028696 2.403502
-7.050630 2.423102
-7.072569 2.442702
-7.094515 2.462302
-7.116467 2.481902
-7.138425 2.501502
-7.160389 2.521102
-7.182359 2.540702
-7.204335 2.560302
-7.226317 2.579902
-7.248305 2.599502
-7.270299 2.619102
-7.292299 2.638701
-7.314305 2.658301
-7.336317 2.677901
-7.358335 2.697501
-7.380359 2.717101
-7.402389 2.736701
-7.424425 2.756301
-7.446467 2.775901
-7.468515 2.795501
-7.490569 2.815101
-7.512629 2.834701
-7.534695 2.854300
-7.556767 2.873900
-7.578845 2.893500
-7.600929 2.913100
-7.623019 2.932700
-7.645115 2.952300
-7.667217 2.971900
-7.689325 2.991500
-7.711439 3.011100
-7.733559 3.030700
-7.755685 3.050300
-7.777817 3.069900
-7.799955 3.089499
-7.819566 3.113337
-7.839163 3.137175
-7.858747 3.161012
-7.878315 3.184850
-7.897871 3.208687
-7.917411 3.232525
-7.936938 3.256362
-7.956451 3.280200
-7.975950 3.304038
-7.995434 3.327875
-8.014905 3.351713
-8.034361 3.375550
-8.053803 3.399388
-8.073232 3.423225
-8.092646 3.447063
-8.112045 3.470901
-8.131431 3.494738
-8.150803 3.518576
-8.170160 3.542413
-8.189504 3.566251
-8.208833 3.590088
-8.228148 3.613926
-8.247450 3.637764
-8.266737 3.661601
-8.286010 3.685439
-8.305268 3.709276
-8.324513 3.733114
-8.343744 3.756951
-8.362961 3.780789
-8.382163 3.804626
-8.401351 3.828464
-8.420526 3.852302
-8.439686 3.876139
-8.458832 3.899977
-8.477963 3.923814
-8.497082 3.947652
-8.516186 3.971489
-8.535275 3.995327
-8.554351 4.019165
-8.573412 4.043002
-8.589083 4.051865
-8.604712 4.060727
-8.620301 4.069590
-8.635849 4.078452
-8.651356 4.087315
-8.666821 4.096177
-8.682246 4.105040
-8.697631 4.113902
-8.712975 4.122765
-8.728277 4.131627
-8.743539 4.140490
-8.758759 4.149352
-8.773939 4.158215
-8.789078 4.167077
-8.804175 4.175940
-8.819232 4.184802
-8.834249 4.193665
-8.849224 4.202527
-8.864159 4.211390
-8.879052 4.220252
-8.893905 4.229115
-8.908716 4.237977
-8.923487 4.246840
-8.938216 4.255702
-8.952905 4.264565
-8.967553 4.273427
-8.982161 4.282290
-8.996727 4.291152
-9.011252 4.300014
-9.025737 4.308877
-9.040180 4.317739
-9.054583 4.326602
-9.068944 4.335464
-9.083265 4.344327
-9.097546 4.353189
-9.111785 4.362052
-9.125983 4.370914
-9.140141 4.379777
-9.154257 4.388639
-9.168332 4.397502
-9.192522 4.403002
-9.216752 4.408502
-9.241021 4.414001
-9.265330 4.419501
-9.289680 4.425001
-9.314068 4.430501
-9.338496 4.436001
-9.362965 4.441501
-9.387472 4.447001
-9.412020 4.452500
-9.436607 4.458000
-9.461234 4.463500
-9.485901 4.469000
-9.510607 4.474500
-9.535353 4.480000
-9.560139 4.485499
-9.584964 4.490999
-9.609829 4.496499
-9.634734 4.501999
-9.659678 4.507499
-9.684663 4.512999
-9.709686 4.518498
-9.734750 4.523998
-9.759853 4.529498
-9.784996 4.534998
-9.810179 4.540498
-9.835402 4.545998
-9.860663 4.551497
-9.885965 4.556997
-9.911306 4.562497
-9.936687 4.567997
-9.962109 4.573497
-9.987569 4.578997
-10.013069 4.584496
-10.038610 4.589996
-10.064189 4.595496
-10.089808 4.600996
-10.115467 4.606496
-10.141166 4.611996
-10.166904 4.617496
-10.194296 4.631670
-10.221740 4.645845
-10.249236 4.660020
-10.276785 4.674195
-10.304386 4.688370
-10.332040 4.702545
-10.359746 4.716720
-10.387505 4.730895
-10.415316 4.745070
-10.443179 4.759245
-10.471095 4.773420
-10.499063 4.787595
-10.527084 4.801770
-10.555158 4.815945
-10.583283 4.830120
-10.611462 4.844295
-10.639692 4.858469
-10.667975 4.872644
-10.696311 4.886819
-10.724699 4.900994
-10.753140 4.915169
-10.781634 4.929344
-10.810181 4.943519
-10.838779 4.957694
-10.867431 4.971869
-10.896134 4.986044
-10.924891 5.000219
-10.953699 5.014394
-10.982560 5.028569
-11.011474 5.042744
-11.040440 5.056919
-11.069458 5.071094
-11.098529 5.085268
-11.127652 5.099443
-11.156828 5.113618
-11.186056 5.127793
-11.215337 5.141968
-11.244670 5.156143
-11.274055 5.170318
-11.303493 5.184493
-11.322438 5.193718
-11.341352 5.202943
-11.360234 5.212168
-11.379086 5.221393
-11.397905 5.230618
-11.416694 5.239842
-11.435452 5.249067
-11.454178 5.258292
-11.472873 5.267517
-11.491537 5.276742
-11.510170 5.285967
-11.528771 5.295192
-11.547341 5.304417
-11.565881 5.313642
-11.584389 5.322866
-11.602865 5.332091
-11.621311 5.341316
-11.639726 5.350541
-11.658109 5.359766
-11.676460 5.368991
-11.694781 5.378216
-11.713071 5.387441
-11.731329 5.396666
-11.749557 5.405890
-11.767753 5.415115
-11.785917 5.424340
-11.804050 5.433565
-11.822153 5.442790
-11.840224 5.452015
-11.858264 5.461240
-11.876273 5.470465
-11.894251 5.479690
-11.912197 5.488914
-11.930112 5.498139
-11.947996 5.507364
-11.965849 5.516589
-11.983670 5.525814
-12.001461 5.535039
-12.019220 5.544264
-12.036948 5.553489
-12.057593 5.555989
-12.078231 5.558489
-12.098861 5.560989
-12.119483 5.563489
-12.140097 5.565989
-12.160703 5.568489
-12.181301 5.570989
-12.201892 5.573489
-12.222475 5.575989
-12.243050 5.578489
-12.263617 5.580989
-12.284176 5.583489
-12.304728 5.585989
-12.325272 5.588490
-12.345808 5.590990
-12.366336 5.593490
-12.386856 5.595990
-12.407369 5.598490
-12.427874 5.600990
-12.448371 5.603490
-12.468860 5.605990
-12.489341 5.608490
-12.509814 5.610990
-12.530280 5.613490
-12.550738 5.615990
-12.571189 5.618490
-12.591631 5.620990
-12.612065 5.623490
-12.632492 5.625990
-12.652911 5.628490
-12.673323 5.630991
-12.693727 5.633491
-12.714122 5.635991
-12.734509 5.638491
-12.754889 5.640991
-12.775262 5.643491
-12.795627 5.645991
-12.815983 5.648491
-12.836331 5.650991
-12.856672 5.653491
-12.881844 5.661066
-12.907045 5.668641
-12.932279 5.676216
-12.957542 5.683791
-12.982837 5.691366
-13.008162 5.698941
-13.033517 5.706516
-13.058903 5.714091
-13.084319 5.721666
-13.109766 5.729241
-13.135243 5.736816
-13.160751 5.744391
-13.186290 5.751966
-13.211859 5.759542
-13.237459 5.767117
-13.263090 5.774692
-13.288752 5.782267
-13.314444 5.789842
-13.340166 5.797417
-13.365919 5.804992
-13.391703 5.812567
-13.417517 5.820142
-13.443361 5.827717
-13.469236 5.835292
-13.495142 5.842867
-13.521078 5.850442
-13.547046 5.858017
-13.573044 5.865592
-13.599072 5.873167
-13.625132 5.880742
-13.651221 5.888317
-13.677341 5.895892
-13.703492 5.903467
-13.729673 5.911042
-13.755885 5.918617
-13.782127 5.926192
-13.808400 5.933767
-13.834704 5.941342
-13.861039 5.948917
-13.887404 5.956492
-13.907034 5.956768
-13.926641 5.957043
-13.946223 5.957318
-13.965783 5.957593
-13.985320 5.957868
-14.004834 5.958143
-14.024325 5.958418
-14.043793 5.958694
-14.063237 5.958969
-14.082659 5.959244
-14.102057 5.959519
-14.121432 5.959794
-14.140784 5.960069
-14.160113 5.960344
-14.179420 5.960619
-14.198703 5.960895
-14.217962 5.961170
-14.237199 5.961445
-14.256413 5.961720
-14.275603 5.961995
-14.294770 5.962270
-14.313914 5.962545
-14.333035 5.962821
-14.352134 5.963096
-14.371209 5.963371
-14.390261 5.963646
-14.409289 5.963921
-14.428295 5.964196
-14.447278 5.964471
-14.466237 5.964746
-14.485173 5.965022
-14.504086 5.965297
-14.522977 5.965572
-14.541844 5.965847
-14.560688 5.966122
-14.579509 5.966397
-14.598307 5.966672
-14.617082 5.966948
-14.635833 5.967223
-14.654561 5.967498
-14.675497 5.956010
-14.696427 5.944523
-14.717352 5.933035
-14.738272 5.921548
-14.759186 5.910060
-14.780094 5.898573
-14.800998 5.887085
-14.821896 5.875598
-14.842788 5.864110
-14.863675 5.852623
-14.884557 5.841136
-14.905433 5.829648
-14.926304 5.818161
-14.947169 5.806673
-14.968029 5.795186
-14.988884 5.783698
-15.009733 5.772211
-15.030577 5.760723
-15.051415 5.749236
-15.072248 5.737748
-15.093076 5.726261
-15.113898 5.714773
-15.134715 5.703286
-15.155526 5.691798
-15.176332 5.680311
-15.197133 5.668823
-15.217928 5.657336
-15.238718 5.645848
-15.259502 5.634361
-15.280281 5.622873
-15.301055 5.611386
-15.321823 5.599898
-15.342586 5.588411
-15.363343 5.576923
-15.384095 5.565436
-15.404841 5.553948
-15.425583 5.542461
-15.446319 5.530973
-15.467049 5.519486
-15.487774 5.507998
-15.513029 5.512536
-15.538315 5.517074
-15.563632 5.521611
-15.588980 5.526149
-15.614358 5.530686
-15.639767 5.535224
-15.665206 5.539762
-15.690676 5.544299
-15.716176 5.548837
-15.741707 5.553374
-15.767268 5.557912
-15.792860 5.562449
-15.818482 5.566987
-15.844136 5.571525
-15.869821 5.576062
-15.895535 5.580600
-15.921281 5.585137
-15.947057 5.589675
-15.972863 5.594213
-15.998700 5.598750
-16.024569 5.603288
-16.050467 5.607825
-16.076395 5.612363
-16.102354 5.616900
-16.128344 5.621438
-16.154364 5.625976
-16.180414 5.630513
-16.206495 5.635051
-16.232607 5.639588
-16.258749 5.644126
-16.284922 5.648664
-16.311127 5.653201
-16.337362 5.657739
-16.363628 5.662276
-16.389925 5.666814
-16.416252 5.671351
-16.442610 5.675889
-16.468998 5.680427
-16.495417 5.684964
-16.521866 5.689502
-16.540068 5.692089
-16.558233 5.694676
-16.576365 5.697264
-16.594461 5.699851
-16.612522 5.702438
-16.630548 5.705026
-16.648539 5.707613
-16.666494 5.710200
-16.684416 5.712788
-16.702301 5.715375
-16.720152 5.717962
-16.737967 5.720550
-16.755747 5.723137
-16.773493 5.725724
-16.791203 5.728312
-16.808878 5.730899
-16.826517 5.733486
-16.844122 5.736073
-16.861692 5.738661
-16.879227 5.741248
-16.896727 5.743835
-16.914190 5.746423
-16.931620 5.749010
-16.949013 5.751597
-16.966372 5.754185
-16.983696 5.756772
-17.000984 5.759359
-17.018238 5.761947
-17.035456 5.764534
-17.052639 5.767121
-17.069788 5.769709
-17.086901 5.772296
-17.103979 5.774883
-17.121021 5.777471
-17.138029 5.780058
-17.155003 5.782645
-17.171940 5.785233
-17.188843 5.787820
-17.205709 5.790407
-17.222542 5.792994
-17.244844 5.796619
-17.267157 5.800244
-17.289478 5.803869
-17.311808 5.807494
-17.334146 5.811119
-17.356493 5.814744
-17.378849 5.818369
-17.401213 5.821994
-17.423586 5.825619
-17.445967 5.829244
-17.468357 5.832869
-17.490755 5.836493
-17.513163 5.840118
-17.535578 5.843743
-17.558002 5.847368
-17.580435 5.850993
-17.602877 5.854618
-17.625326 5.858243
-17.647785 5.861868
-17.670252 5.865493
-17.692728 5.869118
-17.715212 5.872743
-17.737705 5.876368
-17.760206 5.879992
-17.782717 5.883617
-17.805235 5.887242
-17.827763 5.890867
-17.850298 5.894492
-17.872843 5.898117
-17.895395 5.901742
-17.917957 5.905367
-17.940527 5.908992
-17.963106 5.912617
-17.985693 5.916242
-18.008289 5.919867
-18.030893 5.923491
-18.053507 5.927116
-18.076128 5.930741
-18.098759 5.934366
-18.121397 5.937991
-18.135817 5.947441
-18.150179 5.956891
-18.164486 5.966341
-18.178736 5.975791
-18.192928 5.985241
-18.207064 5.994691
-18.221144 6.004141
-18.235167 6.013591
-18.249132 6.023041
-18.263042 6.032491
-18.276896 6.041941
-18.290691 6.051391
-18.304430 6.060841
-18.318113 6.070291
-18.331739 6.079741
-18.345308 6.089190
-18.358820 6.098640
-18.372276 6.108090
-18.385675 6.117540
-18.399017 6.126990
-18.412304 6.136440
-18.425533 6.145890
-18.438705 6.155340
-18.451820 6.164790
-18.464880 6.174240
-18.477882 6.183690
-18.490828 6.193140
-18.503716 6.202590
-18.516548 6.212040
-18.529324 6.221490
-18.542042 6.230940
-18.554705 6.240390
-18.567310 6.249840
-18.579859 6.259290
-18.592350 6.268740
-18.604786 6.278190
-18.617165 6.287640
-18.629486 6.297090
-18.641750 6.306540
-18.653959 6.315989
-18.670824 6.325590
-18.687670 6.335190
-18.704494 6.344790
-18.721300 6.354390
-18.738087 6.363990
-18.754854 6.373590
-18.771603 6.383191
-18.788332 6.392791
-18.805042 6.402391
-18.821733 6.411991
-18.838404 6.421591
-18.855055 6.431191
-18.871687 6.440792
-18.888300 6.450392
-18.904894 6.459992
-18.921469 6.469592
-18.938025 6.479192
-18.954561 6.488792
-18.971079 6.498393
-18.987576 6.507993
-19.004053 6.517593
-19.020512 6.527193
-19.036951 6.536793
-19.053371 6.546393
-19.069773 6.555994
-19.086155 6.565594
-19.102518 6.575194
-19.118860 6.584794
-19.135183 6.594394
-19.151487 6.603994
-19.167772 6.613595
-19.184038 6.623195
-19.200285 6.632795
-19.216513 6.642395
-19.232721 6.651995
-19.248909 6.661595
-19.265078 6.671196
-19.281227 6.680796
-19.297358 6.690396
-19.313469 6.699996
-19.336504 6.710234
-19.359575 6.720471
-19.382681 6.730709
-19.405823 6.740947
-19.429001 6.751184
-19.452215 6.761422
-19.475464 6.771660
-19.498749 6.781898
-19.522070 6.792135
-19.545427 6.802373
-19.568821 6.812611
-19.592249 6.822848
-19.615713 6.833086
-19.639214 6.843324
-19.662750 6.853561
-19.686321 6.863799
-19.709929 6.874037
-19.733572 6.884274
-19.757252 6.894512
-19.780966 6.904750
-19.804716 6.914988
-19.828503 6.925225
-19.852325 6.935463
-19.876184 6.945701
-19.900078 6.955938
-19.924007 6.966176
-19.947973 6.976414
-19.971975 6.986651
-19.996012 6.996889
-20.020084 7.007127
-20.044193 7.017365
-20.068338 7.027602
-20.092518 7.037840
-20.116734 7.048078
-20.140985 7.058315
-20.165274 7.068553
-20.189598 7.078791
-20.213957 7.089028
-20.238352 7.099266
-20.262783 7.109504
-20.284452 7.117179
-20.306135 7.124854
-20.327831 7.132529
-20.349541 7.140204
-20.371265 7.147880
-20.393003 7.155555
-20.414755 7.163230
-20.436520 7.170905
-20.458298 7.178580
-20.480089 7.186255
-20.501894 7.193931
-20.523714 7.201606
-20.545547 7.209281
-20.567394 7.216956
-20.589254 7.224631
-20.611128 7.232306
-20.633015 7.239982
-20.654915 7.247657
-20.676828 7.255332
-20.698757 7.263007
-20.720699 7.270682
-20.742655 7.278358
-20.764624 7.286033
-20.786606 7.293708
-20.808601 7.301383
-20.830610 7.309058
-20.852633 7.316733
-20.874670 7.324409
-20.896721 7.332084
-20.918785 7.339759
-20.940863 7.347434
-20.962954 7.355109
-20.985058 7.362784
-21.007175 7.370460
-21.029308 7.378135
-21.051455 7.385810
-21.073614 7.393485
-21.095787 7.401160
-21.117973 7.408835
-21.140173 7.416511
-21.166859 7.419273
-21.193594 7.422035
-21.220379 7.424798
-21.247213 7.427560
-21.274096 7.430322
-21.301027 7.433084
-21.328009 7.435847
-21.355040 7.438609
-21.382118 7.441371
-21.409246 7.444134
-21.436424 7.446896
-21.463652 7.449658
-21.490927 7.452421
-21.518251 7.455183
-21.545626 7.457945
-21.573050 7.460708
-21.600521 7.463470
-21.628042 7.466232
-21.655613 7.468995
-21.683233 7.471757
-21.710901 7.474519
-21.738619 7.477282
-21.766386 7.480044
-21.794201 7.482806
-21.822065 7.485569
-21.849979 7.488331
-21.877943 7.491093
-21.905954 7.493855
-21.934015 7.496618
-21.962126 7.499380
-21.990286 7.502142
-22.018494 7.504905
-22.046751 7.507667
-22.075058 7.510429
-22.103415 7.513192
-22.131819 7.515954
-22.160273 7.518716
-22.188776 7.521479
-22.217329 7.524241
-22.245930 7.527003
-22.278511 7.522241
-22.311172 7.517478
-22.343914 7.512715
-22.376738 7.507953
-22.409641 7.503190
-22.442625 7.498427
-22.475689 7.493665
-22.508833 7.488902
-22.542057 7.484139
-22.575361 7.479377
-22.608746 7.474614
-22.642210 7.469851
-22.675755 7.465089
-22.709381 7.460326
-22.743088 7.455564
-22.776875 7.450801
-22.810741 7.446038
-22.844688 7.441276
-22.878716 7.436513
-22.912823 7.431750
-22.947010 7.426988
-22.981277 7.422225
-23.015625 7.417462
-23.050055 7.412700
-23.084564 7.407937
-23.119154 7.403174
-23.153824 7.398412
-23.188574 7.393649
-23.223404 7.388886
-23.258314 7.384124
-23.293304 7.379361
-23.328375 7.374599
-23.363525 7.369836
-23.398758 7.365073
-23.434071 7.360311
-23.469463 7.355548
-23.504936 7.350785
-23.540489 7.346023
-23.576122 7.341260
-23.611835 7.336497
-23.644327 7.341722
-23.676874 7.346948
-23.709475 7.352173
-23.742130 7.357398
-23.774839 7.362623
-23.807602 7.367848
-23.840420 7.373074
-23.873291 7.378299
-23.906216 7.383524
-23.939196 7.388749
-23.972229 7.393974
-24.005316 7.399199
-24.038458 7.404425
-24.071653 7.409650
-24.104904 7.414875
-24.138208 7.420100
-24.171566 7.425325
-24.204979 7.430551
-24.238445 7.435776
-24.271965 7.441001
-24.305540 7.446226
-24.339169 7.451451
-24.372850 7.456676
-24.406588 7.461902
-24.440378 7.467127
-24.474224 7.472352
-24.508123 7.477577
-24.542076 7.482802
-24.576084 7.488028
-24.610146 7.493253
-24.644260 7.498478
-24.678431 7.503703
-24.712654 7.508928
-24.746931 7.514153
-24.781263 7.519379
-24.815649 7.524604
-24.850090 7.529829
-24.884584 7.535054
-24.919132 7.540279
-24.953735 7.545505
-24.976990 7.549604
-25.000206 7.553704
-25.023386 7.557804
-25.046530 7.561904
-25.069637 7.566004
-25.092709 7.570104
-25.115744 7.574203
-25.138742 7.578303
-25.161705 7.582403
-25.184631 7.586503
-25.207521 7.590603
-25.230375 7.594703
-25.253193 7.598803
-25.275972 7.602902
-25.298716 7.607002
-25.321423 7.611102
-25.344093 7.615202
-25.366728 7.619302
-25.389326 7.623402
-25.411888 7.627501
-25.434414 7.631601
-25.456903 7.635701
-25.479357 7.639801
-25.501774 7.643901
-25.524155 7.648001
-25.546497 7.652101
-25.568804 7.656200
-25.591074 7.660300
-25.613308 7.664400
-25.635506 7.668500
-25.657667 7.672600
-25.679792 7.676700
-25.701881 7.680799
-25.723934 7.684899
-25.745951 7.688999
-25.767931 7.693099
-25.789875 7.697199
-25.811781 7.701299
-25.833651 7.705399
-25.855484 7.709498
-25.874458 7.712111
-25.893375 7.714724
-25.912233 7.717336
-25.931032 7.719949
-25.949772 7.722561
-25.968452 7.725174
-25.987074 7.727787
-26.005638 7.730399
-26.024143 7.733012
-26.042589 7.735624
-26.060976 7.738237
-26.079304 7.740849
-26.097574 7.743462
-26.115786 7.746075
-26.133938 7.748687
-26.152031 7.751300
-26.170065 7.753912
-26.188040 7.756525
-26.205957 7.759138
-26.223816 7.761750
-26.241615 7.764363
-26.259356 7.766975
-26.277037 7.769588
-26.294659 7.772201
-26.312223 7.774813
-26.329729 7.777426
-26.347176 7.780038
-26.364563 7.782651
-26.381891 7.785264
-26.399160 7.787876
-26.416372 7.790489
-26.433525 7.793101
-26.450619 7.795714
-26.467653 7.798326
-26.484629 7.800939
-26.501545 7.803552
-26.518404 7.806164
-26.535204 7.808777
-26.551945 7.811389
-26.568626 7.814002
-26.592607 7.826702
-26.616589 7.839402
-26.640570 7.852102
-26.664551 7.864802
-26.688530 7.877502
-26.712509 7.890203
-26.736488 7.902903
-26.760468 7.915603
-26.784447 7.928303
-26.808424 7.941003
-26.832401 7.953703
-26.856379 7.966403
-26.880356 7.979103
-26.904333 7.991803
-26.928308 8.004503
-26.952284 8.017203
-26.976259 8.029903
-27.000235 8.042603
-27.024208 8.055304
-27.048182 8.068004
-27.072155 8.080704
-27.096128 8.093404
-27.120102 8.106104
-27.144073 8.118804
-27.168045 8.131504
-27.192017 8.144204
-27.215988 8.156904
-27.239960 8.169604
-27.263929 8.182304
-27.287899 8.195004
-27.311869 8.207705
-27.335838 8.220405
-27.359808 8.233105
-27.383776 8.245805
-27.407743 8.258505
-27.431711 8.271205
-27.455679 8.283905
-27.479645 8.296605
-27.503611 8.309305
-27.527576 8.322005
-27.553545 8.325268
-27.579529 8.328530
-27.605528 8.331793
-27.631544 8.335055
-27.657576 8.338318
-27.683622 8.341580
-27.709684 8.344843
-27.735762 8.348105
-27.761854 8.351368
-27.787962 8.354630
-27.814085 8.357893
-27.840225 8.361156
-27.866381 8.364418
-27.892551 8.367681
-27.918737 8.370943
-27.944939 8.374206
-27.971155 8.377468
-27.997387 8.380731
-28.023634 8.383993
-28.049898 8.387256
-28.076178 8.390518
-28.102472 8.393781
-28.128782 8.397043
-28.155107 8.400306
-28.181448 8.403568
-28.207804 8.406831
-28.234175 8.410093
-28.260563 8.413356
-28.286966 8.416618
-28.313385 8.419881
-28.339819 8.423143
-28.366268 8.426406
-28.392733 8.429668
-28.419212 8.432931
-28.445707 8.436193
-28.472219 8.439456
-28.498747 8.442719
-28.525290 8.445981
-28.551847 8.449244
-28.578421 8.452506
-28.606434 8.446568
-28.634474 8.440631
-28.662540 8.434693
-28.690634 8.428756
-28.718754 8.422818
-28.746901 8.416881
-28.775074 8.410943
-28.803274 8.405005
-28.831501 8.399068
-28.859755 8.393130
-28.888035 8.387193
-28.916342 8.381255
-28.944675 8.375318
-28.973036 8.369380
-29.001423 8.363442
-29.029837 8.357505
-29.058279 8.351567
-29.086748 8.345630
-29.115244 8.339692
-29.143766 8.333755
-29.172316 8.327817
-29.200891 8.321879
-29.229494 8.315942
-29.258123 8.310004
-29.286779 8.304067
-29.315462 8.298129
-29.344172 8.292192
-29.372908 8.286254
-29.401670 8.280316
-29.430460 8.274379
-29.459276 8.268441
-29.488119 8.262504
-29.516989 8.256566
-29.545885 8.250628
-29.574808 8.244691
-29.603758 8.238753
-29.632736 8.232816
-29.661741 8.226878
-29.690773 8.220941
-29.719831 8.215003
-29.754221 8.209628
-29.788679 8.204253
-29.823206 8.198878
-29.857801 8.193503
-29.892466 8.188128
-29.927200 8.182754
-29.962004 8.177379
-29.996876 8.172004
-30.031816 8.166629
-30.066826 8.161254
-30.101904 8.155879
-30.137051 8.150504
-30.172266 8.145129
-30.207550 8.139754
-30.242905 8.134379
-30.278328 8.129004
-30.313820 8.123630
-30.349380 8.118255
-30.385010 8.112880
-30.420708 8.107505
-30.456474 8.102130
-30.492310 8.096755
-30.528215 8.091380
-30.564190 8.086005
-30.600233 8.080630
-30.636345 8.075255
-30.672525 8.069880
-30.708775 8.064506
-30.745092 8.059131
-30.781479 8.053756
-30.817936 8.048381
-30.854462 8.043006
-30.891056 8.037631
-30.927719 8.032256
-30.964451 8.026881
-31.001251 8.021506
-31.038120 8.016131
-31.075058 8.010756
-31.112066 8.005382
-31.149143 8.000007
-31.185017 7.986882
-31.220947 7.973757
-31.256937 7.960632
-31.292986 7.947507
-31.329094 7.934382
-31.365261 7.921257
-31.401487 7.908132
-31.437771 7.895007
-31.474113 7.881882
-31.510515 7.868757
-31.546976 7.855632
-31.583496 7.842507
-31.620075 7.829382
-31.656712 7.816257
-31.693407 7.803133
-31.730162 7.790008
-31.766975 7.776883
-31.803848 7.763758
-31.840780 7.750633
-31.877769 7.737508
-31.914818 7.724383
-31.951925 7.711258
-31.989092 7.698133
-32.026318 7.685008
-32.063602 7.671883
-32.100945 7.658758
-32.138348 7.645633
-32.175808 7.632508
-32.213326 7.619383
-32.250904 7.606258
-32.288540 7.593133
-32.326237 7.580009
-32.363991 7.566884
-32.401802 7.553759
-32.439674 7.540634
-32.477604 7.527509
-32.515594 7.514384
-32.553642 7.501259
-32.591751 7.488134
-32.629917 7.475009
-32.676128 7.473022
-32.722466 7.471034
-32.768925 7.469047
-32.815506 7.467059
-32.862209 7.465072
-32.909035 7.463084
-32.955982 7.461097
-33.003052 7.459109
-33.050243 7.457122
-33.097557 7.455134
-33.144993 7.453147
-33.192551 7.451159
-33.240231 7.449172
-33.288033 7.447185
-33.335957 7.445197
-33.384003 7.443210
-33.432171 7.441222
-33.480461 7.439235
-33.528873 7.437247
-33.577408 7.435260
-33.626064 7.433272
-33.674843 7.431285
-33.723743 7.429297
-33.772766 7.427310
-33.821911 7.425323
-33.871178 7.423335
-33.920567 7.421348
-33.970078 7.419360
-34.019711 7.417373
-34.069466 7.415385
-34.119343 7.413398
-34.169346 7.411410
-34.219471 7.409423
-34.269718 7.407435
-34.320087 7.405448
-34.370579 7.403461
-34.421192 7.401473
-34.471928 7.399486
-34.522785 7.397498
-34.573765 7.395511
-34.625710 7.382311
-34.677784 7.369111
-34.729988 7.355911
-34.782322 7.342711
-34.834782 7.329512
-34.887371 7.316312
-34.940090 7.303112
-34.992939 7.289912
-35.045914 7.276712
-35.099018 7.263513
-35.152252 7.250313
-35.205616 7.237113
-35.259109 7.223913
-35.312729 7.210713
-35.366478 7.197514
-35.420357 7.184314
-35.474365 7.171114
-35.528503 7.157914
-35.582767 7.144714
-35.637161 7.131515
-35.691685 7.118315
-35.746338 7.105115
-35.801121 7.091915
-35.856030 7.078715
-35.911068 7.065516
-35.966236 7.052316
-36.021534 7.039116
-36.076958 7.025916
-36.132511 7.012716
-36.188194 6.999516
-36.244007 6.986317
-36.299950 6.973117
-36.356018 6.959917
-36.412216 6.946717
-36.468544 6.933517
-36.525002 6.920318
-36.581589 6.907118
-36.638302 6.893918
-36.695145 6.880718
-36.752117 6.867518
-36.804848 6.857769
-36.857670 6.848019
-36.910587 6.838269
-36.963600 6.828519
-37.016705 6.818769
-37.069904 6.809019
-37.123199 6.799269
-37.176586 6.789519
-37.230068 6.779769
-37.283646 6.770020
-37.337318 6.760270
-37.391083 6.750520
-37.444942 6.740770
-37.498898 6.731020
-37.552944 6.721270
-37.607086 6.711520
-37.661324 6.701770
-37.715652 6.692020
-37.770077 6.682271
-37.824596 6.672521
-37.879208 6.662771
-37.933914 6.653021
-37.988716 6.643271
-38.043613 6.633521
-38.098602 6.623771
-38.153687 6.614021
-38.208866 6.604271
-38.264137 6.594522
-38.319504 6.584772
-38.374966 6.575022
-38.430519 6.565272
-38.486168 6.555522
-38.541912 6.545772
-38.597752 6.536022
-38.653683 6.526272
-38.709709 6.516522
-38.765831 6.506773
-38.822044 6.497023
-38.878353 6.487273
-38.934757 6.477523
-38.990475 6.473198
-39.046280 6.468873
-39.102173 6.464548
-39.158154 6.460223
-39.214222 6.455898
-39.270378 6.451573
-39.326622 6.447248
-39.382954 6.442924
-39.439373 6.438599
-39.495880 6.434274
-39.552475 6.429949
-39.609158 6.425624
-39.665928 6.421299
-39.722786 6.416974
-39.779736 6.412649
-39.836773 6.408324
-39.893898 6.403999
-39.951111 6.399674
-40.008411 6.395350
-40.065800 6.391025
-40.123276 6.386700
-40.180840 6.382375
-40.238491 6.378050
-40.296230 6.373725
-40.354057 6.369400
-40.411972 6.365075
-40.469975 6.360750
-40.528065 6.356425
-40.586246 6.352100
-40.644516 6.347775
-40.702873 6.343451
-40.761318 6.339126
-40.819851 6.334801
-40.878471 6.330476
-40.937180 6.326151
-40.995975 6.321826
-41.054859 6.317501
-41.113831 6.313176
-41.172890 6.308851
-41.232037 6.304526
-41.289509 6.302239
-41.347054 6.299952
-41.404675 6.297664
-41.462368 6.295377
-41.520134 6.293089
-41.577976 6.290802
-41.635891 6.288515
-41.693882 6.286227
-41.751945 6.283940
-41.810081 6.281652
-41.868294 6.279365
-41.926579 6.277078
-41.984940 6.274790
-42.043373 6.272503
-42.101879 6.270216
-42.160461 6.267928
-42.219116 6.265641
-42.277847 6.263353
-42.336651 6.261066
-42.395527 6.258779
-42.454479 6.256491
-42.513504 6.254204
-42.572605 6.251916
-42.631779 6.249629
-42.691025 6.247342
-42.750347 6.245054
-42.809742 6.242767
-42.869213 6.240479
-42.928757 6.238192
-42.988373 6.235905
-43.048065 6.233617
-43.107830 6.231330
-43.167671 6.229043
-43.227585 6.226755
-43.287571 6.224468
-43.347633 6.222180
-43.407768 6.219893
-43.467979 6.217606
-43.528263 6.215318
-43.588619 6.213031
-43.647438 6.208418
-43.706318 6.203806
-43.765259 6.199193
-43.824261 6.194581
-43.883324 6.189969
-43.942448 6.185356
-44.001633 6.180744
-44.060879 6.176131
-44.120186 6.171519
-44.179554 6.166906
-44.238983 6.162294
-44.298477 6.157681
-44.358032 6.153069
-44.417648 6.148457
-44.477325 6.143844
-44.537064 6.139232
-44.596863 6.134619
-44.656723 6.130007
-44.716644 6.125394
-44.776627 6.120782
-44.836670 6.116169
-44.896774 6.111557
-44.956940 6.106945
-45.017166 6.102332
-45.077454 6.097720
-45.137802 6.093107
-45.198212 6.088495
-45.258682 6.083882
-45.319214 6.079270
-45.379807 6.074657
-45.440460 6.070045
-45.501175 6.065433
-45.561951 6.060820
-45.622787 6.056208
-45.683689 6.051595
-45.744652 6.046983
-45.805676 6.042370
-45.866760 6.037758
-45.927906 6.033145
-45.989113 6.028533
-46.017960 6.026371
-46.046612 6.024208
-46.075066 6.022046
-46.103325 6.019883
-46.131386 6.017721
-46.159252 6.015558
-46.186924 6.013396
-46.214397 6.011233
-46.241676 6.009071
-46.268757 6.006908
-46.295643 6.004746
-46.322334 6.002584
-46.348827 6.000421
-46.375126 5.998259
-46.401226 5.996096
-46.427132 5.993934
-46.452843 5.991771
-46.478355 5.989609
-46.503674 5.987446
-46.528793 5.985284
-46.553719 5.983121
-46.578449 5.980959
-46.602982 5.978796
-46.627319 5.976634
-46.651459 5.974472
-46.675404 5.972309
-46.699154 5.970147
-46.722706 5.967984
-46.746063 5.965822
-46.769222 5.963659
-46.792187 5.961497
-46.814957 5.959334
-46.837528 5.957172
-46.859905 5.955009
-46.882084 5.952847
-46.904068 5.950685
-46.925854 5.948522
-46.947445 5.946360
-46.968842 5.944197
-46.990040 5.942035
-46.999626 5.933072
-47.008926 5.924109
-47.017941 5.915147
-47.026669 5.906184
-47.035110 5.897222
-47.043266 5.888259
-47.051132 5.879296
-47.058712 5.870334
-47.066006 5.861371
-47.073013 5.852408
-47.079735 5.843446
-47.086170 5.834483
-47.092316 5.825521
-47.098175 5.816558
-47.103748 5.807595
-47.109035 5.798633
-47.114037 5.789670
-47.118752 5.780707
-47.123180 5.771745
-47.127319 5.762782
-47.131172 5.753819
-47.134739 5.744857
-47.138020 5.735894
-47.141014 5.726932
-47.143723 5.717969
-47.146141 5.709006
-47.148273 5.700044
-47.150120 5.691081
-47.151680 5.682118
-47.152954 5.673156
-47.153942 5.664193
-47.154640 5.655231
-47.155052 5.646268
-47.155178 5.637305
-47.155018 5.628343
-47.154572 5.619380
-47.153839 5.610417
-47.152821 5.601455
-47.151512 5.592492
-47.149918 5.583529
-47.146866 5.583129
-47.143517 5.582729
-47.139874 5.582329
-47.135933 5.581929
-47.131699 5.581529
-47.127167 5.581129
-47.122337 5.580729
-47.117214 5.580329
-47.111794 5.579929
-47.106079 5.579529
-47.100067 5.579129
-47.093758 5.578729
-47.087154 5.578329
-47.080254 5.577929
-47.073059 5.577528
-47.065567 5.577128
-47.057777 5.576728
-47.049694 5.576328
-47.041313 5.575928
-47.032639 5.575528
-47.023666 5.575128
-47.014397 5.574728
-47.004833 5.574328
-46.994972 5.573928
-46.984818 5.573528
-46.974365 5.573128
-46.963615 5.572728
-46.952572 5.572328
-46.941231 5.571928
-46.929596 5.571527
-46.917664 5.571127
-46.905434 5.570727
-46.892910 5.570327
-46.880089 5.569927
-46.866974 5.569527
-46.853561 5.569127
-46.839851 5.568727
-46.825848 5.568327
-46.811546 5.567927
-46.796951 5.567527
-46.797634 5.556190
-46.798141 5.544852
-46.798477 5.533515
-46.798641 5.522178
-46.798634 5.510840
-46.798454 5.499503
-46.798100 5.488166
-46.797573 5.476829
-46.796875 5.465491
-46.796005 5.454154
-46.794964 5.442817
-46.793751 5.431479
-46.792362 5.420142
-46.790802 5.408805
-46.789070 5.397468
-46.787167 5.386130
-46.785091 5.374793
-46.782841 5.363456
-46.780418 5.352118
-46.777824 5.340781
-46.775059 5.329444
-46.772121 5.318107
-46.769009 5.306769
-46.765724 5.295432
-46.762268 5.284095
-46.758640 5.272758
-46.754841 5.261420
-46.750866 5.250083
-46.746719 5.238746
-46.742401 5.227408
-46.737911 5.216071
-46.733250 5.204734
-46.728413 5.193397
-46.723404 5.182059
-46.718224 5.170722
-46.712872 5.159385
-46.707348 5.148047
-46.701649 5.136710
-46.695778 5.125373
-46.689735 5.114036
-46.693813 5.101248
-46.697803 5.088461
-46.701702 5.075674
-46.705509 5.062886
-46.709225 5.050099
-46.712852 5.037312
-46.716389 5.024524
-46.719833 5.011737
-46.723186 4.998950
-46.726448 4.986162
-46.729622 4.973375
-46.732704 4.960588
-46.735695 4.947800
-46.738594 4.935013
-46.741405 4.922225
-46.744125 4.909438
-46.746754 4.896651
-46.749290 4.883863
-46.751736 4.871076
-46.754093 4.858289
-46.756359 4.845501
-46.758533 4.832714
-46.760616 4.819927
-46.762611 4.807139
-46.764515 4.794352
-46.766327 4.781565
-46.768047 4.768777
-46.769676 4.755990
-46.771217 4.743203
-46.772667 4.730415
-46.774025 4.717628
-46.775291 4.704841
-46.776470 4.692053
-46.777557 4.679266
-46.778553 4.666479
-46.779457 4.653691
-46.780270 4.640904
-46.780994 4.628117
-46.781628 4.615329
-46.782169 4.602542
-46.779282 4.598879
-46.776276 4.595217
-46.773155 4.591554
-46.769917 4.587892
-46.766560 4.584229
-46.763084 4.580566
-46.759495 4.576904
-46.755787 4.573241
-46.751961 4.569579
-46.748020 4.565916
-46.743961 4.562253
-46.739784 4.558591
-46.735489 4.554928
-46.731079 4.551266
-46.726551 4.547603
-46.721905 4.543941
-46.717144 4.540278
-46.712265 4.536615
-46.707268 4.532953
-46.702152 4.529290
-46.696922 4.525628
-46.691574 4.521965
-46.686108 4.518302
-46.680523 4.514640
-46.674824 4.510977
-46.669006 4.507315
-46.663071 4.503652
-46.657021 4.499990
-46.650852 4.496327
-46.644566 4.492664
-46.638161 4.489002
-46.631641 4.485339
-46.625004 4.481677
-46.618248 4.478014
-46.611374 4.474351
-46.604385 4.470689
-46.597279 4.467026
-46.590054 4.463364
-46.582714 4.459701
-46.575256 4.456038
-46.567707 4.452814
-46.560040 4.449589
-46.552254 4.446364
-46.544353 4.443139
-46.536335 4.439914
-46.528198 4.436689
-46.519947 4.433465
-46.511578 4.430240
-46.503090 4.427015
-46.494488 4.423790
-46.485767 4.420565
-46.476929 4.417340
-46.467976 4.414115
-46.458904 4.410891
-46.449715 4.407666
-46.440411 4.404441
-46.430988 4.401216
-46.421448 4.397991
-46.411793 4.394766
-46.402020 4.391541
-46.392128 4.388317
-46.382122 4.385092
-46.371998 4.381867
-46.361755 4.378642
-46.351398 4.375417
-46.340923 4.372192
-46.330330 4.368968
-46.319622 4.365743
-46.308796 4.362518
-46.297852 4.359293
-46.286793 4.356068
-46.275616 4.352843
-46.264320 4.349618
-46.252911 4.346394
-46.241383 4.343169
-46.229736 4.339944
-46.217976 4.336719
-46.206097 4.333494
-46.194099 4.330269
-46.181988 4.327044
-46.169605 4.321532
-46.157104 4.316019
-46.144485 4.310506
-46.131748 4.304994
-46.118893 4.299481
-46.105919 4.293968
-46.092827 4.288455
-46.079617 4.282943
-46.066288 4.277430
-46.052841 4.271917
-46.039276 4.266405
-46.025593 4.260892
-46.011791 4.255379
-45.997871 4.249866
-45.983833 4.244354
-45.969681 4.238841
-45.955410 4.233328
-45.941021 4.227816
-45.926514 4.222303
-45.911888 4.216790
-45.897144 4.211277
-45.882282 4.205765
-45.867302 4.200252
-45.852203 4.194739
-45.836987 4.189227
-45.821651 4.183714
-45.806198 4.178201
-45.790627 4.172688
-45.774937 4.167176
-45.759129 4.161663
-45.743202 4.156150
-45.727158 4.150638
-45.710995 4.145125
-45.694714 4.139612
-45.678314 4.134099
-45.661797 4.128587
-45.645161 4.123074
-45.628407 4.117561
-45.611534 4.112049
-45.594543 4.106536
-45.586479 4.103986
-45.578369 4.101436
-45.570213 4.098886
-45.562012 4.096335
-45.553764 4.093785
-45.545471 4.091235
-45.537128 4.088685
-45.528740 4.086135
-45.520306 4.083585
-45.511826 4.081035
-45.503300 4.078485
-45.494728 4.075934
-45.486107 4.073384
-45.477440 4.070834
-45.468727 4.068284
-45.459969 4.065734
-45.451164 4.063184
-45.442314 4.060634
-45.433418 4.058084
-45.424473 4.055533
-45.415482 4.052983
-45.406445 4.050433
-45.397362 4.047883
-45.388233 4.045333
-45.379059 4.042783
-45.369835 4.040233
-45.360565 4.037683
-45.351250 4.035132
-45.341888 4.032582
-45.332481 4.030032
-45.323029 4.027482
-45.313526 4.024932
-45.303978 4.022382
-45.294384 4.019832
-45.284744 4.017282
-45.275059 4.014731
-45.265327 4.012181
-45.255547 4.009631
-45.245720 4.007081
-45.235847 4.004531
-45.224731 4.002531
-45.213558 4.000531
-45.202332 3.998531
-45.191048 3.996531
-45.179710 3.994531
-45.168316 3.992531
-45.156864 3.990531
-45.145359 3.988531
-45.133797 3.986531
-45.122177 3.984530
-45.110504 3.982530
-45.098774 3.980530
-45.086987 3.978530
-45.075146 3.976530
-45.063248 3.974530
-45.051292 3.972530
-45.039284 3.970530
-45.027218 3.968530
-45.015095 3.966530
-45.002918 3.964530
-44.990685 3.962529
-44.978394 3.960529
-44.966049 3.958529
-44.953648 3.956529
-44.941189 3.954529
-44.928677 3.952529
-44.916107 3.950529
-44.903481 3.948529
-44.890800 3.946529
-44.878063 3.944529
-44.865273 3.942528
-44.852425 3.940528
-44.839520 3.938528
-44.826561 3.936528
-44.813545 3.934528
-44.800472 3.932528
-44.787346 3.930528
-44.774162 3.928528
-44.760921 3.926528
-44.747627 3.924528
-44.735447 3.924240
-44.723221 3.923953
-44.710949 3.923665
-44.698627 3.923378
-44.686260 3.923090
-44.673847 3.922802
-44.661388 3.922515
-44.648884 3.922227
-44.636330 3.921940
-44.623730 3.921652
-44.611084 3.921365
-44.598392 3.921077
-44.585655 3.920790
-44.572868 3.920502
-44.560036 3.920215
-44.547157 3.919927
-44.534233 3.919640
-44.521259 3.919352
-44.508240 3.919065
-44.495174 3.918777
-44.482063 3.918489
-44.468906 3.918202
-44.455700 3.917914
-44.442448 3.917627
-44.429150 3.917339
-44.415806 3.917052
-44.402416 3.916764
-44.388977 3.916477
-44.375492 3.916189
-44.361961 3.915902
-44.348385 3.915614
-44.334759 3.915327
-44.321087 3.915039
-44.307369 3.914752
-44.293606 3.914464
-44.279797 3.914176
-44.265938 3.913889
-44.252033 3.913601
-44.238083 3.913314
-44.224087 3.913026
-44.210735 3.911351
-44.197342 3.909677
-44.183910 3.908002
-44.170437 3.906327
-44.156921 3.904652
-44.143364 3.902977
-44.129768 3.901302
-44.116131 3.899627
-44.102451 3.897952
-44.088730 3.896277
-44.074966 3.894603
-44.061165 3.892928
-44.047321 3.891253
-44.033436 3.889578
-44.019508 3.887903
-44.005543 3.886228
-43.991535 3.884553
-43.977486 3.882878
-43.963394 3.881203
-43.949261 3.879529
-43.935089 3.877854
-43.920876 3.876179
-43.906620 3.874504
-43.892323 3.872829
-43.877987 3.871154
-43.863609 3.869479
-43.849190 3.867804
-43.834728 3.866129
-43.820225 3.864455
-43.805683 3.862780
-43.791100 3.861105
-43.776474 3.859430
-43.761806 3.857755
-43.747101 3.856080
-43.732353 3.854405
-43.717564 3.852730
-43.702732 3.851055
-43.687862 3.849380
-43.672951 3.847706
-43.657997 3.846031
-43.648205 3.845106
-43.638412 3.844181
-43.628620 3.843256
-43.618832 3.842330
-43.609043 3.841405
-43.599255 3.840480
-43.589466 3.839555
-43.579678 3.838630
-43.569889 3.837705
-43.560101 3.836780
-43.550312 3.835855
-43.540524 3.834930
-43.530735 3.834005
-43.520947 3.833080
-43.511158 3.832155
-43.501369 3.831230
-43.491581 3.830305
-43.481792 3.829380
-43.472004 3.828454
-43.462215 3.827529
-43.452427 3.826604
-43.442638 3.825679
-43.432854 3.824754
-43.423069 3.823829
-43.413284 3.822904
-43.403500 3.821979
-43.393715 3.821054
-43.383930 3.820129
-43.374146 3.819204
-43.364361 3.818279
-43.354576 3.817354
-43.344791 3.816429
-43.335007 3.815504
-43.325222 3.814579
-43.315437 3.813653
-43.305653 3.812728
-43.295868 3.811803
-43.286083 3.810878
-43.276299 3.809953
-43.266514 3.809028
-43.261505 3.806828
-43.256535 3.804628
-43.251602 3.802428
-43.246708 3.800229
-43.241852 3.798029
-43.237034 3.795829
-43.232254 3.793629
-43.227512 3.791429
-43.222809 3.789229
-43.218143 3.787029
-43.213516 3.784829
-43.208927 3.782629
-43.204376 3.780430
-43.199863 3.778230
-43.195389 3.776030
-43.190952 3.773830
-43.186554 3.771630
-43.182194 3.769430
-43.177872 3.767230
-43.173588 3.765030
-43.169342 3.762830
-43.165134 3.760631
-43.160965 3.758431
-43.156834 3.756231
-43.152740 3.754031
-43.148685 3.751831
-43.144669 3.749631
-43.140690 3.747431
-43.136749 3.745231
-43.132847 3.743032
-43.128983 3.740832
-43.125156 3.738632
-43.121368 3.736432
-43.117619 3.734232
-43.113907 3.732032
-43.110233 3.729832
-43.106598 3.727632
-43.103001 3.725432
-43.099442 3.723233
-43.095921 3.721033
-43.091049 3.715720
-43.086208 3.710408
-43.081394 3.705095
-43.076607 3.699783
-43.071846 3.694470
-43.067112 3.689158
-43.062405 3.683846
-43.057724 3.678533
-43.053070 3.673221
-43.048443 3.667908
-43.043846 3.662596
-43.039276 3.657283
-43.034733 3.651971
-43.030216 3.646658
-43.025726 3.641346
-43.021263 3.636034
-43.016827 3.630721
-43.012417 3.625409
-43.008034 3.620096
-43.003677 3.614784
-42.999352 3.609471
-42.995052 3.604159
-42.990780 3.598846
-42.986534 3.593534
-42.982315 3.588222
-42.978123 3.582909
-42.973957 3.577597
-42.969818 3.572284
-42.965706 3.566972
-42.961620 3.561659
-42.957565 3.556347
-42.953537 3.551034
-42.949535 3.545722
-42.945560 3.540410
-42.941612 3.535097
-42.937691 3.529785
-42.933796 3.524472
-42.929928 3.519160
-42.926086 3.513847
-42.922276 3.508535
-42.920292 3.504697
-42.918350 3.500860
-42.916451 3.497022
-42.914593 3.493185
-42.912773 3.489347
-42.910995 3.485509
-42.909260 3.481672
-42.907566 3.477834
-42.905914 3.473997
-42.904305 3.470159
-42.902733 3.466321
-42.901203 3.462484
-42.899715 3.458646
-42.898270 3.454809
-42.896866 3.450971
-42.895504 3.447134
-42.894184 3.443296
-42.892902 3.439458
-42.891663 3.435621
-42.890465 3.431783
-42.889309 3.427946
-42.888195 3.424108
-42.887123 3.420270
-42.886093 3.416433
-42.885101 3.412595
-42.884151 3.408758
-42.883244 3.404920
-42.882378 3.401083
-42.881554 3.397245
-42.880772 3.393407
-42.880032 3.389570
-42.879330 3.385732
-42.878670 3.381895
-42.878052 3.378057
-42.877476 3.374219
-42.876942 3.370382
-42.876450 3.366544
-42.875999 3.362707
-42.875587 3.358869
-42.875217 3.355031
-42.876110 3.349594
-42.877056 3.344156
-42.878052 3.338719
-42.879101 3.333281
-42.880199 3.327843
-42.881348 3.322406
-42.882549 3.316968
-42.883801 3.311531
-42.885105 3.306093
-42.886459 3.300655
-42.887863 3.295218
-42.889320 3.289780
-42.890827 3.284343
-42.892387 3.278905
-42.893997 3.273467
-42.895657 3.268030
-42.897369 3.262592
-42.899132 3.257154
-42.900948 3.251717
-42.902813 3.246279
-42.904728 3.240842
-42.906696 3.235404
-42.908714 3.229966
-42.910786 3.224529
-42.912907 3.219091
-42.915077 3.213654
-42.917301 3.208216
-42.919575 3.202778
-42.921902 3.197341
-42.924278 3.191903
-42.926704 3.186466
-42.929184 3.181028
-42.931713 3.175590
-42.934296 3.170153
-42.936928 3.164715
-42.939610 3.159277
-42.942345 3.153840
-42.945129 3.148402
-42.947968 3.142965
-42.950855 3.137527
-42.953491 3.136615
-42.956177 3.135702
-42.958912 3.134790
-42.961693 3.133877
-42.964523 3.132965
-42.967403 3.132052
-42.970333 3.131140
-42.973309 3.130228
-42.976334 3.129315
-42.979408 3.128403
-42.982533 3.127490
-42.985703 3.126578
-42.988922 3.125665
-42.992191 3.124753
-42.995510 3.123841
-42.998878 3.122928
-43.002293 3.122016
-43.005756 3.121103
-43.009270 3.120191
-43.012833 3.119278
-43.016441 3.118366
-43.020100 3.117454
-43.023808 3.116541
-43.027565 3.115629
-43.031368 3.114716
-43.035221 3.113804
-43.039124 3.112891
-43.043076 3.111979
-43.047073 3.111067
-43.051121 3.110154
-43.055218 3.109242
-43.059364 3.108329
-43.063560 3.107417
-43.067802 3.106504
-43.072094 3.105592
-43.076435 3.104680
-43.080826 3.103767
-43.085262 3.102855
-43.089748 3.101942
-43.094284 3.101030
-43.093628 3.094242
-43.092976 3.087455
-43.092331 3.080667
-43.091694 3.073880
-43.091064 3.067092
-43.090443 3.060305
-43.089828 3.053517
-43.089222 3.046730
-43.088623 3.039942
-43.088028 3.033154
-43.087440 3.026367
-43.086861 3.019579
-43.086288 3.012792
-43.085724 3.006004
-43.085167 2.999217
-43.084618 2.992429
-43.084072 2.985642
-43.083534 2.978854
-43.083004 2.972067
-43.082481 2.965279
-43.081966 2.958492
-43.081459 2.951704
-43.080959 2.944916
-43.080463 2.938129
-43.079975 2.931341
-43.079494 2.924554
-43.079021 2.917766
-43.078556 2.910979
-43.078098 2.904191
-43.077648 2.897404
-43.077202 2.890616
-43.076763 2.883829
-43.076332 2.877041
-43.075909 2.870254
-43.075493 2.863466
-43.075085 2.856678
-43.074684 2.849891
-43.074287 2.843103
-43.073898 2.836316
-43.073517 2.829528
-43.078838 2.824828
-43.084213 2.820128
-43.089638 2.815428
-43.095116 2.810729
-43.100647 2.806029
-43.106232 2.801329
-43.111866 2.796629
-43.117554 2.791929
-43.123295 2.787229
-43.129086 2.782529
-43.134930 2.777829
-43.140827 2.773129
-43.146778 2.768429
-43.152779 2.763729
-43.158833 2.759029
-43.164940 2.754329
-43.171097 2.749629
-43.177307 2.744929
-43.183571 2.740229
-43.189888 2.735529
-43.196255 2.730829
-43.202675 2.726130
-43.209148 2.721430
-43.215672 2.716730
-43.222248 2.712030
-43.228878 2.707330
-43.235561 2.702630
-43.242294 2.697930
-43.249081 2.693230
-43.255920 2.688530
-43.262810 2.683830
-43.269753 2.679130
-43.276749 2.674430
-43.283794 2.669730
-43.290894 2.665030
-43.298046 2.660330
-43.305252 2.655630
-43.312508 2.650930
-43.319817 2.646230
-43.327179 2.641531
-43.328884 2.641268
-43.330597 2.641006
-43.332317 2.640743
-43.334045 2.640481
-43.335781 2.640218
-43.337521 2.639956
-43.339268 2.639693
-43.341022 2.639431
-43.342785 2.639168
-43.344555 2.638906
-43.346333 2.638643
-43.348114 2.638381
-43.349903 2.638118
-43.351700 2.637856
-43.353504 2.637593
-43.355316 2.637331
-43.357136 2.637068
-43.358959 2.636806
-43.360790 2.636543
-43.362629 2.636281
-43.364475 2.636018
-43.366329 2.635756
-43.368191 2.635493
-43.370056 2.635231
-43.371929 2.634968
-43.373810 2.634706
-43.375698 2.634443
-43.377594 2.634181
-43.379498 2.633918
-43.381405 2.633656
-43.383320 2.633393
-43.385242 2.633131
-43.387173 2.632868
-43.389111 2.632606
-43.391056 2.632343
-43.393005 2.632081
-43.394962 2.631818
-43.396927 2.631556
-43.398899 2.631293
-43.400879 2.631031
-43.405144 2.626118
-43.409435 2.621205
-43.413754 2.616293
-43.418095 2.611380
-43.422462 2.606467
-43.426853 2.601555
-43.431271 2.596642
-43.435711 2.591730
-43.440178 2.586817
-43.444672 2.581904
-43.449188 2.576992
-43.453732 2.572079
-43.458298 2.567167
-43.462891 2.562254
-43.467510 2.557341
-43.472153 2.552429
-43.476822 2.547516
-43.481514 2.542603
-43.486233 2.537691
-43.490974 2.532778
-43.495743 2.527866
-43.500538 2.522953
-43.505356 2.518040
-43.510201 2.513128
-43.515068 2.508215
-43.519962 2.503303
-43.524883 2.498390
-43.529827 2.493477
-43.534798 2.488565
-43.539791 2.483652
-43.544811 2.478740
-43.549854 2.473827
-43.554924 2.468914
-43.560020 2.464002
-43.565140 2.459089
-43.570286 2.454176
-43.575455 2.449264
-43.580650 2.444351
-43.585869 2.439439
-43.591114 2.434526
-43.597645 2.427626
-43.604210 2.420726
-43.610809 2.413826
-43.617447 2.406926
-43.624119 2.400026
-43.630825 2.393126
-43.637566 2.386225
-43.644341 2.379325
-43.651154 2.372425
-43.658001 2.365525
-43.664883 2.358625
-43.671799 2.351725
-43.678749 2.344825
-43.685738 2.337925
-43.692760 2.331025
-43.699818 2.324125
-43.706909 2.317225
-43.714035 2.310325
-43.721199 2.303425
-43.728397 2.296525
-43.735630 2.289624
-43.742897 2.282724
-43.750198 2.275824
-43.757538 2.268924
-43.764912 2.262024
-43.772320 2.255124
-43.779762 2.248224
-43.787239 2.241324
-43.794754 2.234424
-43.802303 2.227524
-43.809887 2.220624
-43.817505 2.213724
-43.825157 2.206824
-43.832848 2.199924
-43.840572 2.193023
-43.848331 2.186123
-43.856125 2.179223
-43.863953 2.172323
-43.871819 2.165423
-43.879719 2.158523
-43.889759 2.154498
-43.899849 2.150473
-43.909992 2.146448
-43.920185 2.142423
-43.930431 2.138398
-43.940727 2.134373
-43.951077 2.130348
-43.961479 2.126323
-43.971931 2.122298
-43.982437 2.118273
-43.992992 2.114248
-44.003601 2.110223
-44.014263 2.106198
-44.024975 2.102173
-44.035740 2.098148
-44.046555 2.094123
-44.057423 2.090098
-44.068340 2.086073
-44.079311 2.082048
-44.090336 2.078023
-44.101410 2.073998
-44.112537 2.069973
-44.123714 2.065948
-44.134945 2.061924
-44.146225 2.057899
-44.157558 2.053874
-44.168945 2.049849
-44.180382 2.045824
-44.191872 2.041799
-44.203411 2.037774
-44.215004 2.033749
-44.226650 2.029724
-44.238346 2.025699
-44.250095 2.021674
-44.261894 2.017649
-44.273746 2.013624
-44.285648 2.009599
-44.297604 2.005574
-44.309612 2.001549
-44.321671 1.997524
-44.336025 1.989911
-44.350449 1.982299
-44.364941 1.974686
-44.379501 1.967074
-44.394135 1.959461
-44.408836 1.951849
-44.423607 1.944237
-44.438446 1.936624
-44.453358 1.929012
-44.468338 1.921399
-44.483387 1.913787
-44.498505 1.906174
-44.513695 1.898562
-44.528954 1.890949
-44.544281 1.883337
-44.559677 1.875724
-44.575146 1.868112
-44.590683 1.860499
-44.606289 1.852887
-44.621964 1.845274
-44.637711 1.837662
-44.653526 1.830050
-44.669411 1.822437
-44.685364 1.814825
-44.701389 1.807212
-44.717484 1.799600
-44.733646 1.791987
-44.749878 1.784375
-44.766182 1.776762
-44.782555 1.769150
-44.798996 1.761537
-44.815506 1.753925
-44.832088 1.746312
-44.848740 1.738700
-44.865459 1.731087
-44.882248 1.723475
-44.899105 1.715863
-44.916035 1.708250
-44.933033 1.700638
-44.950100 1.693025
-44.973122 1.679975
-44.996258 1.666925
-45.019512 1.653875
-45.042881 1.640825
-45.066368 1.627775
-45.089970 1.614725
-45.113689 1.601675
-45.137524 1.588625
-45.161476 1.575575
-45.185543 1.562526
-45.209728 1.549476
-45.234028 1.536426
-45.258446 1.523376
-45.282978 1.510326
-45.307629 1.497276
-45.332394 1.484226
-45.357277 1.471176
-45.382275 1.458126
-45.407391 1.445076
-45.432621 1.432026
-45.457970 1.418976
-45.483433 1.405926
-45.509014 1.392876
-45.534710 1.379826
-45.560524 1.366776
-45.586452 1.353726
-45.612499 1.340676
-45.638660 1.327626
-45.664940 1.314576
-45.691334 1.301526
-45.717846 1.288476
-45.744473 1.275426
-45.771217 1.262376
-45.798077 1.249326
-45.825054 1.236277
-45.852146 1.223227
-45.879356 1.210177
-45.906681 1.197127
-45.934120 1.184077
-45.961678 1.171027
-45.988708 1.163127
-46.015850 1.155227
-46.043102 1.147327
-46.070465 1.139427
-46.097942 1.131527
-46.125530 1.123627
-46.153229 1.115727
-46.181038 1.107827
-46.208958 1.099927
-46.236988 1.092027
-46.265133 1.084127
-46.293388 1.076227
-46.321754 1.068327
-46.350231 1.060427
-46.378819 1.052527
-46.407516 1.044627
-46.436325 1.036727
-46.465248 1.028827
-46.494282 1.020927
-46.523426 1.013027
-46.552681 1.005127
-46.582047 0.997227
-46.611523 0.989327
-46.641109 0.981427
-46.670811 0.973527
-46.700623 0.965627
-46.730545 0.957727
-46.760578 0.949827
-46.790722 0.941927
-46.820976 0.934027
-46.851345 0.926127
-46.881824 0.918227
-46.912415 0.910327
-46.943115 0.902427
-46.973927 0.894527
-47.004848 0.886627
-47.035881 0.878727
-47.067028 0.870827
-47.098286 0.862927
-47.129654 0.855027
-47.160728 0.847227
-47.191914 0.839427
-47.223206 0.831627
-47.254604 0.823827
-47.286114 0.816027
-47.317730 0.808227
-47.349453 0.800427
-47.381287 0.792627
-47.413227 0.784827
-47.445274 0.777027
-47.477428 0.769227
-47.509693 0.761427
-47.542065 0.753627
-47.574543 0.745827
-47.607132 0.738027
-47.639828 0.730227
-47.672630 0.722427
-47.705544 0.714627
-47.738564 0.706827
-47.771690 0.699027
-47.804928 0.691227
-47.838272 0.683427
-47.871723 0.675627
-47.905285 0.667827
-47.938953 0.660027
-47.972729 0.652227
-48.006611 0.644427
-48.040604 0.636627
-48.074703 0.628827
-48.108910 0.621027
-48.143227 0.613227
-48.177650 0.605427
-48.212181 0.597627
-48.246822 0.589827
-48.281570 0.582027
-48.316425 0.574227
-48.351391 0.566427
-48.386463 0.558627
-48.421642 0.550827
-48.456928 0.543027
-48.491444 0.532202
-48.526058 0.521377
-48.560776 0.510552
-48.595592 0.499727
-48.630508 0.488902
-48.665527 0.478077
-48.700645 0.467252
-48.735867 0.456427
-48.771187 0.445602
-48.806610 0.434777
-48.842133 0.423952
-48.877758 0.413127
-48.913483 0.402302
-48.949310 0.391477
-48.985237 0.380652
-49.021267 0.369827
-49.057396 0.359002
-49.093628 0.348177
-49.129959 0.337352
-49.166393 0.326527
-49.202927 0.315702
-49.239563 0.304877
-49.276299 0.294052
-49.313137 0.283227
-49.350075 0.272402
-49.387115 0.261577
-49.424255 0.250752
-49.461494 0.239927
-49.498837 0.229102
-49.536278 0.218277
-49.573822 0.207452
-49.611465 0.196627
-49.649212 0.185802
-49.687057 0.174977
-49.725006 0.164152
-49.763054 0.153327
-49.801205 0.142502
-49.839455 0.131677
-49.877808 0.120852
-49.916260 0.110027
-49.949661 0.097290
-49.983120 0.084552
-50.016640 0.071815
-50.050220 0.059077
-50.083862 0.046340
-50.117561 0.033602
-50.151321 0.020865
-50.185143 0.008127
-50.219025 -0.004610
-50.252968 -0.017348
-50.286968 -0.030085
-50.321030 -0.042823
-50.355152 -0.055560
-50.389336 -0.068298
-50.423576 -0.081035
-50.457878 -0.093773
-50.492241 -0.106510
-50.526665 -0.119248
-50.561146 -0.131985
-50.595688 -0.144723
-50.630291 -0.157460
-50.664955 -0.170198
-50.699677 -0.182935
-50.734459 -0.195673
-50.769302 -0.208410
-50.804207 -0.221148
-50.839169 -0.233885
-50.874191 -0.246623
-50.909275 -0.259360
-50.944420 -0.272098
-50.979622 -0.284835
-51.014885 -0.297573
-51.050209 -0.310310
-51.085594 -0.323048
-51.121037 -0.335785
-51.156540 -0.348523
-51.192104 -0.361260
-51.227730 -0.373998
-51.263412 -0.386735
-51.299156 -0.399473
-51.357830 -0.398248
-51.416744 -0.397023
-51.475903 -0.395798
-51.535301 -0.394573
-51.594940 -0.393348
-51.654823 -0.392123
-51.714947 -0.390898
-51.775311 -0.389673
-51.835918 -0.388448
-51.896767 -0.387223
-51.957855 -0.385998
-52.019188 -0.384773
-52.080761 -0.383548
-52.142574 -0.382323
-52.204632 -0.381098
-52.266930 -0.379873
-52.329468 -0.378648
-52.392250 -0.377423
-52.455273 -0.376198
-52.518536 -0.374973
-52.582043 -0.373748
-52.645790 -0.372523
-52.709778 -0.371298
-52.774010 -0.370073
-52.838482 -0.368848
-52.903194 -0.367623
-52.968151 -0.366398
-53.033348 -0.365173
-53.098785 -0.363948
-53.164467 -0.362723
-53.230389 -0.361498
-53.296551 -0.360273
-53.362957 -0.359048
-53.429604 -0.357823
-53.496490 -0.356598
-53.563622 -0.355373
-53.630993 -0.354148
-53.698605 -0.352923
-53.766460 -0.351698
-53.834557 -0.350473
-53.861214 -0.363836
-53.887779 -0.377198
-53.914257 -0.390561
-53.940647 -0.403923
-53.966946 -0.417286
-53.993156 -0.430648
-54.019279 -0.444011
-54.045311 -0.457373
-54.071255 -0.470736
-54.097107 -0.484098
-54.122871 -0.497461
-54.148548 -0.510824
-54.174133 -0.524186
-54.199631 -0.537549
-54.225040 -0.550911
-54.250359 -0.564274
-54.275589 -0.577636
-54.300728 -0.590999
-54.325779 -0.604361
-54.350742 -0.617724
-54.375614 -0.631086
-54.400398 -0.644449
-54.425091 -0.657811
-54.449696 -0.671174
-54.474213 -0.684536
-54.498638 -0.697899
-54.522976 -0.711261
-54.547226 -0.724624
-54.571384 -0.737987
-54.595455 -0.751349
-54.619434 -0.764712
-54.643326 -0.778074
-54.667130 -0.791437
-54.690842 -0.804799
-54.714466 -0.818162
-54.737999 -0.831524
-54.761444 -0.844887
-54.784801 -0.858249
-54.808067 -0.871612
-54.831245 -0.884974
-54.837902 -0.891999
-54.844341 -0.899024
-54.850559 -0.906049
-54.856560 -0.913074
-54.862339 -0.920099
-54.867901 -0.927124
-54.873241 -0.934149
-54.878361 -0.941174
-54.883263 -0.948199
-54.887943 -0.955224
-54.892406 -0.962249
-54.896648 -0.969274
-54.900673 -0.976299
-54.904476 -0.983324
-54.908058 -0.990349
-54.911423 -0.997374
-54.914566 -1.004399
-54.917492 -1.011424
-54.920197 -1.018449
-54.922684 -1.025474
-54.924950 -1.032499
-54.926998 -1.039524
-54.928825 -1.046549
-54.930431 -1.053574
-54.931820 -1.060599
-54.932987 -1.067624
-54.933937 -1.074649
-54.934666 -1.081674
-54.935177 -1.088699
-54.935467 -1.095724
-54.935535 -1.102749
-54.935387 -1.109774
-54.935017 -1.116799
-54.934429 -1.123824
-54.933620 -1.130849
-54.932594 -1.137874
-54.931347 -1.144899
-54.929878 -1.151924
-54.928192 -1.158949
-54.926285 -1.165974
-54.930271 -1.171362
-54.934086 -1.176750
-54.937729 -1.182137
-54.941200 -1.187525
-54.944500 -1.192912
-54.947628 -1.198300
-54.950588 -1.203687
-54.953377 -1.209075
-54.955994 -1.214462
-54.958439 -1.219850
-54.960712 -1.225237
-54.962814 -1.230625
-54.964745 -1.236013
-54.966507 -1.241400
-54.968098 -1.246788
-54.969517 -1.252175
-54.970764 -1.257563
-54.971840 -1.262950
-54.972744 -1.268338
-54.973480 -1.273725
-54.974045 -1.279113
-54.974438 -1.284500
-54.974659 -1.289888
-54.974709 -1.295276
-54.974586 -1.300663
-54.974293 -1.306051
-54.973831 -1.311438
-54.973198 -1.316826
-54.972393 -1.322213
-54.971416 -1.327601
-54.970268 -1.332988
-54.968948 -1.338376
-54.967457 -1.343763
-54.965797 -1.349151
-54.963966 -1.354539
-54.961964 -1.359926
-54.959789 -1.365314
-54.957443 -1.370701
-54.954926 -1.376089
-54.952236 -1.381476
-54.960114 -1.393226
-54.967903 -1.404976
-54.975609 -1.416726
-54.983227 -1.428476
-54.990761 -1.440226
-54.998207 -1.451976
-55.005569 -1.463726
-55.012844 -1.475476
-55.020035 -1.487226
-55.027138 -1.498976
-55.034157 -1.510726
-55.041088 -1.522476
-55.047935 -1.534226
-55.054695 -1.545976
-55.061371 -1.557726
-55.067959 -1.569476
-55.074459 -1.581226
-55.080875 -1.592976
-55.087204 -1.604726
-55.093449 -1.616476
-55.099606 -1.628226
-55.105679 -1.639976
-55.111664 -1.651726
-55.117565 -1.663476
-55.123379 -1.675226
-55.129108 -1.686976
-55.134750 -1.698726
-55.140308 -1.710476
-55.145779 -1.722226
-55.151165 -1.733976
-55.156464 -1.745726
-55.161678 -1.757476
-55.166805 -1.769226
-55.171848 -1.780976
-55.176804 -1.792726
-55.181675 -1.804476
-55.186459 -1.816226
-55.191158 -1.827976
-55.195770 -1.839726
-55.200298 -1.851476
-55.218815 -1.854001
-55.237354 -1.856526
-55.255920 -1.859051
-55.274513 -1.861575
-55.293133 -1.864100
-55.311775 -1.866625
-55.330444 -1.869150
-55.349140 -1.871675
-55.367863 -1.874200
-55.386608 -1.876725
-55.405380 -1.879250
-55.424179 -1.881775
-55.443005 -1.884300
-55.461853 -1.886825
-55.480728 -1.889350
-55.499630 -1.891875
-55.518559 -1.894400
-55.537510 -1.896925
-55.556488 -1.899450
-55.575493 -1.901975
-55.594524 -1.904500
-55.613583 -1.907025
-55.632664 -1.909550
-55.651772 -1.912075
-55.670906 -1.914600
-55.690067 -1.917125
-55.709251 -1.919650
-55.728462 -1.922175
-55.747700 -1.924700
-55.766964 -1.927225
-55.786251 -1.929750
-55.805565 -1.932275
-55.824905 -1.934800
-55.844273 -1.937325
-55.863663 -1.939850
-55.883080 -1.942375
-55.902523 -1.944900
-55.921993 -1.947425
-55.941490 -1.949950
-55.961010 -1.952474
-55.962742 -1.955524
-55.964355 -1.958574
-55.965855 -1.961624
-55.967239 -1.964674
-55.968506 -1.967724
-55.969658 -1.970774
-55.970695 -1.973824
-55.971615 -1.976874
-55.972420 -1.979924
-55.973110 -1.982974
-55.973686 -1.986024
-55.974144 -1.989074
-55.974487 -1.992124
-55.974716 -1.995174
-55.974827 -1.998224
-55.974823 -2.001274
-55.974705 -2.004324
-55.974468 -2.007374
-55.974117 -2.010424
-55.973652 -2.013474
-55.973072 -2.016525
-55.972374 -2.019575
-55.971561 -2.022625
-55.970634 -2.025675
-55.969589 -2.028725
-55.968430 -2.031775
-55.967155 -2.034825
-55.965763 -2.037875
-55.964256 -2.040925
-55.962635 -2.043975
-55.960896 -2.047025
-55.959042 -2.050076
-55.957073 -2.053126
-55.954990 -2.056176
-55.952789 -2.059226
-55.950474 -2.062276
-55.948044 -2.065326
-55.945496 -2.068376
-55.942833 -2.071426
-55.940056 -2.074476
-55.943813 -2.078851
-55.947510 -2.083226
-55.951141 -2.087601
-55.954712 -2.091976
-55.958221 -2.096351
-55.961666 -2.100726
-55.965050 -2.105101
-55.968369 -2.109476
-55.971626 -2.113851
-55.974819 -2.118226
-55.977951 -2.122601
-55.981018 -2.126976
-55.984024 -2.131351
-55.986965 -2.135726
-55.989845 -2.140101
-55.992661 -2.144476
-55.995415 -2.148851
-55.998108 -2.153226
-56.000736 -2.157601
-56.003304 -2.161976
-56.005806 -2.166351
-56.008247 -2.170726
-56.010624 -2.175101
-56.012939 -2.179476
-56.015190 -2.183851
-56.017380 -2.188226
-56.019505 -2.192601
-56.021568 -2.196976
-56.023567 -2.201351
-56.025505 -2.205726
-56.027382 -2.210101
-56.029194 -2.214476
-56.030945 -2.218851
-56.032631 -2.223226
-56.034256 -2.227601
-56.035816 -2.231976
-56.037315 -2.236351
-56.038750 -2.240726
-56.040123 -2.245100
-56.041431 -2.249475
-56.048878 -2.258213
-56.056309 -2.266951
-56.063728 -2.275688
-56.071133 -2.284426
-56.078526 -2.293163
-56.085903 -2.301901
-56.093269 -2.310638
-56.100620 -2.319376
-56.107956 -2.328114
-56.115280 -2.336851
-56.122589 -2.345589
-56.129887 -2.354326
-56.137169 -2.363064
-56.144440 -2.371801
-56.151695 -2.380539
-56.158939 -2.389277
-56.166168 -2.398014
-56.173382 -2.406752
-56.180584 -2.415489
-56.187771 -2.424227
-56.194946 -2.432964
-56.202106 -2.441702
-56.209255 -2.450439
-56.216389 -2.459177
-56.223507 -2.467915
-56.230614 -2.476652
-56.237705 -2.485390
-56.244785 -2.494127
-56.251850 -2.502865
-56.258904 -2.511602
-56.265942 -2.520340
-56.272964 -2.529078
-56.279976 -2.537815
-56.286972 -2.546553
-56.293957 -2.555290
-56.300926 -2.564028
-56.307884 -2.572765
-56.314827 -2.581503
-56.321758 -2.590240
-56.328674 -2.598978
-56.340401 -2.603390
-56.352154 -2.607803
-56.363930 -2.612215
-56.375732 -2.616628
-56.387558 -2.621040
-56.399410 -2.625453
-56.411285 -2.629865
-56.423187 -2.634277
-56.435112 -2.638690
-56.447063 -2.643102
-56.459038 -2.647515
-56.471039 -2.651927
-56.483063 -2.656339
-56.495113 -2.660752
-56.507187 -2.665164
-56.519287 -2.669577
-56.531410 -2.673989
-56.543560 -2.678401
-56.555733 -2.682814
-56.567928 -2.687226
-56.580151 -2.691639
-56.592396 -2.696051
-56.604668 -2.700464
-56.616962 -2.704876
-56.629284 -2.709288
-56.641628 -2.713701
-56.653999 -2.718113
-56.666393 -2.722526
-56.678814 -2.726938
-56.691257 -2.731350
-56.703728 -2.735763
-56.716221 -2.740175
-56.728741 -2.744588
-56.741283 -2.749000
-56.753853 -2.753412
-56.766445 -2.757825
-56.779064 -2.762237
-56.791706 -2.766650
-56.804371 -2.771062
-56.817062 -2.775475
-56.823467 -2.784387
-56.829845 -2.793300
-56.836197 -2.802212
-56.842525 -2.811125
-56.848827 -2.820037
-56.855103 -2.828950
-56.861355 -2.837862
-56.867580 -2.846775
-56.873779 -2.855688
-56.879955 -2.864600
-56.886105 -2.873513
-56.892227 -2.882425
-56.898327 -2.891338
-56.904400 -2.900250
-56.910446 -2.909163
-56.916470 -2.918076
-56.922466 -2.926988
-56.928436 -2.935901
-56.934383 -2.944813
-56.940304 -2.953726
-56.946198 -2.962638
-56.952068 -2.971551
-56.957912 -2.980464
-56.963730 -2.989376
-56.969524 -2.998289
-56.975292 -3.007201
-56.981037 -3.016114
-56.986755 -3.025026
-56.992447 -3.033939
-56.998116 -3.042851
-57.003757 -3.051764
-57.009373 -3.060677
-57.014965 -3.069589
-57.020531 -3.078502
-57.026070 -3.087414
-57.031586 -3.096327
-57.037075 -3.105239
-57.042538 -3.114152
-57.047977 -3.123065
-57.053391 -3.131977
-57.035152 -3.142827
-57.016701 -3.153677
-56.998039 -3.164527
-56.979164 -3.175377
-56.960075 -3.186227
-56.940773 -3.197077
-56.921257 -3.207927
-56.901527 -3.218777
-56.881588 -3.229627
-56.861435 -3.240477
-56.841068 -3.251327
-56.820488 -3.262177
-56.799694 -3.273026
-56.778690 -3.283876
-56.757473 -3.294726
-56.736042 -3.305576
-56.714397 -3.316426
-56.692539 -3.327276
-56.670471 -3.338126
-56.648190 -3.348976
-56.625694 -3.359826
-56.602985 -3.370676
-56.580063 -3.381526
-56.556931 -3.392376
-56.533585 -3.403226
-56.510025 -3.414076
-56.486252 -3.424926
-56.462265 -3.435776
-56.438065 -3.446626
-56.413654 -3.457476
-56.389030 -3.468326
-56.364193 -3.479176
-56.339142 -3.490026
-56.313877 -3.500875
-56.288403 -3.511725
-56.262714 -3.522575
-56.236813 -3.533425
-56.210697 -3.544275
-56.184368 -3.555125
-56.157829 -3.565975
-56.118652 -3.576975
-56.079163 -3.587975
-56.039364 -3.598975
-55.999252 -3.609975
-55.958828 -3.620975
-55.918095 -3.631975
-55.877048 -3.642975
-55.835690 -3.653975
-55.794022 -3.664974
-55.752041 -3.675974
-55.709747 -3.686974
-55.667145 -3.697974
-55.624229 -3.708974
-55.581001 -3.719974
-55.537464 -3.730974
-55.493614 -3.741974
-55.449451 -3.752974
-55.404980 -3.763974
-55.360195 -3.774974
-55.315098 -3.785974
-55.269691 -3.796973
-55.223972 -3.807973
-55.177940 -3.818973
-55.131599 -3.829973
-55.084946 -3.840973
-55.037983 -3.851973
-54.990707 -3.862973
-54.943119 -3.873973
-54.895222 -3.884973
-54.847012 -3.895973
-54.798489 -3.906973
-54.749657 -3.917973
-54.700512 -3.928972
-54.651054 -3.939972
-54.601288 -3.950972
-54.551208 -3.961972
-54.500816 -3.972972
-54.450115 -3.983972
-54.399101 -3.994972
-54.347775 -4.005972
-54.312946 -4.007684
-54.277939 -4.009397
-54.242752 -4.011109
-54.207390 -4.012821
-54.171848 -4.014534
-54.136127 -4.016246
-54.100231 -4.017958
-54.064156 -4.019670
-54.027901 -4.021383
-53.991470 -4.023095
-53.954861 -4.024807
-53.918072 -4.026520
-53.881107 -4.028232
-53.843964 -4.029944
-53.806641 -4.031657
-53.769142 -4.033369
-53.731464 -4.035081
-53.693607 -4.036794
-53.655571 -4.038506
-53.617359 -4.040218
-53.578968 -4.041931
-53.540398 -4.043643
-53.501652 -4.045355
-53.462727 -4.047068
-53.423622 -4.048780
-53.384342 -4.050492
-53.344883 -4.052205
-53.305244 -4.053917
-53.265430 -4.055629
-53.225437 -4.057342
-53.185265 -4.059054
-53.144917 -4.060766
-53.104389 -4.062479
-53.063683 -4.064191
-53.022797 -4.065903
-52.981735 -4.067616
-52.940495 -4.069328
-52.899075 -4.071040
-52.857479 -4.072752
-52.815704 -4.074465
-52.763283 -4.075515
-52.710598 -4.076565
-52.657654 -4.077615
-52.604446 -4.078665
-52.550980 -4.079715
-52.497250 -4.080765
-52.443260 -4.081815
-52.389008 -4.082865
-52.334496 -4.083915
-52.279720 -4.084965
-52.224686 -4.086015
-52.169388 -4.087065
-52.113831 -4.088115
-52.058010 -4.089165
-52.001930 -4.090215
-51.945587 -4.091265
-51.888985 -4.092315
-51.832123 -4.093365
-51.774998 -4.094415
-51.717613 -4.095465
-51.659966 -4.096515
-51.602058 -4.097565
-51.543888 -4.098615
-51.485458 -4.099665
-51.426765 -4.100715
-51.367813 -4.101765
-51.308598 -4.102815
-51.249123 -4.103865
-51.189384 -4.104915
-51.129387 -4.105965
-51.069126 -4.107015
-51.008606 -4.108065
-50.947823 -4.109115
-50.886780 -4.110165
-50.825474 -4.111215
-50.763908 -4.112265
-50.702084 -4.113315
-50.639996 -4.114365
-50.577648 -4.115415
-50.515038 -4.116465
-50.453541 -4.127152
-50.391792 -4.137839
-50.329792 -4.148527
-50.267544 -4.159214
-50.205044 -4.169901
-50.142296 -4.180589
-50.079296 -4.191276
-50.016045 -4.201963
-49.952545 -4.212651
-49.888794 -4.223338
-49.824795 -4.234025
-49.760544 -4.244713
-49.696041 -4.255400
-49.631290 -4.266088
-49.566288 -4.276775
-49.501034 -4.287462
-49.435532 -4.298150
-49.369778 -4.308837
-49.303776 -4.319524
-49.237522 -4.330212
-49.171017 -4.340899
-49.104263 -4.351586
-49.037258 -4.362274
-48.970005 -4.372961
-48.902500 -4.383648
-48.834743 -4.394336
-48.766739 -4.405023
-48.698483 -4.415710
-48.629974 -4.426398
-48.561218 -4.437085
-48.492210 -4.447773
-48.422955 -4.458460
-48.353447 -4.469147
-48.283688 -4.479835
-48.213680 -4.490522
-48.143421 -4.501209
-48.072914 -4.511897
-48.002155 -4.522584
-47.931145 -4.533271
-47.859886 -4.543959
-47.806015 -4.548209
-47.752033 -4.552459
-47.697941 -4.556709
-47.643742 -4.560959
-47.589432 -4.565209
-47.535011 -4.569459
-47.480480 -4.573709
-47.425838 -4.577959
-47.371086 -4.582209
-47.316223 -4.586459
-47.261250 -4.590709
-47.206165 -4.594959
-47.150970 -4.599209
-47.095665 -4.603459
-47.040253 -4.607709
-46.984730 -4.611959
-46.929096 -4.616210
-46.873352 -4.620460
-46.817497 -4.624710
-46.761532 -4.628960
-46.705456 -4.633210
-46.649269 -4.637460
-46.592972 -4.641710
-46.536564 -4.645960
-46.480045 -4.650210
-46.423416 -4.654460
-46.366680 -4.658710
-46.309834 -4.662960
-46.252876 -4.667210
-46.195808 -4.671460
-46.138630 -4.675710
-46.081341 -4.679960
-46.023941 -4.684210
-45.966431 -4.688460
-45.908810 -4.692710
-45.851078 -4.696960
-45.793236 -4.701210
-45.735287 -4.705461
-45.677227 -4.709711
-45.619057 -4.713961
-45.556099 -4.719511
-45.492996 -4.725060
-45.429745 -4.730610
-45.366344 -4.736160
-45.302799 -4.741710
-45.239105 -4.747260
-45.175266 -4.752810
-45.111279 -4.758360
-45.047142 -4.763910
-44.982861 -4.769460
-44.918430 -4.775010
-44.853851 -4.780560
-44.789127 -4.786109
-44.724255 -4.791659
-44.659233 -4.797209
-44.594067 -4.802759
-44.528751 -4.808309
-44.463287 -4.813859
-44.397678 -4.819409
-44.331921 -4.824959
-44.266018 -4.830509
-44.199966 -4.836059
-44.133766 -4.841609
-44.067421 -4.847158
-44.000927 -4.852708
-43.934284 -4.858258
-43.867496 -4.863808
-43.800560 -4.869358
-43.733475 -4.874908
-43.666245 -4.880458
-43.598866 -4.886008
-43.531342 -4.891558
-43.463669 -4.897108
-43.395847 -4.902658
-43.327881 -4.908207
-43.259766 -4.913757
-43.191502 -4.919307
-43.123093 -4.924857
-43.054535 -4.930407
-42.985828 -4.935957
-42.925507 -4.936632
-42.865105 -4.937307
-42.804623 -4.937983
-42.744061 -4.938658
-42.683418 -4.939333
-42.622696 -4.940008
-42.561897 -4.940683
-42.501019 -4.941359
-42.440060 -4.942034
-42.379021 -4.942709
-42.317902 -4.943384
-42.256702 -4.944059
-42.195423 -4.944735
-42.134064 -4.945410
-42.072624 -4.946085
-42.011108 -4.946760
-41.949512 -4.947435
-41.887836 -4.948111
-41.826080 -4.948786
-41.764244 -4.949461
-41.702328 -4.950136
-41.640331 -4.950811
-41.578255 -4.951487
-41.516098 -4.952162
-41.453861 -4.952837
-41.391548 -4.953512
-41.329155 -4.954187
-41.266682 -4.954863
-41.204128 -4.955538
-41.141495 -4.956213
-41.078781 -4.956888
-41.015987 -4.957563
-40.953114 -4.958239
-40.890160 -4.958914
-40.827129 -4.959589
-40.764019 -4.960264
-40.700829 -4.960939
-40.637558 -4.961615
-40.574207 -4.962290
-40.510777 -4.962965
-40.443523 -4.968015
-40.376163 -4.973065
-40.308693 -4.978116
-40.241112 -4.983166
-40.173420 -4.988216
-40.105621 -4.993266
-40.037712 -4.998316
-39.969692 -5.003366
-39.901566 -5.008417
-39.833328 -5.013467
-39.764980 -5.018517
-39.696526 -5.023567
-39.627960 -5.028617
-39.559284 -5.033668
-39.490501 -5.038718
-39.421608 -5.043768
-39.352604 -5.048818
-39.283493 -5.053868
-39.214272 -5.058918
-39.144939 -5.063969
-39.075500 -5.069019
-39.005951 -5.074069
-38.936291 -5.079119
-38.866524 -5.084169
-38.796646 -5.089220
-38.726658 -5.094270
-38.656563 -5.099320
-38.586357 -5.104370
-38.516041 -5.109420
-38.445618 -5.114470
-38.375084 -5.119521
-38.304440 -5.124571
-38.233685 -5.129621
-38.162823 -5.134671
-38.091850 -5.139721
-38.020767 -5.144772
-37.949577 -5.149822
-37.878277 -5.154872
-37.806866 -5.159922
-37.735348 -5.164972
-37.666618 -5.170635
-37.597801 -5.176297
-37.528896 -5.181960
-37.459908 -5.187622
-37.390831 -5.193285
-37.321667 -5.198947
-37.252419 -5.204609
-37.183083 -5.210272
-37.113663 -5.215934
-37.044155 -5.221597
-36.974560 -5.227259
-36.904881 -5.232922
-36.835114 -5.238584
-36.765259 -5.244246
-36.695320 -5.249909
-36.625294 -5.255571
-36.555180 -5.261234
-36.484982 -5.266896
-36.414696 -5.272559
-36.344322 -5.278221
-36.273865 -5.283884
-36.203320 -5.289546
-36.132687 -5.295208
-36.061970 -5.300871
-35.991165 -5.306533
-35.920277 -5.312196
-35.849300 -5.317858
-35.778236 -5.323521
-35.707088 -5.329183
-35.635853 -5.334846
-35.564529 -5.340508
-35.493122 -5.346170
-35.421627 -5.351833
-35.350044 -5.357495
-35.278378 -5.363158
-35.206623 -5.368820
-35.134781 -5.374483
-35.062855 -5.380145
-34.990841 -5.385808
-34.918739 -5.391470
-34.845192 -5.398158
-34.771549 -5.404845
-34.697807 -5.411533
-34.623970 -5.418221
-34.550034 -5.424908
-34.476002 -5.431596
-34.401871 -5.438283
-34.327644 -5.444971
-34.253319 -5.451659
-34.178898 -5.458346
-34.104378 -5.465034
-34.029762 -5.471722
-33.955048 -5.478409
-33.880238 -5.485097
-33.805328 -5.491785
-33.730324 -5.498472
-33.655220 -5.505160
-33.580021 -5.511847
-33.504723 -5.518535
-33.429329 -5.525223
-33.353836 -5.531910
-33.278248 -5.538598
-33.202560 -5.545286
-33.126778 -5.551973
-33.050900 -5.558661
-32.974922 -5.565349
-32.898849 -5.572036
-32.822678 -5.578724
-32.746410 -5.585412
-32.670044 -5.592099
-32.593582 -5.598787
-32.517021 -5.605474
-32.440365 -5.612162
-32.363609 -5.618850
-32.286758 -5.625537
-32.209808 -5.632225
-32.132763 -5.638913
-32.055618 -5.645600
-31.978378 -5.652288
-31.901041 -5.658976
-31.824551 -5.665488
-31.747971 -5.672001
-31.671301 -5.678514
-31.594542 -5.685026
-31.517693 -5.691539
-31.440754 -5.698051
-31.363726 -5.704564
-31.286608 -5.711077
-31.209400 -5.717589
-31.132103 -5.724102
-31.054716 -5.730615
-30.977240 -5.737127
-30.899673 -5.743640
-30.822018 -5.750153
-30.744272 -5.756665
-30.666437 -5.763178
-30.588512 -5.769691
-30.510498 -5.776203
-30.432394 -5.782716
-30.354200 -5.789228
-30.275917 -5.795741
-30.197544 -5.802254
-30.119080 -5.808766
-30.040525 -5.815279
-29.961882 -5.821792
-29.883148 -5.828304
-29.804325 -5.834817
-29.725412 -5.841330
-29.646410 -5.847842
-29.567318 -5.854355
-29.488136 -5.860868
-29.408865 -5.867380
-29.329504 -5.873893
-29.250053 -5.880405
-29.170513 -5.886918
-29.090883 -5.893431
-29.011164 -5.899943
-28.931355 -5.906456
-28.851456 -5.912969
-28.771467 -5.919481
-28.693304 -5.925982
-28.615067 -5.932482
-28.536755 -5.938982
-28.458368 -5.945482
-28.379908 -5.951982
-28.301373 -5.958483
-28.222763 -5.964983
-28.144079 -5.971483
-28.065321 -5.977983
-27.986488 -5.984484
-27.907581 -5.990984
-27.828598 -5.997484
-27.749540 -6.003984
-27.670408 -6.010485
-27.591202 -6.016985
-27.511921 -6.023485
-27.432566 -6.029985
-27.353136 -6.036486
-27.273632 -6.042986
-27.194054 -6.049486
-27.114401 -6.055986
-27.034674 -6.062487
-26.954872 -6.068987
-26.874996 -6.075487
-26.795046 -6.081987
-26.715021 -6.088488
-26.634922 -6.094988
-26.554749 -6.101488
-26.474499 -6.107988
-26.394175 -6.114489
-26.313776 -6.120989
-26.233303 -6.127489
-26.152756 -6.133989
-26.072134 -6.140490
-25.991438 -6.146990
-25.910667 -6.153490
-25.829823 -6.159990
-25.748903 -6.166491
-25.667910 -6.172991
-25.586842 -6.179491
-25.507212 -6.186479
-25.427519 -6.193466
-25.347763 -6.200454
-25.267944 -6.207441
-25.188063 -6.214429
-25.108120 -6.221416
-25.028114 -6.228404
-24.948046 -6.235392
-24.867914 -6.242379
-24.787722 -6.249367
-24.707466 -6.256354
-24.627148 -6.263342
-24.546766 -6.270329
-24.466324 -6.277317
-24.385818 -6.284305
-24.305250 -6.291292
-24.224619 -6.298280
-24.143925 -6.305267
-24.063169 -6.312255
-23.982351 -6.319242
-23.901470 -6.326230
-23.820526 -6.333218
-23.739521 -6.340205
-23.658453 -6.347193
-23.577322 -6.354180
-23.496128 -6.361168
-23.414871 -6.368155
-23.333553 -6.375143
-23.252172 -6.382131
-23.170729 -6.389118
-23.089222 -6.396106
-23.007654 -6.403093
-22.926023 -6.410081
-22.844330 -6.417068
-22.762573 -6.424056
-22.680756 -6.431044
-22.598875 -6.438031
-22.516932 -6.445019
-22.434925 -6.452006
-22.352856 -6.458994
-22.269754 -6.466869
-22.186583 -6.474744
-22.103340 -6.482619
-22.020029 -6.490494
-21.936647 -6.498369
-21.853195 -6.506244
-21.769672 -6.514119
-21.686079 -6.521994
-21.602417 -6.529869
-21.518684 -6.537744
-21.434881 -6.545619
-21.351007 -6.553493
-21.267063 -6.561368
-21.183050 -6.569243
-21.098967 -6.577118
-21.014812 -6.584993
-20.930588 -6.592868
-20.846292 -6.600743
-20.761929 -6.608618
-20.677494 -6.616493
-20.592989 -6.624368
-20.508413 -6.632243
-20.423767 -6.640118
-20.339052 -6.647993
-20.254267 -6.655868
-20.169411 -6.663743
-20.084484 -6.671618
-19.999487 -6.679493
-19.914421 -6.687368
-19.829285 -6.695243
-19.744078 -6.703118
-19.658800 -6.710993
-19.573452 -6.718868
-19.488033 -6.726743
-19.402546 -6.734618
-19.316988 -6.742493
-19.231359 -6.750368
-19.145660 -6.758243
-19.059891 -6.766118
-18.974052 -6.773993
-18.885309 -6.784105
-18.796473 -6.794217
-18.707542 -6.804329
-18.618521 -6.814442
-18.529406 -6.824554
-18.440199 -6.834666
-18.350899 -6.844779
-18.261505 -6.854891
-18.172020 -6.865003
-18.082441 -6.875115
-17.992771 -6.885228
-17.903008 -6.895340
-17.813150 -6.905452
-17.723202 -6.915565
-17.633160 -6.925677
-17.543024 -6.935789
-17.452797 -6.945901
-17.362476 -6.956014
-17.272064 -6.966126
-17.181559 -6.976238
-17.090960 -6.986351
-17.000269 -6.996463
-16.909485 -7.006575
-16.818609 -7.016687
-16.727640 -7.026800
-16.636578 -7.036912
-16.545424 -7.047024
-16.454176 -7.057137
-16.362837 -7.067249
-16.271404 -7.077361
-16.179878 -7.087473
-16.088261 -7.097586
-15.996551 -7.107698
-15.904747 -7.117810
-15.812851 -7.127923
-15.720862 -7.138035
-15.628781 -7.148147
-15.536608 -7.158259
-15.444341 -7.168372
-15.351981 -7.178484
-15.260864 -7.188184
-15.169665 -7.197884
-15.078384 -7.207583
-14.987021 -7.217283
-14.895576 -7.226983
-14.804049 -7.236683
-14.712440 -7.246383
-14.620749 -7.256083
-14.528976 -7.265782
-14.437121 -7.275482
-14.345184 -7.285182
-14.253164 -7.294882
-14.161062 -7.304582
-14.068878 -7.314281
-13.976612 -7.323981
-13.884264 -7.333681
-13.791834 -7.343381
-13.699322 -7.353081
-13.606728 -7.362781
-13.514051 -7.372480
-13.421293 -7.382180
-13.328453 -7.391880
-13.235530 -7.401580
-13.142525 -7.411280
-13.049438 -7.420979
-12.956268 -7.430679
-12.863017 -7.440379
-12.769684 -7.450079
-12.676269 -7.459779
-12.582771 -7.469479
-12.489192 -7.479178
-12.395531 -7.488878
-12.301787 -7.498578
-12.207962 -7.508278
-12.114054 -7.517978
-12.020063 -7.527678
-11.925991 -7.537377
-11.831837 -7.547077
-11.737600 -7.556777
-11.643282 -7.566477
