-0.017212 0.011180
-0.034425 0.022315
-0.051637 0.033406
-0.068850 0.044451
-0.086062 0.055451
-0.103275 0.066407
-0.120487 0.077318
-0.137700 0.088184
-0.154912 0.099004
-0.172125 0.109780
-0.189337 0.120512
-0.206550 0.131198
-0.223762 0.141839
-0.240975 0.152435
-0.258187 0.162987
-0.275400 0.173494
-0.292612 0.183955
-0.309825 0.194372
-0.327037 0.204744
-0.344250 0.215071
-0.361462 0.225353
-0.378675 0.235590
-0.395887 0.245783
-0.413100 0.255930
-0.430313 0.266032
-0.447525 0.276090
-0.464738 0.286103
-0.481950 0.296071
-0.499163 0.305993
-0.516375 0.315871
-0.533588 0.325705
-0.550800 0.335493
-0.568013 0.345236
-0.585225 0.354934
-0.602438 0.364588
-0.619650 0.374197
-0.636863 0.383760
-0.654075 0.393279
-0.671288 0.402753
-0.688500 0.412182
-0.705388 0.421915
-0.722275 0.431601
-0.739163 0.441241
-0.756050 0.450835
-0.772938 0.460382
-0.789825 0.469884
-0.806713 0.479339
-0.823600 0.488747
-0.840488 0.498109
-0.857375 0.507425
-0.874263 0.516695
-0.891150 0.525919
-0.908037 0.535096
-0.924925 0.544226
-0.941812 0.553311
-0.958700 0.562349
-0.975587 0.571341
-0.992475 0.580287
-1.009362 0.589186
-1.026250 0.598039
-1.043138 0.606846
-1.060025 0.615606
-1.076913 0.624320
-1.093800 0.632988
-1.110688 0.641609
-1.127575 0.650185
-1.144463 0.658714
-1.161350 0.667196
-1.178238 0.675632
-1.195125 0.684022
-1.212013 0.692366
-1.228901 0.700664
-1.245788 0.708915
-1.262676 0.717119
-1.279563 0.725278
-1.296451 0.733390
-1.313338 0.741456
-1.330226 0.749476
-1.347113 0.757449
-1.364001 0.765376
-1.379663 0.774439
-1.395326 0.783452
-1.410988 0.792413
-1.426651 0.801323
-1.442313 0.810183
-1.457976 0.818991
-1.473638 0.827748
-1.489300 0.836454
-1.504963 0.845109
-1.520625 0.853713
-1.536288 0.862266
-1.551950 0.870768
-1.567613 0.879219
-1.583275 0.887619
-1.598937 0.895967
-1.614600 0.904265
-1.630262 0.912512
-1.645925 0.920707
-1.661587 0.928852
-1.677250 0.936945
-1.692912 0.944988
-1.708574 0.952979
-1.724237 0.960919
-1.739899 0.968809
-1.755562 0.976647
-1.771224 0.984434
-1.786887 0.992170
-1.802549 0.999855
-1.818211 1.007489
-1.833874 1.015072
-1.849536 1.022604
-1.865199 1.030085
-1.880861 1.037515
-1.896524 1.044894
-1.912186 1.052222
-1.927848 1.059498
-1.943511 1.066724
-1.959173 1.073899
-1.974836 1.081022
-1.990498 1.088095
-2.001948 1.083202
-2.013398 1.078305
-2.024848 1.073406
-2.036298 1.068503
-2.047748 1.063597
-2.059198 1.058687
-2.070648 1.053775
-2.082098 1.048859
-2.093549 1.043941
-2.104999 1.039019
-2.116449 1.034093
-2.127899 1.029165
-2.139349 1.024233
-2.150799 1.019299
-2.162249 1.014361
-2.173699 1.009419
-2.185149 1.004475
-2.196599 0.999527
-2.208049 0.994577
-2.219499 0.989623
-2.230949 0.984665
-2.242399 0.979705
-2.253849 0.974741
-2.265299 0.969775
-2.276749 0.964805
-2.288199 0.959831
-2.299649 0.954855
-2.311100 0.949875
-2.322550 0.944892
-2.334000 0.939906
-2.345450 0.934917
-2.356900 0.929925
-2.368350 0.924929
-2.379800 0.919930
-2.391250 0.914928
-2.402700 0.909923
-2.414150 0.904915
-2.425600 0.899903
-2.437050 0.894888
-2.448500 0.889870
-2.454788 0.880355
-2.461075 0.870854
-2.467363 0.861368
-2.473650 0.851897
-2.479938 0.842441
-2.486226 0.832999
-2.492513 0.823573
-2.498801 0.814161
-2.505088 0.804764
-2.511376 0.795382
-2.517663 0.786015
-2.523951 0.776663
-2.530239 0.767325
-2.536526 0.758003
-2.542814 0.748695
-2.549101 0.739402
-2.555389 0.730124
-2.561677 0.720861
-2.567964 0.711613
-2.574252 0.702379
-2.580539 0.693161
-2.586827 0.683957
-2.593114 0.674768
-2.599402 0.665594
-2.605690 0.656434
-2.611977 0.647290
-2.618265 0.638161
-2.624552 0.629046
-2.630840 0.619946
-2.637127 0.610861
-2.643415 0.601791
-2.649703 0.592736
-2.655990 0.583695
-2.662278 0.574670
-2.668565 0.565659
-2.674853 0.556663
-2.681140 0.547682
-2.687428 0.538716
-2.693716 0.529764
-2.700003 0.520828
-2.702878 0.527954
-2.705753 0.535031
-2.708628 0.542058
-2.711504 0.549036
-2.714379 0.555964
-2.717254 0.562842
-2.720129 0.569671
-2.723004 0.576450
-2.725879 0.583180
-2.728754 0.589860
-2.731629 0.596490
-2.734504 0.603071
-2.737379 0.609602
-2.740254 0.616084
-2.743129 0.622516
-2.746005 0.628898
-2.748880 0.635231
-2.751755 0.641514
-2.754630 0.647748
-2.757505 0.653932
-2.760380 0.660066
-2.763255 0.666151
-2.766130 0.672186
-2.769005 0.678172
-2.771880 0.684108
-2.774755 0.689994
-2.777631 0.695831
-2.780506 0.701618
-2.783381 0.707356
-2.786256 0.713044
-2.789131 0.718682
-2.792006 0.724271
-2.794881 0.729810
-2.797756 0.735300
-2.800631 0.740740
-2.803506 0.746130
-2.806381 0.751471
-2.809257 0.756762
-2.812132 0.762004
-2.815007 0.767196
-2.810719 0.772525
-2.806432 0.777804
-2.802144 0.783032
-2.797857 0.788210
-2.793569 0.793338
-2.789282 0.798415
-2.784994 0.803442
-2.780707 0.808419
-2.776419 0.813345
-2.772132 0.818221
-2.767844 0.823047
-2.763557 0.827822
-2.759269 0.832547
-2.754982 0.837222
-2.750695 0.841846
-2.746407 0.846420
-2.742120 0.850943
-2.737832 0.855417
-2.733545 0.859839
-2.729257 0.864212
-2.724970 0.868534
-2.720682 0.872806
-2.716395 0.877027
-2.712107 0.881198
-2.707820 0.885319
-2.703532 0.889390
-2.699245 0.893410
-2.694957 0.897379
-2.690670 0.901299
-2.686382 0.905168
-2.682095 0.908986
-2.677807 0.912755
-2.673520 0.916473
-2.669232 0.920140
-2.664945 0.923757
-2.660657 0.927324
-2.656370 0.930841
-2.652082 0.934307
-2.647795 0.937723
-2.643507 0.941088
-2.644258 0.951388
-2.645008 0.961609
-2.645758 0.971752
-2.646508 0.981816
-2.647258 0.991802
-2.648008 1.001710
-2.648758 1.011539
-2.649508 1.021290
-2.650258 1.030962
-2.651008 1.040556
-2.651758 1.050072
-2.652508 1.059509
-2.653258 1.068868
-2.654008 1.078148
-2.654758 1.087350
-2.655509 1.096474
-2.656259 1.105519
-2.657009 1.114486
-2.657759 1.123374
-2.658509 1.132184
-2.659259 1.140916
-2.660009 1.149569
-2.660759 1.158144
-2.661509 1.166640
-2.662259 1.175058
-2.663009 1.183398
-2.663759 1.191659
-2.664509 1.199842
-2.665259 1.207946
-2.666009 1.215972
-2.666759 1.223920
-2.667510 1.231789
-2.668260 1.239580
-2.669010 1.247292
-2.669760 1.254926
-2.670510 1.262482
-2.671260 1.269959
-2.672010 1.277358
-2.672760 1.284678
-2.673510 1.291920
-2.671748 1.303304
-2.669985 1.314593
-2.668223 1.325787
-2.666461 1.336885
-2.664698 1.347888
-2.662936 1.358795
-2.661173 1.369607
-2.659411 1.380324
-2.657649 1.390945
-2.655886 1.401471
-2.654124 1.411902
-2.652361 1.422237
-2.650599 1.432477
-2.648837 1.442622
-2.647074 1.452671
-2.645312 1.462625
-2.643549 1.472484
-2.641787 1.482247
-2.640025 1.491915
-2.638262 1.501487
-2.636500 1.510964
-2.634737 1.520346
-2.632975 1.529633
-2.631213 1.538824
-2.629450 1.547920
-2.627688 1.556920
-2.625926 1.565825
-2.624163 1.574635
-2.622401 1.583349
-2.620638 1.591968
-2.618876 1.600492
-2.617114 1.608920
-2.615351 1.617253
-2.613589 1.625491
-2.611826 1.633633
-2.610064 1.641680
-2.608302 1.649631
-2.606539 1.657488
-2.604777 1.665249
-2.603014 1.672914
-2.597902 1.665569
-2.592790 1.658189
-2.587677 1.650773
-2.582565 1.643322
-2.577452 1.635835
-2.572340 1.628313
-2.567228 1.620755
-2.562115 1.613162
-2.557003 1.605533
-2.551890 1.597869
-2.546778 1.590170
-2.541666 1.582435
-2.536553 1.574665
-2.531441 1.566859
-2.526328 1.559018
-2.521216 1.551141
-2.516104 1.543229
-2.510991 1.535281
-2.505879 1.527298
-2.500766 1.519280
-2.495654 1.511226
-2.490541 1.503136
-2.485429 1.495012
-2.480317 1.486851
-2.475204 1.478656
-2.470092 1.470424
-2.464979 1.462158
-2.459867 1.453856
-2.454755 1.445518
-2.449642 1.437145
-2.444530 1.428737
-2.439417 1.420293
-2.434305 1.411813
-2.429193 1.403299
-2.424080 1.394748
-2.418968 1.386163
-2.413855 1.377542
-2.408743 1.368885
-2.403630 1.360193
-2.398518 1.351466
-2.403481 1.339354
-2.408443 1.327220
-2.413405 1.315064
-2.418368 1.302886
-2.423330 1.290686
-2.428293 1.278464
-2.433255 1.266220
-2.438218 1.253954
-2.443180 1.241666
-2.448143 1.229356
-2.453105 1.217024
-2.458067 1.204670
-2.463030 1.192294
-2.467992 1.179896
-2.472955 1.167476
-2.477917 1.155034
-2.482880 1.142570
-2.487842 1.130084
-2.492805 1.117576
-2.497767 1.105046
-2.502729 1.092494
-2.507692 1.079920
-2.512654 1.067324
-2.517617 1.054706
-2.522579 1.042066
-2.527542 1.029404
-2.532504 1.016720
-2.537467 1.004014
-2.542429 0.991286
-2.547391 0.978536
-2.552354 0.965764
-2.557316 0.952970
-2.562279 0.940154
-2.567241 0.927316
-2.572204 0.914456
-2.577166 0.901574
-2.582129 0.888670
-2.587091 0.875744
-2.592053 0.862796
-2.597016 0.849826
-2.603578 0.845475
-2.610141 0.841066
-2.616703 0.836601
-2.623266 0.832080
-2.629828 0.827501
-2.636391 0.822866
-2.642953 0.818174
-2.649516 0.813425
-2.656078 0.808620
-2.662641 0.803758
-2.669203 0.798840
-2.675766 0.793864
-2.682328 0.788832
-2.688890 0.783743
-2.695453 0.778598
-2.702015 0.773396
-2.708578 0.768137
-2.715140 0.762821
-2.721703 0.757449
-2.728265 0.752020
-2.734828 0.746534
-2.741390 0.740992
-2.747953 0.735393
-2.754515 0.729737
-2.761078 0.724024
-2.767640 0.718255
-2.774203 0.712429
-2.780765 0.706547
-2.787328 0.700608
-2.793890 0.694612
-2.800452 0.688559
-2.807015 0.682449
-2.813577 0.676283
-2.820140 0.670061
-2.826702 0.663781
-2.833265 0.657445
-2.839827 0.651052
-2.846390 0.644602
-2.852952 0.638096
-2.859515 0.631533
-2.855615 0.619983
-2.851715 0.608396
-2.847815 0.596773
-2.843915 0.585112
-2.840014 0.573415
-2.836114 0.561680
-2.832214 0.549909
-2.828314 0.538101
-2.824414 0.526256
-2.820514 0.514374
-2.816614 0.502455
-2.812714 0.490499
-2.808814 0.478506
-2.804914 0.466477
-2.801014 0.454410
-2.797114 0.442307
-2.793214 0.430166
-2.789314 0.417989
-2.785414 0.405775
-2.781514 0.393524
-2.777614 0.381236
-2.773714 0.368911
-2.769814 0.356550
-2.765913 0.344151
-2.762013 0.331715
-2.758113 0.319243
-2.754213 0.306734
-2.750313 0.294187
-2.746413 0.281604
-2.742513 0.268984
-2.738613 0.256327
-2.734713 0.243634
-2.730813 0.230903
-2.726913 0.218135
-2.723013 0.205331
-2.719113 0.192489
-2.715213 0.179611
-2.711313 0.166696
-2.707413 0.153744
-2.703513 0.140755
-2.702538 0.121031
-2.701563 0.101296
-2.700588 0.081552
-2.699613 0.061798
-2.698638 0.042034
-2.697663 0.022260
-2.696688 0.002476
-2.695714 -0.017318
-2.694739 -0.037122
-2.693764 -0.056936
-2.692789 -0.076760
-2.691814 -0.096594
-2.690839 -0.116438
-2.689864 -0.136292
-2.688889 -0.156156
-2.687914 -0.176030
-2.686939 -0.195914
-2.685965 -0.215808
-2.684990 -0.235712
-2.684015 -0.255626
-2.683040 -0.275550
-2.682065 -0.295484
-2.681090 -0.315428
-2.680115 -0.335383
-2.679140 -0.355347
-2.678165 -0.375321
-2.677191 -0.395305
-2.676216 -0.415299
-2.675241 -0.435303
-2.674266 -0.455317
-2.673291 -0.475341
-2.672316 -0.495375
-2.671341 -0.515419
-2.670366 -0.535473
-2.669391 -0.555537
-2.668417 -0.575611
-2.667442 -0.595695
-2.666467 -0.615789
-2.665492 -0.635893
-2.664517 -0.656007
-2.668342 -0.671077
-2.672167 -0.686176
-2.675992 -0.701306
-2.679817 -0.716467
-2.683642 -0.731657
-2.687467 -0.746878
-2.691292 -0.762129
-2.695117 -0.777411
-2.698941 -0.792722
-2.702766 -0.808065
-2.706591 -0.823437
-2.710416 -0.838840
-2.714241 -0.854272
-2.718066 -0.869736
-2.721891 -0.885229
-2.725716 -0.900753
-2.729541 -0.916307
-2.733366 -0.931892
-2.737191 -0.947506
-2.741016 -0.963152
-2.744841 -0.978827
-2.748666 -0.994533
-2.752491 -1.010268
-2.756316 -1.026035
-2.760141 -1.041831
-2.763966 -1.057658
-2.767791 -1.073515
-2.771616 -1.089403
-2.775440 -1.105320
-2.779265 -1.121269
-2.783090 -1.137247
-2.786915 -1.153255
-2.790740 -1.169294
-2.794565 -1.185364
-2.798390 -1.201463
-2.802215 -1.217593
-2.806040 -1.233753
-2.809865 -1.249944
-2.813690 -1.266164
-2.817515 -1.282415
-2.814627 -1.305968
-2.811740 -1.329521
-2.808852 -1.353075
-2.805965 -1.376631
-2.803077 -1.400187
-2.800190 -1.423745
-2.797302 -1.447304
-2.794415 -1.470863
-2.791528 -1.494424
-2.788640 -1.517986
-2.785753 -1.541550
-2.782865 -1.565114
-2.779978 -1.588679
-2.777090 -1.612246
-2.774203 -1.635813
-2.771315 -1.659382
-2.768428 -1.682951
-2.765540 -1.706522
-2.762653 -1.730094
-2.759765 -1.753667
-2.756878 -1.777241
-2.753990 -1.800817
-2.751103 -1.824393
-2.748215 -1.847971
-2.745328 -1.871549
-2.742440 -1.895129
-2.739553 -1.918710
-2.736665 -1.942291
-2.733778 -1.965874
-2.730890 -1.989458
-2.728003 -2.013044
-2.725115 -2.036630
-2.722228 -2.060217
-2.719340 -2.083806
-2.716453 -2.107395
-2.713565 -2.130986
-2.710678 -2.154578
-2.707790 -2.178171
-2.704903 -2.201765
-2.702015 -2.225360
-2.701340 -2.260671
-2.700665 -2.295937
-2.699991 -2.331157
-2.699316 -2.366331
-2.698641 -2.401459
-2.697966 -2.436540
-2.697291 -2.471576
-2.696616 -2.506566
-2.695941 -2.541510
-2.695266 -2.576408
-2.694591 -2.611260
-2.693916 -2.646067
-2.693241 -2.680827
-2.692566 -2.715541
-2.691891 -2.750210
-2.691216 -2.784832
-2.690541 -2.819408
-2.689866 -2.853939
-2.689191 -2.888423
-2.688516 -2.922862
-2.687841 -2.957255
-2.687166 -2.991601
-2.686491 -3.025902
-2.685816 -3.060157
-2.685141 -3.094366
-2.684466 -3.128529
-2.683791 -3.162646
-2.683116 -3.196717
-2.682441 -3.230742
-2.681767 -3.264721
-2.681092 -3.298654
-2.680417 -3.332541
-2.679742 -3.366382
-2.679067 -3.400177
-2.678392 -3.433927
-2.677717 -3.467630
-2.677042 -3.501288
-2.676367 -3.534899
-2.675692 -3.568465
-2.675017 -3.601984
-2.678842 -3.619497
-2.682667 -3.637028
-2.686492 -3.654577
-2.690317 -3.672144
-2.694142 -3.689729
-2.697967 -3.707333
-2.701792 -3.724954
-2.705616 -3.742594
-2.709441 -3.760252
-2.713266 -3.777928
-2.717091 -3.795623
-2.720916 -3.813335
-2.724741 -3.831065
-2.728566 -3.848814
-2.732391 -3.866581
-2.736216 -3.884366
-2.740041 -3.902169
-2.743866 -3.919990
-2.747691 -3.937830
-2.751516 -3.955687
-2.755341 -3.973563
-2.759166 -3.991457
-2.762991 -4.009369
-2.766816 -4.027299
-2.770641 -4.045247
-2.774466 -4.063213
-2.778291 -4.081198
-2.782115 -4.099201
-2.785940 -4.117222
-2.789765 -4.135261
-2.793590 -4.153318
-2.797415 -4.171394
-2.801240 -4.189487
-2.805065 -4.207599
-2.808890 -4.225729
-2.812715 -4.243877
-2.816540 -4.262043
-2.820365 -4.280227
-2.824190 -4.298429
-2.828015 -4.316650
-2.823627 -4.336831
-2.819240 -4.357022
-2.814852 -4.377223
-2.810464 -4.397436
-2.806077 -4.417658
-2.801689 -4.437891
-2.797302 -4.458134
-2.792914 -4.478387
-2.788526 -4.498651
-2.784139 -4.518925
-2.779751 -4.539209
-2.775363 -4.559504
-2.770976 -4.579809
-2.766588 -4.600125
-2.762201 -4.620450
-2.757813 -4.640787
-2.753425 -4.661133
-2.749038 -4.681490
-2.744650 -4.701857
-2.740263 -4.722235
-2.735875 -4.742623
-2.731487 -4.763021
-2.727100 -4.783430
-2.722712 -4.803849
-2.718324 -4.824278
-2.713937 -4.844718
-2.709549 -4.865168
-2.705162 -4.885628
-2.700774 -4.906099
-2.696386 -4.926580
-2.691999 -4.947072
-2.687611 -4.967573
-2.683223 -4.988085
-2.678836 -5.008608
-2.674448 -5.029140
-2.670061 -5.049684
-2.665673 -5.070237
-2.661285 -5.090801
-2.656898 -5.111375
-2.652510 -5.131960
-2.653585 -5.151522
-2.654660 -5.171098
-2.655735 -5.190688
-2.656810 -5.210293
-2.657885 -5.229913
-2.658960 -5.249547
-2.660035 -5.269196
-2.661110 -5.288859
-2.662185 -5.308537
-2.663260 -5.328228
-2.664335 -5.347935
-2.665411 -5.367656
-2.666486 -5.387392
-2.667561 -5.407142
-2.668636 -5.426907
-2.669711 -5.446686
-2.670786 -5.466479
-2.671861 -5.486288
-2.672936 -5.506110
-2.674011 -5.525947
-2.675086 -5.545799
-2.676161 -5.565665
-2.677236 -5.585546
-2.678311 -5.605441
-2.679386 -5.625350
-2.680461 -5.645275
-2.681536 -5.665213
-2.682611 -5.685166
-2.683686 -5.705134
-2.684761 -5.725116
-2.685836 -5.745113
-2.686911 -5.765124
-2.687986 -5.785150
-2.689061 -5.805190
-2.690136 -5.825244
-2.691211 -5.845314
-2.692286 -5.865397
-2.693361 -5.885495
-2.694436 -5.905608
-2.695511 -5.925735
-2.688424 -5.940075
-2.681336 -5.954453
-2.674249 -5.968868
-2.667161 -5.983322
-2.660074 -5.997813
-2.652987 -6.012341
-2.645899 -6.026908
-2.638812 -6.041513
-2.631724 -6.056155
-2.624637 -6.070835
-2.617549 -6.085553
-2.610462 -6.100309
-2.603374 -6.115102
-2.596287 -6.129934
-2.589199 -6.144803
-2.582112 -6.159710
-2.575024 -6.174654
-2.567937 -6.189637
-2.560849 -6.204658
-2.553762 -6.219716
-2.546674 -6.234811
-2.539587 -6.249945
-2.532500 -6.265117
-2.525412 -6.280326
-2.518325 -6.295573
-2.511237 -6.310858
-2.504150 -6.326181
-2.497062 -6.341541
-2.489975 -6.356940
-2.482887 -6.372376
-2.475800 -6.387850
-2.468712 -6.403361
-2.461625 -6.418911
-2.454537 -6.434498
-2.447450 -6.450123
-2.440362 -6.465786
-2.433275 -6.481487
-2.426188 -6.497226
-2.419100 -6.513002
-2.412013 -6.528816
-2.409600 -6.544519
-2.407187 -6.560260
-2.404775 -6.576039
-2.402362 -6.591857
-2.399950 -6.607713
-2.397537 -6.623608
-2.395125 -6.639541
-2.392712 -6.655512
-2.390300 -6.671522
-2.387887 -6.687570
-2.385474 -6.703656
-2.383062 -6.719781
-2.380649 -6.735944
-2.378237 -6.752146
-2.375824 -6.768386
-2.373412 -6.784665
-2.370999 -6.800982
-2.368587 -6.817338
-2.366174 -6.833731
-2.363761 -6.850163
-2.361349 -6.866634
-2.358936 -6.883143
-2.356524 -6.899690
-2.354111 -6.916276
-2.351699 -6.932900
-2.349286 -6.949563
-2.346874 -6.966263
-2.344461 -6.983003
-2.342048 -6.999780
-2.339636 -7.016596
-2.337223 -7.033451
-2.334811 -7.050344
-2.332398 -7.067276
-2.329986 -7.084245
-2.327573 -7.101254
-2.325161 -7.118300
-2.322748 -7.135385
-2.320335 -7.152508
-2.317923 -7.169670
-2.315510 -7.186870
-2.319985 -7.203474
-2.324461 -7.220118
-2.328936 -7.236804
-2.333411 -7.253530
-2.337886 -7.270298
-2.342361 -7.287106
-2.346836 -7.303956
-2.351311 -7.320846
-2.355786 -7.337777
-2.360261 -7.354749
-2.364737 -7.371762
-2.369212 -7.388816
-2.373687 -7.405911
-2.378162 -7.423047
-2.382637 -7.440224
-2.387112 -7.457442
-2.391587 -7.474700
-2.396062 -7.492000
-2.400537 -7.509341
-2.405013 -7.526722
-2.409488 -7.544145
-2.413963 -7.561609
-2.418438 -7.579113
-2.422913 -7.596659
-2.427388 -7.614245
-2.431863 -7.631873
-2.436338 -7.649541
-2.440814 -7.667250
-2.445289 -7.685000
-2.449764 -7.702792
-2.454239 -7.720624
-2.458714 -7.738497
-2.463189 -7.756411
-2.467664 -7.774366
-2.472139 -7.792362
-2.476614 -7.810399
-2.481090 -7.828476
-2.485565 -7.846595
-2.490040 -7.864755
-2.494515 -7.882956
-2.496215 -7.903750
-2.497915 -7.924574
-2.499615 -7.945430
-2.501315 -7.966316
-2.503015 -7.987232
-2.504714 -8.008180
-2.506414 -8.029158
-2.508114 -8.050166
-2.509814 -8.071205
-2.511514 -8.092276
-2.513214 -8.113377
-2.514914 -8.134508
-2.516614 -8.155670
-2.518314 -8.176863
-2.520014 -8.198087
-2.521714 -8.219341
-2.523414 -8.240626
-2.525114 -8.261942
-2.526814 -8.283288
-2.528513 -8.304666
-2.530213 -8.326074
-2.531913 -8.347512
-2.533613 -8.368981
-2.535313 -8.390481
-2.537013 -8.412012
-2.538713 -8.433574
-2.540413 -8.455166
-2.542113 -8.476789
-2.543813 -8.498442
-2.545513 -8.520126
-2.547213 -8.541842
-2.548913 -8.563587
-2.550612 -8.585363
-2.552312 -8.607170
-2.554012 -8.629007
-2.555712 -8.650876
-2.557412 -8.672775
-2.559112 -8.694705
-2.560812 -8.716665
-2.562512 -8.738656
-2.568649 -8.765571
-2.574787 -8.792497
-2.580924 -8.819433
-2.587061 -8.846381
-2.593199 -8.873340
-2.599336 -8.900310
-2.605474 -8.927291
-2.611611 -8.954283
-2.617748 -8.981286
-2.623886 -9.008300
-2.630023 -9.035325
-2.636160 -9.062362
-2.642298 -9.089409
-2.648435 -9.116467
-2.654572 -9.143537
-2.660710 -9.170617
-2.666847 -9.197708
-2.672985 -9.224811
-2.679122 -9.251925
-2.685259 -9.279049
-2.691397 -9.306185
-2.697534 -9.333331
-2.703671 -9.360489
-2.709809 -9.387658
-2.715946 -9.414838
-2.722084 -9.442029
-2.728221 -9.469231
-2.734358 -9.496444
-2.740496 -9.523668
-2.746633 -9.550903
-2.752770 -9.578150
-2.758908 -9.605407
-2.765045 -9.632675
-2.771183 -9.659954
-2.777320 -9.687244
-2.783457 -9.714546
-2.789595 -9.741858
-2.795732 -9.769182
-2.801869 -9.796516
-2.808007 -9.823862
-2.818044 -9.858714
-2.828082 -9.893547
-2.838119 -9.928361
-2.848156 -9.963156
-2.858194 -9.997931
-2.868231 -10.032688
-2.878269 -10.067426
-2.888306 -10.102144
-2.898344 -10.136844
-2.908381 -10.171524
-2.918418 -10.206185
-2.928456 -10.240828
-2.938493 -10.275451
-2.948531 -10.310055
-2.958568 -10.344640
-2.968606 -10.379206
-2.978643 -10.413753
-2.988680 -10.448280
-2.998718 -10.482789
-3.008755 -10.517279
-3.018793 -10.551749
-3.028830 -10.586201
-3.038867 -10.620633
-3.048905 -10.655046
-3.058942 -10.689441
-3.068980 -10.723816
-3.079017 -10.758172
-3.089055 -10.792509
-3.099092 -10.826827
-3.109129 -10.861126
-3.119167 -10.895406
-3.129204 -10.929667
-3.139242 -10.963908
-3.149279 -10.998131
-3.159317 -11.032334
-3.169354 -11.066519
-3.179391 -11.100684
-3.189429 -11.134830
-3.199466 -11.168958
-3.209504 -11.203067
-3.216266 -11.227209
-3.223029 -11.251372
-3.229791 -11.275557
-3.236554 -11.299762
-3.243316 -11.323987
-3.250079 -11.348233
-3.256841 -11.372500
-3.263604 -11.396789
-3.270366 -11.421098
-3.277129 -11.445428
-3.283891 -11.469779
-3.290654 -11.494151
-3.297416 -11.518544
-3.304179 -11.542958
-3.310941 -11.567393
-3.317704 -11.591849
-3.324466 -11.616325
-3.331229 -11.640822
-3.337991 -11.665340
-3.344754 -11.689879
-3.351516 -11.714439
-3.358279 -11.739020
-3.365041 -11.763622
-3.371804 -11.788245
-3.378566 -11.812889
-3.385329 -11.837554
-3.392091 -11.862240
-3.398854 -11.886947
-3.405616 -11.911674
-3.412379 -11.936421
-3.419141 -11.961190
-3.425904 -11.985980
-3.432666 -12.010791
-3.439429 -12.035623
-3.446191 -12.060475
-3.452954 -12.085349
-3.459716 -12.110244
-3.466479 -12.135159
-3.473241 -12.160096
-3.480004 -12.185054
-3.475454 -12.211152
-3.470904 -12.237267
-3.466354 -12.263399
-3.461804 -12.289547
-3.457254 -12.315711
-3.452704 -12.341891
-3.448154 -12.368089
-3.443604 -12.394302
-3.439054 -12.420532
-3.434504 -12.446778
-3.429954 -12.473041
-3.425404 -12.499320
-3.420854 -12.525616
-3.416304 -12.551928
-3.411754 -12.578256
-3.407204 -12.604600
-3.402654 -12.630961
-3.398104 -12.657339
-3.393554 -12.683733
-3.389004 -12.710143
-3.384454 -12.736569
-3.379904 -12.763013
-3.375354 -12.789473
-3.370804 -12.815948
-3.366254 -12.842441
-3.361704 -12.868949
-3.357154 -12.895473
-3.352604 -12.922015
-3.348054 -12.948573
-3.343504 -12.975147
-3.338954 -13.001738
-3.334404 -13.028344
-3.329854 -13.054968
-3.325305 -13.081608
-3.320755 -13.108264
-3.316205 -13.134936
-3.311655 -13.161625
-3.307105 -13.188331
-3.302555 -13.215053
-3.298005 -13.241791
-3.290655 -13.270027
-3.283305 -13.298274
-3.275955 -13.326531
-3.268605 -13.354799
-3.261255 -13.383078
-3.253905 -13.411366
-3.246555 -13.439666
-3.239205 -13.467975
-3.231855 -13.496294
-3.224505 -13.524624
-3.217155 -13.552964
-3.209805 -13.581315
-3.202455 -13.609676
-3.195105 -13.638048
-3.187755 -13.666430
-3.180405 -13.694823
-3.173055 -13.723227
-3.165705 -13.751640
-3.158355 -13.780065
-3.151005 -13.808499
-3.143655 -13.836945
-3.136305 -13.865400
-3.128955 -13.893867
-3.121605 -13.922343
-3.114255 -13.950830
-3.106905 -13.979328
-3.099555 -14.007836
-3.092206 -14.036355
-3.084856 -14.064884
-3.077506 -14.093424
-3.070156 -14.121973
-3.062806 -14.150533
-3.055456 -14.179103
-3.048106 -14.207684
-3.040756 -14.236275
-3.033406 -14.264876
-3.026056 -14.293489
-3.018706 -14.322111
-3.011356 -14.350744
-3.004006 -14.379388
-3.003956 -14.397995
-3.003906 -14.416653
-3.003856 -14.435361
-3.003806 -14.454121
-3.003756 -14.472931
-3.003706 -14.491792
-3.003655 -14.510703
-3.003605 -14.529666
-3.003555 -14.548679
-3.003505 -14.567743
-3.003455 -14.586859
-3.003405 -14.606025
-3.003355 -14.625241
-3.003305 -14.644508
-3.003255 -14.663827
-3.003205 -14.683196
-3.003155 -14.702616
-3.003105 -14.722086
-3.003055 -14.741608
-3.003005 -14.761180
-3.002954 -14.780803
-3.002904 -14.800477
-3.002854 -14.820202
-3.002804 -14.839977
-3.002754 -14.859803
-3.002704 -14.879681
-3.002654 -14.899609
-3.002604 -14.919587
-3.002554 -14.939616
-3.002504 -14.959697
-3.002454 -14.979828
-3.002404 -15.000010
-3.002354 -15.020242
-3.002304 -15.040525
-3.002254 -15.060860
-3.002203 -15.081244
-3.002153 -15.101681
-3.002103 -15.122168
-3.002053 -15.142705
-3.002003 -15.163293
-3.003941 -15.193332
-3.005878 -15.223384
-3.007815 -15.253448
-3.009753 -15.283526
-3.011690 -15.313618
-3.013628 -15.343721
-3.015565 -15.373838
-3.017502 -15.403969
-3.019440 -15.434112
-3.021377 -15.464268
-3.023314 -15.494437
-3.025252 -15.524620
-3.027189 -15.554815
-3.029127 -15.585024
-3.031064 -15.615246
-3.033001 -15.645480
-3.034939 -15.675728
-3.036876 -15.705989
-3.038814 -15.736262
-3.040751 -15.766549
-3.042688 -15.796849
-3.044626 -15.827162
-3.046563 -15.857488
-3.048501 -15.887827
-3.050438 -15.918179
-3.052375 -15.948544
-3.054313 -15.978922
-3.056250 -16.009314
-3.058187 -16.039719
-3.060125 -16.070135
-3.062062 -16.100565
-3.064000 -16.131008
-3.065937 -16.161465
-3.067874 -16.191935
-3.069812 -16.222418
-3.071749 -16.252913
-3.073687 -16.283421
-3.075624 -16.313942
-3.077561 -16.344477
-3.079499 -16.375025
-3.082849 -16.414749
-3.086199 -16.454449
-3.089549 -16.494125
-3.092899 -16.533777
-3.096249 -16.573406
-3.099599 -16.613012
-3.102949 -16.652594
-3.106299 -16.692152
-3.109649 -16.731686
-3.112999 -16.771196
-3.116349 -16.810682
-3.119699 -16.850145
-3.123049 -16.889584
-3.126399 -16.928999
-3.129749 -16.968391
-3.133099 -17.007759
-3.136449 -17.047104
-3.139799 -17.086424
-3.143149 -17.125721
-3.146499 -17.164993
-3.149849 -17.204243
-3.153199 -17.243467
-3.156549 -17.282669
-3.159899 -17.321846
-3.163249 -17.361000
-3.166599 -17.400131
-3.169949 -17.439238
-3.173299 -17.478321
-3.176649 -17.517380
-3.179999 -17.556416
-3.183349 -17.595427
-3.186699 -17.634415
-3.190049 -17.673378
-3.193399 -17.712318
-3.196749 -17.751234
-3.200099 -17.790127
-3.203449 -17.828997
-3.206800 -17.867842
-3.210150 -17.906664
-3.213500 -17.945461
-3.222112 -17.983675
-3.230724 -18.021868
-3.239337 -18.060040
-3.247949 -18.098188
-3.256562 -18.136316
-3.265174 -18.174423
-3.273786 -18.212507
-3.282399 -18.250570
-3.291011 -18.288612
-3.299623 -18.326633
-3.308236 -18.364632
-3.316848 -18.402609
-3.325461 -18.440565
-3.334073 -18.478500
-3.342685 -18.516413
-3.351298 -18.554304
-3.359910 -18.592175
-3.368523 -18.630022
-3.377135 -18.667849
-3.385747 -18.705654
-3.394360 -18.743439
-3.402972 -18.781200
-3.411585 -18.818941
-3.420197 -18.856661
-3.428809 -18.894360
-3.437422 -18.932035
-3.446034 -18.969690
-3.454647 -19.007324
-3.463259 -19.044935
-3.471871 -19.082525
-3.480484 -19.120094
-3.489096 -19.157642
-3.497709 -19.195168
-3.506321 -19.232672
-3.514933 -19.270155
-3.523546 -19.307617
-3.532158 -19.345057
-3.540771 -19.382475
-3.549383 -19.419872
-3.557995 -19.457247
-3.565345 -19.502319
-3.572695 -19.547340
-3.580045 -19.592308
-3.587395 -19.637224
-3.594745 -19.682087
-3.602095 -19.726898
-3.609445 -19.771656
-3.616795 -19.816360
-3.624145 -19.861013
-3.631495 -19.905613
-3.638845 -19.950161
-3.646195 -19.994656
-3.653545 -20.039099
-3.660895 -20.083488
-3.668245 -20.127827
-3.675595 -20.172112
-3.682945 -20.216345
-3.690295 -20.260525
-3.697645 -20.304653
-3.704995 -20.348728
-3.712345 -20.392752
-3.719695 -20.436722
-3.727045 -20.480640
-3.734395 -20.524506
-3.741745 -20.568319
-3.749094 -20.612080
-3.756444 -20.655788
-3.763794 -20.699444
-3.771144 -20.743046
-3.778494 -20.786596
-3.785844 -20.830093
-3.793194 -20.873539
-3.800544 -20.916931
-3.807894 -20.960272
-3.815244 -21.003559
-3.822594 -21.046795
-3.829944 -21.089977
-3.837294 -21.133108
-3.844644 -21.176186
-3.851994 -21.219212
-3.867269 -21.251091
-3.882544 -21.282963
-3.897819 -21.314827
-3.913094 -21.346684
-3.928369 -21.378532
-3.943644 -21.410372
-3.958919 -21.442204
-3.974194 -21.474028
-3.989469 -21.505844
-4.004744 -21.537653
-4.020019 -21.569454
-4.035294 -21.601246
-4.050569 -21.633030
-4.065844 -21.664806
-4.081119 -21.696575
-4.096394 -21.728336
-4.111669 -21.760090
-4.126944 -21.791834
-4.142219 -21.823570
-4.157494 -21.855299
-4.172769 -21.887020
-4.188044 -21.918734
-4.203319 -21.950439
-4.218594 -21.982136
-4.233869 -22.013824
-4.249144 -22.045506
-4.264419 -22.077179
-4.279694 -22.108845
-4.294969 -22.140503
-4.310244 -22.172152
-4.325519 -22.203793
-4.340794 -22.235426
-4.356069 -22.267052
-4.371344 -22.298670
-4.386619 -22.330280
-4.401894 -22.361881
-4.417169 -22.393475
-4.432444 -22.425060
-4.447719 -22.456638
-4.462994 -22.488209
-4.479106 -22.530939
-4.495219 -22.573616
-4.511331 -22.616240
-4.527443 -22.658812
-4.543556 -22.701330
-4.559668 -22.743795
-4.575780 -22.786207
-4.591893 -22.828568
-4.608005 -22.870874
-4.624117 -22.913128
-4.640230 -22.955330
-4.656342 -22.997478
-4.672454 -23.039574
-4.688567 -23.081617
-4.704679 -23.123608
-4.720791 -23.165545
-4.736904 -23.207430
-4.753016 -23.249262
-4.769128 -23.291040
-4.785241 -23.332767
-4.801353 -23.374441
-4.817465 -23.416061
-4.833578 -23.457630
-4.849690 -23.499146
-4.865802 -23.540607
-4.881915 -23.582018
-4.898027 -23.623375
-4.914139 -23.664679
-4.930252 -23.705929
-4.946364 -23.747128
-4.962476 -23.788273
-4.978589 -23.829365
-4.994701 -23.870405
-5.010813 -23.911392
-5.026926 -23.952326
-5.043038 -23.993208
-5.059150 -24.034037
-5.075263 -24.074812
-5.091375 -24.115536
-5.107487 -24.156206
-5.119262 -24.193388
-5.131037 -24.230530
-5.142812 -24.267633
-5.154587 -24.304697
-5.166362 -24.341722
-5.178137 -24.378708
-5.189912 -24.415655
-5.201687 -24.452564
-5.213462 -24.489433
-5.225237 -24.526264
-5.237012 -24.563055
-5.248787 -24.599808
-5.260562 -24.636520
-5.272337 -24.673195
-5.284112 -24.709829
-5.295887 -24.746426
-5.307662 -24.782984
-5.319438 -24.819502
-5.331213 -24.855982
-5.342988 -24.892422
-5.354763 -24.928823
-5.366538 -24.965185
-5.378313 -25.001509
-5.390088 -25.037792
-5.401863 -25.074038
-5.413638 -25.110245
-5.425413 -25.146412
-5.437188 -25.182541
-5.448963 -25.218630
-5.460738 -25.254681
-5.472513 -25.290691
-5.484288 -25.326664
-5.496063 -25.362597
-5.507838 -25.398491
-5.519613 -25.434347
-5.531388 -25.470163
-5.543163 -25.505941
-5.554938 -25.541679
-5.566713 -25.577379
-5.578488 -25.613039
-5.589488 -25.643257
-5.600488 -25.673458
-5.611488 -25.703642
-5.622488 -25.733809
-5.633489 -25.763958
-5.644489 -25.794090
-5.655489 -25.824205
-5.666489 -25.854301
-5.677489 -25.884380
-5.688489 -25.914442
-5.699490 -25.944487
-5.710490 -25.974514
-5.721490 -26.004524
-5.732490 -26.034517
-5.743490 -26.064493
-5.754490 -26.094452
-5.765491 -26.124393
-5.776491 -26.154318
-5.787491 -26.184225
-5.798491 -26.214115
-5.809491 -26.243988
-5.820491 -26.273842
-5.831491 -26.303679
-5.842492 -26.333498
-5.853492 -26.363300
-5.864492 -26.393085
-5.875492 -26.422853
-5.886492 -26.452604
-5.897492 -26.482338
-5.908493 -26.512054
-5.919493 -26.541754
-5.930493 -26.571436
-5.941493 -26.601101
-5.952493 -26.630749
-5.963493 -26.660379
-5.974494 -26.689993
-5.985494 -26.719587
-5.996494 -26.749165
-6.007494 -26.778725
-6.018494 -26.808268
-6.027744 -26.835764
-6.036994 -26.863251
-6.046245 -26.890730
-6.055495 -26.918200
-6.064745 -26.945660
-6.073995 -26.973110
-6.083245 -27.000551
-6.092495 -27.027985
-6.101746 -27.055408
-6.110996 -27.082823
-6.120246 -27.110228
-6.129496 -27.137623
-6.138746 -27.165010
-6.147996 -27.192389
-6.157247 -27.219757
-6.166497 -27.247116
-6.175747 -27.274466
-6.184997 -27.301807
-6.194247 -27.329140
-6.203497 -27.356462
-6.212748 -27.383776
-6.221998 -27.411079
-6.231248 -27.438375
-6.240498 -27.465662
-6.249748 -27.492939
-6.258998 -27.520206
-6.268249 -27.547464
-6.277499 -27.574715
-6.286749 -27.601955
-6.295999 -27.629187
-6.305249 -27.656408
-6.314499 -27.683620
-6.323750 -27.710825
-6.333000 -27.738020
-6.342250 -27.765205
-6.351500 -27.792381
-6.360750 -27.819548
-6.370000 -27.846706
-6.379251 -27.873856
-6.388501 -27.900995
-6.396151 -27.930441
-6.403800 -27.959869
-6.411450 -27.989279
-6.419100 -28.018669
-6.426750 -28.048042
-6.434400 -28.077396
-6.442050 -28.106731
-6.449700 -28.136049
-6.457350 -28.165348
-6.465000 -28.194628
-6.472650 -28.223890
-6.480299 -28.253134
-6.487949 -28.282358
-6.495599 -28.311565
-6.503249 -28.340754
-6.510899 -28.369923
-6.518549 -28.399075
-6.526199 -28.428207
-6.533849 -28.457321
-6.541499 -28.486418
-6.549149 -28.515495
-6.556798 -28.544554
-6.564448 -28.573595
-6.572098 -28.602617
-6.579748 -28.631620
-6.587398 -28.660606
-6.595048 -28.689573
-6.602698 -28.718521
-6.610348 -28.747452
-6.617998 -28.776363
-6.625648 -28.805256
-6.633297 -28.834131
-6.640947 -28.862988
-6.648597 -28.891825
-6.656247 -28.920645
-6.663897 -28.949446
-6.671547 -28.978228
-6.679197 -29.006992
-6.686847 -29.035738
-6.694497 -29.064465
-6.669984 -29.090733
-6.645472 -29.116993
-6.620960 -29.143244
-6.596447 -29.169487
-6.571935 -29.195721
-6.547423 -29.221945
-6.522911 -29.248161
-6.498398 -29.274368
-6.473886 -29.300568
-6.449374 -29.326757
-6.424861 -29.352940
-6.400349 -29.379112
-6.375837 -29.405277
-6.351325 -29.431433
-6.326812 -29.457581
-6.302300 -29.483719
-6.277788 -29.509850
-6.253275 -29.535971
-6.228763 -29.562082
-6.204251 -29.588186
-6.179739 -29.614281
-6.155226 -29.640368
-6.130714 -29.666445
-6.106202 -29.692514
-6.081689 -29.718575
-6.057177 -29.744627
-6.032665 -29.770670
-6.008152 -29.796705
-5.983640 -29.822731
-5.959128 -29.848749
-5.934616 -29.874758
-5.910103 -29.900759
-5.885591 -29.926750
-5.861079 -29.952732
-5.836566 -29.978706
-5.812054 -30.004671
-5.787542 -30.030628
-5.763030 -30.056576
-5.738517 -30.082516
-5.714005 -30.108446
-5.678167 -30.141142
-5.642330 -30.173801
-5.606492 -30.206425
-5.570654 -30.239012
-5.534817 -30.271563
-5.498979 -30.304079
-5.463141 -30.336559
-5.427304 -30.369003
-5.391466 -30.401411
-5.355628 -30.433783
-5.319791 -30.466120
-5.283953 -30.498421
-5.248116 -30.530685
-5.212278 -30.562914
-5.176440 -30.595106
-5.140603 -30.627264
-5.104765 -30.659386
-5.068927 -30.691471
-5.033090 -30.723520
-4.997252 -30.755533
-4.961414 -30.787512
-4.925577 -30.819454
-4.889739 -30.851360
-4.853901 -30.883230
-4.818064 -30.915066
-4.782226 -30.946865
-4.746388 -30.978628
-4.710551 -31.010355
-4.674713 -31.042046
-4.638875 -31.073702
-4.603038 -31.105322
-4.567200 -31.136906
-4.531363 -31.168453
-4.495525 -31.199965
-4.459687 -31.231441
-4.423850 -31.262882
-4.388012 -31.294287
-4.352174 -31.325655
-4.316337 -31.356987
-4.280499 -31.388285
-4.243499 -31.411018
-4.206499 -31.433750
-4.169498 -31.456480
-4.132498 -31.479208
-4.095498 -31.501934
-4.058498 -31.524658
-4.021498 -31.547380
-3.984498 -31.570103
-3.947498 -31.592823
-3.910498 -31.615541
-3.873498 -31.638258
-3.836498 -31.660973
-3.799498 -31.683685
-3.762498 -31.706398
-3.725498 -31.729109
-3.688498 -31.751818
-3.651498 -31.774525
-3.614498 -31.797230
-3.577498 -31.819933
-3.540498 -31.842636
-3.503499 -31.865337
-3.466499 -31.888037
-3.429499 -31.910734
-3.392499 -31.933430
-3.355499 -31.956123
-3.318499 -31.978817
-3.281499 -32.001507
-3.244499 -32.024197
-3.207499 -32.046886
-3.170499 -32.069572
-3.133499 -32.092258
-3.096499 -32.114941
-3.059499 -32.137623
-3.022499 -32.160301
-2.985499 -32.182980
-2.948499 -32.205658
-2.911500 -32.228333
-2.874500 -32.251007
-2.837500 -32.273678
-2.800500 -32.296349
-2.778950 -32.329910
-2.757400 -32.363426
-2.735850 -32.396896
-2.714300 -32.430325
-2.692750 -32.463707
-2.671200 -32.497044
-2.649650 -32.530334
-2.628100 -32.563580
-2.606550 -32.596779
-2.585000 -32.629932
-2.563450 -32.663040
-2.541900 -32.696102
-2.520350 -32.729122
-2.498801 -32.762096
-2.477251 -32.795025
-2.455701 -32.827908
-2.434151 -32.860744
-2.412601 -32.893536
-2.391051 -32.926281
-2.369501 -32.958981
-2.347951 -32.991634
-2.326401 -33.024246
-2.304851 -33.056812
-2.283301 -33.089333
-2.261751 -33.121807
-2.240201 -33.154236
-2.218651 -33.186619
-2.197101 -33.218956
-2.175551 -33.251247
-2.154001 -33.283493
-2.132452 -33.315697
-2.110902 -33.347855
-2.089352 -33.379967
-2.067802 -33.412033
-2.046252 -33.444054
-2.024702 -33.476028
-2.003152 -33.507957
-1.981602 -33.539841
-1.960052 -33.571678
-1.938502 -33.603474
-1.927165 -33.636665
-1.915827 -33.669807
-1.904490 -33.702896
-1.893152 -33.735935
-1.881814 -33.768925
-1.870477 -33.801861
-1.859139 -33.834747
-1.847802 -33.867580
-1.836464 -33.900364
-1.825127 -33.933098
-1.813789 -33.965778
-1.802452 -33.998409
-1.791114 -34.030987
-1.779777 -34.063515
-1.768439 -34.095993
-1.757102 -34.128418
-1.745764 -34.160793
-1.734427 -34.193115
-1.723089 -34.225388
-1.711752 -34.257610
-1.700414 -34.289780
-1.689077 -34.321899
-1.677739 -34.353966
-1.666402 -34.385983
-1.655064 -34.417946
-1.643727 -34.449860
-1.632389 -34.481724
-1.621052 -34.513535
-1.609714 -34.545296
-1.598377 -34.577003
-1.587039 -34.608662
-1.575701 -34.640270
-1.564364 -34.671825
-1.553026 -34.703331
-1.541689 -34.734783
-1.530351 -34.766186
-1.519014 -34.797539
-1.507676 -34.828838
-1.496339 -34.860088
-1.485001 -34.891285
-1.470351 -34.913342
-1.455701 -34.935387
-1.441051 -34.957417
-1.426401 -34.979431
-1.411751 -35.001431
-1.397101 -35.023415
-1.382451 -35.045383
-1.367801 -35.067341
-1.353151 -35.089283
-1.338501 -35.111210
-1.323851 -35.133121
-1.309201 -35.155018
-1.294551 -35.176899
-1.279902 -35.198769
-1.265252 -35.220623
-1.250602 -35.242462
-1.235952 -35.264286
-1.221302 -35.286095
-1.206652 -35.307888
-1.192002 -35.329666
-1.177352 -35.351433
-1.162702 -35.373184
-1.148052 -35.394920
-1.133402 -35.416641
-1.118752 -35.438347
-1.104102 -35.460037
-1.089452 -35.481716
-1.074802 -35.503380
-1.060152 -35.525028
-1.045502 -35.546661
-1.030852 -35.568279
-1.016202 -35.589882
-1.001552 -35.611473
-0.986902 -35.633049
-0.972252 -35.654610
-0.957602 -35.676155
-0.942952 -35.697685
-0.928302 -35.719200
-0.913652 -35.740700
-0.899002 -35.762188
-0.884377 -35.783226
-0.869752 -35.804249
-0.855127 -35.825260
-0.840502 -35.846256
-0.825877 -35.867241
-0.811252 -35.888214
-0.796627 -35.909172
-0.782002 -35.930119
-0.767377 -35.951054
-0.752752 -35.971973
-0.738127 -35.992882
-0.723502 -36.013775
-0.708877 -36.034657
-0.694252 -36.055527
-0.679627 -36.076382
-0.665002 -36.097225
-0.650377 -36.118053
-0.635752 -36.138870
-0.621127 -36.159676
-0.606502 -36.180466
-0.591877 -36.201244
-0.577252 -36.222012
-0.562627 -36.242764
-0.548002 -36.263504
-0.533377 -36.284229
-0.518752 -36.304943
-0.504126 -36.325645
-0.489501 -36.346333
-0.474876 -36.367008
-0.460251 -36.387672
-0.445626 -36.408321
-0.431001 -36.428959
-0.416376 -36.449581
-0.401751 -36.470192
-0.387126 -36.490791
-0.372501 -36.511375
-0.357876 -36.531948
-0.343251 -36.552505
-0.328626 -36.573051
-0.314001 -36.593586
-0.299226 -36.616386
-0.284451 -36.639164
-0.269676 -36.661919
-0.254901 -36.684650
-0.240126 -36.707359
-0.225351 -36.730049
-0.210576 -36.752716
-0.195801 -36.775360
-0.181026 -36.797981
-0.166251 -36.820583
-0.151476 -36.843163
-0.136701 -36.865719
-0.121926 -36.888252
-0.107151 -36.910763
-0.092376 -36.933254
-0.077601 -36.955723
-0.062826 -36.978168
-0.048051 -37.000591
-0.033276 -37.022995
-0.018501 -37.045376
-0.003726 -37.067734
0.011049 -37.090069
0.025824 -37.112381
0.040599 -37.134674
0.055374 -37.156944
0.070149 -37.179192
0.084924 -37.201416
0.099699 -37.223621
0.114474 -37.245804
0.129249 -37.267963
0.144024 -37.290100
0.158799 -37.312214
0.173574 -37.334309
0.188349 -37.356380
0.203124 -37.378429
0.217899 -37.400455
0.232674 -37.422459
0.247449 -37.444443
0.262224 -37.466404
0.276999 -37.488342
0.282799 -37.507309
0.288599 -37.526264
0.294399 -37.545212
0.300199 -37.564148
0.305999 -37.583073
0.311799 -37.601986
0.317599 -37.620892
0.323399 -37.639786
0.329199 -37.658669
0.334999 -37.677544
0.340799 -37.696407
0.346599 -37.715260
0.352399 -37.734104
0.358199 -37.752937
0.363999 -37.771759
0.369799 -37.790573
0.375599 -37.809376
0.381399 -37.828167
0.387199 -37.846951
0.392999 -37.865723
0.398799 -37.884483
0.404599 -37.903236
0.410399 -37.921978
0.416199 -37.940708
0.421999 -37.959431
0.427799 -37.978142
0.433599 -37.996841
0.439399 -38.015533
0.445199 -38.034214
0.450999 -38.052883
0.456799 -38.071545
0.462599 -38.090195
0.468399 -38.108833
0.474199 -38.127464
0.479999 -38.146084
0.485799 -38.164692
0.491599 -38.183292
0.497399 -38.201881
0.503199 -38.220459
0.508999 -38.239029
0.515986 -38.257038
0.522974 -38.275040
0.529961 -38.293034
0.536949 -38.311020
0.543936 -38.328999
0.550924 -38.346970
0.557911 -38.364933
0.564899 -38.382889
0.571886 -38.400837
0.578874 -38.418774
0.585862 -38.436703
0.592849 -38.454624
0.599837 -38.472538
0.606824 -38.490444
0.613812 -38.508343
0.620799 -38.526234
0.627787 -38.544117
0.634774 -38.561993
0.641762 -38.579861
0.648749 -38.597717
0.655737 -38.615566
0.662724 -38.633408
0.669712 -38.651241
0.676699 -38.669067
0.683687 -38.686886
0.690674 -38.704697
0.697662 -38.722500
0.704649 -38.740295
0.711637 -38.758083
0.718624 -38.775860
0.725612 -38.793629
0.732599 -38.811390
0.739587 -38.829144
0.746574 -38.846889
0.753562 -38.864628
0.760549 -38.882359
0.767537 -38.900082
0.774524 -38.917797
0.781512 -38.935505
0.788499 -38.953205
0.794324 -38.969189
0.800149 -38.985172
0.805974 -39.001156
0.811799 -39.017136
0.817624 -39.033115
0.823449 -39.049095
0.829274 -39.065071
0.835099 -39.081047
0.840924 -39.097023
0.846749 -39.112999
0.852574 -39.128971
0.858399 -39.144943
0.864224 -39.160915
0.870049 -39.176884
0.875874 -39.192852
0.881699 -39.208820
0.887524 -39.224785
0.893349 -39.240749
0.899174 -39.256714
0.904999 -39.272678
0.910824 -39.288639
0.916649 -39.304600
0.922474 -39.320560
0.928299 -39.336517
0.934124 -39.352474
0.939949 -39.368431
0.945774 -39.384384
0.951599 -39.400337
0.957424 -39.416290
0.963249 -39.432243
0.969074 -39.448193
0.974899 -39.464142
0.980724 -39.480091
0.986549 -39.496037
0.992374 -39.511982
0.998199 -39.527927
1.004024 -39.543869
1.009849 -39.559811
1.015674 -39.575752
1.021499 -39.591694
1.026636 -39.609016
1.031774 -39.626331
1.036911 -39.643639
1.042049 -39.660938
1.047186 -39.678230
1.052324 -39.695518
1.057461 -39.712799
1.062598 -39.730072
1.067736 -39.747337
1.072873 -39.764599
1.078011 -39.781853
1.083148 -39.799099
1.088286 -39.816338
1.093423 -39.833572
1.098561 -39.850800
1.103698 -39.868019
1.108835 -39.885231
1.113973 -39.902439
1.119110 -39.919640
1.124248 -39.936832
1.129385 -39.954018
1.134523 -39.971199
1.139660 -39.988373
1.144798 -40.005539
1.149935 -40.022697
1.155072 -40.039852
1.160210 -40.056999
1.165347 -40.074139
1.170485 -40.091270
1.175622 -40.108398
1.180760 -40.125519
1.185897 -40.142632
1.191035 -40.159737
1.196172 -40.176838
1.201309 -40.193932
1.206447 -40.211018
1.211584 -40.228096
1.216722 -40.245171
1.221859 -40.262238
1.226997 -40.279297
1.226972 -40.295601
1.226947 -40.311901
1.226922 -40.328197
1.226897 -40.344494
1.226871 -40.360786
1.226846 -40.377075
1.226821 -40.393360
1.226796 -40.409641
1.226771 -40.425919
1.226746 -40.442192
1.226721 -40.458462
1.226696 -40.474728
1.226671 -40.490990
1.226646 -40.507248
1.226621 -40.523502
1.226596 -40.539753
1.226571 -40.556000
1.226546 -40.572243
1.226521 -40.588482
1.226496 -40.604717
1.226471 -40.620949
1.226446 -40.637177
1.226421 -40.653400
1.226396 -40.669621
1.226371 -40.685837
1.226346 -40.702049
1.226321 -40.718258
1.226296 -40.734463
1.226271 -40.750664
1.226246 -40.766861
1.226221 -40.783054
1.226196 -40.799244
1.226171 -40.815430
1.226146 -40.831612
1.226120 -40.847790
1.226095 -40.863964
1.226070 -40.880138
1.226045 -40.896309
1.226020 -40.912476
1.225995 -40.928638
1.221233 -40.946068
1.216470 -40.963486
1.211708 -40.980896
1.206945 -40.998299
1.202183 -41.015690
1.197420 -41.033073
1.192658 -41.050449
1.187895 -41.067814
1.183133 -41.085171
1.178370 -41.102520
1.173607 -41.119858
1.168845 -41.137188
1.164082 -41.154510
1.159320 -41.171825
1.154557 -41.189129
1.149795 -41.206425
1.145032 -41.223713
1.140270 -41.240990
1.135507 -41.258259
1.130745 -41.275520
1.125982 -41.292770
1.121220 -41.310013
1.116457 -41.327248
1.111695 -41.344471
1.106932 -41.361687
1.102170 -41.378895
1.097407 -41.396095
1.092644 -41.413284
1.087882 -41.430466
1.083119 -41.447639
1.078357 -41.464802
1.073594 -41.481956
1.068832 -41.499104
1.064069 -41.516239
1.059307 -41.533367
1.054544 -41.550488
1.049782 -41.567596
1.045019 -41.584698
1.040257 -41.601791
1.035494 -41.618877
1.032107 -41.639053
1.028719 -41.659206
1.025332 -41.679340
1.021944 -41.699451
1.018557 -41.719543
1.015169 -41.739613
1.011782 -41.759659
1.008394 -41.779686
1.005007 -41.799690
1.001620 -41.819675
0.998232 -41.839638
0.994845 -41.859581
0.991457 -41.879501
0.988070 -41.899399
0.984682 -41.919277
0.981295 -41.939133
0.977907 -41.958969
0.974519 -41.978783
0.971132 -41.998577
0.967744 -42.018349
0.964357 -42.038101
0.960969 -42.057831
0.957582 -42.077538
0.954194 -42.097225
0.950807 -42.116890
0.947419 -42.136536
0.944032 -42.156158
0.940644 -42.175762
0.937257 -42.195343
0.933869 -42.214901
0.930482 -42.234440
0.927094 -42.253956
0.923707 -42.273453
0.920319 -42.292927
0.916932 -42.312382
0.913544 -42.331814
0.910157 -42.351223
0.906769 -42.370613
0.903382 -42.389980
0.899994 -42.409328
0.894819 -42.427185
0.889644 -42.445026
0.884469 -42.462852
0.879294 -42.480663
0.874119 -42.498459
0.868944 -42.516239
0.863769 -42.534004
0.858594 -42.551754
0.853419 -42.569489
0.848244 -42.587208
0.843069 -42.604912
0.837894 -42.622601
0.832719 -42.640274
0.827544 -42.657932
0.822369 -42.675575
0.817194 -42.693203
0.812019 -42.710815
0.806844 -42.728413
0.801669 -42.745995
0.796494 -42.763561
0.791319 -42.781113
0.786144 -42.798645
0.780969 -42.816162
0.775794 -42.833664
0.770619 -42.851151
0.765444 -42.868622
0.760269 -42.886078
0.755094 -42.903519
0.749919 -42.920944
0.744744 -42.938354
0.739569 -42.955750
0.734394 -42.973129
0.729219 -42.990494
0.724044 -43.007843
0.718869 -43.025177
0.713694 -43.042496
0.708519 -43.059799
0.703344 -43.077087
0.698169 -43.094360
0.692994 -43.111618
0.686607 -43.130455
0.680219 -43.149269
0.673832 -43.168060
0.667444 -43.186832
0.661057 -43.205582
0.654669 -43.224308
0.648282 -43.243015
0.641894 -43.261700
0.635507 -43.280361
0.629119 -43.299000
0.622732 -43.317619
0.616344 -43.336216
0.609957 -43.354790
0.603569 -43.373344
0.597181 -43.391876
0.590794 -43.410385
0.584406 -43.428875
0.578019 -43.447342
0.571631 -43.465786
0.565244 -43.484207
0.558856 -43.502609
0.552469 -43.520988
0.546081 -43.539345
0.539694 -43.557682
0.533306 -43.575996
0.526919 -43.594288
0.520531 -43.612560
0.514144 -43.630810
0.507756 -43.649036
0.501369 -43.667240
0.494981 -43.685425
0.488594 -43.703587
0.482206 -43.721725
0.475819 -43.739845
0.469431 -43.757942
0.463044 -43.776016
0.456656 -43.794071
0.450269 -43.812103
0.443881 -43.830112
0.437494 -43.848099
0.431406 -43.861557
0.425318 -43.875011
0.419231 -43.888462
0.413143 -43.901909
0.407056 -43.915352
0.400968 -43.928791
0.394881 -43.942230
0.388793 -43.955666
0.382706 -43.969097
0.376618 -43.982525
0.370531 -43.995949
0.364443 -44.009369
0.358356 -44.022785
0.352268 -44.036198
0.346181 -44.049606
0.340093 -44.063011
0.334006 -44.076412
0.327918 -44.089809
0.321831 -44.103203
0.315743 -44.116592
0.309656 -44.129978
0.303568 -44.143360
0.297481 -44.156738
0.291393 -44.170113
0.285306 -44.183483
0.279218 -44.196850
0.273131 -44.210213
0.267043 -44.223572
0.260956 -44.236927
0.254868 -44.250282
0.248781 -44.263634
0.242693 -44.276981
0.236606 -44.290325
0.230518 -44.303665
0.224431 -44.317001
0.218343 -44.330334
0.212256 -44.343662
0.206168 -44.356987
0.200081 -44.370308
0.193993 -44.383625
0.193106 -44.402790
0.192218 -44.421928
0.191331 -44.441040
0.190443 -44.460125
0.189556 -44.479179
0.188668 -44.498207
0.187781 -44.517208
0.186893 -44.536182
0.186006 -44.555130
0.185118 -44.574051
0.184231 -44.592945
0.183343 -44.611813
0.182456 -44.630653
0.181568 -44.649464
0.180681 -44.668247
0.179793 -44.687004
0.178906 -44.705734
0.178018 -44.724438
0.177131 -44.743114
0.176244 -44.761765
0.175356 -44.780388
0.174469 -44.798981
0.173581 -44.817547
0.172694 -44.836086
0.171806 -44.854599
0.170919 -44.873085
0.170031 -44.891544
0.169144 -44.909977
0.168256 -44.928383
0.167369 -44.946762
0.166481 -44.965111
0.165594 -44.983433
0.164706 -45.001728
0.163819 -45.019997
0.162931 -45.038239
0.162044 -45.056454
0.161156 -45.074642
0.160269 -45.092804
0.159381 -45.110935
0.158494 -45.129040
0.151956 -45.145039
0.145419 -45.161018
0.138881 -45.176979
0.132344 -45.192921
0.125806 -45.208843
0.119269 -45.224751
0.112731 -45.240639
0.106194 -45.256508
0.099656 -45.272358
0.093119 -45.288189
0.086581 -45.304001
0.080044 -45.319794
0.073506 -45.335567
0.066969 -45.351322
0.060431 -45.367058
0.053894 -45.382774
0.047356 -45.398472
0.040819 -45.414150
0.034281 -45.429810
0.027744 -45.445454
0.021206 -45.461079
0.014669 -45.476685
0.008131 -45.492271
0.001594 -45.507839
-0.004944 -45.523388
-0.011481 -45.538918
-0.018019 -45.554428
-0.024556 -45.569920
-0.031094 -45.585392
-0.037631 -45.600845
-0.044169 -45.616280
-0.050706 -45.631695
-0.057244 -45.647091
-0.063781 -45.662472
-0.070319 -45.677834
-0.076856 -45.693176
-0.083394 -45.708500
-0.089931 -45.723804
-0.096469 -45.739090
-0.103006 -45.754356
-0.103881 -45.765182
-0.104756 -45.776009
-0.105631 -45.786835
-0.106506 -45.797661
-0.107381 -45.808483
-0.108256 -45.819305
-0.109131 -45.830128
-0.110006 -45.840950
-0.110881 -45.851768
-0.111756 -45.862587
-0.112631 -45.873405
-0.113506 -45.884220
-0.114381 -45.895035
-0.115256 -45.905849
-0.116131 -45.916664
-0.117006 -45.927475
-0.117881 -45.938286
-0.118756 -45.949097
-0.119631 -45.959908
-0.120507 -45.970715
-0.121382 -45.981522
-0.122257 -45.992329
-0.123132 -46.003132
-0.124007 -46.013935
-0.124882 -46.024738
-0.125757 -46.035542
-0.126632 -46.046341
-0.127507 -46.057140
-0.128382 -46.067940
-0.129257 -46.078735
-0.130132 -46.089531
-0.131007 -46.100327
-0.131882 -46.111122
-0.132757 -46.121914
-0.133632 -46.132706
-0.134507 -46.143497
-0.135382 -46.154289
-0.136257 -46.165077
-0.137132 -46.175865
-0.138007 -46.186653
-0.141144 -46.202072
-0.144282 -46.217468
-0.147419 -46.232845
-0.150557 -46.248203
-0.153694 -46.263542
-0.156832 -46.278862
-0.159969 -46.294163
-0.163107 -46.309441
-0.166244 -46.324699
-0.169382 -46.339939
-0.172519 -46.355160
-0.175657 -46.370361
-0.178794 -46.385544
-0.181932 -46.400707
-0.185069 -46.415848
-0.188207 -46.430969
-0.191344 -46.446072
-0.194482 -46.461155
-0.197619 -46.476219
-0.200757 -46.491264
-0.203894 -46.506290
-0.207032 -46.521294
-0.210169 -46.536278
-0.213307 -46.551243
-0.216444 -46.566189
-0.219582 -46.581116
-0.222719 -46.596024
-0.225857 -46.610909
-0.228994 -46.625774
-0.232132 -46.640621
-0.235269 -46.655449
-0.238407 -46.670258
-0.241544 -46.685047
-0.244682 -46.699818
-0.247819 -46.714565
-0.250957 -46.729294
-0.254094 -46.744003
-0.257232 -46.758694
-0.260369 -46.773365
-0.263507 -46.788017
-0.267894 -46.804626
-0.272282 -46.821209
-0.276669 -46.837765
-0.281057 -46.854294
-0.285444 -46.870792
-0.289832 -46.887264
-0.294219 -46.903709
-0.298607 -46.920128
-0.302994 -46.936520
-0.307382 -46.952881
-0.311769 -46.969215
-0.316157 -46.985523
-0.320544 -47.001804
-0.324932 -47.018055
-0.329319 -47.034279
-0.333707 -47.050476
-0.338094 -47.066647
-0.342482 -47.082787
-0.346869 -47.098900
-0.351257 -47.114986
-0.355644 -47.131046
-0.360032 -47.147076
-0.364419 -47.163078
-0.368807 -47.179054
-0.373194 -47.195004
-0.377582 -47.210926
-0.381969 -47.226818
-0.386357 -47.242683
-0.390744 -47.258522
-0.395132 -47.274334
-0.399519 -47.290115
-0.403907 -47.305870
-0.408294 -47.321598
-0.412682 -47.337299
-0.417069 -47.352970
-0.421457 -47.368614
-0.425844 -47.384232
-0.430232 -47.399822
-0.434619 -47.415382
-0.439007 -47.430916
-0.445482 -47.443558
-0.451957 -47.456184
-0.458432 -47.468796
-0.464907 -47.481392
-0.471381 -47.493969
-0.477856 -47.506531
-0.484331 -47.519077
-0.490806 -47.531609
-0.497281 -47.544125
-0.503756 -47.556622
-0.510231 -47.569103
-0.516706 -47.581570
-0.523181 -47.594021
-0.529656 -47.606457
-0.536131 -47.618874
-0.542606 -47.631275
-0.549081 -47.643661
-0.555556 -47.656033
-0.562031 -47.668385
-0.568506 -47.680721
-0.574981 -47.693043
-0.581456 -47.705349
-0.587931 -47.717640
-0.594406 -47.729912
-0.600881 -47.742168
-0.607356 -47.754410
-0.613831 -47.766636
-0.620306 -47.778843
-0.626781 -47.791035
-0.633256 -47.803211
-0.639731 -47.815372
-0.646206 -47.827518
-0.652681 -47.839645
-0.659156 -47.851757
-0.665631 -47.863853
-0.672106 -47.875935
-0.678581 -47.887997
-0.685056 -47.900043
-0.691531 -47.912075
-0.698005 -47.924091
-0.706705 -47.939663
-0.715405 -47.955204
-0.724105 -47.970715
-0.732805 -47.986195
-0.741505 -48.001644
-0.750205 -48.017063
-0.758905 -48.032452
-0.767605 -48.047810
-0.776305 -48.063137
-0.785005 -48.078434
-0.793705 -48.093700
-0.802405 -48.108936
-0.811105 -48.124142
-0.819805 -48.139317
-0.828505 -48.154461
-0.837205 -48.169579
-0.845905 -48.184666
-0.854605 -48.199722
-0.863305 -48.214748
-0.872005 -48.229744
-0.880705 -48.244709
-0.889404 -48.259644
-0.898104 -48.274548
-0.906804 -48.289421
-0.915504 -48.304264
-0.924204 -48.319077
-0.932904 -48.333858
-0.941604 -48.348610
-0.950304 -48.363331
-0.959004 -48.378021
-0.967704 -48.392681
-0.976404 -48.407310
-0.985104 -48.421909
-0.993804 -48.436478
-1.002504 -48.451015
-1.011204 -48.465523
-1.019904 -48.480000
-1.028604 -48.494446
-1.037304 -48.508862
-1.046004 -48.523247
-1.060541 -48.543018
-1.075079 -48.562737
-1.089616 -48.582401
-1.104154 -48.602016
-1.118691 -48.621578
-1.133229 -48.641087
-1.147766 -48.660545
-1.162304 -48.679951
-1.176841 -48.699303
-1.191378 -48.718601
-1.205916 -48.737850
-1.220453 -48.757046
-1.234991 -48.776188
-1.249528 -48.795280
-1.264066 -48.814320
-1.278603 -48.833305
-1.293141 -48.852242
-1.307678 -48.871124
-1.322216 -48.889954
-1.336753 -48.908733
-1.351290 -48.927460
-1.365828 -48.946133
-1.380365 -48.964756
-1.394903 -48.983326
-1.409440 -49.001842
-1.423978 -49.020309
-1.438515 -49.038723
-1.453053 -49.057083
-1.467590 -49.075390
-1.482128 -49.093647
-1.496665 -49.111851
-1.511202 -49.130001
-1.525740 -49.148102
-1.540277 -49.166149
-1.554815 -49.184143
-1.569352 -49.202087
-1.583890 -49.219978
-1.598427 -49.237816
-1.612965 -49.255604
-1.627502 -49.273338
-1.641402 -49.285892
-1.655302 -49.298412
-1.669202 -49.310902
-1.683102 -49.323360
-1.697002 -49.335789
-1.710902 -49.348183
-1.724802 -49.360546
-1.738702 -49.372879
-1.752602 -49.385178
-1.766502 -49.397446
-1.780403 -49.409683
-1.794303 -49.421890
-1.808203 -49.434063
-1.822103 -49.446205
-1.836003 -49.458317
-1.849903 -49.470394
-1.863803 -49.482441
-1.877703 -49.494457
-1.891603 -49.506443
-1.905503 -49.518394
-1.919403 -49.530315
-1.933303 -49.542206
-1.947203 -49.554062
-1.961103 -49.565887
-1.975003 -49.577682
-1.988903 -49.589447
-2.002803 -49.601177
-2.016703 -49.612877
-2.030603 -49.624546
-2.044503 -49.636181
-2.058403 -49.647785
-2.072303 -49.659359
-2.086203 -49.670902
-2.100103 -49.682411
-2.114003 -49.693890
-2.127903 -49.705338
-2.141804 -49.716751
-2.155704 -49.728134
-2.169604 -49.739487
-2.183504 -49.750809
-2.197004 -49.761997
-2.210504 -49.773155
-2.224004 -49.784283
-2.237504 -49.795380
-2.251004 -49.806442
-2.264503 -49.817474
-2.278003 -49.828476
-2.291503 -49.839447
-2.305003 -49.850388
-2.318503 -49.861298
-2.332003 -49.872173
-2.345503 -49.883018
-2.359003 -49.893833
-2.372503 -49.904617
-2.386003 -49.915371
-2.399503 -49.926090
-2.413003 -49.936779
-2.426503 -49.947437
-2.440003 -49.958065
-2.453503 -49.968662
-2.467003 -49.979229
-2.480503 -49.989761
-2.494003 -50.000263
-2.507503 -50.010735
-2.521003 -50.021175
-2.534503 -50.031586
-2.548003 -50.041965
-2.561503 -50.052311
-2.575003 -50.062626
-2.588503 -50.072910
-2.602003 -50.083164
-2.615503 -50.093388
-2.629003 -50.103577
-2.642503 -50.113735
-2.656003 -50.123863
-2.669503 -50.133961
-2.683003 -50.144028
-2.696503 -50.154064
-2.710003 -50.164066
-2.723503 -50.174038
-2.736128 -50.186993
-2.748753 -50.199902
-2.761378 -50.212769
-2.774003 -50.225594
-2.786628 -50.238373
-2.799253 -50.251110
-2.811877 -50.263805
-2.824502 -50.276455
-2.837127 -50.289062
-2.849752 -50.301628
-2.862377 -50.314148
-2.875002 -50.326626
-2.887627 -50.339062
-2.900252 -50.351452
-2.912877 -50.363800
-2.925502 -50.376106
-2.938127 -50.388367
-2.950752 -50.400585
-2.963377 -50.412762
-2.976002 -50.424892
-2.988627 -50.436981
-3.001252 -50.449024
-3.013877 -50.461025
-3.026502 -50.472984
-3.039127 -50.484898
-3.051752 -50.496769
-3.064377 -50.508598
-3.077002 -50.520382
-3.089627 -50.532124
-3.102252 -50.543823
-3.114877 -50.555477
-3.127502 -50.567089
-3.140127 -50.578659
-3.152752 -50.590183
-3.165377 -50.601665
-3.178002 -50.613106
-3.190627 -50.624500
-3.203252 -50.635853
-3.215877 -50.647163
-3.228502 -50.658428
-3.236014 -50.671555
-3.243527 -50.684631
-3.251040 -50.697655
-3.258552 -50.710629
-3.266065 -50.723553
-3.273577 -50.736423
-3.281090 -50.749245
-3.288602 -50.762016
-3.296115 -50.774734
-3.303627 -50.787403
-3.311140 -50.800022
-3.318653 -50.812588
-3.326165 -50.825104
-3.333678 -50.837570
-3.341190 -50.849983
-3.348703 -50.862347
-3.356215 -50.874657
-3.363728 -50.886917
-3.371241 -50.899128
-3.378753 -50.911285
-3.386266 -50.923393
-3.393778 -50.935452
-3.401291 -50.947456
-3.408803 -50.959412
-3.416316 -50.971317
-3.423829 -50.983170
-3.431341 -50.994972
-3.438854 -51.006725
-3.446366 -51.018425
-3.453879 -51.030075
-3.461391 -51.041672
-3.468904 -51.053219
-3.476417 -51.064716
-3.483929 -51.076160
-3.491442 -51.087555
-3.498954 -51.098900
-3.506467 -51.110191
-3.513979 -51.121433
-3.521492 -51.132626
-3.529005 -51.143764
-3.559205 -51.140945
-3.589405 -51.138134
-3.619605 -51.135326
-3.649805 -51.132523
-3.680005 -51.129723
-3.710205 -51.126930
-3.740405 -51.124142
-3.770605 -51.121357
-3.800805 -51.118580
-3.831005 -51.115807
-3.861205 -51.113037
-3.891405 -51.110271
-3.921605 -51.107513
-3.951805 -51.104759
-3.982005 -51.102009
-4.012205 -51.099266
-4.042405 -51.096527
-4.072605 -51.093792
-4.102805 -51.091061
-4.133005 -51.088337
-4.163205 -51.085617
-4.193405 -51.082901
-4.223605 -51.080193
-4.253805 -51.077488
-4.284005 -51.074787
-4.314205 -51.072090
-4.344405 -51.069401
-4.374605 -51.066715
-4.404805 -51.064034
-4.435005 -51.061359
-4.465205 -51.058689
-4.495405 -51.056023
-4.525605 -51.053360
-4.555805 -51.050705
-4.586005 -51.048054
-4.616205 -51.045406
-4.646405 -51.042767
-4.676605 -51.040131
-4.706805 -51.037498
-4.737005 -51.034870
-4.725855 -51.046776
-4.714705 -51.058628
-4.703555 -51.070427
-4.692405 -51.082172
-4.681255 -51.093864
-4.670105 -51.105503
-4.658956 -51.117088
-4.647806 -51.128620
-4.636656 -51.140099
-4.625506 -51.151524
-4.614356 -51.162895
-4.603206 -51.174213
-4.592056 -51.185478
-4.580906 -51.196690
-4.569757 -51.207848
-4.558607 -51.218952
-4.547457 -51.230003
-4.536307 -51.241001
-4.525157 -51.251945
-4.514007 -51.262836
-4.502857 -51.273674
-4.491707 -51.284458
-4.480557 -51.295189
-4.469408 -51.305866
-4.458258 -51.316490
-4.447108 -51.327061
-4.435958 -51.337578
-4.424808 -51.348042
-4.413658 -51.358452
-4.402508 -51.368809
-4.391358 -51.379112
-4.380208 -51.389362
-4.369059 -51.399559
-4.357909 -51.409702
-4.346759 -51.419792
-4.335609 -51.429829
-4.324459 -51.439812
-4.313309 -51.449741
-4.302159 -51.459618
-4.291009 -51.469440
-4.263559 -51.472897
-4.236109 -51.476326
-4.208659 -51.479729
-4.181209 -51.483101
-4.153759 -51.486446
-4.126309 -51.489761
-4.098859 -51.493050
-4.071409 -51.496311
-4.043959 -51.499542
-4.016509 -51.502747
-3.989058 -51.505924
-3.961608 -51.509071
-3.934158 -51.512192
-3.906708 -51.515285
-3.879258 -51.518349
-3.851808 -51.521385
-3.824358 -51.524391
-3.796908 -51.527370
-3.769458 -51.530323
-3.742008 -51.533245
-3.714558 -51.536140
-3.687108 -51.539009
-3.659657 -51.541847
-3.632207 -51.544659
-3.604757 -51.547443
-3.577307 -51.550198
-3.549857 -51.552925
-3.522407 -51.555622
-3.494957 -51.558292
-3.467507 -51.560936
-3.440057 -51.563549
-3.412607 -51.566135
-3.385157 -51.568695
-3.357707 -51.571224
-3.330256 -51.573727
-3.302806 -51.576199
-3.275356 -51.578644
-3.247906 -51.581062
-3.220456 -51.583450
-3.193006 -51.585812
-3.171618 -51.586514
-3.150231 -51.587193
-3.128843 -51.587852
-3.107456 -51.588490
-3.086068 -51.589108
-3.064681 -51.589703
-3.043293 -51.590275
-3.021905 -51.590828
-3.000518 -51.591358
-2.979130 -51.591866
-2.957743 -51.592354
-2.936355 -51.592819
-2.914968 -51.593262
-2.893580 -51.593685
-2.872192 -51.594086
-2.850805 -51.594463
-2.829417 -51.594822
-2.808030 -51.595158
-2.786642 -51.595470
-2.765254 -51.595764
-2.743867 -51.596035
-2.722479 -51.596283
-2.701092 -51.596512
-2.679704 -51.596718
-2.658317 -51.596905
-2.636929 -51.597069
-2.615541 -51.597210
-2.594154 -51.597332
-2.572766 -51.597431
-2.551379 -51.597507
-2.529991 -51.597565
-2.508604 -51.597599
-2.487216 -51.597610
-2.465828 -51.597603
-2.444441 -51.597572
-2.423053 -51.597519
-2.401666 -51.597446
-2.380278 -51.597351
-2.358891 -51.597233
-2.337503 -51.597095
-2.326766 -51.603271
-2.316028 -51.609402
-2.305291 -51.615486
-2.294553 -51.621521
-2.283816 -51.627510
-2.273078 -51.633453
-2.262341 -51.639347
-2.251604 -51.645195
-2.240866 -51.650997
-2.230129 -51.656750
-2.219391 -51.662457
-2.208654 -51.668118
-2.197917 -51.673733
-2.187179 -51.679298
-2.176442 -51.684818
-2.165704 -51.690292
-2.154967 -51.695717
-2.144229 -51.701096
-2.133492 -51.706429
-2.122755 -51.711712
-2.112017 -51.716949
-2.101280 -51.722141
-2.090542 -51.727283
-2.079805 -51.732380
-2.069067 -51.737431
-2.058330 -51.742432
-2.047593 -51.747387
-2.036855 -51.752296
-2.026118 -51.757156
-2.015380 -51.761971
-2.004643 -51.766739
-1.993905 -51.771458
-1.983168 -51.776131
-1.972430 -51.780758
-1.961693 -51.785336
-1.950955 -51.789867
-1.940218 -51.794353
-1.929480 -51.798794
-1.918743 -51.803185
-1.908005 -51.807529
-1.911230 -51.802639
-1.914455 -51.797737
-1.917680 -51.792828
-1.920905 -51.787907
-1.924130 -51.782974
-1.927355 -51.778034
-1.930580 -51.773083
-1.933805 -51.768120
-1.937030 -51.763149
-1.940255 -51.758167
-1.943480 -51.753174
-1.946705 -51.748173
-1.949930 -51.743160
-1.953155 -51.738140
-1.956380 -51.733109
-1.959605 -51.728065
-1.962830 -51.723015
-1.966055 -51.717953
-1.969280 -51.712879
-1.972504 -51.707798
-1.975729 -51.702705
-1.978954 -51.697601
-1.982179 -51.692490
-1.985404 -51.687366
-1.988629 -51.682232
-1.991854 -51.677090
-1.995079 -51.671936
-1.998304 -51.666771
-2.001529 -51.661598
-2.004754 -51.656414
-2.007979 -51.651222
-2.011204 -51.646019
-2.014430 -51.640804
-2.017655 -51.635582
-2.020880 -51.630348
-2.024105 -51.625103
-2.027330 -51.619850
-2.030555 -51.614586
-2.033780 -51.609310
-2.037005 -51.604027
-2.022555 -51.599255
-2.008105 -51.594471
-1.993655 -51.589676
-1.979205 -51.584869
-1.964755 -51.580048
-1.950305 -51.575214
-1.935855 -51.570370
-1.921405 -51.565514
-1.906955 -51.560646
-1.892505 -51.555763
-1.878055 -51.550869
-1.863605 -51.545963
-1.849156 -51.541046
-1.834706 -51.536118
-1.820256 -51.531174
-1.805806 -51.526218
-1.791356 -51.521252
-1.776906 -51.516273
-1.762456 -51.511284
-1.748006 -51.506279
-1.733556 -51.501263
-1.719106 -51.496235
-1.704656 -51.491196
-1.690206 -51.486145
-1.675756 -51.481079
-1.661306 -51.476002
-1.646856 -51.470913
-1.632406 -51.465813
-1.617956 -51.460701
-1.603506 -51.455574
-1.589056 -51.450436
-1.574606 -51.445286
-1.560156 -51.440125
-1.545707 -51.434952
-1.531257 -51.429764
-1.516807 -51.424564
-1.502357 -51.419353
-1.487907 -51.414131
-1.473457 -51.408897
-1.459007 -51.403648
-1.451157 -51.399708
-1.443307 -51.395752
-1.435457 -51.391777
-1.427607 -51.387783
-1.419757 -51.383774
-1.411906 -51.379745
-1.404056 -51.375702
-1.396206 -51.371639
-1.388356 -51.367558
-1.380506 -51.363461
-1.372656 -51.359344
-1.364806 -51.355213
-1.356956 -51.351063
-1.349106 -51.346893
-1.341256 -51.342709
-1.333406 -51.338505
-1.325556 -51.334286
-1.317706 -51.330048
-1.309856 -51.325794
-1.302006 -51.321522
-1.294156 -51.317230
-1.286306 -51.312923
-1.278456 -51.308598
-1.270606 -51.304256
-1.262756 -51.299896
-1.254905 -51.295517
-1.247055 -51.291122
-1.239205 -51.286709
-1.231355 -51.282280
-1.223505 -51.277832
-1.215655 -51.273369
-1.207805 -51.268887
-1.199955 -51.264385
-1.192105 -51.259869
-1.184255 -51.255333
-1.176405 -51.250782
-1.168555 -51.246212
-1.160705 -51.241623
-1.152855 -51.237019
-1.145005 -51.232395
-1.143305 -51.232101
-1.141605 -51.231770
-1.139905 -51.231403
-1.138205 -51.231003
-1.136505 -51.230568
-1.134804 -51.230099
-1.133104 -51.229595
-1.131404 -51.229057
-1.129704 -51.228481
-1.128004 -51.227871
-1.126304 -51.227226
-1.124604 -51.226547
-1.122904 -51.225834
-1.121204 -51.225086
-1.119504 -51.224300
-1.117804 -51.223480
-1.116104 -51.222626
-1.114404 -51.221737
-1.112704 -51.220814
-1.111004 -51.219856
-1.109304 -51.218861
-1.107604 -51.217831
-1.105904 -51.216766
-1.104204 -51.215668
-1.102504 -51.214535
-1.100804 -51.213367
-1.099104 -51.212162
-1.097404 -51.210922
-1.095703 -51.209648
-1.094003 -51.208340
-1.092303 -51.206997
-1.090603 -51.205620
-1.088903 -51.204205
-1.087203 -51.202755
-1.085503 -51.201271
-1.083803 -51.199753
-1.082103 -51.198200
-1.080403 -51.196613
-1.078703 -51.194992
-1.077003 -51.193333
-1.080091 -51.187332
-1.083178 -51.181313
-1.086266 -51.175278
-1.089353 -51.169224
-1.092441 -51.163151
-1.095528 -51.157063
-1.098616 -51.150955
-1.101703 -51.144833
-1.104791 -51.138691
-1.107878 -51.132530
-1.110966 -51.126354
-1.114053 -51.120159
-1.117141 -51.113945
-1.120228 -51.107716
-1.123316 -51.101467
-1.126403 -51.095203
-1.129491 -51.088921
-1.132578 -51.082619
-1.135666 -51.076302
-1.138753 -51.069965
-1.141841 -51.063610
-1.144928 -51.057240
-1.148016 -51.050850
-1.151103 -51.044445
-1.154191 -51.038021
-1.157279 -51.031578
-1.160366 -51.025120
-1.163454 -51.018642
-1.166541 -51.012146
-1.169629 -51.005634
-1.172716 -50.999104
-1.175804 -50.992558
-1.178891 -50.985992
-1.181979 -50.979408
-1.185066 -50.972809
-1.188154 -50.966190
-1.191241 -50.959553
-1.194329 -50.952900
-1.197416 -50.946228
-1.200504 -50.939537
-1.197329 -50.937313
-1.194154 -50.935051
-1.190979 -50.932755
-1.187804 -50.930424
-1.184629 -50.928055
-1.181454 -50.925652
-1.178279 -50.923214
-1.175104 -50.920738
-1.171929 -50.918228
-1.168754 -50.915684
-1.165579 -50.913101
-1.162404 -50.910484
-1.159229 -50.907833
-1.156054 -50.905144
-1.152879 -50.902420
-1.149704 -50.899662
-1.146528 -50.896866
-1.143353 -50.894035
-1.140178 -50.891171
-1.137003 -50.888268
-1.133828 -50.885330
-1.130653 -50.882359
-1.127478 -50.879349
-1.124303 -50.876305
-1.121128 -50.873226
-1.117953 -50.870110
-1.114778 -50.866959
-1.111603 -50.863770
-1.108428 -50.860546
-1.105253 -50.857288
-1.102078 -50.853992
-1.098903 -50.850662
-1.095728 -50.847298
-1.092553 -50.843895
-1.089378 -50.840458
-1.086203 -50.836987
-1.083028 -50.833477
-1.079853 -50.829933
-1.076678 -50.826355
-1.073503 -50.822739
-1.046890 -50.821018
-1.020278 -50.819252
-0.993665 -50.817444
-0.967053 -50.815594
-0.940440 -50.813698
-0.913828 -50.811760
-0.887215 -50.809780
-0.860603 -50.807755
-0.833990 -50.805687
-0.807378 -50.803574
-0.780765 -50.801418
-0.754153 -50.799221
-0.727540 -50.796978
-0.700928 -50.794693
-0.674315 -50.792366
-0.647703 -50.789993
-0.621090 -50.787579
-0.594478 -50.785118
-0.567865 -50.782616
-0.541253 -50.780071
-0.514640 -50.777481
-0.488028 -50.774849
-0.461415 -50.772175
-0.434803 -50.769455
-0.408190 -50.766693
-0.381577 -50.763885
-0.354965 -50.761036
-0.328352 -50.758144
-0.301740 -50.755207
-0.275127 -50.752228
-0.248515 -50.749207
-0.221902 -50.746140
-0.195290 -50.743031
-0.168677 -50.739876
-0.142065 -50.736679
-0.115452 -50.733440
-0.088840 -50.730156
-0.062227 -50.726830
-0.035615 -50.723461
-0.009002 -50.720047
0.029935 -50.716740
0.068873 -50.713387
0.107810 -50.709991
0.146748 -50.706551
0.185685 -50.703068
0.224623 -50.699539
0.263560 -50.695969
0.302498 -50.692352
0.341435 -50.688694
0.380373 -50.684990
0.419310 -50.681244
0.458248 -50.677452
0.497185 -50.673618
0.536123 -50.669739
0.575060 -50.665813
0.613998 -50.661846
0.652935 -50.657833
0.691873 -50.653778
0.730810 -50.649677
0.769748 -50.645535
0.808685 -50.641346
0.847623 -50.637115
0.886560 -50.632839
0.925498 -50.628521
0.964435 -50.624157
1.003373 -50.619751
1.042310 -50.615299
1.081248 -50.610806
1.120186 -50.606266
1.159123 -50.601681
1.198061 -50.597054
1.236998 -50.592381
1.275936 -50.587666
1.314873 -50.582905
1.353811 -50.578102
1.392749 -50.573254
1.431686 -50.568363
1.470624 -50.563427
1.509561 -50.558449
1.548499 -50.553425
1.570761 -50.539108
1.593024 -50.524784
1.615287 -50.510452
1.637549 -50.496113
1.659812 -50.481766
1.682074 -50.467415
1.704337 -50.453056
1.726599 -50.438690
1.748862 -50.424316
1.771125 -50.409935
1.793387 -50.395550
1.815650 -50.381157
1.837912 -50.366756
1.860175 -50.352348
1.882437 -50.337933
1.904700 -50.323513
1.926963 -50.309086
1.949225 -50.294651
1.971488 -50.280209
1.993750 -50.265762
2.016013 -50.251308
2.038275 -50.236847
2.060538 -50.222378
2.082801 -50.207901
2.105063 -50.193420
2.127326 -50.178932
2.149588 -50.164436
2.171851 -50.149933
2.194113 -50.135422
2.216376 -50.120907
2.238639 -50.106384
2.260901 -50.091854
2.283164 -50.077316
2.305426 -50.062771
2.327689 -50.048222
2.349952 -50.033665
2.372214 -50.019100
2.394477 -50.004528
2.416739 -49.989948
2.439002 -49.975365
2.471652 -49.960114
2.504302 -49.944859
2.536952 -49.929600
2.569602 -49.914337
2.602252 -49.899067
2.634902 -49.883793
2.667552 -49.868515
2.700202 -49.853233
2.732852 -49.837948
2.765502 -49.822659
2.798152 -49.807365
2.830802 -49.792068
2.863452 -49.776768
2.896102 -49.761463
2.928752 -49.746151
2.961402 -49.730835
2.994052 -49.715515
3.026702 -49.700191
3.059352 -49.684864
3.092002 -49.669533
3.124652 -49.654198
3.157302 -49.638859
3.189952 -49.623516
3.222602 -49.608166
3.255252 -49.592812
3.287902 -49.577454
3.320552 -49.562092
3.353202 -49.546726
3.385852 -49.531357
3.418502 -49.515984
3.451152 -49.500607
3.483802 -49.485226
3.516452 -49.469841
3.549102 -49.454449
3.581752 -49.439053
3.614402 -49.423653
3.647052 -49.408249
3.679702 -49.392841
3.712352 -49.377430
3.745002 -49.362015
3.776289 -49.356194
3.807576 -49.350330
3.838864 -49.344425
3.870151 -49.338474
3.901439 -49.332481
3.932726 -49.326447
3.964014 -49.320370
3.995301 -49.314251
4.026588 -49.308086
4.057876 -49.301880
4.089164 -49.295631
4.120451 -49.289341
4.151739 -49.283009
4.183027 -49.276630
4.214314 -49.270210
4.245602 -49.263748
4.276890 -49.257244
4.308177 -49.250698
4.339465 -49.244106
4.370753 -49.237473
4.402040 -49.230797
4.433328 -49.224079
4.464616 -49.217319
4.495903 -49.210514
4.527191 -49.203667
4.558479 -49.196777
4.589767 -49.189846
4.621054 -49.182873
4.652342 -49.175854
4.683630 -49.168793
4.714917 -49.161690
4.746205 -49.154545
4.777493 -49.147354
4.808780 -49.140121
4.840068 -49.132847
4.871356 -49.125530
4.902643 -49.118172
4.933931 -49.110767
4.965219 -49.103321
4.996506 -49.095833
5.010293 -49.081890
5.024081 -49.067932
5.037868 -49.053955
5.051655 -49.039963
5.065443 -49.025951
5.079230 -49.011925
5.093017 -48.997879
5.106804 -48.983818
5.120592 -48.969738
5.134379 -48.955643
5.148166 -48.941528
5.161953 -48.927399
5.175741 -48.913254
5.189528 -48.899090
5.203315 -48.884911
5.217103 -48.870712
5.230890 -48.856499
5.244677 -48.842266
5.258464 -48.828018
5.272252 -48.813751
5.286039 -48.799469
5.299826 -48.785168
5.313613 -48.770851
5.327401 -48.756519
5.341188 -48.742168
5.354975 -48.727802
5.368762 -48.713417
5.382550 -48.699017
5.396337 -48.684597
5.410124 -48.670162
5.423912 -48.655708
5.437699 -48.641239
5.451486 -48.626751
5.465273 -48.612247
5.479061 -48.597729
5.492848 -48.583191
5.506635 -48.568638
5.520422 -48.554066
5.534210 -48.539478
5.547997 -48.524872
5.566422 -48.511543
5.584847 -48.498192
5.603272 -48.484821
5.621697 -48.471428
5.640122 -48.458012
5.658547 -48.444572
5.676972 -48.431110
5.695397 -48.417625
5.713822 -48.404121
5.732247 -48.390594
5.750672 -48.377045
5.769097 -48.363472
5.787522 -48.349876
5.805947 -48.336262
5.824372 -48.322624
5.842797 -48.308964
5.861222 -48.295280
5.879647 -48.281574
5.898072 -48.267845
5.916497 -48.254097
5.934922 -48.240326
5.953347 -48.226532
5.971772 -48.212715
5.990197 -48.198875
6.008622 -48.185017
6.027047 -48.171135
6.045472 -48.157230
6.063897 -48.143303
6.082322 -48.129353
6.100747 -48.115379
6.119172 -48.101387
6.137597 -48.087372
6.156022 -48.073334
6.174447 -48.059273
6.192872 -48.045189
6.211297 -48.031082
6.229722 -48.016956
6.248147 -48.002808
6.266572 -47.988636
6.284997 -47.974442
6.294959 -47.955372
6.304922 -47.936298
6.314884 -47.917221
6.324847 -47.898140
6.334809 -47.879059
6.344772 -47.859974
6.354734 -47.840885
6.364697 -47.821796
6.374660 -47.802704
6.384622 -47.783607
6.394585 -47.764507
6.404547 -47.745407
6.414510 -47.726303
6.424472 -47.707195
6.434435 -47.688087
6.444397 -47.668976
6.454360 -47.649860
6.464323 -47.630745
6.474285 -47.611626
6.484248 -47.592503
6.494210 -47.573376
6.504173 -47.554249
6.514135 -47.535118
6.524098 -47.515984
6.534060 -47.496849
6.544023 -47.477711
6.553986 -47.458569
6.563948 -47.439423
6.573911 -47.420277
6.583873 -47.401127
6.593836 -47.381973
6.603798 -47.362820
6.613761 -47.343662
6.623724 -47.324501
6.633686 -47.305336
6.643649 -47.286171
6.653611 -47.267002
6.663574 -47.247829
6.673536 -47.228657
6.683499 -47.209480
6.697174 -47.194660
6.710849 -47.179817
6.724524 -47.164955
6.738200 -47.150074
6.751875 -47.135170
6.765550 -47.120247
6.779225 -47.105305
6.792901 -47.090340
6.806576 -47.075356
6.820251 -47.060352
6.833926 -47.045330
6.847601 -47.030285
6.861277 -47.015221
6.874952 -47.000137
6.888627 -46.985031
6.902302 -46.969906
6.915977 -46.954762
6.929653 -46.939598
6.943328 -46.924412
6.957003 -46.909206
6.970678 -46.893982
6.984354 -46.878735
6.998029 -46.863468
7.011704 -46.848183
7.025379 -46.832874
7.039054 -46.817547
7.052730 -46.802200
7.066405 -46.786835
7.080080 -46.771446
7.093755 -46.756039
7.107430 -46.740612
7.121106 -46.725163
7.134781 -46.709694
7.148456 -46.694206
7.162131 -46.678696
7.175807 -46.663166
7.189482 -46.647617
7.203157 -46.632050
7.216832 -46.616459
7.230507 -46.600849
7.241307 -46.585831
7.252107 -46.570789
7.262907 -46.555725
7.273707 -46.540638
7.284507 -46.525528
7.295307 -46.510395
7.306107 -46.495239
7.316906 -46.480061
7.327706 -46.464859
7.338506 -46.449635
7.349306 -46.434387
7.360106 -46.419117
7.370906 -46.403824
7.381706 -46.388508
7.392506 -46.373173
7.403306 -46.357815
7.414105 -46.342434
7.424905 -46.327030
7.435705 -46.311604
7.446505 -46.296154
7.457305 -46.280682
7.468105 -46.265186
7.478905 -46.249668
7.489705 -46.234127
7.500504 -46.218563
7.511304 -46.202976
7.522104 -46.187366
7.532904 -46.171734
7.543704 -46.156078
7.554504 -46.140400
7.565304 -46.124702
7.576104 -46.108982
7.586904 -46.093239
7.597703 -46.077473
7.608503 -46.061684
7.619303 -46.045872
7.630103 -46.030037
7.640903 -46.014179
7.651703 -45.998299
7.662503 -45.982395
7.674653 -45.967491
7.686802 -45.952560
7.698952 -45.937603
7.711102 -45.922619
7.723252 -45.907608
7.735402 -45.892570
7.747551 -45.877506
7.759701 -45.862415
7.771851 -45.847298
7.784001 -45.832153
7.796151 -45.816982
7.808300 -45.801785
7.820450 -45.786560
7.832600 -45.771309
7.844750 -45.756031
7.856900 -45.740726
7.869050 -45.725395
7.881199 -45.710037
7.893349 -45.694653
7.905499 -45.679241
7.917649 -45.663803
7.929799 -45.648338
7.941948 -45.632843
7.954098 -45.617321
7.966248 -45.601772
7.978398 -45.586197
7.990548 -45.570595
8.002698 -45.554966
8.014848 -45.539310
8.026998 -45.523628
8.039147 -45.507919
8.051297 -45.492184
8.063447 -45.476421
8.075597 -45.460632
8.087747 -45.444817
8.099896 -45.428974
8.112046 -45.413105
8.124196 -45.397209
8.136346 -45.381287
8.148496 -45.365337
8.159708 -45.349190
8.170920 -45.333015
8.182133 -45.316814
8.193345 -45.300587
8.204557 -45.284332
8.215770 -45.268051
8.226982 -45.251747
8.238194 -45.235416
8.249407 -45.219059
8.260619 -45.202675
8.271832 -45.186264
8.283044 -45.169827
8.294256 -45.153366
8.305469 -45.136879
8.316681 -45.120365
8.327893 -45.103825
8.339106 -45.087257
8.350318 -45.070663
8.361530 -45.054047
8.372743 -45.037403
8.383955 -45.020733
8.395167 -45.004036
8.406380 -44.987312
8.417592 -44.970566
8.428804 -44.953793
8.440017 -44.936993
8.451229 -44.920166
8.462441 -44.903313
8.473654 -44.886433
8.484866 -44.869530
8.496078 -44.852600
8.507291 -44.835644
8.518503 -44.818661
8.529716 -44.801651
8.540928 -44.784615
8.552140 -44.767555
8.563353 -44.750469
8.574565 -44.733356
8.585777 -44.716217
8.596990 -44.699051
8.606302 -44.681847
8.615615 -44.664616
8.624928 -44.647362
8.634240 -44.630081
8.643553 -44.612774
8.652865 -44.595440
8.662178 -44.578079
8.671491 -44.560692
8.680803 -44.543282
8.690116 -44.525845
8.699429 -44.508381
8.708741 -44.490891
8.718054 -44.473373
8.727366 -44.455833
8.736679 -44.438267
8.745992 -44.420673
8.755304 -44.403053
8.764617 -44.385406
8.773930 -44.367733
8.783242 -44.350037
8.792555 -44.332314
8.801867 -44.314564
8.811180 -44.296787
8.820493 -44.278984
8.829805 -44.261158
8.839118 -44.243305
8.848431 -44.225426
8.857743 -44.207520
8.867056 -44.189587
8.876369 -44.171631
8.885681 -44.153648
8.894994 -44.135639
8.904306 -44.117603
8.913619 -44.099541
8.922932 -44.081451
8.932244 -44.063339
8.941557 -44.045200
8.950870 -44.027035
8.960182 -44.008842
8.969495 -43.990623
8.977307 -43.972866
8.985120 -43.955078
8.992932 -43.937263
9.000745 -43.919422
9.008557 -43.901554
9.016370 -43.883656
9.024182 -43.865730
9.031995 -43.847778
9.039807 -43.829796
9.047620 -43.811787
9.055432 -43.793751
9.063245 -43.775684
9.071057 -43.757591
9.078870 -43.739471
9.086682 -43.721321
9.094495 -43.703144
9.102307 -43.684940
9.110120 -43.666706
9.117932 -43.648445
9.125745 -43.630157
9.133557 -43.611839
9.141370 -43.593494
9.149182 -43.575123
9.156995 -43.556721
9.164807 -43.538292
9.172620 -43.519836
9.180432 -43.501350
9.188245 -43.482838
9.196057 -43.464298
9.203870 -43.445728
9.211682 -43.427132
9.219495 -43.408508
9.227307 -43.389854
9.235120 -43.371174
9.242932 -43.352467
9.250745 -43.333729
9.258557 -43.314964
9.266370 -43.296173
9.274182 -43.277351
9.281995 -43.258503
9.290770 -43.240509
9.299544 -43.222485
9.308319 -43.204430
9.317094 -43.186344
9.325869 -43.168224
9.334643 -43.150074
9.343418 -43.131893
9.352193 -43.113682
9.360968 -43.095436
9.369742 -43.077160
9.378517 -43.058853
9.387292 -43.040516
9.396067 -43.022144
9.404841 -43.003742
9.413616 -42.985310
9.422391 -42.966846
9.431166 -42.948349
9.439940 -42.929821
9.448715 -42.911263
9.457490 -42.892673
9.466265 -42.874050
9.475039 -42.855396
9.483814 -42.836712
9.492589 -42.817997
9.501364 -42.799248
9.510139 -42.780468
9.518913 -42.761658
9.527688 -42.742817
9.536463 -42.723942
9.545238 -42.705036
9.554012 -42.686100
9.562787 -42.667130
9.571562 -42.648129
9.580337 -42.629097
9.589111 -42.610035
9.597886 -42.590939
9.606661 -42.571812
9.615436 -42.552654
9.624210 -42.533466
9.632985 -42.514244
9.644572 -42.497219
9.656159 -42.480156
9.667747 -42.463051
9.679334 -42.445908
9.690921 -42.428722
9.702508 -42.411495
9.714095 -42.394230
9.725682 -42.376923
9.737269 -42.359577
9.748857 -42.342190
9.760444 -42.324760
9.772031 -42.307293
9.783618 -42.289783
9.795205 -42.272236
9.806792 -42.254646
9.818379 -42.237015
9.829967 -42.219345
9.841554 -42.201633
9.853141 -42.183880
9.864728 -42.166088
9.876315 -42.148254
9.887902 -42.130383
9.899489 -42.112469
9.911077 -42.094513
9.922664 -42.076519
9.934251 -42.058483
9.945838 -42.040409
9.957425 -42.022293
9.969012 -42.004135
9.980599 -41.985939
9.992187 -41.967701
10.003774 -41.949425
10.015361 -41.931107
10.026948 -41.912746
10.038535 -41.894348
10.050122 -41.875908
10.061709 -41.857430
10.073297 -41.838909
10.084884 -41.820347
10.096471 -41.801746
10.106733 -41.782696
10.116996 -41.763603
10.127258 -41.744473
10.137521 -41.725304
10.147783 -41.706097
10.158046 -41.686852
10.168308 -41.667564
10.178571 -41.648239
10.188833 -41.628876
10.199096 -41.609474
10.209358 -41.590034
10.219621 -41.570557
10.229883 -41.551037
10.240146 -41.531479
10.250408 -41.511883
10.260671 -41.492249
10.270933 -41.472576
10.281196 -41.452866
10.291458 -41.433113
10.301721 -41.413322
10.311983 -41.393494
10.322246 -41.373627
10.332508 -41.353722
10.342771 -41.333778
10.353033 -41.313793
10.363296 -41.293770
10.373558 -41.273708
10.383821 -41.253609
10.394083 -41.233471
10.404346 -41.213295
10.414608 -41.193077
10.424870 -41.172821
10.435133 -41.152527
10.445395 -41.132195
10.455658 -41.111824
10.465920 -41.091415
10.476183 -41.070965
10.486445 -41.050476
10.496708 -41.029949
10.506970 -41.009384
