-0.048637 0.026925
-0.129700 0.071800
-0.243187 0.134625
-0.389100 0.215400
-0.567437 0.314125
-0.778200 0.430800
-1.021387 0.565425
-1.297000 0.718000
-1.605037 0.888525
-1.945500 1.077000
-2.318387 1.283425
-2.723699 1.507800
-3.161437 1.750125
-3.631599 2.010400
-4.134187 2.288625
-4.669199 2.584800
-5.236637 2.898925
-5.836499 3.231000
-6.468786 3.581025
-7.133499 3.949000
-7.830636 4.334925
-8.560198 4.738800
-9.322186 5.160625
-10.116598 5.600399
-10.943435 6.058124
-11.802698 6.533799
-12.694385 7.027424
-13.618497 7.538999
-14.575035 8.068524
-15.563997 8.615999
-16.585384 9.181424
-17.639197 9.764799
-18.725434 10.366124
-19.844096 10.985399
-20.995183 11.622624
-22.178696 12.277799
-23.394633 12.950924
-24.642995 13.641999
-25.923783 14.351024
-27.236995 15.077999
-28.581657 15.823974
-29.958094 16.588599
-31.366306 17.371874
-32.806293 18.173799
-34.278056 18.994374
-35.781593 19.833599
-37.316905 20.691474
-38.883992 21.567999
-40.482853 22.463174
-42.113490 23.376999
-43.775902 24.309474
-45.470089 25.260599
-47.196051 26.230374
-48.953788 27.218799
-50.743299 28.225874
-52.564586 29.251600
-54.417648 30.295975
-56.302485 31.359000
-58.219096 32.440675
-60.167483 33.541000
-62.147644 34.659976
-64.159581 35.797601
-66.203292 36.953876
-68.278779 38.128801
-70.386040 39.322377
-72.525077 40.534602
-74.695888 41.765477
-76.898474 43.015003
-79.132836 44.283178
-81.398972 45.570003
-83.696883 46.875479
-86.026569 48.199604
-88.388031 49.542380
-90.781267 50.903805
-93.206278 52.283880
-95.663064 53.682606
-98.151625 55.099981
-100.671961 56.536007
-103.224072 57.990682
-105.807958 59.464008
-108.419944 60.959546
-111.061255 62.476109
-113.731891 64.013697
-116.431852 65.572310
-119.161138 67.151948
-121.919748 68.752611
-124.707684 70.374299
-127.524945 72.017011
-130.371531 73.680749
-133.247442 75.365512
-136.152678 77.071300
-139.087238 78.798113
-142.051124 80.545951
-145.044335 82.314814
-148.066871 84.104702
-151.118731 85.915615
-154.199917 87.747553
-157.310428 89.600516
-160.450264 91.474504
-163.619424 93.369516
-166.817910 95.285554
-170.045721 97.222617
-173.302856 99.180705
-176.589317 101.159818
-179.905102 103.159956
-183.250213 105.181119
-186.624649 107.223306
-190.028409 109.286519
-193.461495 111.370757
-196.923905 113.476020
-200.415641 115.602308
-203.936701 117.749621
-207.487087 119.917958
-211.066797 122.107321
-214.675833 124.317709
-218.314193 126.549122
-221.981879 128.801560
-225.678889 131.075022
-229.405225 133.369510
-233.160885 135.685023
-236.933233 137.985673
-240.726481 140.283423
-244.540629 142.578274
-248.375677 144.870224
-252.231625 147.159274
-256.108473 149.445424
-260.006220 151.728674
-263.924868 154.009025
-267.864416 156.286475
-271.824864 158.561025
-275.806212 160.832675
-279.808460 163.101425
-283.831608 165.367275
-287.875656 167.630225
-291.940604 169.890276
-296.026452 172.147426
-300.133200 174.401676
-304.260848 176.653026
-308.409396 178.901476
-312.578844 181.147026
-316.769192 183.389676
-320.980440 185.629426
-325.212588 187.866276
-329.465636 190.100226
-333.739584 192.331276
-338.034432 194.559426
-342.350180 196.784676
-346.686828 199.007026
-351.044376 201.226476
-355.422824 203.443025
-359.822172 205.656675
-364.242420 207.867425
-368.683568 210.075275
-373.145616 212.280225
-377.628564 214.482275
-382.132412 216.681425
-386.657160 218.877675
-391.202808 221.071024
-395.769356 223.261474
-400.356804 225.449024
-404.949665 227.620136
-409.553101 229.779324
-414.167111 231.926586
-418.791697 234.061924
-423.426857 236.185336
-428.072593 238.296824
-432.728904 240.396386
-437.395789 242.484024
-442.073250 244.559737
-446.761286 246.623524
-451.459896 248.675387
-456.169082 250.715325
-460.888843 252.743338
-465.619178 254.759426
-470.360089 256.763589
-475.111575 258.755827
-479.873636 260.736140
-484.646271 262.704528
-489.429482 264.660991
-494.223268 266.605529
-499.027629 268.538142
-503.842565 270.458830
-508.668075 272.367594
-513.504161 274.264432
-518.350822 276.149345
-523.208058 278.022334
-528.075869 279.883397
-532.954255 281.732535
-537.843216 283.569749
-542.742752 285.395037
-547.652862 287.208401
-552.573548 289.009840
-557.504809 290.799353
-562.446645 292.576942
-567.399056 294.342606
-572.362042 296.096344
-577.335603 297.838158
-582.319739 299.568047
-587.314450 301.286011
-592.319736 302.992050
-597.325360 304.734501
-602.334733 306.497253
-607.347857 308.280304
-612.364731 310.083655
-617.385354 311.907307
-622.409728 313.751258
-627.437852 315.615509
-632.469725 317.500061
-637.505349 319.404912
-642.544723 321.330063
-647.587847 323.275515
-652.634721 325.241266
-657.685344 327.227317
-662.739718 329.233669
-667.797842 331.260320
-672.859716 333.307271
-677.925340 335.374522
-682.994714 337.462073
-688.067838 339.569925
-693.144712 341.698076
-698.225336 343.846527
-703.309710 346.015278
-708.397834 348.204329
-713.489709 350.413681
-718.585333 352.643332
-723.684707 354.893283
-728.787831 357.163534
-733.894705 359.454085
-739.005330 361.764936
-744.119704 364.096087
-749.237828 366.447538
-754.359703 368.819290
-759.485327 371.211341
-764.614702 373.623692
-769.747826 376.056343
-774.884700 378.509294
-780.025325 380.982545
-785.169699 383.476096
-790.317824 385.989947
-795.469699 388.524098
-800.603836 391.079111
-805.727398 393.654800
-810.840385 396.251163
-815.942797 398.868202
-821.034634 401.505915
-826.115896 404.164304
-831.186582 406.843367
-836.246694 409.543106
-841.296231 412.263519
-846.335193 415.004608
-851.363580 417.766372
-856.381392 420.548810
-861.388629 423.351924
-866.385290 426.175712
-871.371377 429.020176
-876.346889 431.885314
-881.311826 434.771128
-886.266187 437.677616
-891.209974 440.604780
-896.143186 443.552619
-901.065822 446.521132
-905.977884 449.510321
-910.879371 452.520184
-915.770282 455.550723
-920.650619 458.601937
-925.520380 461.673825
-930.379567 464.766389
-935.228178 467.879627
-940.066215 471.013541
-944.893676 474.168130
-949.710563 477.343393
-954.516874 480.539332
-959.312611 483.755945
-964.097772 486.993234
-968.872358 490.251198
-973.636370 493.529836
-978.389806 496.829150
-983.132668 500.149139
-987.864954 503.489802
-992.586665 506.851141
-997.312914 510.254192
-1002.038663 513.691943
-1006.763912 517.164394
-1011.488660 520.671545
-1016.212909 524.213397
-1020.936658 527.789948
-1025.659907 531.401199
-1030.382656 535.047150
-1035.104905 538.727801
-1039.826654 542.443152
-1044.547902 546.193204
-1049.268651 549.977955
-1053.988900 553.797406
-1058.708649 557.651557
-1063.427898 561.540408
-1068.146647 565.463960
-1072.864896 569.422211
-1077.582645 573.415162
-1082.299894 577.442813
-1087.016643 581.505164
-1091.732892 585.602215
-1096.448641 589.733967
-1101.163890 593.900418
-1105.878639 598.101569
-1110.592887 602.337420
-1115.306636 606.607972
-1120.019885 610.913223
-1124.732634 615.253174
-1129.444883 619.627825
-1134.156632 624.037176
-1138.867881 628.481228
-1143.578630 632.959979
-1148.288879 637.473430
-1152.998628 642.021581
-1157.707878 646.604433
-1162.416627 651.221984
-1167.124876 655.874235
-1171.832625 660.561186
-1176.539874 665.282837
-1181.246623 670.039189
-1185.945334 674.842952
-1190.638521 679.689891
-1195.326183 684.580005
-1200.008319 689.513294
-1204.684931 694.489758
-1209.356017 699.509396
-1214.021579 704.572210
-1218.681616 709.678199
-1223.336127 714.827363
-1227.985114 720.019702
-1232.628576 725.255216
-1237.266512 730.533905
-1241.898924 735.855769
-1246.525810 741.220807
-1251.147172 746.629021
-1255.763009 752.080410
-1260.373321 757.574974
-1264.978107 763.112713
-1269.577369 768.693627
-1274.171106 774.317716
-1278.759317 779.984980
-1283.342004 785.695419
-1287.919166 791.449033
-1292.490803 797.245822
-1297.056914 803.085786
-1301.617501 808.968925
-1306.172563 814.895239
-1310.722100 820.864729
-1315.266111 826.877393
-1319.804598 832.933232
-1324.337560 839.032246
-1328.864997 845.174435
-1333.386908 851.359799
-1337.903295 857.588338
-1342.414157 863.860052
-1346.919494 870.174942
-1351.419306 876.533006
-1355.913593 882.934245
-1360.402354 889.378659
-1364.885591 895.866248
-1369.353253 902.352088
-1373.808690 908.851152
-1378.251902 915.363441
-1382.682889 921.888956
-1387.101651 928.427695
-1391.508188 934.979659
-1395.902500 941.544849
-1400.284587 948.123263
-1404.654449 954.714903
-1409.012085 961.319767
-1413.357497 967.937857
-1417.690684 974.569171
-1422.011647 981.213711
-1426.320384 987.871475
-1430.616896 994.542465
-1434.901183 1001.226680
-1439.173245 1007.924119
-1443.433082 1014.634784
-1447.680694 1021.358674
-1451.916081 1028.095789
-1456.139243 1034.846128
-1460.350180 1041.609693
-1464.548892 1048.386483
-1468.735380 1055.176498
-1472.909642 1061.979738
-1477.071679 1068.796203
-1481.221491 1075.625893
-1485.359078 1082.468808
-1489.484441 1089.324948
-1493.597578 1096.194313
-1497.698490 1103.076903
-1501.787177 1109.972718
-1505.863640 1116.881758
-1509.927877 1123.804023
-1513.979889 1130.739513
-1518.019677 1137.688228
-1522.047239 1144.650169
-1526.062576 1151.625334
-1530.065689 1158.613724
-1534.056576 1165.615339
-1538.065463 1172.620092
-1542.082276 1179.631345
-1546.107013 1186.649098
-1550.139676 1193.673351
-1554.180263 1200.704103
-1558.228776 1207.741356
-1562.285213 1214.785109
-1566.349576 1221.835362
-1570.421863 1228.892115
-1574.502076 1235.955368
-1578.590213 1243.025120
-1582.686276 1250.101373
-1586.790263 1257.184126
-1590.902176 1264.273379
-1595.022014 1271.369132
-1599.149776 1278.471385
-1603.285464 1285.580138
-1607.429077 1292.695390
-1611.580614 1299.817143
-1615.740077 1306.945396
-1619.907465 1314.080149
-1624.082778 1321.221402
-1628.266016 1328.369155
-1632.457178 1335.523408
-1636.656266 1342.684161
-1640.863279 1349.851414
-1645.078217 1357.025167
-1649.301080 1364.205420
-1653.531868 1371.392173
-1657.770581 1378.585425
-1662.017219 1385.785178
-1666.271782 1392.991431
-1670.534270 1400.204184
-1674.804683 1407.423437
-1679.083021 1414.649190
-1683.369284 1421.881443
-1687.663472 1429.120196
-1691.965585 1436.365449
-1696.275623 1443.617202
-1700.593586 1450.875455
-1704.924274 1458.166233
-1709.266087 1465.480861
-1713.619025 1472.819339
-1717.983088 1480.181667
-1722.358276 1487.567846
-1726.744589 1494.977874
-1731.142027 1502.411752
-1735.550590 1509.869480
-1739.970278 1517.351058
-1744.401091 1524.856486
-1748.843029 1532.385764
-1753.296092 1539.938892
-1757.760280 1547.515871
-1762.235593 1555.116699
-1766.722031 1562.741377
-1771.219594 1570.389905
-1775.728282 1578.062283
-1780.248095 1585.758512
-1784.779033 1593.478590
-1789.321096 1601.222518
-1793.874284 1608.990296
-1798.438597 1616.781925
-1803.014035 1624.597403
-1807.600598 1632.436731
-1812.198286 1640.299910
-1816.807098 1648.186938
-1821.427036 1656.097816
-1826.058099 1664.032545
-1830.700287 1671.991123
-1835.353600 1679.973551
-1840.018038 1687.979830
-1844.693600 1696.009958
-1849.380288 1704.063937
-1854.078101 1712.141765
-1858.787039 1720.243444
-1863.507102 1728.368972
-1868.238289 1736.518351
-1872.980602 1744.691579
-1877.734040 1752.888658
-1882.498603 1761.109586
-1887.242903 1769.339515
-1891.977403 1777.583393
-1896.702103 1785.841222
-1901.417004 1794.113000
-1906.122104 1802.398729
-1910.817404 1810.698407
-1915.502904 1819.012036
-1920.178604 1827.339615
-1924.844505 1835.681143
-1929.500605 1844.036622
-1934.146905 1852.406051
-1938.783405 1860.789429
-1943.410106 1869.186758
-1948.027006 1877.598037
-1952.634106 1886.023265
-1957.231406 1894.462444
-1961.818906 1902.915573
-1966.396607 1911.382651
-1970.964507 1919.863680
-1975.522607 1928.358659
-1980.070907 1936.867588
-1984.609407 1945.390467
-1989.138108 1953.927295
-1993.657008 1962.478074
-1998.166108 1971.042803
-2002.665408 1979.621482
-2007.154908 1988.214111
-2011.634609 1996.820690
-2016.104509 2005.441218
-2020.564609 2014.075697
-2025.014909 2022.724126
-2029.455409 2031.386505
-2033.886109 2040.062834
-2038.307010 2048.753113
-2042.718110 2057.457342
-2047.119410 2066.175521
-2051.510910 2074.907650
-2055.892610 2083.653729
-2060.264510 2092.413758
-2064.626611 2101.187737
-2068.987686 2109.955491
-2073.344811 2118.723745
-2077.697986 2127.492499
-2082.047211 2136.261753
-2086.392487 2145.031507
-2090.733812 2153.801761
-2095.071187 2162.572515
-2099.404612 2171.343769
-2103.734087 2180.115523
-2108.059613 2188.887777
-2112.381188 2197.660531
-2116.698813 2206.433785
-2121.012488 2215.207539
-2125.322214 2223.981793
-2129.627989 2232.756547
-2133.929814 2241.531801
-2138.227690 2250.307555
-2142.521615 2259.083809
-2146.811590 2267.860563
-2151.097616 2276.637817
-2155.379691 2285.415572
-2159.657816 2294.193826
-2163.931992 2302.972580
-2168.202217 2311.751834
-2172.468492 2320.531588
-2176.730818 2329.311842
-2180.989193 2338.092596
-2185.243618 2346.873850
-2189.494094 2355.655604
-2193.740619 2364.437858
-2197.983195 2373.220612
-2202.221820 2382.003866
-2206.456495 2390.787620
-2210.687221 2399.571874
-2214.913996 2408.356628
-2219.136822 2417.141882
-2223.355697 2425.927636
-2227.570623 2434.713890
-2231.781598 2443.500644
-2235.988623 2452.287898
-2240.206099 2461.090877
-2244.429225 2469.904506
-2248.658000 2478.728785
-2252.892426 2487.563714
-2257.132501 2496.409293
-2261.378227 2505.265522
-2265.629602 2514.132401
-2269.886628 2523.009930
-2274.149304 2531.898109
-2278.417629 2540.796938
-2282.691605 2549.706416
-2286.971231 2558.626545
-2291.256507 2567.557324
-2295.547432 2576.498753
-2299.844008 2585.450832
-2304.146234 2594.413560
-2308.454110 2603.386939
-2312.767636 2612.370968
-2317.086812 2621.365646
-2321.411638 2630.370975
-2325.742113 2639.386953
-2330.078239 2648.413582
-2334.420015 2657.450861
-2338.767441 2666.498789
-2343.120517 2675.557368
-2347.479243 2684.626596
-2351.843619 2693.706475
-2356.213645 2702.797003
-2360.589322 2711.898182
-2364.970648 2721.010010
-2369.357624 2730.132488
-2373.750250 2739.265617
-2378.148526 2748.409395
-2382.552452 2757.563823
-2386.962029 2766.728902
-2391.377255 2775.904630
-2395.798131 2785.091008
-2400.224657 2794.288037
-2404.656834 2803.495715
-2409.094660 2812.714043
-2413.517999 2821.921121
-2417.933563 2831.124249
-2422.341352 2840.323428
-2426.741365 2849.518656
-2431.133604 2858.709934
-2435.518068 2867.897263
-2439.894757 2877.080641
-2444.263671 2886.260069
-2448.624810 2895.435548
-2452.978174 2904.607076
-2457.323763 2913.774654
-2461.661577 2922.938283
-2465.991616 2932.097961
-2470.313880 2941.253690
-2474.628369 2950.405468
-2478.935083 2959.553297
-2483.234022 2968.697175
-2487.525186 2977.837104
-2491.808575 2986.973082
-2496.084189 2996.105111
-2500.352028 3005.233189
-2504.612092 3014.357318
-2508.864382 3023.477496
-2513.108896 3032.593725
-2517.345635 3041.706004
-2521.574599 3050.814332
-2525.795788 3059.918711
-2530.009203 3069.019139
-2534.214842 3078.115618
-2538.412706 3087.208147
-2542.602795 3096.296725
-2546.785109 3105.381354
-2550.959649 3114.462033
-2555.126413 3123.538762
-2559.285402 3132.611540
-2563.436617 3141.680369
-2567.580056 3150.745248
-2571.715720 3159.806177
-2575.843610 3168.863156
-2579.963724 3177.916184
-2584.082701 3186.929976
-2588.198328 3195.916292
-2592.310605 3204.875133
-2596.419531 3213.806500
-2600.525108 3222.710391
-2604.627335 3231.586807
-2608.726212 3240.435748
-2612.821739 3249.257215
-2616.913916 3258.051206
-2621.002743 3266.817722
-2625.088220 3275.556763
-2629.170347 3284.268330
-2633.249123 3292.952421
-2637.324550 3301.609037
-2641.396627 3310.238178
-2645.465354 3318.839845
-2649.530731 3327.414036
-2653.592758 3335.960752
-2657.651435 3344.479993
-2661.706762 3352.971759
-2665.758739 3361.436050
-2669.807366 3369.872867
-2673.852643 3378.282208
-2677.894570 3386.664074
-2681.933147 3395.018465
-2685.968373 3403.345381
-2690.000250 3411.644822
-2694.028777 3419.916788
-2698.053954 3428.161280
-2702.075781 3436.378296
-2706.094258 3444.567837
-2710.109385 3452.729903
-2714.121162 3460.864494
-2718.129589 3468.971610
-2722.134666 3477.051251
-2726.136393 3485.103417
-2730.134770 3493.128108
-2734.129797 3501.125324
-2738.121474 3509.095065
-2742.109801 3517.037331
-2746.108278 3525.000198
-2750.112405 3532.967639
-2754.122182 3540.939655
-2758.137609 3548.916246
-2762.158686 3556.897412
-2766.185413 3564.883153
-2770.217790 3572.873469
-2774.255818 3580.868360
-2778.299495 3588.867826
-2782.348822 3596.871867
-2786.403799 3604.880483
-2790.464426 3612.893674
-2794.530704 3620.911440
-2798.602631 3628.933781
-2802.680208 3636.960697
-2806.763436 3644.992188
-2810.852313 3653.028254
-2814.946840 3661.068895
-2819.047018 3669.114111
-2823.152845 3677.163902
-2827.264322 3685.218268
-2831.381450 3693.277209
-2835.504227 3701.340725
-2839.632655 3709.408816
-2843.766732 3717.481482
-2847.906460 3725.558723
-2852.051838 3733.640539
-2856.202865 3741.726930
-2860.359543 3749.817896
-2864.521870 3757.913437
-2868.689848 3766.013554
-2872.863476 3774.118245
-2877.042753 3782.227511
-2881.227681 3790.341352
-2885.418259 3798.459768
-2889.614486 3806.582759
-2893.816364 3814.710325
-2898.023892 3822.842466
-2902.237070 3830.979182
-2906.455898 3839.120473
-2910.655738 3847.260489
-2914.844803 3855.401180
-2919.023094 3863.542546
-2923.190609 3871.684587
-2927.347349 3879.827303
-2931.493315 3887.970695
-2935.628505 3896.114761
-2939.752920 3904.259502
-2943.866561 3912.404919
-2947.969426 3920.551010
-2952.061516 3928.697777
-2956.142832 3936.845218
-2960.213372 3944.993335
-2964.273137 3953.142126
-2968.322128 3961.291593
-2972.360343 3969.441734
-2976.387783 3977.592551
-2980.404449 3985.744043
-2984.410339 3993.896209
-2988.405454 4002.049051
-2992.389794 4010.202568
-2996.363360 4018.356760
-3000.326150 4026.511627
-3004.278165 4034.667169
-3008.219406 4042.823386
-3012.149871 4050.980278
-3016.069561 4059.137845
-3019.978477 4067.296087
-3023.876617 4075.455004
-3027.763982 4083.614596
-3031.640573 4091.774863
-3035.506388 4099.935806
-3039.361428 4108.097423
-3043.205694 4116.259715
-3047.039184 4124.422682
-3050.861899 4132.586325
-3054.673840 4140.750642
-3058.475005 4148.915635
-3062.265395 4157.081302
-3066.045011 4165.247645
-3069.830239 4173.417775
-3073.615616 4181.590655
-3077.401144 4189.766285
-3081.186822 4197.944665
-3084.972650 4206.125795
-3088.758628 4214.309675
-3092.544756 4222.496304
-3096.331034 4230.685684
-3100.117462 4238.877814
-3103.904040 4247.072694
-3107.690768 4255.270324
-3111.477645 4263.470704
-3115.264673 4271.673834
-3119.051851 4279.879714
-3122.839179 4288.088343
-3126.626657 4296.299723
-3130.414285 4304.513853
-3134.202063 4312.730733
-3137.989991 4320.950362
-3141.778069 4329.172742
-3145.566297 4337.397872
-3149.354676 4345.625752
-3153.143204 4353.856381
-3156.931882 4362.089761
-3160.720710 4370.325891
-3164.509688 4378.564770
-3168.298816 4386.806400
-3172.088094 4395.050780
-3175.877522 4403.297909
-3179.667100 4411.547789
-3183.456828 4419.800419
-3187.246707 4428.055798
-3191.036735 4436.313928
-3194.826913 4444.574807
-3198.617241 4452.838437
-3202.407719 4461.104816
-3206.198348 4469.373946
-3209.989126 4477.645825
-3213.780054 4485.920455
-3217.571132 4494.197834
-3221.337873 4502.495439
-3225.088439 4510.807443
-3228.822829 4519.133848
-3232.541045 4527.474652
-3236.243086 4535.829857
-3239.928951 4544.199461
-3243.598642 4552.583466
-3247.252158 4560.981870
-3250.889498 4569.394675
-3254.510664 4577.821879
-3258.115655 4586.263484
-3261.704470 4594.719488
-3265.277111 4603.189893
-3268.833576 4611.674698
-3272.373867 4620.173902
-3275.897982 4628.687507
-3279.405923 4637.215511
-3282.897689 4645.757916
-3286.373279 4654.314720
-3289.832695 4662.885925
-3293.275935 4671.471529
-3296.703001 4680.071534
-3300.113891 4688.685938
-3303.508607 4697.314743
-3306.887147 4705.957947
-3310.249513 4714.615552
-3313.595703 4723.287556
-3316.925719 4731.973961
-3320.239559 4740.674765
-3323.537225 4749.389970
-3326.818715 4758.119575
-3330.084030 4766.863579
-3333.333171 4775.621984
-3336.566136 4784.394788
-3339.782927 4793.181993
-3342.983542 4801.983597
-3346.167982 4810.799602
-3349.336248 4819.630006
-3352.488338 4828.474811
-3355.624253 4837.334016
-3358.758019 4846.208070
-3361.884959 4855.096825
-3365.005075 4864.000279
-3368.118365 4872.918434
-3371.224830 4881.851289
-3374.324471 4890.798844
-3377.417286 4899.761098
-3380.503276 4908.738053
-3383.582442 4917.729708
-3386.654782 4926.736063
-3389.720297 4935.757118
-3392.778988 4944.792873
-3395.830853 4953.843328
-3398.875893 4962.908483
-3401.914109 4971.988338
-3404.945499 4981.082893
-3407.970064 4990.192148
-3410.987805 4999.316103
-3413.998720 5008.454758
-3417.002811 5017.608113
-3420.000076 5026.776168
-3422.990516 5035.958923
-3425.974132 5045.156379
-3428.950922 5054.368534
-3431.920887 5063.595389
-3434.884028 5072.836945
-3437.840343 5082.093200
-3440.789833 5091.364155
-3443.732499 5100.649811
-3446.668339 5109.950166
-3449.597354 5119.265222
-3452.519545 5128.594977
-3455.434910 5137.939433
-3458.343450 5147.298588
-3461.245166 5156.672444
-3464.140056 5166.060999
-3467.028122 5175.464255
-3469.909362 5184.882211
-3472.783777 5194.314866
-3475.651368 5203.762222
-3478.532796 5213.226190
-3481.421173 5222.706134
-3484.316501 5232.202052
-3487.218779 5241.713945
-3490.128007 5251.241814
-3493.044186 5260.785657
-3495.967314 5270.345475
-3498.897392 5279.921269
-3501.834420 5289.513037
-3504.778398 5299.120780
-3507.729327 5308.744499
-3510.687205 5318.384192
-3513.652033 5328.039860
-3516.623812 5337.711504
-3519.602540 5347.399122
-3522.588218 5357.102716
-3525.580847 5366.822284
-3528.580425 5376.557828
-3531.586954 5386.309346
-3534.600433 5396.076840
-3537.620861 5405.860308
-3540.648240 5415.659752
-3543.682568 5425.475170
-3546.723847 5435.306564
-3549.772076 5445.153932
-3552.827255 5455.017276
-3555.889384 5464.896594
-3558.958462 5474.791888
-3562.034491 5484.703157
-3565.117470 5494.630400
-3568.207399 5504.573619
-3571.304278 5514.532813
-3574.408107 5524.507981
-3577.518886 5534.499125
-3580.636616 5544.506244
-3583.761295 5554.529337
-3586.892924 5564.568406
-3590.031503 5574.623450
-3593.177032 5584.694468
-3596.329512 5594.781462
-3599.480616 5604.876744
-3602.633120 5614.982875
-3605.787024 5625.099856
-3608.942329 5635.227687
-3612.099033 5645.366368
-3615.257137 5655.515900
-3618.416641 5665.676281
-3621.577545 5675.847512
-3624.739850 5686.029593
-3627.903554 5696.222525
-3631.068658 5706.426306
-3634.235162 5716.640937
-3637.403066 5726.866418
-3640.572370 5737.102750
-3643.743074 5747.349931
-3646.915178 5757.607962
-3650.088682 5767.876843
-3653.263586 5778.156574
-3656.439890 5788.447156
-3659.617594 5798.748587
-3662.796698 5809.060868
-3665.977202 5819.383999
-3669.159106 5829.717980
-3672.342410 5840.062812
-3675.527114 5850.418493
-3678.713218 5860.785024
-3681.900722 5871.162405
-3685.089626 5881.550636
-3688.279930 5891.949717
-3691.471634 5902.359649
-3694.664737 5912.780430
-3697.859241 5923.212061
-3701.055145 5933.654542
-3704.252449 5944.107873
-3707.451153 5954.572054
-3710.651257 5965.047086
-3713.852760 5975.532967
-3717.055664 5986.029698
-3720.259968 5996.537279
-3723.465672 6007.055710
-3726.686088 6017.570254
-3729.916779 6028.085823
-3733.157745 6038.602416
-3736.408987 6049.120035
-3739.670503 6059.638678
-3742.942294 6070.158347
-3746.224360 6080.679041
-3749.516702 6091.200759
-3752.819318 6101.723503
-3756.132209 6112.247271
-3759.455376 6122.772065
-3762.788817 6133.297883
-3766.132533 6143.824727
-3769.486525 6154.352595
-3772.850791 6164.881489
-3776.225332 6175.411407
-3779.610149 6185.942351
-3783.005240 6196.474319
-3786.410606 6207.007313
-3789.826248 6217.541331
-3793.252164 6228.076375
-3796.688355 6238.612443
-3800.134822 6249.149537
-3803.591563 6259.687655
-3807.058580 6270.226799
-3810.535871 6280.766967
-3814.023437 6291.308160
-3817.521279 6301.850379
-3821.029395 6312.393622
-3824.547787 6322.937891
-3828.076453 6333.483184
-3831.615395 6344.029502
-3835.164611 6354.576846
-3838.724102 6365.125214
-3842.293869 6375.674607
-3845.873910 6386.225026
-3849.464227 6396.776469
-3853.064818 6407.328937
-3856.675685 6417.882431
-3860.296826 6428.436949
-3863.939943 6438.969917
-3867.601134 6449.488861
-3871.280401 6459.993779
-3874.977743 6470.484672
-3878.693159 6480.961541
-3882.426651 6491.424384
-3886.178217 6501.873203
-3889.947859 6512.307996
-3893.735576 6522.728765
-3897.541367 6533.135509
-3901.365234 6543.528227
-3905.207176 6553.906921
-3909.067193 6564.271590
-3912.945284 6574.622233
-3916.841451 6584.958852
-3920.755693 6595.281446
-3924.688010 6605.590014
-3928.638402 6615.884558
-3932.606868 6626.165077
-3936.593410 6636.431571
-3940.598027 6646.684040
-3944.620719 6656.922484
-3948.661486 6667.146903
-3952.720328 6677.357297
-3956.797245 6687.553666
-3960.892237 6697.736010
-3965.005304 6707.904329
-3969.136446 6718.058623
-3973.285663 6728.198892
-3977.452955 6738.325136
-3981.638322 6748.437355
-3985.841764 6758.535549
-3990.063282 6768.619719
-3994.302874 6778.689863
-3998.560541 6788.745982
-4002.836283 6798.788076
-4007.130100 6808.816146
-4011.441993 6818.830190
-4015.771960 6828.830209
-4020.120002 6838.816204
-4024.476294 6848.818136
-4028.844112 6858.826018
-4033.223454 6868.839850
-4037.614321 6878.859632
-4042.016713 6888.885364
-4046.430630 6898.917046
-4050.856073 6908.954678
-4055.293040 6918.998260
-4059.741532 6929.047792
-4064.201549 6939.103274
-4068.673091 6949.164706
-4073.156158 6959.232088
-4077.650750 6969.305420
-4082.156868 6979.384702
-4086.674510 6989.469934
-4091.203677 6999.561117
-4095.744369 7009.658249
-4100.296586 7019.761331
-4104.860328 7029.870363
-4109.435595 7039.985346
-4114.022387 7050.106278
-4118.620704 7060.233160
-4123.230546 7070.365993
-4127.851913 7080.504775
-4132.484805 7090.649507
-4137.129222 7100.800190
-4141.785164 7110.956822
-4146.452631 7121.119404
-4151.131623 7131.287937
-4155.822140 7141.462419
-4160.524182 7151.642852
-4165.237749 7161.829234
-4169.962841 7172.021567
-4174.699458 7182.219849
-4179.447600 7192.424082
-4184.207267 7202.634264
-4188.978458 7212.850397
-4193.761175 7223.072480
-4198.555417 7233.300512
-4203.361184 7243.534495
-4208.144538 7253.771053
-4212.916793 7264.011310
-4217.677947 7274.255268
-4222.428001 7284.502926
-4227.166956 7294.754283
-4231.894810 7305.009341
-4236.611564 7315.268099
-4241.317219 7325.530557
-4246.011773 7335.796715
-4250.695228 7346.066572
-4255.367582 7356.340130
-4260.028836 7366.617388
-4264.678991 7376.898346
-4269.318045 7387.183004
-4273.945999 7397.471362
-4278.562854 7407.763420
-4283.168608 7418.059178
-4287.763262 7428.358636
-4292.346817 7438.661794
-4296.919271 7448.968652
-4301.480625 7459.279210
-4306.030880 7469.593468
-4310.570034 7479.911426
-4315.098088 7490.233084
-4319.615043 7500.558442
-4324.120897 7510.887500
-4328.615651 7521.220258
-4333.099305 7531.556716
-4337.571860 7541.896874
-4342.033314 7552.240733
-4346.483668 7562.588291
-4350.922923 7572.939549
-4355.351077 7583.294507
-4359.768131 7593.653166
-4364.174086 7604.015524
-4368.568940 7614.381582
-4372.952694 7624.751340
-4377.325349 7635.124799
-4381.686903 7645.501957
-4386.037357 7655.882815
-4390.368311 7666.262911
-4394.682566 7676.643732
-4398.980120 7687.025278
-4403.260974 7697.407549
-4407.525129 7707.790544
-4411.772583 7718.174265
-4416.003337 7728.558711
-4420.217391 7738.943881
-4424.414746 7749.329777
-4428.595400 7759.716398
-4432.759354 7770.103743
-4436.906608 7780.491814
-4441.037163 7790.880609
-4445.151017 7801.270130
-4449.248171 7811.660376
-4453.328625 7822.051346
-4457.392380 7832.443041
-4461.439434 7842.835462
-4465.469788 7853.228607
-4469.483442 7863.622478
-4473.480397 7874.017073
-4477.460651 7884.412394
-4481.424205 7894.808439
-4485.371059 7905.205209
-4489.301213 7915.602705
-4493.214668 7926.000925
-4497.111422 7936.399870
-4500.991476 7946.799540
-4504.854830 7957.199936
-4508.701485 7967.601056
-4512.531439 7978.002901
-4516.344693 7988.405471
-4520.141247 7998.808766
-4523.921101 8009.212786
-4527.684255 8019.617532
-4531.430710 8030.023002
-4535.160464 8040.429197
-4538.873518 8050.836117
-4542.569872 8061.243762
-4546.249526 8071.652132
-4549.934380 8082.091489
-4553.617135 8092.551747
-4557.297789 8103.032904
-4560.976343 8113.534962
-4564.652797 8124.057920
-4568.327151 8134.601777
-4571.999406 8145.166535
-4575.669560 8155.752193
-4579.337614 8166.358751
-4583.003568 8176.986209
-4586.667422 8187.634567
-4590.329176 8198.303825
-4593.988831 8208.993982
-4597.646385 8219.705040
-4601.301839 8230.436998
-4604.955193 8241.189857
-4608.606447 8251.963615
-4612.255602 8262.758273
-4615.902656 8273.573831
-4619.547610 8284.410289
-4623.190464 8295.267647
-4626.831218 8306.145906
-4630.469873 8317.045064
-4634.106427 8327.965122
-4637.740881 8338.906081
-4641.373235 8349.867939
-4645.003489 8360.850697
-4648.631644 8371.854356
-4652.257698 8382.878914
-4655.881652 8393.924373
-4659.503506 8404.990731
-4663.123261 8416.077990
-4666.740915 8427.186149
-4670.356469 8438.315207
-4673.969923 8449.465166
-4677.581277 8460.636025
-4681.190532 8471.827783
-4684.797686 8483.040442
-4688.402740 8494.274001
-4692.005694 8505.528460
-4695.612511 8516.775506
-4699.221203 8528.024578
-4702.831769 8539.275674
-4706.444211 8550.528796
-4710.058528 8561.783942
-4713.674719 8573.041114
-4717.292786 8584.300310
-4720.912727 8595.561532
-4724.534544 8606.824778
-4728.158235 8618.090050
-4731.783802 8629.357347
-4735.411243 8640.626668
-4739.040560 8651.898015
-4742.671751 8663.171387
-4746.304817 8674.446784
-4749.939759 8685.724206
-4753.576575 8697.003653
-4757.215266 8708.285124
-4760.855832 8719.568621
-4764.498274 8730.854143
-4768.142590 8742.141690
-4771.788781 8753.431262
-4775.436847 8764.722859
-4779.086788 8776.016482
-4782.738605 8787.312129
-4786.392296 8798.609801
-4790.047862 8809.909498
-4793.705303 8821.211220
-4797.364619 8832.514967
-4801.025810 8843.820740
-4804.688876 8855.128537
-4808.353817 8866.438359
-4812.020633 8877.750207
-4815.689324 8889.064079
-4819.359889 8900.379976
-4823.032330 8911.697899
-4826.706646 8923.017846
-4830.382837 8934.339819
-4834.060903 8945.663817
-4837.740843 8956.989839
-4841.426897 8968.290287
-4845.117650 8979.574359
-4848.813103 8990.842057
-4852.513256 9002.093380
-4856.218109 9013.328327
-4859.927663 9024.546900
-4863.641916 9035.749098
-4867.360869 9046.934920
-4871.084522 9058.104368
-4874.812875 9069.257441
-4878.545928 9080.394138
-4882.283681 9091.514461
-4886.026134 9102.618409
-4889.773287 9113.705982
-4893.525140 9124.777180
-4897.281693 9135.832003
-4901.042946 9146.870450
-4904.808899 9157.892523
-4908.579552 9168.898221
-4912.354905 9179.887544
-4916.134958 9190.860492
-4919.919711 9201.817065
-4923.709164 9212.757263
-4927.503316 9223.681086
-4931.302169 9234.588534
-4935.105722 9245.479607
-4938.913975 9256.354305
-4942.726928 9267.212628
-4946.544580 9278.054576
-4950.366933 9288.880149
-4954.193986 9299.689347
-4958.025739 9310.482170
-4961.862191 9321.258618
-4965.703344 9332.018692
-4969.549197 9342.762390
-4973.399749 9353.489713
-4977.255002 9364.200661
-4981.114955 9374.895234
-4984.979607 9385.573433
-4988.848960 9396.235256
-4992.738800 9406.882392
-4996.643865 9417.514277
-5000.564155 9428.130913
-5004.499670 9438.732299
-5008.450410 9449.318434
-5012.416375 9459.889320
-5016.397565 9470.444956
-5020.393981 9480.985341
-5024.405621 9491.510477
-5028.432486 9502.020363
-5032.474576 9512.514998
-5036.531891 9522.994384
-5040.604431 9533.458519
-5044.692197 9543.907405
-5048.795187 9554.341041
-5052.913402 9564.759426
-5057.046842 9575.162562
-5061.195507 9585.550447
-5065.359398 9595.923083
-5069.538513 9606.280468
-5073.732853 9616.622604
-5077.942418 9626.949489
-5082.167209 9637.261125
-5086.407224 9647.557510
-5090.662464 9657.838645
-5094.932930 9668.104531
-5099.218620 9678.355166
-5103.519535 9688.590552
-5107.835676 9698.810687
-5112.167041 9709.015572
-5116.513631 9719.205208
-5120.875447 9729.379593
-5125.252487 9739.538728
-5129.644752 9749.682614
-5134.052243 9759.811249
-5138.474958 9769.924634
-5142.912898 9780.022770
-5147.366064 9790.105655
-5151.834454 9800.173290
-5156.318070 9810.225675
-5160.813122 9820.239561
-5165.320875 9830.222696
-5169.841328 9840.175081
-5174.374481 9850.096717
-5178.920334 9859.987602
-5183.478887 9869.847737
-5188.050141 9879.677122
-5192.634094 9889.475758
-5197.230747 9899.243643
-5201.840100 9908.980778
-5206.462153 9918.687164
-5211.096906 9928.362799
-5215.744359 9938.007685
-5220.404513 9947.621820
-5225.077366 9957.205205
-5229.762919 9966.757841
-5234.461172 9976.279726
-5239.172126 9985.770862
-5243.895779 9995.231247
-5248.632132 10004.660882
-5253.381186 10014.059768
-5258.142939 10023.427903
-5262.917392 10032.765289
-5267.704546 10042.071924
-5272.504399 10051.347810
-5277.316953 10060.592945
-5282.142206 10069.807331
-5286.980160 10078.990966
-5291.830813 10088.143852
-5296.694167 10097.265987
-5301.570220 10106.357373
-5306.458974 10115.418008
-5311.360428 10124.447894
-5316.274581 10133.447029
-5321.201435 10142.415415
-5326.140989 10151.353050
-5331.093242 10160.259936
-5336.058196 10169.136072
-5341.035850 10177.981457
-5346.026203 10186.796093
-5351.053032 10195.613391
-5356.108411 10204.422214
-5361.192340 10213.222562
-5366.304818 10222.014435
-5371.445847 10230.797833
-5376.615426 10239.572756
-5381.813554 10248.339204
-5387.040233 10257.097178
-5392.295462 10265.846676
-5397.579241 10274.587699
-5402.891569 10283.320247
-5408.232448 10292.044320
-5413.601876 10300.759918
-5418.999855 10309.467041
-5424.426384 10318.165689
-5429.881462 10326.855862
-5435.365091 10335.537561
-5440.877270 10344.210784
-5446.417998 10352.875532
-5451.987277 10361.531805
-5457.585105 10370.179603
-5463.211484 10378.818926
-5468.866412 10387.449774
-5474.549891 10396.072147
-5480.261919 10404.686046
-5486.002498 10413.291469
-5491.771626 10421.888417
-5497.569305 10430.476890
-5503.395534 10439.056888
-5509.250312 10447.628411
-5515.133640 10456.191460
-5521.045519 10464.746033
-5526.985947 10473.292131
-5532.954926 10481.829754
-5538.952454 10490.358902
-5544.978533 10498.879575
-5551.033161 10507.391773
-5557.116340 10515.895497
-5563.228068 10524.390745
-5569.368346 10532.877518
-5575.539687 10541.322179
-5581.741253 10549.735939
-5587.973044 10558.118800
-5594.235060 10566.470761
-5600.527301 10574.791822
-5606.849766 10583.081982
-5613.202457 10591.341243
-5619.585373 10599.569604
-5625.998514 10607.767065
-5632.441879 10615.933626
-5638.915470 10624.069287
-5645.419286 10632.174048
-5651.953326 10640.247909
-5658.517592 10648.290870
-5665.112083 10656.302931
-5671.736798 10664.284092
-5678.391739 10672.234353
-5685.076904 10680.153714
-5691.792295 10688.042175
-5698.537910 10695.899736
-5705.313751 10703.726397
-5712.119816 10711.522158
-5718.956106 10719.287019
-5725.822622 10727.020980
-5732.719362 10734.724042
-5739.646328 10742.396203
-5746.603518 10750.037464
-5753.590933 10757.647825
-5760.608574 10765.227287
-5767.656439 10772.775848
-5774.734529 10780.293509
-5781.842844 10787.780271
-5788.981384 10795.236132
-5796.150150 10802.661093
-5803.349140 10810.055155
-5810.578355 10817.418316
-5817.837795 10824.750578
-5825.127460 10832.051939
-5832.447350 10839.322401
-5839.797465 10846.561962
-5847.164793 10853.780974
-5854.553670 10860.975985
-5861.964098 10868.146996
-5869.396076 10875.294008
-5876.849603 10882.417019
-5884.324681 10889.516031
-5891.821308 10896.591042
-5899.339486 10903.642054
-5906.879213 10910.669065
-5914.440491 10917.672076
-5922.023319 10924.651088
-5929.627696 10931.606099
-5937.253624 10938.537110
-5944.901101 10945.444122
-5952.570129 10952.327133
-5960.260706 10959.186144
-5967.972834 10966.021156
-5975.706512 10972.832167
-5983.461739 10979.619178
-5991.238517 10986.382190
-5999.036844 10993.121201
-6006.856722 10999.836212
-6014.698149 11006.527223
-6022.561127 11013.194234
-6030.445655 11019.837246
-6038.351732 11026.456257
-6046.279360 11033.051268
-6054.228537 11039.622279
-6062.199265 11046.169290
-6070.191542 11052.692302
-6078.205370 11059.191313
-6086.240747 11065.666324
-6094.297675 11072.117335
-6102.376153 11078.544346
-6110.476180 11084.947357
-6118.597758 11091.326368
-6126.740885 11097.681379
-6134.905563 11104.012390
-6143.091790 11110.319401
-6151.299568 11116.602412
-6159.526571 11122.877698
-6167.773573 11129.139835
-6176.040576 11135.388821
-6184.327578 11141.624657
-6192.634581 11147.847343
-6200.961583 11154.056879
-6209.308586 11160.253265
-6217.675589 11166.436501
-6226.062591 11172.606587
-6234.469594 11178.763523
-6242.896596 11184.907308
-6251.343599 11191.037944
-6259.810602 11197.155430
-6268.297604 11203.259766
-6276.804607 11209.350952
-6285.331609 11215.428988
-6293.878612 11221.493874
-6302.445615 11227.545610
-6311.032617 11233.584196
-6319.639620 11239.609632
-6328.266623 11245.621918
-6336.913625 11251.621054
-6345.580628 11257.607040
-6354.267630 11263.579875
-6362.974633 11269.539561
-6371.701636 11275.486097
-6380.448638 11281.419483
-6389.215641 11287.339719
-6398.002644 11293.246805
-6406.809646 11299.140741
-6415.636649 11305.021526
-6424.483652 11310.889162
-6433.350654 11316.743648
-6442.237657 11322.584984
-6451.144660 11328.413170
-6460.071662 11334.228206
-6469.018665 11340.030091
-6477.985668 11345.818827
-6486.972670 11351.594413
-6495.979673 11357.356849
-6505.001426 11363.112247
-6514.039679 11368.858570
-6523.094431 11374.595819
-6532.165684 11380.323992
-6541.253437 11386.043091
-6550.357690 11391.753114
-6559.478443 11397.454063
-6568.615695 11403.145936
-6577.769448 11408.828735
-6586.939701 11414.502458
-6596.126454 11420.167107
-6605.329707 11425.822681
-6614.549460 11431.469179
-6623.785713 11437.106603
-6633.038466 11442.734952
-6642.307719 11448.354225
-6651.593472 11453.964424
-6660.895725 11459.565548
-6670.214478 11465.157597
-6679.549731 11470.740571
-6688.901484 11476.314470
-6698.269737 11481.879294
-6707.654490 11487.435043
-6717.055743 11492.981717
-6726.473497 11498.519316
-6735.907750 11504.047840
-6745.358503 11509.567289
-6754.825756 11515.077663
-6764.309509 11520.578962
-6773.809763 11526.071186
-6783.326516 11531.554335
-6792.859769 11537.028409
-6802.409523 11542.493409
-6811.975776 11547.949333
-6821.558529 11553.396182
-6831.157783 11558.833957
-6840.773536 11564.262656
-6850.405789 11569.682280
-6860.054543 11575.092830
-6869.719796 11580.494304
-6879.396750 11585.879729
-6889.087003 11591.251428
-6898.790557 11596.609403
-6908.507410 11601.953652
-6918.237564 11607.284176
-6927.981018 11612.600976
-6937.737771 11617.904050
-6947.507825 11623.193400
-6957.291179 11628.469024
-6967.087833 11633.730923
-6976.897786 11638.979098
-6986.721040 11644.213547
-6996.557594 11649.434272
-7006.407448 11654.641271
-7016.270602 11659.834545
-7026.147056 11665.014095
-7036.036810 11670.179919
-7045.939864 11675.332018
-7055.856218 11680.470393
-7065.785872 11685.595042
-7075.728826 11690.705966
-7085.685080 11695.803166
-7095.654634 11700.886640
-7105.637489 11705.956389
-7115.633643 11711.012414
-7125.643097 11716.054713
-7135.665851 11721.083287
-7145.701906 11726.098136
-7155.751260 11731.099261
-7165.813914 11736.086660
-7175.889869 11741.060334
-7185.979123 11746.020284
-7196.081678 11750.966508
-7206.197532 11755.899007
-7216.326687 11760.817781
-7226.469141 11765.722831
-7236.624896 11770.614155
-7246.793951 11775.491754
-7256.976305 11780.355628
-7267.171960 11785.205778
-7277.284427 11790.049552
-7287.345870 11794.884501
-7297.356287 11799.710625
-7307.315679 11804.527924
-7317.224047 11809.336398
-7327.081389 11814.136048
-7336.887707 11818.926872
-7346.642999 11823.708871
-7356.347267 11828.482045
-7366.000509 11833.246394
-7375.602727 11838.001918
-7385.153919 11842.748617
-7394.654087 11847.486491
-7404.103230 11852.215540
-7413.501348 11856.935764
-7422.848440 11861.647163
-7432.144508 11866.349737
-7441.389551 11871.043485
-7450.583569 11875.728409
-7459.726562 11880.404508
-7468.818530 11885.071782
-7477.859473 11889.730231
-7486.849391 11894.379855
-7495.788284 11899.020653
-7504.676153 11903.652627
-7513.512996 11908.275776
-7522.298814 11912.890100
-7531.033607 11917.495598
-7539.717376 11922.092272
-7548.350119 11926.680121
-7556.931837 11931.259144
-7565.462531 11935.829343
-7573.942199 11940.390716
-7582.370843 11944.943265
-7590.748461 11949.486989
-7599.075055 11954.021887
-7607.350623 11958.547961
-7615.575167 11963.065209
-7623.748686 11967.573633
-7631.871179 11972.073231
-7639.908673 11976.543605
-7647.872492 11980.991553
-7655.762635 11985.417076
-7663.579104 11989.820175
-7671.321898 11994.200848
-7678.991016 11998.559097
-7686.586460 12002.894920
-7694.108229 12007.208319
-7701.556322 12011.499293
-7708.930741 12015.767841
-7716.231485 12020.013965
-7723.458553 12024.237663
-7730.611947 12028.438937
-7737.691665 12032.617785
-7744.697709 12036.774209
-7751.630078 12040.908207
-7758.488771 12045.019781
-7765.273790 12049.108929
-7771.985133 12053.175653
-7778.622802 12057.219951
-7785.186795 12061.241825
-7791.677114 12065.241274
-7798.093758 12069.218297
-7804.436726 12073.172896
-7810.706020 12077.105069
-7816.901638 12081.014818
-7823.023582 12084.902141
-7829.071850 12088.767040
-7835.046444 12092.609514
-7840.947362 12096.429562
-7846.774606 12100.227186
-7852.528174 12104.002384
-7858.208068 12107.755158
-7863.814286 12111.485507
-7869.346830 12115.193430
-7874.805698 12118.878929
-7880.190891 12122.542003
-7885.502410 12126.182651
-7890.740253 12129.800875
-7895.904422 12133.396674
-7900.991428 12136.995735
-7906.002434 12140.589496
-7910.937440 12144.177957
-7915.796446 12147.761118
-7920.579452 12151.338979
-7925.286458 12154.911541
-7929.917464 12158.478802
-7934.472470 12162.040763
-7938.951476 12165.597424
-7943.354482 12169.148785
-7947.681488 12172.694847
-7951.932494 12176.235608
-7956.107501 12179.771069
-7960.206507 12183.301230
-7964.229513 12186.826092
-7968.176519 12190.345653
-7972.047526 12193.859914
-7975.842532 12197.368875
-7979.561538 12200.872537
-7983.204544 12204.370898
-7986.771551 12207.863959
-7990.262557 12211.351720
-7993.677563 12214.834182
-7997.016570 12218.311343
-8000.279576 12221.783204
-8003.466582 12225.249766
-8006.577589 12228.711027
-8009.612595 12232.166988
-8012.571602 12235.617650
-8015.454608 12239.063011
-8018.261615 12242.503072
-8020.992621 12245.937834
-8023.647628 12249.367295
-8026.226634 12252.791457
-8028.729641 12256.210318
-8031.156647 12259.623879
-8033.507654 12263.032141
-8035.782661 12266.435102
-8037.981667 12269.832764
-8040.104674 12273.225125
-8042.198030 12276.579374
-8044.246287 12279.906448
-8046.249444 12283.206347
-8048.207500 12286.479071
-8050.120457 12289.724620
-8051.988314 12292.942993
-8053.811070 12296.134192
-8055.588727 12299.298216
-8057.321284 12302.435065
-8059.008740 12305.544739
-8060.651097 12308.627238
-8062.248354 12311.682561
-8063.800510 12314.710710
-8065.307567 12317.711684
-8066.769524 12320.685483
-8068.186380 12323.632107
-8069.558137 12326.551555
-8070.884794 12329.443829
-8072.166351 12332.308928
-8073.402807 12335.146852
-8074.594164 12337.957600
-8075.740421 12340.741174
-8076.841577 12343.497573
-8077.897634 12346.226796
-8078.908591 12348.928845
-8079.874448 12351.603719
-8080.795204 12354.251417
-8081.670861 12356.871941
-8082.501418 12359.465290
-8083.286875 12362.031463
-8084.027231 12364.570462
-8084.722488 12367.082286
-8085.372645 12369.566934
-8085.977702 12372.024408
-8086.537658 12374.454706
-8087.052515 12376.857830
-8087.522272 12379.233779
-8087.946929 12381.582552
-8088.326486 12383.904151
-8088.660942 12386.198574
-8088.980937 12388.461473
-8089.276256 12390.694296
-8089.546900 12392.897045
-8089.792870 12395.069718
-8090.014164 12397.212317
-8090.210783 12399.324840
-8090.382728 12401.407289
-8090.529997 12403.459662
-8090.652591 12405.481961
-8090.750511 12407.474184
-8090.823755 12409.436332
-8090.872324 12411.368406
-8090.896219 12413.270404
-8090.895438 12415.142328
-8090.869983 12416.984176
-8090.819852 12418.795949
-8090.745046 12420.577648
-8090.645566 12422.329271
-8090.521410 12424.050819
-8090.372580 12425.742292
-8090.199074 12427.403691
-8090.000894 12429.035014
-8089.778038 12430.636262
-8089.530507 12432.207435
-8089.258302 12433.748534
-8088.961421 12435.259557
-8088.639866 12436.740505
-8088.293635 12438.191378
-8087.922730 12439.612176
-8087.527149 12441.002899
-8087.106894 12442.363548
-8086.661963 12443.694121
-8086.192358 12444.994619
-8085.698077 12446.265042
-8085.179122 12447.505390
-8084.635491 12448.715663
-8084.067186 12449.895861
-8083.474206 12451.045984
-8082.856550 12452.166032
-8082.214220 12453.256005
-8081.537277 12454.343278
-8080.829034 12455.418726
-8080.089491 12456.482349
-8079.318648 12457.534147
-8078.516506 12458.574121
-8077.683063 12459.602269
-8076.818320 12460.618592
-8075.922278 12461.623090
-8074.994935 12462.615763
-8074.036293 12463.596612
-8073.046350 12464.565635
-8072.025108 12465.522833
-8070.972565 12466.468207
-8069.888723 12467.401755
-8068.773580 12468.323479
-8067.627138 12469.233377
-8066.449396 12470.131451
-8065.240353 12471.017699
-8064.000011 12471.892123
-8062.728369 12472.754721
-8061.425427 12473.605495
-8060.091185 12474.444443
-8058.725643 12475.271567
-8057.328801 12476.086866
-8055.900659 12476.890339
-8054.441217 12477.681988
-8052.950475 12478.461812
-8051.428433 12479.229811
-8049.875091 12479.985984
-8048.290449 12480.730333
-8046.674507 12481.462857
-8045.027266 12482.183556
-8043.348724 12482.892430
-8041.638882 12483.589479
-8039.897741 12484.274703
-8038.125299 12484.948102
-8036.321557 12485.609676
-8034.486516 12486.259425
-8032.620174 12486.897349
-8030.722533 12487.523448
-8028.793667 12488.139035
-8026.833550 12488.743671
-8024.842184 12489.337358
-8022.819567 12489.920094
-8020.765701 12490.491881
-8018.680584 12491.052717
-8016.564218 12491.602604
-8014.416602 12492.141540
-8012.237735 12492.669527
-8010.027619 12493.186563
-8007.786252 12493.692650
-8005.513636 12494.187786
-8003.209770 12494.671973
-8000.874653 12495.145209
-7998.508287 12495.607495
-7996.110670 12496.058832
-7993.681804 12496.499218
-7991.221688 12496.928654
-7988.730321 12497.347141
-7986.207705 12497.754677
-7983.653839 12498.151263
-7981.068723 12498.536900
-7978.452356 12498.911586
-7975.804740 12499.275322
-7973.125874 12499.628108
-7970.415757 12499.969944
-7967.674391 12500.300831
-7964.901775 12500.620767
-7962.097909 12500.929753
-7959.262792 12501.227789
-7956.396426 12501.514875
-7953.498810 12501.791012
-7950.569944 12502.056198
-7947.609827 12502.310434
-7944.618461 12502.553720
-7941.595845 12502.786056
-7938.541979 12503.007442
-7935.456863 12503.217878
-7932.340496 12503.417364
-7929.192880 12503.605900
-7926.013564 12503.776624
-7922.802698 12503.931822
-7919.560282 12504.071496
-7916.286316 12504.195644
-7912.980800 12504.304268
-7909.643734 12504.397366
-7906.275118 12504.474940
-7902.874952 12504.536988
-7899.443236 12504.583512
-7895.979970 12504.614511
-7892.485154 12504.629984
-7888.958788 12504.629933
-7885.400872 12504.614356
-7881.811407 12504.583255
-7878.190391 12504.536628
-7874.537825 12504.474477
-7870.853709 12504.396800
-7867.138043 12504.303599
-7863.390828 12504.194873
-7859.612062 12504.070621
-7855.801746 12503.930845
-7851.959881 12503.775543
-7848.086465 12503.604717
-7844.181500 12503.418365
-7840.244984 12503.216489
-7836.276919 12502.999088
-7832.277303 12502.766161
-7828.246138 12502.517710
-7824.183422 12502.253733
-7820.089157 12501.974232
-7815.963341 12501.679205
-7811.805976 12501.368654
-7807.617061 12501.042578
-7803.396595 12500.700976
-7799.144580 12500.343850
-7794.861015 12499.971198
-7790.545900 12499.583022
-7786.199234 12499.179321
-7781.821019 12498.760094
-7777.411254 12498.325343
-7772.996864 12497.883954
-7768.568874 12497.432965
-7764.127283 12496.972376
-7759.672093 12496.502188
-7755.203303 12496.022399
-7750.720913 12495.533010
-7746.224923 12495.034022
-7741.715333 12494.525433
-7737.192142 12494.007244
-7732.655352 12493.479456
-7728.104962 12492.942067
-7723.540972 12492.395079
-7718.963382 12491.838490
-7714.372192 12491.272302
-7709.767402 12490.696513
-7705.149012 12490.111125
-7700.517021 12489.516137
-7695.871431 12488.911548
-7691.212241 12488.297360
-7686.539451 12487.673572
-7681.853061 12487.040183
-7677.153071 12486.397195
-7672.439481 12485.744607
-7667.712291 12485.082419
-7662.971501 12484.410631
-7658.217111 12483.729243
-7653.449121 12483.038255
-7648.667530 12482.337667
-7643.872340 12481.627479
-7639.063550 12480.907691
-7634.241160 12480.178303
-7629.405170 12479.439315
-7624.555580 12478.690727
-7619.692390 12477.932539
-7614.815600 12477.164752
-7609.925210 12476.387364
-7605.021220 12475.600376
-7600.103630 12474.803788
-7595.172440 12473.997601
-7590.227650 12473.181813
-7585.265698 12472.358075
-7580.287770 12471.525838
-7575.293868 12470.685100
-7570.283990 12469.835862
-7565.258138 12468.978125
-7560.216310 12468.111887
-7555.158507 12467.237149
-7550.084730 12466.353911
-7544.994977 12465.462173
-7539.889250 12464.561936
-7534.767547 12463.653198
-7529.629870 12462.735960
-7524.476217 12461.810222
-7519.306590 12460.875984
-7514.120987 12459.933246
-7508.919410 12458.982008
-7503.701857 12458.022270
-7498.468330 12457.054032
-7493.218827 12456.077294
-7487.953349 12455.092056
-7482.671897 12454.098318
-7477.374469 12453.096080
-7472.061067 12452.085342
-7466.731689 12451.066104
-7461.386337 12450.038366
-7456.025009 12449.002128
-7450.647706 12447.957390
-7445.254429 12446.904152
-7439.845176 12445.842413
-7434.419949 12444.772175
-7428.978746 12443.693437
-7423.521569 12442.606199
-7418.048416 12441.510461
-7412.559288 12440.406222
-7407.054186 12439.293484
-7401.533108 12438.172246
-7395.996056 12437.042508
-7390.443028 12435.904269
-7384.874025 12434.757531
-7379.289048 12433.602293
-7373.691583 12432.443692
-7368.080468 12431.280016
-7362.455702 12430.111265
-7356.817287 12428.937440
-7351.165222 12427.758539
-7345.499507 12426.574564
-7339.820142 12425.385514
-7334.127127 12424.191388
-7328.420461 12422.992188
-7322.700146 12421.787913
-7316.966181 12420.578563
-7311.218566 12419.364137
-7305.457300 12418.144637
-7299.682385 12416.920062
-7293.893820 12415.690413
-7288.091605 12414.455688
-7282.275739 12413.215888
-7276.446224 12411.971013
-7270.603059 12410.721063
-7264.746243 12409.466039
-7258.875778 12408.205939
-7252.991663 12406.940765
-7247.093897 12405.670515
-7241.182482 12404.395191
-7235.257417 12403.114792
-7229.318701 12401.829317
-7223.366336 12400.538768
-7217.400320 12399.243144
-7211.420655 12397.942445
-7205.427340 12396.636671
-7199.420374 12395.325822
-7193.399759 12394.009898
-7187.365493 12392.688899
-7181.317578 12391.362825
-7175.256012 12390.031677
-7169.180797 12388.695453
-7163.091931 12387.354154
-7156.989416 12386.007781
-7150.873250 12384.656332
-7144.743434 12383.299809
-7138.602031 12381.934048
-7132.448353 12380.560437
-7126.282400 12379.178976
-7120.104172 12377.789665
-7113.913669 12376.392505
-7107.710891 12374.987494
-7101.495839 12373.574633
-7095.268511 12372.153922
-7089.028908 12370.725362
-7082.777030 12369.288951
-7076.512877 12367.844690
-7070.236449 12366.392580
-7063.947746 12364.932619
-7057.646768 12363.464809
-7051.333515 12361.989148
-7045.007987 12360.505638
-7038.670185 12359.014277
-7032.320107 12357.515067
-7025.957754 12356.008007
-7019.583126 12354.493096
-7013.196223 12352.970336
-7006.797046 12351.439726
-7000.385593 12349.901266
-6993.961865 12348.354955
-6987.525862 12346.800795
-6981.077585 12345.238785
-6974.617032 12343.668925
-6968.144204 12342.091215
-6961.659101 12340.505655
-6955.161724 12338.912245
-6948.652071 12337.310985
-6942.130143 12335.701875
-6935.595941 12334.084915
-6929.049463 12332.460105
-6922.490711 12330.827445
-6915.919683 12329.186935
-6909.336380 12327.538575
-6902.740803 12325.882366
-6896.132950 12324.218306
-6889.512823 12322.546396
-6882.895908 12320.868887
-6876.277043 12319.185027
-6869.656228 12317.494817
-6863.033462 12315.798257
-6856.408747 12314.095348
-6849.782082 12312.386088
-6843.153468 12310.670479
-6836.522903 12308.948519
-6829.890388 12307.220209
-6823.255923 12305.485550
-6816.619508 12303.744540
-6809.981143 12301.997181
-6803.340828 12300.243471
-6796.698563 12298.483411
-6790.054348 12296.717002
-6783.408183 12294.944242
-6776.760068 12293.165133
-6770.110004 12291.379673
-6763.457989 12289.587864
-6756.804024 12287.789704
-6750.148109 12285.985195
-6743.490244 12284.174335
-6736.830429 12282.357126
-6730.168665 12280.533567
-6723.504950 12278.703657
-6716.839285 12276.867398
-6710.171670 12275.024788
-6703.502106 12273.175829
-6696.830591 12271.320520
-6690.157126 12269.458860
-6683.481711 12267.590851
-6676.804347 12265.716491
-6670.125032 12263.835782
-6663.443767 12261.948723
-6656.760553 12260.055314
-6650.075388 12258.155554
-6643.388274 12256.249445
-6636.699209 12254.336986
-6630.008194 12252.418176
-6623.315230 12250.493017
-6616.634528 12248.557683
-6609.961351 12246.613449
-6603.295699 12244.660315
-6596.637572 12242.698281
-6589.986970 12240.727346
-6583.343893 12238.747512
-6576.708341 12236.758778
-6570.080314 12234.761145
-6563.459813 12232.754611
-6556.846836 12230.739177
-6550.241384 12228.714843
-6543.643457 12226.681609
-6537.053056 12224.639475
-6530.470179 12222.588442
-6523.894828 12220.528508
-6517.327001 12218.459674
-6510.766700 12216.381941
-6504.213923 12214.295307
-6497.668672 12212.199773
-6491.130945 12210.095340
-6484.600744 12207.982006
-6478.078068 12205.859773
-6471.562916 12203.728640
-6465.055290 12201.588606
-6458.555189 12199.439673
-6452.062613 12197.281839
-6445.577561 12195.115106
-6439.100035 12192.939473
-6432.630034 12190.754940
-6426.167558 12188.561507
-6419.712607 12186.359173
-6413.265181 12184.147940
-6406.825280 12181.927807
-6400.392904 12179.698774
-6393.968053 12177.460841
-6387.550728 12175.214008
-6381.140927 12172.958275
-6374.738651 12170.693642
-6368.343900 12168.420110
-6361.956674 12166.137677
-6355.572849 12163.837007
-6349.193798 12161.521211
-6342.819522 12159.190291
-6336.450022 12156.844246
-6330.085296 12154.483076
-6323.725345 12152.106780
-6317.370170 12149.715360
-6311.019769 12147.308815
-6304.674143 12144.887145
-6298.333293 12142.450350
-6291.997217 12139.998430
-6285.665917 12137.531385
-6279.339391 12135.049215
-6273.017640 12132.551920
-6266.700665 12130.039500
-6260.388464 12127.511955
-6254.081039 12124.969285
-6247.778388 12122.411490
-6241.480513 12119.838570
-6235.187412 12117.250525
-6228.899087 12114.647356
-6222.615536 12112.029061
-6216.336761 12109.395641
-6210.062760 12106.747096
-6203.793535 12104.083426
-6197.529084 12101.404632
-6191.269409 12098.710712
-6185.014508 12096.001667
-6178.764383 12093.277498
-6172.519032 12090.538203
-6166.278457 12087.783784
-6160.042657 12085.014239
-6153.811631 12082.229569
-6147.585381 12079.429775
-6141.363905 12076.614855
-6135.147205 12073.784811
-6128.935280 12070.939641
-6122.728129 12068.079347
-6116.525754 12065.203928
-6110.328154 12062.313383
-6104.140691 12059.412139
-6097.961578 12056.498719
-6091.790815 12053.573125
-6085.628403 12050.635356
-6079.474340 12047.685411
-6073.328627 12044.723292
-6067.191265 12041.748998
-6061.062252 12038.762528
-6054.941589 12035.763884
-6048.829277 12032.753065
-6042.725314 12029.730070
-6036.629702 12026.694901
-6030.542439 12023.647557
-6024.463527 12020.588037
-6018.392964 12017.516343
-6012.330752 12014.432474
-6006.276889 12011.336429
-6000.231377 12008.228210
-5994.194214 12005.107816
-5988.165402 12001.975247
-5982.144940 11998.830502
-5976.132827 11995.673583
-5970.129065 11992.504489
-5964.133653 11989.323220
-5958.146590 11986.129775
-5952.167878 11982.924156
-5946.197516 11979.706362
-5940.235504 11976.476393
-5934.281842 11973.234249
-5928.336529 11969.979929
-5922.399567 11966.713435
-5916.470955 11963.434766
-5910.550693 11960.143922
-5904.638781 11956.840903
-5898.735219 11953.525708
-5892.840007 11950.198339
-5886.953145 11946.858795
-5881.074633 11943.507076
-5875.204471 11940.143182
-5869.342659 11936.767113
-5863.492835 11933.374068
-5857.653785 11929.965649
-5851.825511 11926.541855
-5846.008012 11923.102686
-5840.201287 11919.648142
-5834.405338 11916.178223
-5828.620164 11912.692929
-5822.845764 11909.192260
-5817.082140 11905.676216
-5811.329291 11902.144797
-5805.587217 11898.598003
-5799.855918 11895.035834
-5794.135394 11891.458290
-5788.425644 11887.865371
-5782.726670 11884.257077
-5777.038471 11880.633408
-5771.361047 11876.994364
-5765.694398 11873.339945
-5760.038524 11869.670151
-5754.393425 11865.984982
-5748.759101 11862.284438
-5743.135552 11858.568519
-5737.522778 11854.837226
-5731.920779 11851.090557
-5726.329556 11847.328513
-5720.749107 11843.551094
-5715.179433 11839.758300
-5709.620534 11835.950131
-5704.072410 11832.126588
-5698.535061 11828.287669
-5693.008488 11824.433375
-5687.492689 11820.563706
-5681.987665 11816.678663
-5676.493417 11812.778244
-5671.009943 11808.862450
-5665.537244 11804.931281
-5660.075321 11800.984738
-5654.624172 11797.022819
-5649.183799 11793.045525
-5643.754200 11789.052857
-5638.334476 11785.058388
-5632.924928 11781.057594
-5627.525554 11777.050476
-5622.136356 11773.037032
-5616.757332 11769.017263
-5611.388484 11764.991170
-5606.029810 11760.958751
-5600.681311 11756.920007
-5595.342988 11752.874939
-5590.014839 11748.823545
-5584.696866 11744.765827
-5579.389067 11740.701783
-5574.091444 11736.631415
-5568.803995 11732.554721
-5563.526721 11728.471702
-5558.259623 11724.382359
-5553.002699 11720.286690
-5547.755951 11716.184697
-5542.519377 11712.076378
-5537.292978 11707.961735
-5532.076755 11703.840766
-5526.870706 11699.713473
-5521.674832 11695.579854
-5516.489134 11691.439911
-5511.313610 11687.293642
-5506.148262 11683.141049
-5500.993088 11678.982131
-5495.848089 11674.816887
-5490.713266 11670.645319
-5485.588617 11666.467425
-5480.474143 11662.283207
-5475.369845 11658.092663
-5470.275721 11653.895795
-5465.191772 11649.692602
-5460.117999 11645.483083
-5455.054400 11641.267240
-5450.000976 11637.045072
-5444.957728 11632.816578
-5439.924654 11628.581760
-5434.901755 11624.340616
-5429.873432 11620.075523
-5424.844883 11615.792355
-5419.816110 11611.491112
-5414.787111 11607.171794
-5409.757887 11602.834400
-5404.728439 11598.478932
-5399.698765 11594.105389
-5394.668867 11589.713771
-5389.638744 11585.304078
-5384.608395 11580.876310
-5379.577822 11576.430468
-5374.547023 11571.966550
-5369.516000 11567.484557
-5364.484752 11562.984489
-5359.453278 11558.466346
-5354.421580 11553.930129
-5349.389657 11549.375836
-5344.357508 11544.803469
-5339.325135 11540.213026
-5334.292537 11535.604509
-5329.259714 11530.977916
-5324.226666 11526.333249
-5319.193392 11521.670506
-5314.159894 11516.989689
-5309.126171 11512.290797
-5304.092223 11507.573829
-5299.058050 11502.838787
-5294.023652 11498.085670
-5288.989029 11493.314478
-5283.954181 11488.525211
-5278.919108 11483.717869
-5273.883810 11478.892452
-5268.848287 11474.048960
-5263.812539 11469.187393
-5258.776566 11464.307751
-5253.740369 11459.410034
-5248.703946 11454.494242
-5243.667298 11449.560375
-5238.630425 11444.608433
-5233.593327 11439.638417
-5228.572955 11434.656588
-5223.563657 11429.660858
-5218.565434 11424.651229
-5213.578287 11419.627700
-5208.602214 11414.590271
-5203.637216 11409.538942
-5198.683294 11404.473713
-5193.740446 11399.394584
-5188.808673 11394.301555
-5183.887976 11389.194627
-5178.978353 11384.073798
-5174.079806 11378.939069
-5169.192333 11373.790440
-5164.315936 11368.627911
-5159.450613 11363.451483
-5154.596366 11358.261154
-5149.753193 11353.056925
-5144.921096 11347.838797
-5140.100074 11342.606768
-5135.290126 11337.360840
-5130.491254 11332.101011
-5125.703457 11326.827283
-5120.926734 11321.539654
-5116.161087 11316.238126
-5111.406515 11310.922697
-5106.663017 11305.593369
-5101.930595 11300.250141
-5097.209248 11294.893012
-5092.498976 11289.521984
-5087.799779 11284.137056
-5083.111656 11278.738228
-5078.434609 11273.325500
-5073.768637 11267.898871
-5069.113740 11262.458343
-5064.469918 11257.003915
-5059.837171 11251.535587
-5055.215499 11246.053359
-5050.604902 11240.557231
-5046.005380 11235.047203
-5041.416933 11229.523275
-5036.822573 11223.998760
-5032.227964 11218.469220
-5027.633105 11212.934654
-5023.037995 11207.395064
-5018.442636 11201.850449
-5013.847027 11196.300808
-5009.251167 11190.746143
-5004.655058 11185.186453
-5000.058699 11179.621738
-4995.462090 11174.051997
-4990.865230 11168.477232
-4986.268121 11162.897442
-4981.670762 11157.312627
-4977.073153 11151.722787
-4972.475294 11146.127921
-4967.877185 11140.528031
-4963.278826 11134.923116
-4958.680217 11129.313176
-4954.081358 11123.698211
-4949.482249 11118.078221
-4944.882890 11112.453206
-4940.283281 11106.823166
-4935.683422 11101.188101
-4931.083313 11095.548011
-4926.482954 11089.902896
-4921.882346 11084.252756
-4917.281487 11078.597591
-4912.680378 11072.937401
-4908.079019 11067.272186
-4903.477411 11061.601946
-4898.875552 11055.926681
-4894.273443 11050.246391
-4889.671085 11044.561076
-4885.068476 11038.870736
-4880.465618 11033.175371
-4875.862509 11027.474981
-4871.259150 11021.769567
-4866.655542 11016.059127
-4862.051683 11010.343662
-4857.447575 11004.623172
-4852.850004 10998.883707
-4848.256708 10993.129918
-4843.667687 10987.361803
-4839.082941 10981.579363
-4834.502471 10975.782598
-4829.926275 10969.971509
-4825.354354 10964.146094
-4820.786708 10958.306354
-4816.223338 10952.452289
-4811.664242 10946.583899
-4807.109421 10940.701185
-4802.558876 10934.804145
-4798.012605 10928.892780
-4793.470609 10922.967090
-4788.932889 10917.027075
-4784.399443 10911.072736
-4779.870273 10905.104071
-4775.345377 10899.121081
-4770.824757 10893.123766
-4766.308411 10887.112126
-4761.796341 10881.086162
-4757.288545 10875.045872
-4752.785025 10868.991257
-4748.285779 10862.922317
-4743.790809 10856.839053
-4739.300114 10850.741463
-4734.813693 10844.629548
-4730.331548 10838.503308
-4725.853678 10832.362743
-4721.380083 10826.207854
-4716.910762 10820.038639
-4712.445717 10813.855099
-4707.984947 10807.657234
-4703.528452 10801.445044
-4699.076232 10795.218530
-4694.628287 10788.977690
-4690.184617 10782.722525
-4685.745222 10776.453035
-4681.310102 10770.169220
-4676.879257 10763.871081
-4672.456437 10757.552653
-4668.040392 10751.215926
-4663.631122 10744.860899
-4659.228627 10738.487571
-4654.832907 10732.095944
-4650.443962 10725.686017
-4646.061792 10719.257789
-4641.686397 10712.811262
-4637.317777 10706.346435
-4632.955932 10699.863307
-4628.600863 10693.361880
-4624.252568 10686.842153
-4619.911048 10680.304125
-4615.576303 10673.747798
-4611.248333 10667.173171
-4606.927139 10660.580243
-4602.612719 10653.969016
-4598.305074 10647.339488
-4594.004204 10640.691661
-4589.710110 10634.025534
-4585.422790 10627.341106
-4581.142245 10620.638379
-4576.868476 10613.917351
-4572.601481 10607.178024
-4568.341261 10600.420397
-4564.087817 10593.644469
-4559.841147 10586.850242
-4555.601252 10580.037714
-4551.368133 10573.206887
-4547.141788 10566.357760
-4542.922219 10559.490332
-4538.709424 10552.604605
-4534.503405 10545.700577
-4530.304160 10538.778250
-4526.111691 10531.837622
-4521.925996 10524.878695
-4517.747077 10517.901467
-4513.574932 10510.905940
-4509.409563 10503.892112
-4505.250968 10496.859985
-4501.105411 10489.818183
-4496.970804 10482.763830
-4492.847147 10475.696928
-4488.734440 10468.617476
-4484.632683 10461.525473
-4480.541876 10454.420921
-4476.462019 10447.303819
-4472.393112 10440.174167
-4468.335155 10433.031965
-4464.288148 10425.877213
-4460.252091 10418.709911
-4456.226984 10411.530059
-4452.212827 10404.337657
-4448.209620 10397.132705
-4444.217363 10389.915203
-4440.236056 10382.685151
-4436.265699 10375.442550
-4432.306292 10368.187398
-4428.357835 10360.919696
-4424.420328 10353.639445
-4420.493771 10346.346643
-4416.578163 10339.041291
-4412.673506 10331.723390
-4408.779799 10324.392938
-4404.897042 10317.049937
-4401.025235 10309.694386
-4397.164378 10302.326284
-4393.314470 10294.945633
-4389.475513 10287.552432
-4385.647506 10280.146680
-4381.830449 10272.728379
-4378.024342 10265.297528
-4374.229184 10257.854127
-4370.444977 10250.398176
-4366.671720 10242.929675
-4362.909413 10235.448624
-4359.158056 10227.955023
-4355.417648 10220.448872
-4351.688191 10212.930171
-4347.969684 10205.398920
-4344.268801 10197.844357
-4340.583319 10190.270069
-4336.913237 10182.676055
-4333.258554 10175.062317
-4329.619272 10167.428854
-4325.995390 10159.775665
-4322.386907 10152.102752
-4318.793825 10144.410114
-4315.216142 10136.697750
-4311.653860 10128.965662
-4308.106978 10121.213849
-4304.575495 10113.442310
-4301.059413 10105.651047
-4297.558730 10097.840059
-4294.073448 10090.009345
-4290.603565 10082.158907
-4287.149083 10074.288743
-4283.710000 10066.398855
-4280.286318 10058.489242
-4276.878035 10050.559903
-4273.485152 10042.610840
-4270.107670 10034.642051
-4266.745587 10026.653538
-4263.398904 10018.645300
-4260.067622 10010.617336
-4256.751739 10002.569648
-4253.451256 9994.502234
-4250.166174 9986.415096
-4246.896491 9978.308233
-4243.642208 9970.181644
-4240.403326 9962.035331
-4237.179843 9953.869292
-4233.971760 9945.683529
-4230.779077 9937.478041
-4227.601794 9929.252827
-4224.439912 9921.007889
-4221.293429 9912.743225
-4218.162346 9904.458837
-4215.046663 9896.154723
-4211.946380 9887.830885
-4208.879010 9879.471009
-4205.838714 9871.080533
-4202.825494 9862.659457
-4199.839349 9854.207782
-4196.880278 9845.725506
-4193.948283 9837.212630
-4191.043363 9828.669154
-4188.165517 9820.095078
-4185.314747 9811.490403
-4182.491052 9802.855127
-4179.694432 9794.189251
-4176.924886 9785.492775
-4174.182416 9776.765700
-4171.467021 9768.008024
-4168.778700 9759.219748
-4166.117455 9750.400873
-4163.483285 9741.551397
-4160.876190 9732.671322
-4158.296170 9723.760646
-4155.743224 9714.819371
-4153.217354 9705.847495
-4150.718559 9696.845019
-4148.246839 9687.811944
-4145.802194 9678.748268
-4143.384623 9669.653993
-4140.994128 9660.529118
-4138.630708 9651.373642
-4136.294363 9642.187567
-4133.985093 9632.970891
-4131.702898 9623.723616
-4129.447777 9614.445741
-4127.219732 9605.137265
-4125.018762 9595.798190
-4122.844867 9586.428515
-4120.698047 9577.028239
-4118.578302 9567.597364
-4116.485632 9558.135889
-4114.420037 9548.643814
-4112.381517 9539.121139
-4110.370072 9529.567863
-4108.383789 9519.999438
-4106.423307 9510.410713
-4104.488624 9500.801688
-4102.579742 9491.172362
-4100.696659 9481.522737
-4098.839377 9471.852812
-4097.007895 9462.162587
-4095.202212 9452.452061
-4093.422330 9442.721236
-4091.668248 9432.970111
-4089.939966 9423.198686
-4088.237484 9413.406960
-4086.560801 9403.594935
-4084.909919 9393.762610
-4083.284837 9383.909984
-4081.685555 9374.037059
-4080.112073 9364.143834
-4078.564391 9354.230308
-4077.042510 9344.296483
-4075.546428 9334.342358
-4074.076146 9324.367932
-4072.631664 9314.373207
-4071.212982 9304.358182
-4069.820101 9294.322856
-4068.453019 9284.267231
-4067.111737 9274.191305
-4065.796256 9264.095080
-4064.506574 9253.978554
-4063.242692 9243.841729
-4062.004611 9233.684604
-4060.792329 9223.507178
-4059.605848 9213.309453
-4058.445167 9203.091427
-4057.310285 9192.853102
-4056.201204 9182.594476
-4055.117922 9172.315551
-4054.060441 9162.016325
-4053.028760 9151.696800
-4052.022879 9141.356974
-4051.042798 9130.996849
-4050.087316 9120.616723
-4049.156835 9110.216498
-4048.251354 9099.796172
-4047.370873 9089.355746
-4046.515392 9078.895221
-4045.684911 9068.414595
-4044.879430 9057.913870
-4044.098949 9047.393044
-4043.343468 9036.852119
-4042.612987 9026.291093
-4041.907506 9015.709967
-4041.227025 9005.108742
-4040.571544 8994.487416
-4039.941063 8983.845991
-4039.335582 8973.184465
-4038.755101 8962.502840
-4038.199621 8951.801114
-4037.669140 8941.079288
-4037.163659 8930.337363
-4036.683178 8919.575337
-4036.227697 8908.793211
-4035.797217 8897.990986
-4035.391736 8887.168660
-4035.011255 8876.326234
-4034.655775 8865.463709
-4034.325294 8854.581083
-4034.019813 8843.678357
-4033.739333 8832.755532
-4033.483852 8821.812606
-4033.253372 8810.849580
-4033.047891 8799.866455
-4032.867411 8788.863229
-4032.711930 8777.839903
-4032.581450 8766.796478
-4032.475969 8755.732952
-4032.395489 8744.649326
-4032.340008 8733.545601
-4032.309528 8722.421775
-4032.304048 8711.277849
-4032.323567 8700.113823
-4032.365462 8688.920623
-4032.430606 8677.701272
-4032.519001 8666.455771
-4032.630646 8655.184121
-4032.765540 8643.886320
-4032.923685 8632.562370
-4033.105079 8621.212269
-4033.309723 8609.836018
-4033.537618 8598.433618
-4033.788762 8587.005067
-4034.063157 8575.550367
-4034.360801 8564.069516
-4034.681695 8552.562516
-4035.025840 8541.029365
-4035.393234 8529.470065
-4035.783878 8517.884615
-4036.197772 8506.273014
-4036.634917 8494.635264
-4037.095311 8482.971363
-4037.578955 8471.281313
-4038.085849 8459.565113
-4038.615993 8447.822763
-4039.169387 8436.054262
-4039.746031 8424.259612
-4040.345925 8412.438812
-4040.969069 8400.591862
-4041.615463 8388.718761
-4042.285107 8376.819511
-4042.978001 8364.894111
-4043.694145 8352.942561
-4044.433539 8340.964861
-4045.196183 8328.961011
-4045.982077 8316.931011
-4046.791221 8304.874861
-4047.623614 8292.792561
-4048.479258 8280.684110
-4049.358152 8268.549510
-4050.260296 8256.388761
-4051.185689 8244.201861
-4052.134333 8231.988811
-4053.090889 8219.743873
-4054.060470 8207.468961
-4055.043077 8195.164073
-4056.038708 8182.829211
-4057.047364 8170.464374
-4058.069045 8158.069561
-4059.103752 8145.644774
-4060.151483 8133.190011
-4061.212239 8120.705274
-4062.286020 8108.190562
-4063.372827 8095.645874
-4064.472658 8083.071212
-4065.585514 8070.466575
-4066.711396 8057.831962
-4067.850302 8045.167375
-4069.002233 8032.472813
-4070.167190 8019.748276
-4071.345171 8006.993763
-4072.536177 7994.209276
-4073.740209 7981.394814
-4074.957265 7968.550377
-4076.187346 7955.675964
-4077.430453 7942.771577
-4078.686584 7929.837215
-4079.955741 7916.872878
-4081.237922 7903.878566
-4082.533128 7890.854278
-4083.841360 7877.800016
-4085.162616 7864.715779
-4086.496898 7851.601567
-4087.844204 7838.457380
-4089.204536 7825.283218
-4090.577892 7812.079081
-4091.964273 7798.844969
-4093.363680 7785.580881
-4094.776111 7772.286819
-4096.201568 7758.962782
-4097.640049 7745.608770
-4099.091556 7732.224783
-4100.556087 7718.810821
-4102.101707 7705.408772
-4103.705726 7692.004672
-4105.368145 7678.598523
-4107.088964 7665.190323
-4108.868183 7651.780074
-4110.705803 7638.367774
-4112.601822 7624.953425
-4114.556242 7611.537025
-4116.569061 7598.118576
-4118.640281 7584.698076
-4120.769900 7571.275527
-4122.957920 7557.850928
-4125.204340 7544.424278
-4127.509159 7530.995579
-4129.872379 7517.564829
-4132.293999 7504.132030
-4134.774019 7490.697181
-4137.312439 7477.260281
-4139.909259 7463.821332
-4142.564479 7450.380333
-4145.278099 7436.937283
-4148.050119 7423.492184
-4150.880539 7410.045035
-4153.769359 7396.595835
-4156.716580 7383.144586
-4159.722200 7369.691287
-4162.786220 7356.235938
-4165.908641 7342.778538
-4169.089461 7329.319089
-4172.328682 7315.857590
-4175.626303 7302.394041
-4178.982323 7288.928441
-4182.396744 7275.460792
-4185.869565 7261.991093
-4189.400785 7248.519344
-4192.990406 7235.045545
-4196.638427 7221.569695
-4200.344848 7208.091796
-4204.109669 7194.611847
-4207.932890 7181.129848
-4211.690461 7167.602036
-4215.423732 7154.043000
-4219.132703 7140.452738
-4222.817374 7126.831251
-4226.477745 7113.178540
-4230.113816 7099.494603
-4233.725587 7085.779441
-4237.313058 7072.033055
-4240.876229 7058.255443
-4244.415100 7044.446606
-4247.929671 7030.606545
-4251.419941 7016.735258
-4254.885912 7002.832746
-4258.327583 6988.899010
-4261.744954 6974.934048
-4265.138025 6960.937861
-4268.506796 6946.910450
-4271.851267 6932.851813
-4275.171437 6918.761951
-4278.467308 6904.640865
-4281.738879 6890.488553
-4284.986150 6876.305016
-4288.209121 6862.090254
-4291.407791 6847.844268
-4294.582162 6833.567056
-4297.732233 6819.258619
-4300.858004 6804.918958
-4303.959475 6790.548071
-4307.036645 6776.145959
-4310.089516 6761.712622
-4313.118087 6747.248061
-4316.122357 6732.752274
-4319.102328 6718.225262
-4322.057999 6703.667025
-4324.989370 6689.077564
-4327.896440 6674.456877
-4330.779211 6659.804965
-4333.637682 6645.121828
-4336.471852 6630.407467
-4339.281723 6615.661880
-4342.018394 6600.904081
-4344.698164 6586.127731
-4347.321035 6571.332832
-4349.887005 6556.519383
-4352.396076 6541.687384
-4354.848246 6526.836834
-4357.243517 6511.967735
-4359.581887 6497.080086
-4361.863358 6482.173887
-4364.087928 6467.249138
-4366.255599 6452.305839
-4368.366369 6437.343990
-4370.420240 6422.363591
-4372.417210 6407.364642
-4374.357280 6392.347142
-4376.240451 6377.311093
-4378.066721 6362.256494
-4379.836092 6347.183345
-4381.548562 6332.091646
-4383.204132 6316.981397
-4384.802802 6301.852598
-4386.344573 6286.705249
-4387.829443 6271.539351
-4389.257413 6256.354902
-4390.628483 6241.151903
-4391.942654 6225.930354
-4393.199924 6210.690255
-4394.400294 6195.431606
-4395.543764 6180.154407
-4396.630334 6164.858658
-4397.660004 6149.544359
-4398.632774 6134.211511
-4399.548645 6118.860112
-4400.407615 6103.490163
-4401.209685 6088.101664
-4401.954855 6072.694616
-4402.643125 6057.269017
-4403.274495 6041.824868
-4403.848965 6026.362169
-4404.366535 6010.880921
-4404.845392 5995.386034
-4405.279475 5979.875873
-4405.668782 5964.350437
-4406.013314 5948.809726
-4406.313072 5933.253740
-4406.568054 5917.682479
-4406.778262 5902.095943
-4406.943694 5886.494132
-4407.064351 5870.877046
-4407.140234 5855.244686
-4407.171341 5839.597050
-4407.157674 5823.934139
-4407.099231 5808.255953
-4406.996013 5792.562493
-4406.848021 5776.853757
-4406.655253 5761.129746
-4406.417710 5745.390461
-4406.135392 5729.635900
-4405.808300 5713.866065
-4405.436432 5698.080954
-4405.019789 5682.280569
-4404.558372 5666.464908
-4404.052179 5650.633973
-4403.501211 5634.787763
-4402.905468 5618.926277
-4402.264951 5603.049517
-4401.579658 5587.157482
-4400.849590 5571.250172
-4400.074747 5555.327586
-4399.255129 5539.389726
-4398.390737 5523.436591
-4397.481569 5507.468181
-4396.527626 5491.484496
-4395.528908 5475.485536
-4394.485415 5459.471301
-4393.397147 5443.441791
-4392.264104 5427.397006
-4391.086287 5411.336946
-4389.863694 5395.261612
-4388.596326 5379.171002
-4387.316133 5363.046030
-4386.012465 5346.893057
-4384.685322 5330.712085
-4383.334704 5314.503113
-4381.960611 5298.266141
-4380.563042 5282.001169
-4379.141999 5265.708196
-4377.697481 5249.387224
-4376.229488 5233.038252
-4374.738019 5216.661280
-4373.223076 5200.256308
-4371.684658 5183.823336
-4370.122764 5167.362364
-4368.537396 5150.873392
-4366.928552 5134.356420
-4365.296234 5117.811448
-4363.640440 5101.238476
-4361.961172 5084.637504
-4360.258428 5068.008532
-4358.532209 5051.351560
-4356.782515 5034.666588
-4355.009347 5017.953616
-4353.212703 5001.212644
-4351.392584 4984.443673
-4349.548990 4967.646701
-4347.681921 4950.821729
-4345.791377 4933.968757
-4343.877358 4917.087785
-4341.939864 4900.178814
-4339.978895 4883.241842
-4337.994451 4866.276870
-4335.986532 4849.283898
-4333.955137 4832.262927
-4331.900268 4815.213955
-4329.821924 4798.136983
-4327.720104 4781.032012
-4325.594810 4763.899040
-4323.446041 4746.738068
-4321.273796 4729.549097
-4319.078077 4712.332125
-4316.900770 4695.114829
-4314.727913 4677.887982
-4312.559506 4660.651586
-4310.395549 4643.405639
-4308.236042 4626.150143
-4306.080985 4608.885097
-4303.930378 4591.610500
-4301.784221 4574.326354
-4299.642515 4557.032658
-4297.505258 4539.729411
-4295.372451 4522.416615
-4293.244094 4505.094269
-4291.120187 4487.762373
-4289.000731 4470.420927
-4286.885724 4453.069931
-4284.775167 4435.709385
-4282.669060 4418.339289
-4280.567404 4400.959643
-4278.470197 4383.570447
-4276.377440 4366.171701
-4274.289134 4348.763405
-4272.205277 4331.345559
-4270.125870 4313.918163
-4268.050914 4296.481217
-4265.980407 4279.034722
-4263.914351 4261.578676
-4261.852744 4244.113080
-4259.795588 4226.637935
-4257.742881 4209.153239
-4255.694625 4191.658993
-4253.650818 4174.155198
-4251.611462 4156.641852
-4249.576555 4139.118957
-4247.546099 4121.586511
-4245.520092 4104.044516
-4243.498536 4086.492970
-4241.481430 4068.931875
-4239.468773 4051.361230
-4237.460567 4033.781034
-4235.456810 4016.191289
-4233.404479 3998.590419
-4231.321248 3980.978949
-4229.207116 3963.356879
-4227.062085 3945.724209
-4224.886154 3928.080939
-4222.679322 3910.427069
-4220.441591 3892.762599
-4218.172960 3875.087529
-4215.873428 3857.401859
-4213.542997 3839.705589
-4211.181666 3821.998720
-4208.789434 3804.281250
-4206.366303 3786.553180
-4203.912272 3768.814511
-4201.427340 3751.065241
-4198.911509 3733.305372
-4196.364778 3715.534902
-4193.787146 3697.753833
-4191.178615 3679.962164
-4188.539184 3662.159895
-4185.868853 3644.347025
-4183.167621 3626.523556
-4180.435490 3608.689487
-4177.672459 3590.844818
-4174.878527 3572.989549
-4172.053696 3555.123680
-4169.197965 3537.247211
-4166.311333 3519.360142
-4163.393802 3501.462474
-4160.445371 3483.554205
-4157.466040 3465.635336
-4154.455808 3447.705868
-4151.414677 3429.765799
-4148.342646 3411.815131
-4145.239714 3393.853862
-4142.105883 3375.881994
-4138.941152 3357.899525
-4135.745521 3339.906457
-4132.518989 3321.902789
-4129.261558 3303.888521
-4125.993027 3285.859677
-4122.706796 3267.817584
-4119.402864 3249.762241
-4116.081233 3231.693648
-4112.741902 3213.611804
-4109.384871 3195.516711
-4106.010140 3177.408368
-4102.617709 3159.286774
-4099.207577 3141.151931
-4095.779746 3123.003838
-4092.334215 3104.842494
-4088.870984 3086.667901
-4085.390053 3068.480058
-4081.891422 3050.278964
-4078.375091 3032.064621
-4074.841060 3013.837028
-4071.289329 2995.596184
-4067.719898 2977.342091
-4064.132767 2959.074748
-4060.527936 2940.794154
-4056.905406 2922.500311
-4053.265175 2904.193217
-4049.607244 2885.872874
-4045.931613 2867.539280
-4042.238282 2849.192437
-4038.527251 2830.832344
-4034.798520 2812.459000
-4031.052090 2794.072407
-4027.287959 2775.672563
-4023.506128 2757.259470
-4019.706597 2738.833126
-4015.889367 2720.393533
-4012.054436 2701.940689
-4008.201805 2683.474596
-4004.331475 2664.995252
-4000.443444 2646.502659
-3996.537713 2627.996815
-3992.614283 2609.477721
-3988.673152 2590.945378
-3984.714322 2572.399784
-3980.756241 2553.827853
-3976.792761 2535.233947
-3972.823880 2516.618066
-3968.849599 2497.980210
-3964.869919 2479.320379
-3960.884838 2460.638573
-3956.894358 2441.934792
-3952.898477 2423.209035
-3948.897197 2404.461304
-3944.890517 2385.691598
-3940.878436 2366.899917
-3936.860956 2348.086261
-3932.838075 2329.250629
-3928.809795 2310.393023
-3924.776114 2291.513442
-3920.737034 2272.611886
-3916.692554 2253.688355
-3912.642673 2234.742848
-3908.587393 2215.775367
-3904.526713 2196.785911
-3900.460632 2177.774479
-3896.389152 2158.741073
-3892.312272 2139.685692
-3888.229992 2120.608335
-3884.142311 2101.509004
-3880.049231 2082.387698
-3875.950751 2063.244416
-3871.846871 2044.079160
-3867.737590 2024.891929
-3863.622910 2005.682722
-3859.502830 1986.451541
-3855.377350 1967.198385
-3851.246470 1947.923253
-3847.110190 1928.626147
-3842.968509 1909.307065
-3838.821429 1889.966009
-3834.668949 1870.602977
-3830.511069 1851.217971
-3826.347789 1831.810989
-3822.179109 1812.382033
-3818.019391 1792.944076
-3813.863849 1773.492795
-3809.712481 1754.028188
-3805.565289 1734.550257
-3801.422271 1715.059001
-3797.283429 1695.554419
-3793.148761 1676.036513
-3789.018269 1656.505281
-3784.891951 1636.960725
-3780.769809 1617.402844
-3776.651841 1597.831637
-3772.538049 1578.247106
-3768.428431 1558.649249
-3764.322989 1539.038068
-3760.221721 1519.413562
-3756.124629 1499.775730
-3752.031711 1480.124574
-3747.942969 1460.460093
-3743.858402 1440.782286
-3739.778009 1421.091155
-3735.701792 1401.386699
-3731.629749 1381.668918
-3727.561882 1361.937811
-3723.498190 1342.193380
-3719.438672 1322.435624
-3715.383330 1302.664542
-3711.332162 1282.880136
-3707.285170 1263.082405
-3703.242353 1243.271349
-3699.203710 1223.446968
-3695.169243 1203.609261
-3691.138951 1183.758230
-3687.112833 1163.893874
-3683.090891 1144.016193
-3679.073124 1124.125187
-3675.059531 1104.220856
-3671.050114 1084.303199
-3667.044872 1064.372218
-3663.043805 1044.427912
-3659.046912 1024.470281
-3655.035408 1004.485825
-3651.015553 984.479044
-3646.987348 964.449938
-3642.950793 944.398507
-3638.905888 924.324751
-3634.852633 904.228670
-3630.791028 884.110264
-3626.721073 863.969533
-3622.642768 843.806477
-3618.556113 823.621096
-3614.461108 803.413390
-3610.357753 783.183359
-3606.246047 762.931003
-3602.125992 742.656322
-3597.997587 722.359316
-3593.860832 702.039985
-3589.715726 681.698329
-3585.562271 661.334348
-3581.400466 640.948042
-3577.230310 620.539411
-3573.051805 600.108456
-3568.864949 579.655175
-3564.669744 559.179569
-3560.466188 538.681638
-3556.254283 518.161382
-3552.034027 497.618802
-3547.805422 477.053896
-3543.568466 456.466665
-3539.323161 435.857109
-3535.069505 415.225229
-3530.807499 394.571023
-3526.537143 373.894492
-3522.258438 353.195637
-3517.971382 332.474456
-3513.675976 311.730950
-3509.372220 290.965120
-3505.060114 270.176964
-3500.739658 249.366483
-3496.410852 228.533678
-3492.073696 207.678547
-3487.657878 186.795279
-3483.186834 165.885811
-3478.660566 144.950143
-3474.079072 123.988275
-3469.442354 103.000207
-3464.750410 81.985939
-3460.003242 60.945471
-3455.200848 39.878803
-3450.343230 18.785935
-3445.430386 -2.333134
-3440.462317 -23.478402
-3435.439024 -44.649870
-3430.360505 -65.847538
-3425.226761 -87.071406
-3420.037793 -108.321474
-3414.793599 -129.597742
-3409.494180 -150.900210
-3404.139536 -172.228878
-3398.729668 -193.583746
-3393.264574 -214.964814
-3387.744255 -236.372082
-3382.168711 -257.805550
-3376.537943 -279.265218
-3370.851949 -300.751086
-3365.110730 -322.263154
-3359.314286 -343.801422
-3353.462617 -365.365890
-3347.555723 -386.956558
-3341.593604 -408.573426
-3335.576261 -430.216494
-3329.503692 -451.885762
-3323.375898 -473.581230
-3317.192879 -495.302898
-3310.954635 -517.050766
-3304.661166 -538.824834
-3298.312472 -560.625102
-3291.908553 -582.451570
-3285.449409 -604.304238
-3278.935040 -626.183106
-3272.365446 -648.088174
-3265.703652 -670.019892
-3258.961983 -691.978109
-3252.140439 -713.962827
-3245.239020 -735.974045
-3238.257726 -758.011763
-3231.196557 -780.075981
-3224.055513 -802.166699
-3216.834594 -824.283917
-3209.533800 -846.427635
-3202.153131 -868.597853
-3194.692587 -890.794571
-3187.152168 -913.017789
-3179.531874 -935.267507
-3171.831706 -957.543725
-3164.051662 -979.846443
-3156.191743 -1002.175661
-3148.251949 -1024.531379
-3140.232280 -1046.913597
-3132.132737 -1069.322315
-3123.953318 -1091.757533
-3115.694024 -1114.219251
-3107.354856 -1136.707469
-3098.935812 -1159.222187
-3090.436893 -1181.763405
-3081.858100 -1204.331123
-3073.199431 -1226.925341
-3064.460887 -1249.546059
-3055.642469 -1272.193277
-3046.744175 -1294.866995
-3037.766006 -1317.567213
-3028.707963 -1340.293931
-3019.570044 -1363.047149
-3010.352251 -1385.826867
-3001.054582 -1408.633085
-2991.677039 -1431.465803
-2982.219620 -1454.325021
-2972.682327 -1477.210739
-2963.065158 -1500.122957
-2953.368115 -1523.061675
-2943.591196 -1546.026893
-2933.784428 -1568.990748
-2923.931135 -1591.962529
-2914.031316 -1614.942234
-2904.084973 -1637.929865
-2894.092104 -1660.925420
-2884.052711 -1683.928901
-2873.966792 -1706.940306
-2863.834349 -1729.959637
-2853.655381 -1752.986892
-2843.429887 -1776.022072
-2833.157869 -1799.065178
-2822.839326 -1822.116208
-2812.474257 -1845.175164
-2802.062664 -1868.242044
-2791.604545 -1891.316849
-2781.099902 -1914.399580
-2770.548734 -1937.490235
-2759.951040 -1960.588815
-2749.306822 -1983.695321
-2738.616079 -2006.809751
-2727.878810 -2029.932106
-2717.095017 -2053.062386
-2706.264699 -2076.200592
-2695.387856 -2099.346722
-2684.464487 -2122.500777
-2673.494594 -2145.662757
-2662.478176 -2168.832662
-2651.415232 -2192.010493
-2640.305764 -2215.196248
-2629.149771 -2238.389928
-2617.947253 -2261.591533
-2606.698209 -2284.801063
-2595.402641 -2308.018519
-2584.060548 -2331.243899
-2572.671930 -2354.477204
-2561.236786 -2377.718434
-2549.755118 -2400.967589
-2538.226925 -2424.224669
-2526.652207 -2447.489674
-2515.030964 -2470.762604
-2503.332033 -2494.041472
-2491.565802 -2517.326939
-2479.732272 -2540.619006
-2467.831441 -2563.917674
-2455.863310 -2587.222941
-2443.827880 -2610.534808
-2431.725149 -2633.853276
-2419.555119 -2657.178343
-2407.317788 -2680.510010
-2395.013158 -2703.848277
-2382.641227 -2727.193144
-2370.201997 -2750.544611
-2357.695467 -2773.902677
-2345.121636 -2797.267344
-2332.480506 -2820.638611
-2319.772076 -2844.016478
-2306.996345 -2867.400944
-2294.153315 -2890.792011
-2281.242985 -2914.189678
-2268.265354 -2937.593944
-2255.220424 -2961.004811
-2242.108194 -2984.422277
-2228.928664 -3007.846343
-2215.681834 -3031.277010
-2202.367704 -3054.714276
-2188.986274 -3078.158142
-2175.537543 -3101.608608
-2162.021513 -3125.065674
-2148.438183 -3148.529340
-2134.787553 -3171.999606
-2121.069623 -3195.476472
-2107.284393 -3218.959938
-2093.431864 -3242.450004
-2079.512034 -3265.946670
-2065.524904 -3289.449935
-2051.470474 -3312.959801
-2037.348744 -3336.476267
-2023.159714 -3359.999332
-2008.903384 -3383.528998
-1994.579755 -3407.065263
-1980.192912 -3430.637041
-1965.741495 -3454.234694
-1951.225503 -3477.858222
-1936.644935 -3501.507625
-1921.999793 -3525.182903
-1907.290076 -3548.884056
-1892.515783 -3572.611084
-1877.676916 -3596.363986
-1862.773474 -3620.142764
-1847.805456 -3643.947417
-1832.772864 -3667.777945
-1817.675696 -3691.634348
-1802.513954 -3715.516626
-1787.287637 -3739.424778
-1771.996744 -3763.358806
-1756.641277 -3787.318709
-1741.221234 -3811.304487
-1725.736617 -3835.316139
-1710.187424 -3859.353667
-1694.573657 -3883.417070
-1678.895314 -3907.506348
-1663.152397 -3931.621500
-1647.344904 -3955.762528
-1631.472837 -3979.929431
-1615.536194 -4004.122208
-1599.534977 -4028.340861
-1583.469184 -4052.585389
-1567.338817 -4076.855791
-1551.143874 -4101.152069
-1534.884357 -4125.474221
-1518.560264 -4149.822249
-1502.171597 -4174.196152
-1485.718354 -4198.595929
-1469.200536 -4223.021582
-1452.618144 -4247.473109
-1435.971176 -4271.950512
-1419.259634 -4296.453789
-1402.483516 -4320.982942
-1385.642823 -4345.537969
-1368.737556 -4370.118872
-1351.820213 -4394.706337
-1334.873295 -4419.306801
-1317.896803 -4443.920266
-1300.890735 -4468.546731
-1283.855092 -4493.186196
-1266.789875 -4517.838661
-1249.695082 -4542.504125
-1232.570714 -4567.182590
-1215.416772 -4591.874055
-1198.233254 -4616.578519
-1181.020161 -4641.295984
-1163.777493 -4666.026448
-1146.505251 -4690.769913
-1129.203433 -4715.526377
-1111.872040 -4740.295842
-1094.511072 -4765.078306
-1077.120530 -4789.873771
-1059.700412 -4814.682235
-1042.250719 -4839.503699
-1024.771452 -4864.338164
-1007.262609 -4889.185628
-989.724191 -4914.046092
-972.156198 -4938.919556
-954.558630 -4963.806021
-936.931488 -4988.705485
-919.274770 -5013.617949
-901.588477 -5038.543413
-883.872609 -5063.481877
-866.127166 -5088.433341
-848.352149 -5113.397805
-830.547556 -5138.375269
-812.713388 -5163.365733
-794.849645 -5188.369196
-776.956327 -5213.385660
-759.033435 -5238.415124
-741.080967 -5263.457588
-723.098924 -5288.513052
-705.087306 -5313.581515
-687.046113 -5338.662979
-668.975345 -5363.757443
-650.861090 -5388.868806
-632.707985 -5413.995770
-614.516029 -5439.138333
-596.285224 -5464.296497
-578.015569 -5489.470260
-559.707064 -5514.659623
-541.359708 -5539.864587
-522.973503 -5565.085150
-504.548448 -5590.321313
-486.084543 -5615.573076
-467.581788 -5640.840440
-449.040182 -5666.123403
-430.459727 -5691.421966
-411.840422 -5716.736129
-393.182267 -5742.065892
-374.485262 -5767.411255
-355.749407 -5792.772218
-336.974702 -5818.148781
-318.161147 -5843.540943
-299.308742 -5868.948706
-280.417487 -5894.372069
-261.487382 -5919.811032
-242.518427 -5945.265594
-223.510622 -5970.735757
-204.463967 -5996.221520
-185.378462 -6021.722882
-166.254107 -6047.239845
-147.090902 -6072.772407
-127.888848 -6098.320570
-108.647943 -6123.884332
-89.368188 -6149.463694
-70.049583 -6175.058657
-50.692128 -6200.669219
-31.295823 -6226.295381
-11.860669 -6251.937143
7.613336 -6277.594505
27.126191 -6303.267467
46.677895 -6328.956029
66.268450 -6354.660191
85.897855 -6380.379953
105.540722 -6406.100690
125.205514 -6431.827277
144.892231 -6457.559714
164.600873 -6483.298001
184.331440 -6509.042138
204.083932 -6534.792125
223.858349 -6560.547962
243.654691 -6586.309648
263.472958 -6612.077185
283.313150 -6637.850572
303.175267 -6663.629809
323.059309 -6689.414896
342.965276 -6715.205832
362.893167 -6741.002619
382.842984 -6766.805256
402.814726 -6792.613742
422.808393 -6818.428079
442.823984 -6844.248265
462.861501 -6870.074302
482.920943 -6895.906189
503.002309 -6921.743925
523.105601 -6947.587512
543.230817 -6973.436948
563.377959 -6999.292235
583.547025 -7025.153371
603.738017 -7051.020358
623.950933 -7076.893194
644.185775 -7102.771880
664.442541 -7128.656417
684.721232 -7154.546803
705.021849 -7180.443040
725.344390 -7206.345126
745.688856 -7232.253062
766.055247 -7258.166849
786.443564 -7284.086485
806.853805 -7310.011971
827.285971 -7335.943307
847.740062 -7361.880493
868.216078 -7387.823530
888.714019 -7413.772416
909.245023 -7439.740277
929.805377 -7465.722738
950.395080 -7491.719799
971.014134 -7517.731460
991.662538 -7543.757722
1012.340291 -7569.798583
1033.047395 -7595.854044
1053.783849 -7621.924105
1074.549652 -7648.008766
1095.344806 -7674.108027
1116.169310 -7700.221888
1137.023164 -7726.350349
1157.906368 -7752.493411
1178.818921 -7778.651072
1199.760825 -7804.823333
1220.732079 -7831.010194
1241.732683 -7857.211655
1262.762637 -7883.427716
1283.821941 -7909.658377
1304.910595 -7935.903638
1326.028599 -7962.163499
1347.175953 -7988.437960
1368.352657 -8014.727021
1389.558711 -8041.030682
1410.794115 -8067.348943
1432.058869 -8093.681804
1453.352973 -8120.029265
1474.676427 -8146.391326
1496.029231 -8172.767987
1517.411385 -8199.159248
1538.822889 -8225.565109
1560.263743 -8251.985570
1581.733947 -8278.420631
1603.233501 -8304.870292
1624.762406 -8331.334553
1646.320660 -8357.813414
1667.908264 -8384.306875
1689.525218 -8410.814936
1711.171522 -8437.337597
1732.847177 -8463.874858
1754.543556 -8490.428556
1776.263535 -8516.998080
1798.007114 -8543.583428
1819.774294 -8570.184602
1841.565073 -8596.801600
1863.379452 -8623.434424
1885.217432 -8650.083072
1907.079011 -8676.747546
1928.964190 -8703.427844
1950.872970 -8730.123968
1972.805349 -8756.835916
1994.761328 -8783.563690
2016.740908 -8810.307288
2038.744087 -8837.066712
2060.770866 -8863.841961
2082.821246 -8890.633034
2104.895225 -8917.439933
2126.992804 -8944.262656
2149.113984 -8971.101205
2171.258763 -8997.955579
2193.427143 -9024.825777
2215.619122 -9051.711801
2237.834702 -9078.613650
2260.073881 -9105.531323
2282.336660 -9132.464822
2304.623040 -9159.414146
2326.933019 -9186.379295
2349.266599 -9213.360268
2371.623778 -9240.357067
2394.004558 -9267.369691
2416.408937 -9294.398140
2438.836917 -9321.442413
2461.288496 -9348.502512
2483.763676 -9375.578436
2506.262455 -9402.670185
2528.784835 -9429.777759
2551.330815 -9456.901157
2573.900394 -9484.040381
2596.493574 -9511.195430
2619.110353 -9538.366304
2641.754783 -9565.556078
2664.425512 -9592.763727
2687.122542 -9619.989250
2709.845872 -9647.232649
2732.595501 -9674.493923
2755.371431 -9701.773072
2778.173660 -9729.070095
2801.002190 -9756.384994
2823.857019 -9783.717767
2846.738149 -9811.068416
2869.645578 -9838.436939
2892.579308 -9865.823338
2915.539338 -9893.227611
2938.525667 -9920.649760
2961.538297 -9948.089783
2984.577226 -9975.547682
3007.642456 -10003.023455
3030.733985 -10030.517103
3053.851815 -10058.028627
3076.995944 -10085.558025
3100.166374 -10113.105298
3123.363103 -10140.670446
3146.586133 -10168.253470
3169.835463 -10195.854368
3193.111092 -10223.473141
3216.413022 -10251.109789
3239.741251 -10278.764312
3263.095781 -10306.436710
3286.476610 -10334.126983
3309.883740 -10361.835131
3333.317169 -10389.561154
3356.776899 -10417.305052
3380.262928 -10445.066825
3403.775258 -10472.846473
3427.313887 -10500.643996
3450.878817 -10528.459393
3474.470046 -10556.292666
3498.087576 -10584.143814
3521.731405 -10612.012837
3545.401535 -10639.899734
3569.095152 -10667.803982
3592.813194 -10695.725755
3616.555661 -10723.665052
3640.322553 -10751.621875
3664.113870 -10779.596222
3687.929612 -10807.588095
3711.769779 -10835.597493
3735.634371 -10863.624415
3759.523388 -10891.668863
3783.436831 -10919.730835
3807.374698 -10947.810333
3831.336990 -10975.907355
3855.323707 -11004.021902
3879.334849 -11032.153975
3903.370417 -11060.303572
3927.430409 -11088.470695
3951.514826 -11116.655342
3975.623668 -11144.857514
3999.756936 -11173.077212
4023.914628 -11201.314434
4048.096745 -11229.569181
4072.303288 -11257.841453
4096.534255 -11286.131251
4120.789647 -11314.438573
4145.069465 -11342.763420
4169.373707 -11371.105792
4193.702375 -11399.465689
4218.055467 -11427.843112
4242.432984 -11456.238059
4266.834927 -11484.650531
4291.261294 -11513.080528
4315.712087 -11541.528050
4340.187304 -11569.993097
4364.686947 -11598.475669
4389.211014 -11626.975766
4413.759507 -11655.493388
4438.332424 -11684.028535
4462.929767 -11712.581207
4487.551535 -11741.151404
4512.197727 -11769.739126
4536.862645 -11798.344335
4561.548188 -11826.967044
4586.254355 -11855.607254
4610.981148 -11884.264963
4635.728566 -11912.940173
4660.496608 -11941.632882
4685.285276 -11970.343091
4710.094569 -11999.070801
4734.924487 -12027.816010
4759.775029 -12056.578719
4784.646197 -12085.358928
4809.537990 -12114.156638
4834.450408 -12142.971847
4859.383451 -12171.804556
4884.337119 -12200.654766
4909.311412 -12229.522475
4934.306330 -12258.407684
4959.321873 -12287.310393
4984.358041 -12316.230603
5009.414834 -12345.168312
5034.492252 -12374.123521
5059.590295 -12403.096230
5084.708963 -12432.086439
5109.848256 -12461.094149
5135.008174 -12490.119358
5160.188717 -12519.162067
5185.389886 -12548.222276
5210.611679 -12577.299985
5235.854097 -12606.395194
5261.117140 -12635.507903
5286.400809 -12664.638113
5311.705102 -12693.785822
5337.030020 -12722.951031
5362.375564 -12752.133740
5387.741732 -12781.333949
5413.128525 -12810.551658
5438.535944 -12839.786867
5463.963987 -12869.039576
5489.412656 -12898.309785
5514.881949 -12927.597494
5540.367367 -12956.904166
5565.870411 -12986.229312
5591.391079 -13015.572933
5616.929372 -13044.935030
5642.485291 -13074.315601
5668.058834 -13103.714648
5693.650002 -13133.132169
5719.258795 -13162.568165
5744.885213 -13192.022636
5770.529256 -13221.495582
5796.190925 -13250.987004
5821.870218 -13280.496900
5847.567136 -13310.025271
5873.281679 -13339.572117
5899.013846 -13369.137438
5924.763639 -13398.721234
5950.531057 -13428.323505
5976.316100 -13457.944251
6002.118768 -13487.583472
6027.939061 -13517.241167
6053.776978 -13546.917338
6079.632521 -13576.611984
6105.505689 -13606.325105
6131.396481 -13636.056700
6157.304899 -13665.806771
6183.230942 -13695.575317
6209.174609 -13725.362337
6235.135902 -13755.167833
6261.114819 -13784.991804
6287.111361 -13814.834249
6313.125529 -13844.695169
6339.157321 -13874.574565
6365.206739 -13904.472435
6391.273781 -13934.388781
6417.358448 -13964.323601
6443.460740 -13994.276896
6469.580658 -14024.248667
6495.718200 -14054.238912
6521.873367 -14084.247632
6548.046159 -14114.274827
6574.239464 -14144.323160
6600.452318 -14174.391743
6626.684723 -14204.480575
6652.936677 -14234.589658
6679.208182 -14264.718991
6705.499236 -14294.868573
6731.809841 -14325.038406
6758.139995 -14355.228488
6784.489699 -14385.438821
6810.858954 -14415.669404
6837.247758 -14445.920236
6863.656113 -14476.191319
6890.084017 -14506.482651
6916.531471 -14536.794234
6942.998475 -14567.126067
6969.485030 -14597.478149
6995.991134 -14627.850482
7022.516788 -14658.243064
7049.061992 -14688.655897
7075.626746 -14719.088979
7102.211050 -14749.542312
7128.814905 -14780.015894
7155.438309 -14810.509727
7182.081263 -14841.023809
7208.743767 -14871.558142
7235.425821 -14902.112724
7262.127425 -14932.687557
7288.848579 -14963.282639
7315.589283 -14993.897972
7342.349537 -15024.533554
7369.129340 -15055.189387
7395.928694 -15085.865469
7422.747598 -15116.561802
7449.586052 -15147.278384
7476.444056 -15178.015217
7503.321610 -15208.772299
7530.218713 -15239.549631
7557.135367 -15270.347214
7584.071571 -15301.165046
7611.027324 -15332.003129
7638.011066 -15362.868173
7665.019982 -15393.757943
7692.054073 -15424.672438
7719.113339 -15455.611658
7746.197780 -15486.575603
7773.307396 -15517.564273
7800.442187 -15548.577667
7827.602153 -15579.615787
7854.787294 -15610.678632
7881.997610 -15641.766202
7909.233101 -15672.878497
7936.493767 -15704.015516
7963.779608 -15735.177261
7991.090624 -15766.363731
8018.426815 -15797.574926
8045.788181 -15828.810845
8073.174722 -15860.071490
8100.586437 -15891.356860
8128.023328 -15922.666955
8155.485394 -15954.001774
8182.972635 -15985.361319
8210.485050 -16016.745589
8238.022641 -16048.154583
8265.585407 -16079.588303
8293.173347 -16111.046747
8320.786463 -16142.529917
8348.424754 -16174.037812
8376.088219 -16205.570431
8403.776860 -16237.127776
8431.490676 -16268.709846
8459.229666 -16300.316640
8486.993832 -16331.948160
8514.783172 -16363.604404
8542.597688 -16395.285374
8570.437378 -16426.991068
8598.302243 -16458.721488
8626.192284 -16490.476632
8654.107499 -16522.256502
8682.047890 -16554.061096
8710.013455 -16585.890416
8738.000220 -16617.743223
8766.009511 -16649.619930
8794.041326 -16681.520537
8822.095666 -16713.445044
8850.172532 -16745.393451
8878.271922 -16777.365758
8906.393837 -16809.361965
8934.538278 -16841.382072
8962.705243 -16873.426079
8990.894733 -16905.493986
9019.106749 -16937.585793
9047.341289 -16969.701499
9075.598354 -17001.841106
9103.877944 -17034.004613
9132.180060 -17066.192020
9160.504700 -17098.403327
9188.851865 -17130.638534
9217.221555 -17162.897641
9245.613771 -17195.180648
9274.028511 -17227.487555
9302.465776 -17259.818362
9330.925566 -17292.173068
9359.407882 -17324.551675
9387.912722 -17356.954182
9416.440087 -17389.380589
9444.989977 -17421.830896
9473.562392 -17454.305103
9502.157333 -17486.803210
9530.774798 -17519.325216
9559.414788 -17551.871123
9588.077303 -17584.440930
9616.762343 -17617.034637
9645.469909 -17649.652244
9674.199999 -17682.293751
9702.952614 -17714.959157
9731.727754 -17747.648464
9760.525419 -17780.361671
9789.345609 -17813.098778
9818.188324 -17845.859785
9847.053564 -17878.644691
