-0.050637 0.035675
-0.134700 0.095800
-0.252187 0.180375
-0.403100 0.289400
-0.587437 0.422875
-0.805200 0.580800
-1.056387 0.763175
-1.341000 0.970000
-1.659037 1.201275
-2.010499 1.457000
-2.395387 1.737175
-2.813699 2.041800
-3.265437 2.370875
-3.750599 2.724400
-4.269186 3.102375
-4.821199 3.504800
-5.406636 3.931675
-6.025498 4.383000
-6.677786 4.858775
-7.363498 5.359000
-8.082636 5.883675
-8.835198 6.432800
-9.621185 7.006375
-10.440598 7.604400
-11.293435 8.226875
-12.179697 8.873800
-13.099384 9.545176
-14.052496 10.241000
-15.039033 10.961275
-16.058994 11.706000
-17.112381 12.475176
-18.199192 13.268801
-19.319429 14.086876
-20.473091 14.929401
-21.660177 15.796376
-22.880690 16.687801
-24.134626 17.603676
-25.421988 18.544001
-26.742775 19.508776
-28.096987 20.498001
-29.483648 21.512726
-30.903086 22.552601
-32.355297 23.617626
-33.840282 24.707802
-35.358044 25.823128
-36.908581 26.963604
-38.491894 28.129229
-40.107983 29.320004
-41.756844 30.535929
-43.438480 31.777004
-45.152893 33.043228
-46.900082 34.334602
-48.680042 35.651127
-50.492779 36.992802
-52.338291 38.359627
-54.216579 39.751602
-56.127644 41.168728
-58.071480 42.611004
-60.048092 44.078430
-62.057480 45.571007
-64.099640 47.088734
-66.174576 48.631611
-68.282288 50.199638
-70.422775 51.792816
-72.596039 53.411144
-74.802078 55.054619
-77.040894 56.723244
-79.312477 58.417019
-81.616837 60.135944
-83.953972 61.880020
-86.323883 63.649246
-88.726570 65.443626
-91.162033 67.263153
-93.630272 69.107834
-96.131287 70.977661
-98.665070 72.872635
-101.231628 74.792763
-103.830963 76.738037
-106.463074 78.708466
-109.127960 80.704041
-111.821945 82.728333
-114.546257 84.780144
-117.300896 86.859482
-120.085854 88.966347
-122.901138 91.100739
-125.746750 93.262650
-128.622681 95.452087
-131.528946 97.669052
-134.465530 99.913544
-137.432434 102.185555
-140.429672 104.485092
-143.457230 106.812157
-146.515121 109.166748
-149.603333 111.548859
-152.721863 113.958496
-155.870728 116.395660
-159.049911 118.860352
-162.259415 121.352562
-165.499252 123.872299
-168.769409 126.419563
-172.069901 128.994354
-175.400711 131.596664
-178.761841 134.226501
-182.153305 136.883865
-185.575089 139.568756
-189.027191 142.281174
-192.509628 145.021118
-196.022385 147.788574
-199.565475 150.583557
-203.138885 153.406067
-206.742615 156.256104
-210.376678 159.133667
-214.041061 162.038757
-217.735764 164.971375
-221.460800 167.931519
-225.216156 170.919174
-229.001846 173.934357
-232.817856 176.977066
-236.664185 180.047302
-240.540848 183.145065
-244.435196 186.234467
-248.351440 189.327469
-252.289581 192.424072
-256.249634 195.524277
-260.231567 198.628082
-264.235413 201.735489
-268.261169 204.846481
-272.308807 207.961075
-276.378357 211.079269
-280.469818 214.201065
-284.583160 217.326462
-288.718414 220.455460
-292.875549 223.588058
-297.054596 226.724258
-301.255554 229.864059
-305.478394 233.007462
-309.723145 236.154465
-313.989807 239.305069
-318.278351 242.459274
-322.588806 245.617065
-326.921143 248.778458
-331.275391 251.943451
-335.651550 255.112045
-340.049591 258.284241
-344.469543 261.460052
-348.911407 264.639435
-353.375153 267.822418
-357.860809 271.009003
-362.368347 274.199188
-366.897797 277.392975
-371.449158 280.590363
-376.022400 283.791351
-380.617554 286.995941
-385.234619 290.204132
-389.873566 293.415924
-394.534424 296.631317
-399.217163 299.850311
-403.921814 303.072906
-408.648376 306.299103
-413.396820 309.528900
-418.151672 312.748749
-422.918121 315.963196
-427.696136 319.172211
-432.485718 322.375793
-437.286896 325.573944
-442.099640 328.766663
-446.923950 331.953979
-451.759827 335.135864
-456.607300 338.312317
-461.466339 341.483337
-466.336945 344.648956
-471.219147 347.809143
-476.112915 350.963898
-481.018250 354.113220
-485.935181 357.257141
-490.863678 360.395630
-495.803741 363.528687
-500.755371 366.656311
-505.718597 369.778534
-510.693390 372.895325
-515.679749 376.006683
-520.677673 379.112610
-525.687195 382.213104
-530.708313 385.308197
-535.740967 388.397858
-540.785217 391.482086
-545.841064 394.560883
-550.908447 397.634277
-555.987427 400.702240
-561.078003 403.764771
-566.180115 406.821869
-571.293823 409.873566
-576.419067 412.919830
-581.555908 415.960663
-586.704346 418.996063
-591.864319 422.026062
-597.035889 425.050629
-602.219055 428.069763
-607.413757 431.083466
-612.620056 434.091736
-617.827698 437.142944
-623.040100 440.220947
-628.257263 443.325745
-633.479126 446.457336
-638.705750 449.615723
-643.937134 452.800903
-649.173279 456.012909
-654.414185 459.251709
-659.659851 462.517303
-664.910217 465.809692
-670.165344 469.128876
-675.425232 472.474884
-680.689880 475.847687
-685.959290 479.247284
-691.233398 482.673676
-696.512268 486.126862
-701.795898 489.606842
-707.084290 493.113647
-712.377441 496.647247
-717.675354 500.207642
-722.977966 503.794830
-728.285339 507.408813
-733.597473 511.049622
-738.914368 514.717224
-744.236023 518.411621
-749.562439 522.132812
-754.893555 525.880798
-760.229431 529.655579
-765.570068 533.457153
-770.915466 537.285522
-776.265625 541.140686
-781.620544 545.022705
-786.980164 548.931519
-792.344543 552.867126
-797.713684 556.829529
-803.087585 560.818726
-808.466248 564.834717
-813.849670 568.877502
-819.237793 572.947083
-824.630676 577.043457
-830.006836 581.167236
-835.373413 585.318176
-840.730408 589.496277
-846.077820 593.701538
-851.415649 597.934021
-856.743958 602.193665
-862.062683 606.480469
-867.371826 610.794434
-872.671387 615.135620
-877.961365 619.503967
-883.241760 623.899475
-888.512573 628.322144
-893.773804 632.771973
-899.025513 637.249023
-904.267639 641.753235
-909.500183 646.284607
-914.723145 650.843140
-919.936523 655.428894
-925.140320 660.041809
-930.334534 664.681885
-935.519165 669.349121
-940.694275 674.043579
-945.859802 678.765198
-951.015747 683.513977
-956.162109 688.289917
-961.298889 693.093018
-966.426086 697.923340
-971.543701 702.780823
-976.651733 707.665466
-981.750244 712.577271
-986.839172 717.516296
-991.918518 722.482483
-996.988281 727.475830
-1002.048462 732.496338
-1007.099060 737.544067
-1012.140076 742.618958
-1017.171509 747.721008
-1022.193420 752.850220
-1027.205688 758.006653
-1032.208374 763.190247
-1037.216675 768.422058
-1042.225464 773.695068
-1047.234741 779.009277
-1052.244507 784.364685
-1057.254761 789.761292
-1062.265503 795.199097
-1067.276733 800.678101
-1072.288452 806.198303
-1077.300781 811.759705
-1082.313599 817.362305
-1087.326904 823.006104
-1092.340698 828.691101
-1097.354980 834.417297
-1102.369751 840.184692
-1107.385010 845.993286
-1112.400757 851.843079
-1117.416992 857.734070
-1122.433716 863.666260
-1127.451050 869.639648
-1132.468872 875.654236
-1137.487183 881.710022
-1142.505981 887.807007
-1147.525269 893.945190
-1152.545044 900.124573
-1157.565308 906.345154
-1162.586060 912.606934
-1167.607300 918.909912
-1172.629028 925.254089
-1177.651367 931.639465
-1182.674194 938.066040
-1187.697510 944.533813
-1192.721313 951.042786
-1197.745605 957.592957
-1202.770386 964.184326
-1207.795654 970.816895
-1212.821411 977.490723
-1217.847656 984.205750
-1222.874390 990.961975
-1227.901733 997.759399
-1232.929565 1004.598022
-1237.950317 1011.490540
-1242.966553 1018.432739
-1247.978271 1025.424561
-1252.985474 1032.466064
-1257.988159 1039.557251
-1262.986328 1046.698120
-1267.979980 1053.888672
-1272.968994 1061.128906
-1277.953491 1068.418823
-1282.933472 1075.758423
-1287.908936 1083.147705
-1292.879883 1090.586670
-1297.846313 1098.075317
-1302.808228 1105.613647
-1307.765625 1113.201660
-1312.718506 1120.839355
-1317.666870 1128.526611
-1322.610718 1136.263550
-1327.550049 1144.050171
-1332.484863 1151.886475
-1337.415161 1159.772461
-1342.340820 1167.708130
-1347.261963 1175.693481
-1352.178589 1183.728516
-1357.090698 1191.813232
-1361.998291 1199.947632
-1366.901367 1208.131714
-1371.799927 1216.365479
-1376.693970 1224.648926
-1381.583496 1232.982056
-1386.468506 1241.364868
-1391.348999 1249.797363
-1396.224976 1258.279419
-1401.096436 1266.811157
-1405.963379 1275.392578
-1410.825684 1284.023682
-1415.683472 1292.704468
-1420.536743 1301.434937
-1425.385498 1310.215088
-1430.229736 1319.044922
-1435.059448 1327.879517
-1439.877930 1336.733887
-1444.685181 1345.607910
-1449.481201 1354.501709
-1454.265991 1363.415161
-1459.039551 1372.348389
-1463.801880 1381.301270
-1468.552979 1390.273926
-1473.292847 1399.266357
-1478.021484 1408.278442
-1482.738892 1417.310303
-1487.445068 1426.361816
-1492.140015 1435.433105
-1496.823730 1444.524170
-1501.496216 1453.634888
-1506.157471 1462.765381
-1510.807495 1471.915527
-1515.446411 1481.085449
-1520.074097 1490.275024
-1524.690552 1499.484375
-1529.295776 1508.713501
-1533.889771 1517.962280
-1538.472534 1527.230835
-1543.044067 1536.519043
-1547.604370 1545.827026
-1552.153442 1555.154785
-1556.691284 1564.502197
-1561.217896 1573.869385
-1565.733276 1583.256226
-1570.237427 1592.662842
-1574.730347 1602.089111
-1579.212036 1611.535156
-1583.682495 1621.000977
-1588.141724 1630.486450
-1592.589722 1639.991699
-1597.026489 1649.516602
-1601.452026 1659.061279
-1605.866333 1668.625732
-1610.269409 1678.209839
-1614.661255 1687.813721
-1619.072144 1697.427246
-1623.491943 1707.053711
-1627.920654 1716.693237
-1632.358276 1726.345703
-1636.804932 1736.011230
-1641.260498 1745.689697
-1645.724976 1755.381226
-1650.198364 1765.085693
-1654.680664 1774.803223
-1659.171875 1784.533691
-1663.671997 1794.277222
-1668.181030 1804.033691
-1672.698975 1813.803223
-1677.225952 1823.585693
-1681.761841 1833.381226
-1686.306641 1843.189697
-1690.860352 1853.011230
-1695.422974 1862.845703
-1699.994507 1872.693237
-1704.574951 1882.553711
-1709.164307 1892.427246
-1713.762695 1902.313721
-1718.369995 1912.213257
-1722.986206 1922.125732
-1727.611328 1932.051270
-1732.245361 1941.989746
-1736.888306 1951.941284
-1741.540161 1961.905762
-1746.200928 1971.883301
-1750.870605 1981.873779
-1755.549316 1991.877197
-1760.236938 2001.893677
-1764.933472 2011.923096
-1769.638916 2021.965576
-1774.353271 2032.020996
-1779.076538 2042.089478
-1783.808716 2052.170898
-1788.549805 2062.265381
-1793.299805 2072.372803
-1798.058838 2082.493164
-1802.831543 2092.652588
-1807.616333 2102.842529
-1812.413330 2113.062744
-1817.222412 2123.313232
-1822.043579 2133.594238
-1826.876953 2143.905518
-1831.722412 2154.247070
-1836.579956 2164.618896
-1841.449707 2175.021240
-1846.331543 2185.453857
-1851.225464 2195.916748
-1856.131592 2206.410156
-1861.049805 2216.933838
-1865.980103 2227.487793
-1870.922607 2238.072266
-1875.877197 2248.687012
-1880.843872 2259.332031
-1885.822754 2270.007568
-1890.813721 2280.713379
-1895.816772 2291.449463
-1900.832031 2302.216064
-1905.859375 2313.012939
-1910.898804 2323.840088
-1915.950439 2334.697510
-1921.014160 2345.585449
-1926.089966 2356.503662
-1931.177979 2367.452148
-1936.278076 2378.431152
-1941.390259 2389.440430
-1946.514648 2400.479980
-1951.651123 2411.550049
-1956.799683 2422.650391
-1961.960327 2433.781006
-1967.133179 2444.942139
-1972.318115 2456.133545
-1977.515137 2467.355225
-1982.724365 2478.607422
-1987.945679 2489.889893
-1993.179077 2501.202637
-1998.424683 2512.545654
-2003.651001 2523.904297
-2008.868530 2535.283447
-2014.077271 2546.683105
-2019.277222 2558.103027
-2024.468384 2569.543457
-2029.650757 2581.004395
-2034.824219 2592.485840
-2039.988892 2603.987549
-2045.144775 2615.509766
-2050.291992 2627.052490
-2055.430420 2638.615723
-2060.559814 2650.199219
-2065.680420 2661.803223
-2070.792236 2673.427734
-2075.895264 2685.072754
-2080.989502 2696.738037
-2086.074951 2708.423828
-2091.151611 2720.130127
-2096.219482 2731.856934
-2101.278564 2743.604004
-2106.328857 2755.371582
-2111.370361 2767.159668
-2116.403076 2778.968262
-2121.427002 2790.797119
-2126.442139 2802.646484
-2131.448486 2814.516357
-2136.446045 2826.406738
-2141.434814 2838.317627
-2146.414795 2850.248779
-2151.385986 2862.200439
-2156.348389 2874.172607
-2161.302002 2886.165283
-2166.246826 2898.178223
-2171.182861 2910.211670
-2176.109863 2922.265625
-2181.028076 2934.340088
-2185.937500 2946.434814
-2190.838135 2958.550049
-2195.729980 2970.685791
-2200.613037 2982.842041
-2205.496094 2994.998535
-2210.376221 3007.161865
-2215.253418 3019.332275
-2220.127686 3031.509766
-2224.999023 3043.694092
-2229.867432 3055.885498
-2234.732910 3068.083984
-2239.595459 3080.289551
-2244.454834 3092.501953
-2249.311279 3104.721436
-2254.164795 3116.947998
-2259.015381 3129.181396
-2263.863037 3141.421875
-2268.707764 3153.669434
-2273.549561 3165.923828
-2278.388428 3178.185303
-2283.224365 3190.453857
-2288.057373 3202.729248
-2292.887451 3215.011719
-2297.714600 3227.301270
-2302.538574 3239.597656
-2307.359619 3251.901123
-2312.177734 3264.211670
-2316.992920 3276.529053
-2321.805176 3288.853516
-2326.614502 3301.185059
-2331.420898 3313.523438
-2336.224365 3325.868896
-2341.024902 3338.221436
-2345.822510 3350.580811
-2350.617188 3362.947266
-2355.408936 3375.320801
-2360.197510 3387.701172
-2364.983154 3400.088623
-2369.765869 3412.483154
-2374.545654 3424.884521
-2379.322510 3437.292969
-2384.096436 3449.708496
-2388.867432 3462.130859
-2393.635498 3474.560303
-2398.415039 3487.011963
-2403.201172 3499.480713
-2407.993896 3511.966797
-2412.793213 3524.469971
-2417.599365 3536.990234
-2422.412109 3549.527588
-2427.231445 3562.082275
-2432.057373 3574.654053
-2436.890137 3587.242920
-2441.729492 3599.848877
-2446.575439 3612.472168
-2451.427979 3625.112549
-2456.287354 3637.770020
-2461.153320 3650.444580
-2466.025879 3663.136230
-2470.905029 3675.845215
-2475.791016 3688.571289
-2480.683594 3701.314453
-2485.582764 3714.074707
-2490.488525 3726.852295
-2495.401123 3739.646973
-2500.320312 3752.458740
-2505.246094 3765.287598
-2510.178467 3778.133789
-2515.117432 3790.997070
-2520.063232 3803.877441
-2525.015625 3816.774902
-2529.974609 3829.689697
-2534.940186 3842.621582
-2539.912598 3855.570557
-2544.891602 3868.536621
-2549.877197 3881.520020
-2554.869385 3894.520508
-2559.868408 3907.538086
-2564.874023 3920.572754
-2569.886230 3933.624756
-2574.905029 3946.693848
-2579.930664 3959.780029
-2584.962891 3972.883301
-2590.001709 3986.003906
-2595.027100 3999.119629
-2600.045654 4012.238037
-2605.057373 4025.358887
-2610.062500 4038.482422
-2615.060791 4051.608398
-2620.052246 4064.736816
-2625.036865 4077.867920
-2630.014893 4091.001465
-2634.986084 4104.137695
-2639.950439 4117.276367
-2644.907959 4130.417480
-2649.858887 4143.561523
-2654.802979 4156.708008
-2659.740234 4169.856934
-2664.670654 4183.008301
-2669.594482 4196.162109
-2674.511475 4209.318848
-2679.421631 4222.478027
-2684.324951 4235.639648
-2689.221680 4248.803711
-2694.111572 4261.970703
-2698.994629 4275.140137
-2703.870850 4288.312012
-2708.740479 4301.486328
-2713.603271 4314.663086
-2718.459229 4327.842773
-2723.308350 4341.024902
-2728.150879 4354.209473
-2732.986572 4367.396484
-2737.815430 4380.586426
-2742.637451 4393.778809
-2747.452881 4406.973633
-2752.261475 4420.170898
-2757.063232 4433.370605
-2761.858154 4446.573242
-2766.646484 4459.778320
-2771.427979 4472.985840
-2776.202637 4486.195801
-2780.970459 4499.408691
-2785.731689 4512.624023
-2790.492676 4525.806641
-2795.251221 4538.968262
-2800.007568 4552.108887
-2804.761475 4565.228516
-2809.512939 4578.327148
-2814.262207 4591.404785
-2819.009033 4604.461426
-2823.753662 4617.497070
-2828.495850 4630.511719
-2833.235596 4643.505371
-2837.973145 4656.478027
-2842.708252 4669.429688
-2847.440918 4682.360352
-2852.171387 4695.270020
-2856.899414 4708.158691
-2861.625244 4721.026367
-2866.348633 4733.873047
-2871.069580 4746.698730
-2875.788330 4759.503906
-2880.504639 4772.288086
-2885.218506 4785.051270
-2889.930176 4797.793457
-2894.639404 4810.514648
-2899.346436 4823.214844
-2904.051025 4835.894043
-2908.753174 4848.552246
-2913.453125 4861.189453
-2918.150635 4873.805664
-2922.845703 4886.400879
-2927.538574 4898.975098
-2932.229004 4911.528320
-2936.917236 4924.060547
-2941.603027 4936.571777
-2946.286377 4949.062012
-2950.967529 4961.531250
-2955.646240 4973.979492
-2960.322510 4986.406738
-2964.996582 4998.812988
-2969.668213 5011.198242
-2974.337646 5023.562500
-2979.018066 5035.954102
-2983.705322 5048.356934
-2988.399170 5060.770508
-2993.099609 5073.195312
-2997.806641 5085.631348
-3002.520264 5098.078125
-3007.240723 5110.536133
-3011.967773 5123.005371
-3016.701416 5135.485352
-3021.441650 5147.976562
-3026.188721 5160.479004
-3030.942383 5172.992188
-3035.702637 5185.516602
-3040.469482 5198.052246
-3045.243164 5210.598633
-3050.023438 5223.156250
-3054.810303 5235.725098
-3059.603760 5248.304688
-3064.404053 5260.895508
-3069.210938 5273.497559
-3074.024414 5286.110840
-3078.844482 5298.734863
-3083.671387 5311.370117
-3088.504883 5324.016602
-3093.344971 5336.673828
-3098.191650 5349.342285
-3103.044922 5362.021973
-3107.905029 5374.712402
-3112.771729 5387.414062
-3117.645020 5400.126953
-3122.524902 5412.850586
-3127.411621 5425.585449
-3132.304932 5438.331543
-3137.204834 5451.088379
-3142.111328 5463.856445
-3147.024658 5476.635742
-3151.944580 5489.425781
-3156.871094 5502.227051
-3161.804199 5515.039551
-3166.744141 5527.862793
-3171.666016 5540.691406
-3176.578125 5553.527344
-3181.480469 5566.370605
-3186.373047 5579.220703
-3191.255859 5592.078125
-3196.128906 5604.942871
-3200.992188 5617.814453
-3205.845703 5630.693359
-3210.689453 5643.579590
-3215.523438 5656.472656
-3220.347656 5669.373047
-3225.161865 5682.280762
-3229.966309 5695.195801
-3234.760986 5708.117676
-3239.545898 5721.046875
-3244.321045 5733.983398
-3249.086426 5746.926758
-3253.842041 5759.877441
-3258.587891 5772.835449
-3263.323975 5785.800293
-3268.050293 5798.772461
-3272.766846 5811.751953
-3277.473633 5824.738281
-3282.170654 5837.731934
-3286.857910 5850.732910
-3291.535400 5863.741211
-3296.203125 5876.756348
-3300.861084 5889.778809
-3305.509277 5902.808594
-3310.147705 5915.845215
-3314.776367 5928.889160
-3319.395264 5941.940430
-3324.004395 5954.998535
-3328.603760 5968.063965
-3333.193359 5981.136719
-3337.773193 5994.216797
-3342.343262 6007.303711
-3346.903320 6020.397949
-3351.453613 6033.499512
-3355.994141 6046.607910
-3360.541260 6059.726562
-3365.089600 6072.854492
-3369.639160 6085.991699
-3374.189941 6099.138184
-3378.741699 6112.293945
-3383.294678 6125.458984
-3387.848877 6138.633301
-3392.404053 6151.816895
-3396.960449 6165.009766
-3401.518066 6178.211914
-3406.076904 6191.423340
-3410.636719 6204.644043
-3415.197754 6217.874023
-3419.760010 6231.113281
-3424.323242 6244.361816
-3428.887695 6257.619629
-3433.453369 6270.886230
-3438.020264 6284.162109
-3442.588135 6297.447266
-3447.157227 6310.741699
-3451.727539 6324.045410
-3456.298828 6337.358398
-3460.871338 6350.680664
-3465.445068 6364.012207
-3470.020020 6377.353027
-3474.595947 6390.703125
-3479.173096 6404.062500
-3483.751465 6417.431152
-3488.330811 6430.809082
-3492.911377 6444.196289
-3497.493164 6457.592773
-3502.076172 6470.998535
-3506.660156 6484.413574
-3511.245361 6497.837891
-3515.831787 6511.270996
-3520.419189 6524.713379
-3525.007812 6538.165039
-3529.597656 6551.625977
-3534.188477 6565.096191
-3538.780518 6578.575684
-3543.349365 6592.082031
-3547.902832 6605.609375
-3552.441162 6619.157715
-3556.964355 6632.726562
-3561.472412 6646.316406
-3565.965332 6659.927246
-3570.443115 6673.559082
-3574.905762 6687.211914
-3579.353027 6700.885254
-3583.785156 6714.579590
-3588.202148 6728.294922
-3592.604004 6742.031250
-3596.990723 6755.788574
-3601.362305 6769.566406
-3605.718506 6783.365234
-3610.059570 6797.185059
-3614.385498 6811.025879
-3618.696289 6824.887695
-3622.991943 6838.770020
-3627.272461 6852.673340
-3631.537598 6866.597656
-3635.787598 6880.542969
-3640.022461 6894.509277
-3644.242188 6908.496094
-3648.446777 6922.503906
-3652.636230 6936.532715
-3656.810547 6950.582520
-3660.969482 6964.653320
-3665.113281 6978.744629
-3669.241943 6992.856934
-3673.355469 7006.990234
-3677.453857 7021.144531
-3681.537109 7035.319824
-3685.604980 7049.515625
-3689.657715 7063.732422
-3693.695312 7077.970215
-3697.717773 7092.229004
-3701.725098 7106.508789
-3705.717285 7120.809082
-3709.694336 7135.130371
-3713.670166 7149.473145
-3717.640137 7163.836914
-3721.604248 7178.222168
-3725.562500 7192.628418
-3729.514893 7207.056152
-3733.461670 7221.504883
-3737.402588 7235.974609
-3741.337646 7250.465820
-3745.266846 7264.978027
-3749.190186 7279.511719
-3753.107666 7294.066406
-3757.019287 7308.642578
-3760.925049 7323.239746
-3764.825195 7337.857910
-3768.719482 7352.497559
-3772.607910 7367.158203
-3776.490479 7381.840332
-3780.367188 7396.543457
-3784.238037 7411.267578
-3788.103027 7426.013184
-3791.962402 7440.779785
-3795.815918 7455.567871
-3799.663574 7470.376953
-3803.505371 7485.207520
-3807.341309 7500.059082
-3811.171387 7514.931641
-3814.995605 7529.825684
-3818.814209 7544.740723
-3822.626953 7559.677246
-3826.433838 7574.634766
-3830.234863 7589.613281
-3834.030029 7604.613281
-3837.819336 7619.634277
-3841.602783 7634.676758
-3845.380615 7649.740234
-3849.152588 7664.825195
-3852.918701 7679.931152
-3856.678955 7695.058105
-3860.433350 7710.206543
-3864.181885 7725.375977
-3867.945312 7740.568848
-3871.716797 7755.784180
-3875.496094 7771.021973
-3879.283447 7786.282227
-3883.078613 7801.564941
-3886.881836 7816.870117
-3890.692871 7832.197754
-3894.511963 7847.547852
-3898.339111 7862.920410
-3902.174072 7878.315430
-3906.017090 7893.732910
-3909.867920 7909.172852
-3913.726807 7924.635254
-3917.593506 7940.120117
-3921.468262 7955.627441
-3925.351074 7971.157227
-3929.241699 7986.709473
-3933.140381 8002.284180
-3937.046875 8017.881348
-3940.961426 8033.500977
-3944.883789 8049.143066
-3948.814209 8064.807617
-3952.752441 8080.494629
-3956.698730 8096.204102
-3960.653076 8111.936035
-3964.615234 8127.690430
-3968.585449 8143.467285
-3972.563477 8159.266602
-3976.549561 8175.088379
-3980.543457 8190.932617
-3984.545410 8206.799805
-3988.555420 8222.689453
-3992.573242 8238.601562
-3996.599121 8254.536133
-4000.632812 8270.493164
-4004.674561 8286.472656
-4008.724121 8302.474609
-4012.781738 8318.499023
-4016.847168 8334.545898
-4020.920654 8350.615234
-4024.993652 8366.699219
-4029.069092 8382.800781
-4033.146973 8398.919922
-4037.227295 8415.055664
-4041.310059 8431.208984
-4045.395264 8447.379883
-4049.482666 8463.568359
-4053.572510 8479.773438
-4057.664795 8495.996094
-4061.759521 8512.236328
-4065.856689 8528.494141
-4069.956299 8544.768555
-4074.058105 8561.060547
-4078.162354 8577.370117
-4082.269043 8593.697266
-4086.378174 8610.041016
-4090.489746 8626.402344
-4094.603760 8642.781250
-4098.720215 8659.177734
-4102.838867 8675.591797
-4106.959961 8692.022461
-4111.083496 8708.470703
-4115.209473 8724.936523
-4119.337891 8741.419922
-4123.468750 8757.919922
-4127.602051 8774.437500
-4131.737793 8790.972656
-4135.875488 8807.525391
-4140.015625 8824.094727
-4144.158203 8840.681641
-4148.303223 8857.286133
-4152.450684 8873.908203
-4156.600586 8890.546875
-4160.752930 8907.203125
-4164.907715 8923.876953
-4169.064941 8940.568359
-4173.224609 8957.277344
-4177.386719 8974.002930
-4181.551270 8990.746094
-4185.717773 9007.506836
-4189.900391 9024.270508
-4194.094238 9041.041016
-4198.299316 9057.819336
-4202.515625 9074.605469
-4206.743164 9091.398438
-4210.981934 9108.199219
-4215.231934 9125.007812
-4219.493164 9141.823242
-4223.765625 9158.646484
-4228.049316 9175.477539
-4232.344727 9192.316406
-4236.651367 9209.162109
-4240.969238 9226.015625
-4245.298340 9242.876953
-4249.638672 9259.745117
-4253.990234 9276.621094
-4258.353027 9293.504883
-4262.727051 9310.396484
-4267.112305 9327.294922
-4271.508789 9344.201172
-4275.916504 9361.115234
-4280.335938 9378.036133
-4284.766602 9394.964844
-4289.208496 9411.901367
-4293.661621 9428.844727
-4298.125977 9445.795898
-4302.601562 9462.754883
-4307.088379 9479.721680
-4311.586426 9496.695312
-4316.095703 9513.676758
-4320.616211 9530.666016
-4325.147949 9547.662109
-4329.691406 9564.666016
-4334.246094 9581.677734
-4338.812012 9598.697266
-4343.389160 9615.723633
-4347.977539 9632.757812
-4352.577148 9649.799805
-4357.187988 9666.848633
-4361.810059 9683.905273
-4366.455078 9700.947266
-4371.119141 9717.981445
-4375.802246 9735.007812
-4380.504395 9752.027344
-4385.225586 9769.039062
-4389.966309 9786.042969
-4394.726074 9803.039062
-4399.504883 9820.028320
-4404.302734 9837.009766
-4409.119629 9853.983398
-4413.955566 9870.950195
-4418.810547 9887.909180
-4423.684570 9904.860352
-4428.577637 9921.803711
-4433.489746 9938.740234
-4438.420898 9955.668945
-4443.371094 9972.589844
-4448.340332 9989.503906
-4453.328613 10006.410156
-4458.335938 10023.308594
-4463.362793 10040.200195
-4468.408691 10057.083984
-4473.473633 10073.959961
-4478.557617 10090.828125
-4483.660645 10107.689453
-4488.782715 10124.542969
-4493.923828 10141.388672
-4499.083984 10158.227539
-4504.263184 10175.058594
-4509.461426 10191.881836
-4514.678711 10208.697266
-4519.915039 10225.505859
-4525.170410 10242.306641
-4530.444824 10259.099609
-4535.738281 10275.885742
-4541.050781 10292.664062
-4546.382812 10309.434570
-4551.733887 10326.198242
-4557.104004 10342.954102
-4562.493164 10359.702148
-4567.891602 10376.472656
-4573.302246 10393.255859
-4578.725586 10410.051758
-4584.161621 10426.859375
-4589.609863 10443.679688
-4595.070801 10460.512695
-4600.544434 10477.358398
-4606.030273 10494.215820
-4611.528809 10511.085938
-4617.040039 10527.968750
-4622.563477 10544.864258
-4628.099609 10561.771484
-4633.648438 10578.691406
-4639.209473 10595.624023
-4644.783203 10612.569336
-4650.369141 10629.526367
-4655.967773 10646.496094
-4661.579102 10663.478516
-4667.202637 10680.473633
-4672.838867 10697.480469
-4678.487793 10714.500000
-4684.148926 10731.532227
-4689.822754 10748.577148
-4695.509277 10765.633789
-4701.208008 10782.703125
-4706.919434 10799.785156
-4712.643555 10816.879883
-4718.379883 10833.986328
-4724.128906 10851.105469
-4729.890625 10868.237305
-4735.664551 10885.381836
-4741.451172 10902.538086
-4747.250488 10919.707031
-4753.062012 10936.888672
-4758.886230 10954.083008
-4764.722656 10971.289062
-4770.571777 10988.507812
-4776.433594 11005.739258
-4782.307617 11022.983398
-4788.194336 11040.239258
-4794.059570 11057.504883
-4799.915039 11074.780273
-4805.760254 11092.065430
-4811.595215 11109.361328
-4817.420410 11126.666992
-4823.235352 11143.983398
-4829.040039 11161.309570
-4834.834473 11178.646484
-4840.619141 11195.993164
-4846.393555 11213.350586
-4852.157715 11230.717773
-4857.912109 11248.094727
-4863.656250 11265.482422
-4869.390137 11282.879883
-4875.114258 11300.288086
-4880.828125 11317.706055
-4886.531738 11335.134766
-4892.225586 11352.573242
-4897.909180 11370.022461
-4903.582520 11387.481445
-4909.246094 11404.950195
-4914.899414 11422.429688
-4920.542480 11439.918945
-4926.175781 11457.418945
-4931.798828 11474.928711
-4937.411621 11492.449219
-4943.014160 11509.979492
-4948.606934 11527.520508
-4954.189453 11545.071289
-4959.761719 11562.631836
-4965.324219 11580.203125
-4970.876465 11597.784180
-4976.418457 11615.375977
-4981.950684 11632.977539
-4987.472656 11650.589844
-4992.984375 11668.211914
-4998.486328 11685.844727
-5003.978027 11703.487305
-5009.459473 11721.139648
-5014.931152 11738.802734
-5020.384277 11756.471680
-5025.821777 11774.147461
-5031.243164 11791.831055
-5036.648926 11809.521484
-5042.039062 11827.218750
-5047.413574 11844.923828
-5052.772461 11862.635742
-5058.115723 11880.355469
-5063.442871 11898.082031
-5068.754395 11915.815430
-5074.050293 11933.556641
-5079.330566 11951.304688
-5084.595215 11969.060547
-5089.844238 11986.823242
-5095.077637 12004.592773
-5100.294922 12022.370117
-5105.496582 12040.154297
-5110.682617 12057.946289
-5115.853027 12075.745117
-5121.007812 12093.550781
-5126.146973 12111.364258
-5131.270020 12129.184570
-5136.377441 12147.012695
-5141.469238 12164.847656
-5146.545410 12182.689453
-5151.605957 12200.539062
-5156.650879 12218.395508
-5161.680176 12236.259766
-5166.693359 12254.130859
-5171.690918 12272.008789
-5176.672852 12289.894531
-5181.639160 12307.787109
-5186.589844 12325.687500
-5191.524902 12343.594727
-5196.443848 12361.508789
-5201.347168 12379.430664
-5206.234863 12397.359375
-5211.106934 12415.295898
-5215.963379 12433.239258
-5220.804199 12451.189453
-5225.650879 12469.177734
-5230.496582 12487.193359
-5235.341309 12505.236328
-5240.185059 12523.306641
-5245.027344 12541.404297
-5249.868652 12559.529297
-5254.708984 12577.681641
-5259.548340 12595.861328
-5264.386230 12614.068359
-5269.223145 12632.302734
-5274.059082 12650.564453
-5278.894043 12668.853516
-5283.727539 12687.169922
-5288.560059 12705.513672
-5293.391602 12723.885742
-5298.222168 12742.285156
-5303.051270 12760.711914
-5307.879395 12779.166016
-5312.706543 12797.647461
-5317.532715 12816.156250
-5322.357422 12834.692383
-5327.181152 12853.255859
-5332.003906 12871.846680
-5336.825684 12890.464844
-5341.645996 12909.110352
-5346.465332 12927.783203
-5351.283691 12946.483398
-5356.101074 12965.210938
-5360.916992 12983.965820
-5365.731934 13002.748047
-5370.545898 13021.557617
-5375.358887 13040.394531
-5380.170410 13059.259766
-5384.980957 13078.152344
-5389.790527 13097.072266
-5394.599121 13116.019531
-5399.406250 13134.994141
-5404.212402 13153.996094
-5409.017578 13173.025391
-5413.821777 13192.082031
-5418.630371 13211.137695
-5423.441895 13230.202148
-5428.256348 13249.274414
-5433.073730 13268.355469
-5437.894043 13287.445312
-5442.717285 13306.543945
-5447.543457 13325.650391
-5452.372559 13344.765625
-5457.204590 13363.889648
-5462.039062 13383.022461
-5466.876465 13402.163086
-5471.716797 13421.312500
-5476.560059 13440.470703
-5481.406250 13459.636719
-5486.255371 13478.811523
-5491.107422 13497.995117
-5495.962402 13517.187500
-5500.820312 13536.387695
-5505.680664 13555.596680
-5510.543945 13574.814453
-5515.410156 13594.041016
-5520.279297 13613.275391
-5525.151367 13632.518555
-5530.026367 13651.770508
-5534.904297 13671.031250
-5539.785156 13690.299805
-5544.668945 13709.577148
-5549.555176 13728.863281
-5554.444336 13748.157227
-5559.336426 13767.459961
-5564.231445 13786.771484
-5569.129395 13806.091797
-5574.030273 13825.419922
-5578.934082 13844.756836
-5583.840820 13864.102539
-5588.750488 13883.457031
-5593.662598 13902.819336
-5598.577637 13922.190430
-5603.495605 13941.570312
-5608.416504 13960.958008
-5613.344727 13980.327148
-5618.278320 13999.686523
-5623.217773 14019.036133
-5628.163086 14038.375977
-5633.113770 14057.706055
-5638.070312 14077.025391
-5643.032715 14096.334961
-5648.000488 14115.634766
-5652.974121 14134.924805
-5657.953613 14154.205078
-5662.938477 14173.475586
-5667.929199 14192.736328
-5672.925781 14211.987305
-5677.927734 14231.228516
-5682.935547 14250.458984
-5687.949219 14269.679688
-5692.968262 14288.890625
-5697.993164 14308.091797
-5703.023926 14327.283203
-5708.060059 14346.464844
-5713.102051 14365.636719
-5718.149902 14384.798828
-5723.203125 14403.951172
-5728.262207 14423.092773
-5733.327148 14442.224609
-5738.397949 14461.346680
-5743.474121 14480.458984
-5748.556152 14499.561523
-5753.644043 14518.654297
-5758.737305 14537.737305
-5763.836426 14556.810547
-5768.941406 14575.874023
-5774.051758 14594.926758
-5779.167969 14613.969727
-5784.290039 14633.002930
-5789.417480 14652.026367
-5794.550781 14671.040039
-5799.689941 14690.043945
-5804.834473 14709.038086
-5809.984863 14728.022461
-5815.156738 14746.998047
-5820.344727 14765.964844
-5825.548828 14784.922852
-5830.769531 14803.872070
-5836.006348 14822.812500
-5841.259277 14841.744141
-5846.528320 14860.666992
-5851.813965 14879.582031
-5857.115723 14898.488281
-5862.433594 14917.385742
-5867.767578 14936.274414
-5873.117676 14955.154297
-5878.484375 14974.025391
-5883.867188 14992.887695
-5889.266113 15011.741211
-5894.681152 15030.585938
-5900.112793 15049.421875
-5905.560547 15068.249023
-5911.024414 15087.067383
-5916.504395 15105.876953
-5922.000977 15124.677734
-5927.513672 15143.469727
-5933.042480 15162.252930
-5938.587402 15181.027344
-5944.148438 15199.792969
-5949.726074 15218.549805
-5955.319824 15237.297852
-5960.929688 15256.037109
-5966.555664 15274.767578
-5972.198242 15293.489258
-5977.856934 15312.202148
-5983.531738 15330.906250
-5989.222656 15349.601562
-5994.929688 15368.289062
-6000.653320 15386.967773
-6006.393066 15405.637695
-6012.148926 15424.298828
-6017.920898 15442.951172
-6023.709473 15461.594727
-6029.514160 15480.229492
-6035.331055 15498.832031
-6041.161621 15517.410156
-6047.005859 15535.963867
-6052.864258 15554.493164
-6058.736328 15572.999023
-6064.622070 15591.480469
-6070.521484 15609.937500
-6076.434570 15628.370117
-6082.361328 15646.778320
-6088.301758 15665.163086
-6094.255859 15683.523438
-6100.223633 15701.859375
-6106.205078 15720.170898
-6112.200195 15738.458008
-6118.208984 15756.720703
-6124.231445 15774.959961
-6130.267578 15793.174805
-6136.317383 15811.365234
-6142.380859 15829.531250
-6148.458008 15847.672852
-6154.548828 15865.790039
-6160.653809 15883.883789
-6166.772461 15901.953125
-6172.904785 15919.998047
-6179.050781 15938.018555
-6185.210449 15956.014648
-6191.383789 15973.986328
-6197.570801 15991.934570
-6203.771484 16009.858398
-6209.985840 16027.757812
-6216.213867 16045.632812
-6222.455566 16063.483398
-6228.710938 16081.309570
-6234.979980 16099.112305
-6241.262695 16116.890625
-6247.559082 16134.644531
-6253.869141 16152.374023
-6260.192871 16170.079102
-6266.530762 16187.759766
-6272.882324 16205.416992
-6279.270996 16223.083008
-6285.689453 16240.747070
-6292.137207 16258.409180
-6298.614746 16276.069336
-6305.121582 16293.727539
-6311.658203 16311.383789
-6318.224121 16329.038086
-6324.819824 16346.690430
-6331.444824 16364.340820
-6338.099609 16381.989258
-6344.784180 16399.634766
-6351.498047 16417.279297
-6358.241699 16434.921875
-6365.014648 16452.562500
-6371.817383 16470.201172
-6378.649414 16487.837891
-6385.511230 16505.472656
-6392.402344 16523.105469
-6399.323242 16540.736328
-6406.273438 16558.365234
-6413.253418 16575.992188
-6420.262695 16593.617188
-6427.301758 16611.240234
-6434.370117 16628.861328
-6441.468262 16646.480469
-6448.595703 16664.097656
-6455.752930 16681.712891
-6462.939453 16699.326172
-6470.155762 16716.937500
-6477.401367 16734.546875
-6484.676758 16752.154297
-6491.981445 16769.759766
-6499.315918 16787.363281
-6506.679688 16804.964844
-6514.073242 16822.564453
-6521.496094 16840.162109
-6528.948730 16857.757812
-6536.431152 16875.351562
-6543.942871 16892.943359
-6551.484375 16910.533203
-6559.057617 16928.085938
-6566.662109 16945.615234
-6574.297852 16963.119141
-6581.964844 16980.599609
-6589.663086 16998.054688
-6597.392578 17015.486328
-6605.153320 17032.892578
-6612.945312 17050.275391
-6620.768555 17067.632812
-6628.623047 17084.966797
-6636.508789 17102.275391
-6644.425781 17119.560547
-6652.374023 17136.820312
-6660.353516 17154.056641
-6668.364258 17171.267578
-6676.405762 17188.455078
-6684.478516 17205.617188
-6692.582520 17222.755859
-6700.717773 17239.869141
-6708.884277 17256.958984
-6717.082031 17274.023438
-6725.311035 17291.064453
-6733.571289 17308.080078
-6741.862793 17325.072266
-6750.185547 17342.039062
-6758.539551 17358.982422
-6766.924805 17375.900391
-6775.341309 17392.794922
-6783.789062 17409.664062
-6792.268066 17426.509766
-6800.778320 17443.332031
-6809.319824 17460.128906
-6817.892578 17476.902344
-6826.496582 17493.650391
-6835.131348 17510.375000
-6843.797363 17527.074219
-6852.494629 17543.750000
-6861.223145 17560.400391
-6869.982910 17577.027344
-6878.773926 17593.628906
-6887.583496 17610.216797
-6896.415527 17626.787109
-6905.270020 17643.339844
-6914.146973 17659.875000
-6923.046387 17676.392578
-6931.968262 17692.892578
-6940.913086 17709.375000
-6949.880371 17725.839844
-6958.870117 17742.287109
-6967.882324 17758.716797
-6976.916992 17775.128906
-6985.974609 17791.523438
-6995.054688 17807.900391
-7004.157227 17824.259766
-7013.282227 17840.601562
-7022.429688 17856.925781
-7031.599609 17873.234375
-7040.792480 17889.525391
-7050.007812 17905.798828
-7059.245605 17922.054688
-7068.505859 17938.292969
-7077.788574 17954.513672
-7087.094238 17970.716797
-7096.422363 17986.902344
-7105.772949 18003.070312
-7115.145996 18019.220703
-7124.541504 18035.353516
-7133.959473 18051.468750
-7143.400391 18067.566406
-7152.863770 18083.646484
-7162.349609 18099.708984
-7171.857910 18115.753906
-7181.388672 18131.781250
-7190.942383 18147.791016
-7200.518555 18163.783203
-7210.117188 18179.757812
-7219.738281 18195.714844
-7229.381836 18211.654297
-7239.047852 18227.576172
-7248.736816 18243.480469
-7258.445801 18259.384766
-7268.175781 18275.281250
-7277.926758 18291.171875
-7287.698730 18307.056641
-7297.491699 18322.933594
-7307.305664 18338.804688
-7317.140625 18354.667969
-7326.996582 18370.525391
-7336.873535 18386.376953
-7346.771484 18402.220703
-7356.690430 18418.058594
-7366.630371 18433.888672
-7376.591309 18449.712891
-7386.573242 18465.531250
-7396.576172 18481.341797
-7406.600098 18497.146484
-7416.645020 18512.943359
-7426.710938 18528.734375
-7436.797852 18544.519531
-7446.905762 18560.296875
-7457.034668 18576.068359
-7467.184570 18591.832031
-7477.355469 18607.589844
-7487.547363 18623.341797
-7497.760254 18639.085938
-7507.994141 18654.824219
-7518.249023 18670.554688
-7528.524902 18686.279297
-7538.821777 18701.996094
-7549.139648 18717.707031
-7559.478516 18733.412109
-7569.838379 18749.109375
-7580.219238 18764.800781
-7590.621094 18780.484375
-7601.043945 18796.162109
-7611.487793 18811.833984
-7621.952637 18827.498047
-7632.438477 18843.156250
-7642.945312 18858.806641
-7653.473145 18874.451172
-7664.017090 18890.095703
-7674.578125 18905.736328
-7685.156738 18921.375000
-7695.752930 18937.011719
-7706.366699 18952.644531
-7716.998047 18968.275391
-7727.646973 18983.904297
-7738.312988 18999.531250
-7748.996582 19015.154297
-7759.697754 19030.775391
-7770.416504 19046.394531
-7781.152832 19062.009766
-7791.906738 19077.623047
-7802.678223 19093.234375
-7813.466797 19108.841797
-7824.272949 19124.447266
-7835.096680 19140.050781
-7845.937988 19155.650391
-7856.796875 19171.248047
-7867.673340 19186.843750
-7878.566895 19202.435547
-7889.478027 19218.025391
-7900.406738 19233.613281
-7911.353027 19249.197266
-7922.316895 19264.779297
-7933.298340 19280.359375
-7944.296875 19295.935547
-7955.312988 19311.509766
-7966.346680 19327.082031
-7977.397949 19342.652344
-7988.466797 19358.218750
-7999.553223 19373.783203
-8010.656738 19389.345703
-8021.777832 19404.904297
-8032.916504 19420.460938
-8044.072754 19436.015625
-8055.246582 19451.566406
-8066.437988 19467.115234
-8077.646973 19482.662109
-8088.873047 19498.205078
-8100.111816 19513.738281
-8111.365234 19529.265625
-8122.632812 19544.785156
-8133.914551 19560.296875
-8145.210938 19575.802734
-8156.521484 19591.300781
-8167.846191 19606.791016
-8179.185059 19622.275391
-8190.538574 19637.751953
-8201.906250 19653.220703
-8213.288086 19668.681641
-8224.684570 19684.136719
-8236.094727 19699.583984
-8247.519531 19715.023438
-8258.958984 19730.457031
-8270.412109 19745.882812
-8281.879883 19761.300781
-8293.362305 19776.712891
-8304.858398 19792.117188
-8316.369141 19807.513672
-8327.894531 19822.902344
-8339.433594 19838.285156
-8350.987305 19853.660156
-8362.554688 19869.027344
-8374.136719 19884.388672
-8385.733398 19899.742188
-8397.343750 19915.087891
-8408.968750 19930.427734
-8420.608398 19945.759766
-8432.261719 19961.083984
-8443.929688 19976.400391
-8455.612305 19991.710938
-8467.308594 20007.013672
-8479.019531 20022.308594
-8490.745117 20037.597656
-8502.484375 20052.878906
-8514.238281 20068.152344
-8526.005859 20083.419922
-8537.788086 20098.679688
-8549.584961 20113.931641
-8561.299805 20129.183594
-8572.963867 20144.433594
-8584.578125 20159.681641
-8596.142578 20174.927734
-8607.657227 20190.169922
-8619.121094 20205.410156
-8630.535156 20220.648438
-8641.899414 20235.884766
-8653.213867 20251.119141
-8664.478516 20266.351562
-8675.692383 20281.580078
-8686.856445 20296.806641
-8697.970703 20312.031250
-8709.035156 20327.253906
-8720.048828 20342.474609
-8731.012695 20357.691406
-8741.926758 20372.906250
-8752.791016 20388.119141
-8763.605469 20403.330078
-8774.369141 20418.539062
-8785.083008 20433.744141
-8795.747070 20448.947266
-8806.361328 20464.148438
-8816.924805 20479.347656
-8827.438477 20494.544922
-8837.902344 20509.738281
-8848.316406 20524.929688
-8858.680664 20540.119141
-8868.994141 20555.306641
-8879.257812 20570.492188
-8889.471680 20585.675781
-8899.635742 20600.855469
-8909.749023 20616.033203
-8919.812500 20631.208984
-8929.826172 20646.382812
-8939.790039 20661.554688
-8949.703125 20676.722656
-8959.566406 20691.888672
-8969.379883 20707.052734
-8979.143555 20722.214844
-8988.823242 20737.353516
-8998.429688 20752.476562
-9007.963867 20767.583984
-9017.425781 20782.675781
-9026.814453 20797.751953
-9036.130859 20812.810547
-9045.374023 20827.853516
-9054.544922 20842.880859
-9063.642578 20857.892578
-9072.667969 20872.888672
-9081.621094 20887.869141
-9090.500977 20902.832031
-9099.308594 20917.779297
-9108.042969 20932.710938
-9116.705078 20947.626953
-9125.294922 20962.527344
-9133.811523 20977.412109
-9142.255859 20992.281250
-9150.626953 21007.132812
-9158.925781 21021.968750
-9167.151367 21036.789062
-9175.304688 21051.593750
-9183.385742 21066.382812
-9191.393555 21081.156250
-9199.329102 21095.912109
-9207.191406 21110.652344
-9214.981445 21125.376953
-9222.698242 21140.085938
-9230.342773 21154.779297
-9237.915039 21169.457031
-9245.414062 21184.119141
-9252.840820 21198.763672
-9260.194336 21213.392578
-9267.475586 21228.005859
-9274.684570 21242.603516
-9281.820312 21257.185547
-9288.883789 21271.751953
-9295.874023 21286.300781
-9302.791992 21300.833984
-9309.636719 21315.351562
-9316.405273 21329.878906
-9323.099609 21344.408203
-9329.718750 21358.937500
-9336.262695 21373.468750
-9342.731445 21388.001953
-9349.125000 21402.535156
-9355.444336 21417.070312
-9361.688477 21431.605469
-9367.857422 21446.142578
-9373.951172 21460.681641
-9379.969727 21475.220703
-9385.914062 21489.761719
-9391.783203 21504.304688
-9397.577148 21518.847656
-9403.295898 21533.392578
-9408.939453 21547.937500
-9414.508789 21562.484375
-9420.002930 21577.033203
-9425.421875 21591.582031
-9430.765625 21606.132812
-9436.034180 21620.683594
-9441.228516 21635.236328
-9446.347656 21649.791016
-9451.391602 21664.345703
-9456.360352 21678.902344
-9461.253906 21693.460938
-9466.073242 21708.019531
-9470.817383 21722.580078
-9475.486328 21737.140625
-9480.080078 21751.703125
-9484.598633 21766.267578
-9489.042969 21780.832031
-9493.412109 21795.398438
-9497.706055 21809.964844
-9501.924805 21824.533203
-9506.068359 21839.103516
-9510.137695 21853.673828
-9514.131836 21868.246094
-9518.050781 21882.820312
-9521.894531 21897.394531
-9525.709961 21911.937500
-9529.481445 21926.458984
-9533.208984 21940.960938
-9536.891602 21955.441406
-9540.530273 21969.902344
-9544.125000 21984.341797
-9547.675781 21998.759766
-9551.182617 22013.158203
-9554.645508 22027.535156
-9558.064453 22041.892578
-9561.438477 22056.228516
-9564.768555 22070.544922
-9568.054688 22084.839844
-9571.296875 22099.113281
-9574.495117 22113.367188
-9577.649414 22127.599609
-9580.758789 22141.812500
-9583.824219 22156.003906
-9586.845703 22170.173828
-9589.823242 22184.324219
-9592.756836 22198.453125
-9595.646484 22212.562500
-9598.491211 22226.650391
-9601.291992 22240.716797
-9604.048828 22254.763672
-9606.761719 22268.789062
-9609.430664 22282.794922
-9612.055664 22296.779297
-9614.636719 22310.744141
-9617.172852 22324.687500
-9619.665039 22338.609375
-9622.113281 22352.511719
-9624.517578 22366.392578
-9626.877930 22380.253906
-9629.194336 22394.093750
-9631.465820 22407.912109
-9633.693359 22421.710938
-9635.876953 22435.488281
-9638.016602 22449.246094
-9640.112305 22462.982422
-9642.194336 22476.693359
-9644.252930 22490.380859
-9646.287109 22504.044922
-9648.297852 22517.685547
-9650.285156 22531.302734
-9652.249023 22544.896484
-9654.189453 22558.466797
-9656.105469 22572.013672
-9657.998047 22585.537109
-9659.867188 22599.037109
-9661.712891 22612.513672
-9663.534180 22625.966797
-9665.332031 22639.394531
-9667.106445 22652.798828
-9668.857422 22666.179688
-9670.583984 22679.537109
-9672.287109 22692.871094
-9673.966797 22706.181641
-9675.623047 22719.468750
-9677.254883 22732.732422
-9678.863281 22745.972656
-9680.448242 22759.189453
-9682.009766 22772.382812
-9683.546875 22785.552734
-9685.060547 22798.699219
-9686.550781 22811.822266
-9688.017578 22824.919922
-9689.459961 22837.994141
-9690.878906 22851.044922
-9692.274414 22864.072266
-9693.646484 22877.076172
-9694.994141 22890.056641
-9696.318359 22903.013672
-9697.619141 22915.947266
-9698.896484 22928.857422
-9700.149414 22941.744141
-9701.378906 22954.607422
-9702.584961 22967.447266
-9703.767578 22980.263672
-9704.925781 22993.056641
-9706.050781 23005.853516
-9707.145508 23018.644531
-9708.209961 23031.429688
-9709.244141 23044.208984
-9710.248047 23056.984375
-9711.221680 23069.753906
-9712.165039 23082.517578
-9713.078125 23095.275391
-9713.960938 23108.029297
-9714.813477 23120.777344
-9715.635742 23133.519531
-9716.427734 23146.257812
-9717.189453 23158.990234
-9717.920898 23171.716797
-9718.622070 23184.437500
-9719.292969 23197.154297
-9719.933594 23209.865234
-9720.543945 23222.570312
-9721.124023 23235.269531
-9721.673828 23247.964844
-9722.193359 23260.654297
-9722.682617 23273.337891
-9723.140625 23286.017578
-9723.568359 23298.691406
-9723.965820 23311.359375
-9724.333008 23324.021484
-9724.669922 23336.679688
-9724.976562 23349.332031
-9725.252930 23361.978516
-9725.499023 23374.619141
-9725.714844 23387.255859
-9725.900391 23399.886719
-9726.055664 23412.511719
-9726.180664 23425.132812
-9726.275391 23437.748047
-9726.339844 23450.357422
-9726.374023 23462.960938
-9726.377930 23475.560547
-9726.351562 23488.154297
-9726.294922 23500.742188
-9726.208008 23513.326172
-9726.090820 23525.906250
-9725.943359 23538.482422
-9725.765625 23551.052734
-9725.557617 23563.619141
-9725.319336 23576.181641
-9725.050781 23588.738281
-9724.751953 23601.291016
-9724.422852 23613.839844
-9724.063477 23626.384766
-9723.673828 23638.923828
-9723.253906 23651.458984
-9722.803711 23663.990234
-9722.323242 23676.517578
-9721.812500 23689.039062
-9721.271484 23701.556641
-9720.700195 23714.070312
-9720.098633 23726.578125
-9719.466797 23739.082031
-9718.805664 23751.582031
-9718.114258 23764.078125
-9717.392578 23776.568359
-9716.640625 23789.054688
-9715.858398 23801.537109
-9715.045898 23814.013672
-9714.203125 23826.486328
-9713.330078 23838.955078
-9712.426758 23851.419922
-9711.493164 23863.878906
-9710.529297 23876.333984
-9709.535156 23888.785156
-9708.510742 23901.230469
-9707.456055 23913.671875
-9706.371094 23926.109375
-9705.255859 23938.542969
-9704.110352 23950.970703
-9702.934570 23963.394531
-9701.728516 23975.814453
-9700.492188 23988.230469
-9699.225586 24000.640625
-9697.928711 24013.039062
-9696.600586 24025.429688
-9695.242188 24037.810547
-9693.853516 24050.183594
-9692.433594 24062.546875
-9690.983398 24074.900391
-9689.502930 24087.246094
-9687.992188 24099.582031
-9686.450195 24111.910156
-9684.877930 24124.228516
-9683.275391 24136.537109
-9681.641602 24148.837891
-9679.977539 24161.128906
-9678.283203 24173.410156
-9676.558594 24185.683594
-9674.802734 24197.947266
-9673.016602 24210.203125
-9671.200195 24222.449219
-9669.352539 24234.685547
-9667.474609 24246.914062
-9665.566406 24259.132812
-9663.627930 24271.341797
-9661.658203 24283.542969
-9659.658203 24295.734375
-9657.627930 24307.917969
-9655.566406 24320.091797
-9653.474609 24332.255859
-9651.352539 24344.412109
-9649.200195 24356.558594
-9647.016602 24368.695312
-9644.802734 24380.824219
-9642.558594 24392.943359
-9640.283203 24405.054688
-9637.977539 24417.156250
-9635.641602 24429.248047
-9633.275391 24441.332031
-9630.877930 24453.406250
-9628.450195 24465.472656
-9625.992188 24477.529297
-9623.503906 24489.576172
-9621.011719 24501.623047
-9618.506836 24513.667969
-9615.989258 24525.708984
-9613.458984 24537.746094
-9610.916016 24549.781250
-9608.360352 24561.812500
-9605.791992 24573.841797
-9603.210938 24585.867188
-9600.618164 24597.888672
-9598.012695 24609.908203
-9595.394531 24621.923828
-9592.763672 24633.937500
-9590.120117 24645.947266
-9587.463867 24657.955078
-9584.794922 24669.958984
-9582.113281 24681.958984
-9579.418945 24693.957031
-9576.711914 24705.951172
-9573.993164 24717.943359
-9571.261719 24729.931641
-9568.517578 24741.916016
-9565.760742 24753.898438
-9562.991211 24765.876953
-9560.208984 24777.853516
-9557.414062 24789.826172
-9554.606445 24801.796875
-9551.786133 24813.763672
-9548.953125 24825.726562
-9546.108398 24837.687500
-9543.250977 24849.644531
-9540.380859 24861.599609
-9537.498047 24873.550781
-9534.602539 24885.498047
-9531.694336 24897.443359
-9528.773438 24909.384766
-9525.839844 24921.324219
-9522.893555 24933.259766
-9519.934570 24945.191406
-9516.963867 24957.121094
-9513.980469 24969.046875
-9510.980469 24980.972656
-9507.965820 24992.896484
-9504.935547 25004.816406
-9501.890625 25016.734375
-9498.831055 25028.650391
-9495.755859 25040.564453
-9492.666016 25052.476562
-9489.561523 25064.386719
-9486.441406 25076.294922
-9483.306641 25088.201172
-9480.157227 25100.105469
-9476.992188 25112.007812
-9473.812500 25123.908203
-9470.618164 25135.806641
-9467.408203 25147.703125
-9464.183594 25159.597656
-9460.944336 25171.490234
-9457.689453 25183.380859
-9454.419922 25195.269531
-9451.135742 25207.156250
-9447.835938 25219.041016
-9444.521484 25230.923828
-9441.192383 25242.804688
-9437.847656 25254.683594
-9434.488281 25266.560547
-9431.114258 25278.435547
-9427.724609 25290.308594
-9424.320312 25302.179688
-9420.901367 25314.048828
-9417.466797 25325.916016
-9414.017578 25337.781250
-9410.553711 25349.644531
-9407.074219 25361.505859
-9403.580078 25373.365234
-9400.071289 25385.222656
-9396.546875 25397.078125
-9393.007812 25408.931641
-9389.454102 25420.783203
-9385.884766 25432.632812
-9382.300781 25444.480469
-9378.705078 25456.330078
-9375.096680 25468.181641
-9371.475586 25480.035156
-9367.841797 25491.888672
-9364.195312 25503.744141
-9360.536133 25515.601562
-9356.865234 25527.460938
-9353.181641 25539.320312
-9349.485352 25551.181641
-9345.776367 25563.044922
-9342.054688 25574.910156
-9338.320312 25586.775391
-9334.573242 25598.642578
-9330.813477 25610.511719
-9327.041016 25622.380859
-9323.255859 25634.251953
-9319.458008 25646.125000
-9315.647461 25658.000000
-9311.824219 25669.875000
-9307.988281 25681.751953
-9304.139648 25693.630859
-9300.278320 25705.511719
-9296.404297 25717.392578
-9292.517578 25729.275391
-9288.618164 25741.160156
-9284.706055 25753.044922
-9280.781250 25764.931641
-9276.844727 25776.820312
-9272.895508 25788.710938
-9268.933594 25800.601562
-9264.958984 25812.494141
-9260.971680 25824.388672
-9256.971680 25836.285156
-9252.958984 25848.181641
-9248.933594 25860.080078
-9244.895508 25871.980469
-9240.844727 25883.880859
-9236.781250 25895.783203
-9232.705078 25907.687500
-9228.616211 25919.593750
-9224.516602 25931.496094
-9220.406250 25943.398438
-9216.284180 25955.298828
-9212.151367 25967.197266
-9208.006836 25979.095703
-9203.850586 25990.992188
-9199.683594 26002.886719
-9195.504883 26014.779297
-9191.315430 26026.671875
-9187.114258 26038.562500
-9182.902344 26050.451172
-9178.678711 26062.339844
-9174.444336 26074.226562
-9170.198242 26086.111328
-9165.941406 26097.996094
-9161.672852 26109.878906
-9157.392578 26121.759766
-9153.101562 26133.640625
-9148.798828 26145.519531
-9144.485352 26157.396484
-9140.160156 26169.271484
-9135.824219 26181.146484
-9131.476562 26193.019531
-9127.118164 26204.890625
-9122.748047 26216.761719
-9118.367188 26228.630859
-9113.974609 26240.498047
-9109.570312 26252.365234
-9105.155273 26264.230469
-9100.728516 26276.093750
-9096.291016 26287.957031
-9091.841797 26299.818359
-9087.381836 26311.677734
-9082.910156 26323.535156
-9078.427734 26335.392578
-9073.933594 26347.248047
-9069.428711 26359.101562
-9064.912109 26370.955078
-9060.383789 26382.806641
-9055.844727 26394.656250
-9051.309570 26406.507812
-9046.773438 26418.359375
-9042.236328 26430.210938
-9037.698242 26442.062500
-9033.159180 26453.914062
-9028.619141 26465.765625
-9024.078125 26477.617188
-9019.536133 26489.468750
-9014.993164 26501.320312
-9010.450195 26513.171875
-9005.906250 26525.025391
-9001.361328 26536.878906
-8996.815430 26548.732422
-8992.268555 26560.585938
-8987.720703 26572.439453
-8983.171875 26584.292969
-8978.622070 26596.146484
-8974.071289 26608.000000
-8969.519531 26619.853516
-8964.966797 26631.707031
-8960.413086 26643.560547
-8955.858398 26655.414062
-8951.302734 26667.267578
-8946.746094 26679.123047
-8942.188477 26690.978516
-8937.629883 26702.833984
-8933.070312 26714.689453
-8928.509766 26726.544922
-8923.948242 26738.400391
-8919.385742 26750.255859
-8914.822266 26762.111328
-8910.257812 26773.966797
-8905.692383 26785.822266
-8901.125977 26797.677734
-8896.558594 26809.533203
-8891.990234 26821.388672
-8887.420898 26833.246094
-8882.850586 26845.103516
-8878.279297 26856.960938
-8873.707031 26868.818359
-8869.148438 26880.671875
-8864.598633 26892.523438
-8860.056641 26904.371094
-8855.523438 26916.216797
-8850.999023 26928.060547
-8846.483398 26939.902344
-8841.975586 26951.740234
-8837.476562 26963.576172
-8832.986328 26975.410156
-8828.503906 26987.242188
-8824.030273 26999.072266
-8819.565430 27010.898438
-8815.109375 27022.722656
-8810.661133 27034.544922
-8806.221680 27046.365234
-8801.791016 27058.181641
-8797.369141 27069.996094
-8792.955078 27081.808594
-8788.549805 27093.619141
-8784.153320 27105.427734
-8779.765625 27117.232422
-8775.385742 27129.035156
-8771.014648 27140.835938
-8766.652344 27152.634766
-8762.297852 27164.429688
-8757.952148 27176.222656
-8753.615234 27188.013672
-8749.287109 27199.802734
-8744.966797 27211.587891
-8740.655273 27223.371094
-8736.352539 27235.152344
-8732.058594 27246.931641
-8727.772461 27258.708984
-8723.495117 27270.482422
-8719.226562 27282.253906
-8714.965820 27294.023438
-8710.713867 27305.791016
-8706.470703 27317.554688
-8702.236328 27329.316406
-8698.009766 27341.076172
-8693.788086 27352.824219
-8689.572266 27364.564453
-8685.362305 27376.294922
-8681.158203 27388.017578
-8676.959961 27399.730469
-8672.766602 27411.435547
-8668.579102 27423.130859
-8664.397461 27434.818359
-8660.221680 27446.498047
-8656.051758 27458.167969
-8651.887695 27469.830078
-8647.729492 27481.482422
-8643.577148 27493.126953
-8639.430664 27504.763672
-8635.290039 27516.390625
-8631.155273 27528.009766
-8627.025391 27539.619141
-8622.901367 27551.220703
-8618.783203 27562.812500
-8614.670898 27574.396484
-8610.564453 27585.972656
-8606.463867 27597.539062
-8602.369141 27609.097656
-8598.280273 27620.646484
-8594.197266 27632.187500
-8590.120117 27643.720703
-8586.048828 27655.244141
-8581.983398 27666.759766
-8577.922852 27678.265625
-8573.868164 27689.763672
-8569.819336 27701.251953
-8565.776367 27712.732422
-8561.739258 27724.205078
-8557.708008 27735.667969
-8553.682617 27747.123047
-8549.663086 27758.568359
-8545.649414 27770.005859
-8541.641602 27781.435547
-8537.639648 27792.855469
-8533.642578 27804.267578
-8529.657227 27815.675781
-8525.680664 27827.078125
-8521.713867 27838.474609
-8517.756836 27849.865234
-8513.808594 27861.250000
-8509.870117 27872.628906
-8505.940430 27884.001953
-8502.020508 27895.369141
-8498.109375 27906.730469
-8494.208008 27918.085938
-8490.316406 27929.435547
-8486.433594 27940.781250
-8482.560547 27952.121094
-8478.696289 27963.455078
-8474.841797 27974.783203
-8470.997070 27986.105469
-8467.161133 27997.421875
-8463.334961 28008.732422
-8459.517578 28020.037109
-8455.709961 28031.335938
-8451.911133 28042.628906
-8448.122070 28053.917969
-8444.342773 28065.201172
-8440.572266 28076.478516
-8436.811523 28087.750000
-8433.059570 28099.015625
-8429.317383 28110.275391
-8425.583984 28121.529297
-8421.860352 28132.777344
-8418.146484 28144.019531
-8414.441406 28155.255859
-8410.746094 28166.486328
-8407.059570 28177.712891
-8403.382812 28188.933594
-8399.714844 28200.148438
-8396.056641 28211.357422
-8392.408203 28222.560547
-8388.768555 28233.757812
-8385.138672 28244.949219
-8381.517578 28256.134766
-8377.910156 28267.310547
-8374.314453 28278.476562
-8370.730469 28289.634766
-8367.158203 28300.783203
-8363.597656 28311.923828
-8360.048828 28323.054688
-8356.511719 28334.177734
-8352.986328 28345.291016
-8349.472656 28356.396484
-8345.970703 28367.492188
-8342.480469 28378.578125
-8339.001953 28389.656250
-8335.535156 28400.724609
-8332.080078 28411.785156
-8328.636719 28422.835938
-8325.205078 28433.878906
-8321.786133 28444.912109
-8318.378906 28455.937500
-8314.983398 28466.953125
-8311.599609 28477.960938
-8308.227539 28488.958984
-8304.867188 28499.947266
-8301.518555 28510.927734
-8298.181641 28521.898438
-8294.856445 28532.861328
-8291.542969 28543.814453
-8288.241211 28554.759766
-8284.951172 28565.695312
-8281.672852 28576.623047
-8278.406250 28587.541016
-8275.151367 28598.451172
-8271.908203 28609.351562
-8268.676758 28620.242188
-8265.458008 28631.125000
-8262.250977 28641.998047
-8259.055664 28652.863281
-8255.872070 28663.718750
-8252.700195 28674.566406
-8249.540039 28685.404297
-8246.391602 28696.234375
-8243.253906 28707.068359
-8240.126953 28717.902344
-8237.011719 28728.736328
-8233.907227 28739.570312
-8230.814453 28750.404297
-8227.732422 28761.240234
-8224.662109 28772.076172
-8221.602539 28782.912109
-8218.554688 28793.748047
-8215.517578 28804.583984
-8212.491211 28815.419922
-8209.476562 28826.255859
-8206.472656 28837.091797
-8203.480469 28847.927734
-8200.499023 28858.763672
-8197.529297 28869.599609
-8194.570312 28880.435547
-8191.622559 28891.273438
-8188.686035 28902.111328
-8185.760742 28912.949219
-8182.846680 28923.787109
-8179.943848 28934.625000
-8177.051758 28945.462891
-8174.170898 28956.300781
-8171.301270 28967.138672
-8168.442871 28977.976562
-8165.595703 28988.814453
-8162.759766 28999.652344
-8159.935059 29010.492188
-8157.121582 29021.332031
-8154.319336 29032.171875
-8151.527832 29043.011719
-8148.747559 29053.851562
-8145.978516 29064.691406
-8143.220703 29075.531250
-8140.474121 29086.371094
-8137.738770 29097.210938
-8135.014648 29108.050781
-8132.301758 29118.890625
-8129.600098 29129.732422
-8126.893555 29140.556641
-8124.187988 29151.369141
-8121.483398 29162.169922
-8118.779297 29172.958984
-8116.076172 29183.736328
-8113.373535 29194.501953
-8110.671875 29205.255859
-8107.971191 29215.998047
-8105.270996 29226.728516
-8102.571777 29237.447266
-8099.873047 29248.154297
-8097.175293 29258.849609
-8094.478516 29269.533203
-8091.782227 29280.207031
-8089.086914 29290.869141
-8086.392090 29301.519531
-8083.698242 29312.158203
-8081.004883 29322.785156
-8078.312500 29333.400391
-8075.621094 29344.003906
-8072.930176 29354.595703
-8070.240234 29365.175781
-8067.550781 29375.744141
-8064.862305 29386.300781
-8062.174805 29396.845703
-8059.487793 29407.378906
-8056.801758 29417.902344
-8054.116211 29428.414062
-8051.431641 29438.914062
-8048.747559 29449.402344
-8046.064453 29459.878906
-8043.382324 29470.343750
-8040.700684 29480.796875
-8038.020020 29491.238281
-8035.339844 29501.667969
-8032.660645 29512.085938
-8029.982422 29522.492188
-8027.304688 29532.886719
-8024.627930 29543.269531
-8021.951660 29553.640625
-8019.293457 29564.007812
-8016.646973 29574.367188
-8014.012695 29584.718750
-8011.390625 29595.062500
-8008.780762 29605.400391
-8006.182617 29615.730469
-8003.596680 29626.052734
-8001.022949 29636.367188
-7998.461426 29646.673828
-7995.911621 29656.974609
-7993.374023 29667.267578
-7990.848633 29677.552734
-7988.334961 29687.830078
-7985.833496 29698.101562
-7983.344238 29708.365234
-7980.867188 29718.621094
-7978.401855 29728.869141
-7975.948730 29739.109375
-7973.507812 29749.343750
-7971.079102 29759.570312
-7968.662109 29769.789062
-7966.257324 29780.000000
-7963.864746 29790.203125
-7961.483887 29800.400391
-7959.115234 29810.589844
-7956.758789 29820.771484
-7954.414551 29830.945312
-7952.082031 29841.111328
-7949.761719 29851.271484
-7947.453613 29861.423828
-7945.157715 29871.568359
-7942.873535 29881.705078
-7940.601562 29891.835938
-7938.341797 29901.958984
-7936.093750 29912.074219
-7933.857910 29922.181641
-7931.634277 29932.281250
-7929.422852 29942.375000
-7927.223145 29952.460938
-7925.035645 29962.539062
-7922.843262 29972.623047
-7920.651855 29982.708984
-7918.460938 29992.796875
-7916.270996 30002.884766
-7914.081543 30012.974609
-7911.893066 30023.066406
-7909.705078 30033.160156
-7907.518066 30043.253906
-7905.331543 30053.349609
-7903.145996 30063.447266
-7900.960938 30073.546875
-7898.776855 30083.646484
-7896.593262 30093.748047
-7894.410645 30103.851562
-7892.229004 30113.957031
-7890.047852 30124.062500
-7887.867676 30134.169922
-7885.687988 30144.279297
-7883.509277 30154.390625
-7881.331055 30164.501953
-7879.153809 30174.615234
-7876.977051 30184.730469
-7874.801270 30194.847656
-7872.625977 30204.964844
-7870.451660 30215.083984
-7868.277832 30225.205078
-7866.104980 30235.328125
-7863.933105 30245.451172
-7861.761719 30255.576172
-7859.591309 30265.703125
-7857.421387 30275.832031
-7855.252441 30285.960938
-7853.083984 30296.091797
-7850.916504 30306.224609
-7848.749512 30316.359375
-7846.583496 30326.494141
-7844.417969 30336.630859
-7842.253418 30346.769531
-7840.089355 30356.910156
-7837.926270 30367.052734
-7835.770508 30377.181641
-7833.620117 30387.302734
-7831.475098 30397.416016
-7829.335449 30407.521484
-7827.201172 30417.619141
-7825.071777 30427.708984
-7822.947754 30437.791016
-7820.829102 30447.865234
-7818.715820 30457.931641
-7816.607910 30467.990234
-7814.504883 30478.041016
-7812.407227 30488.083984
-7810.314941 30498.119141
-7808.228027 30508.146484
-7806.146484 30518.166016
-7804.069824 30528.177734
-7801.998535 30538.181641
-7799.932617 30548.177734
-7797.872070 30558.166016
-7795.816895 30568.146484
-7793.766602 30578.119141
-7791.721680 30588.083984
-7789.682129 30598.041016
-7787.647949 30607.990234
-7785.619141 30617.931641
-7783.595215 30627.865234
-7781.576660 30637.791016
-7779.563477 30647.708984
-7777.555664 30657.619141
-7775.553223 30667.521484
-7773.555664 30677.416016
-7771.563477 30687.302734
-7769.576660 30697.181641
-7767.595215 30707.052734
-7765.619141 30716.916016
-7763.648438 30726.771484
-7761.682617 30736.619141
-7759.722168 30746.458984
-7757.767090 30756.291016
-7755.817383 30766.115234
-7753.876465 30775.925781
-7751.943359 30785.724609
-7750.018066 30795.511719
-7748.100586 30805.287109
-7746.190918 30815.050781
-7744.289062 30824.802734
-7742.395020 30834.542969
-7740.508789 30844.271484
-7738.630371 30853.986328
-7736.759766 30863.689453
-7734.896484 30873.380859
-7733.041016 30883.060547
-7731.193359 30892.728516
-7729.353516 30902.384766
-7727.521484 30912.029297
-7725.697266 30921.662109
-7723.880859 30931.283203
-7722.072266 30940.892578
-7720.271484 30950.490234
-7718.478516 30960.076172
-7716.693359 30969.650391
-7714.916016 30979.212891
-7713.146484 30988.763672
-7711.384277 30998.302734
-7709.629883 31007.830078
-7707.883301 31017.345703
-7706.144531 31026.849609
-7704.413574 31036.341797
-7702.690430 31045.822266
-7700.975098 31055.291016
-7699.267578 31064.748047
-7697.567871 31074.193359
-7695.875977 31083.625000
-7694.191895 31093.044922
-7692.515625 31102.453125
-7690.847168 31111.849609
-7689.186035 31121.234375
-7687.532715 31130.607422
-7685.887207 31139.968750
-7684.249512 31149.318359
-7682.625977 31158.666016
-7681.014160 31168.005859
-7679.414551 31177.339844
-7677.826660 31186.667969
-7676.250977 31195.990234
-7674.687012 31205.306641
-7673.135254 31214.617188
-7671.595215 31223.921875
-7670.067383 31233.220703
-7668.551270 31242.513672
-7667.047363 31251.800781
-7665.555176 31261.080078
-7664.075195 31270.353516
-7662.606934 31279.621094
-7661.150879 31288.882812
-7659.706543 31298.138672
-7658.274414 31307.388672
-7656.854004 31316.632812
-7655.445312 31325.871094
-7654.048828 31335.103516
-7652.664062 31344.330078
-7651.291504 31353.550781
-7649.930664 31362.763672
-7648.582031 31371.970703
-7647.245117 31381.171875
-7645.920410 31390.367188
-7644.607422 31399.556641
-7643.306641 31408.740234
-7642.017578 31417.917969
-7640.740723 31427.089844
-7639.475586 31436.255859
-7638.222656 31445.416016
-7636.981445 31454.568359
-7635.752441 31463.714844
-7634.535156 31472.855469
-7633.330078 31481.990234
-7632.136719 31491.119141
-7630.955078 31500.242188
-7629.785645 31509.359375
-7628.627930 31518.470703
-7627.489258 31527.564453
-7626.366699 31536.644531
-7625.260742 31545.712891
-7624.170898 31554.767578
-7623.097656 31563.808594
-7622.041016 31572.835938
-7621.000488 31581.851562
-7619.976562 31590.853516
-7618.968750 31599.841797
-7617.977539 31608.816406
-7617.002441 31617.777344
-7616.043945 31626.726562
-7615.102051 31635.662109
-7614.176270 31644.583984
-7613.267090 31653.492188
-7612.374023 31662.388672
-7611.497559 31671.271484
-7610.637695 31680.140625
-7609.793945 31688.996094
-7608.966797 31697.837891
-7608.155762 31706.667969
-7607.361328 31715.484375
-7606.583008 31724.287109
-7605.821289 31733.076172
-7605.076172 31741.853516
-7604.347168 31750.617188
-7603.634766 31759.367188
-7602.938477 31768.103516
-7602.258789 31776.828125
-7601.595703 31785.539062
-7600.948730 31794.236328
-7600.318359 31802.919922
-7599.704102 31811.589844
-7599.106445 31820.248047
-7598.525391 31828.892578
-7597.960449 31837.523438
-7597.412109 31846.140625
-7596.879883 31854.746094
-7596.364258 31863.337891
-7595.864746 31871.916016
-7595.399414 31880.464844
-7594.961914 31888.990234
-7594.552734 31897.490234
-7594.171387 31905.966797
-7593.818359 31914.419922
-7593.493164 31922.847656
-7593.196289 31931.251953
-7592.927246 31939.632812
-7592.686523 31947.988281
-7592.473633 31956.320312
-7592.289062 31964.628906
-7592.132324 31972.912109
-7592.003906 31981.171875
-7591.903320 31989.408203
-7591.831055 31997.619141
-7591.786621 32005.806641
-7591.770508 32013.970703
-7591.782227 32022.109375
-7591.822266 32030.224609
-7591.890137 32038.316406
-7591.986328 32046.382812
-7592.110352 32054.425781
-7592.262695 32062.443359
-7592.442871 32070.437500
-7592.651367 32078.408203
-7592.887695 32086.353516
-7593.152344 32094.275391
-7593.444824 32102.173828
-7593.765625 32110.046875
-7594.114258 32117.896484
-7594.491211 32125.722656
-7594.895996 32133.523438
-7595.329102 32141.300781
-7595.790039 32149.054688
-7596.279297 32156.783203
-7596.796387 32164.488281
-7597.341797 32172.169922
-7597.915039 32179.826172
-7598.516602 32187.458984
-7599.145996 32195.068359
-7599.801758 32202.667969
-7600.484375 32210.253906
-7601.193848 32217.826172
-7601.930176 32225.384766
-7602.692871 32232.929688
-7603.482422 32240.460938
-7604.298828 32247.978516
-7605.142090 32255.482422
-7606.012207 32262.972656
-7606.909180 32270.449219
-7607.833008 32277.912109
-7608.783691 32285.361328
-7609.761230 32292.796875
-7610.765137 32300.216797
-7611.795898 32307.623047
-7612.853516 32315.015625
-7613.937988 32322.394531
-7615.049316 32329.759766
-7616.187500 32337.111328
-7617.352539 32344.449219
-7618.544434 32351.773438
-7619.763184 32359.083984
-7621.008301 32366.380859
-7622.280273 32373.664062
-7623.579102 32380.933594
-7624.904785 32388.189453
-7626.257324 32395.431641
-7627.636719 32402.660156
-7629.042969 32409.873047
-7630.476074 32417.072266
-7631.936035 32424.257812
-7633.422363 32431.429688
-7634.935547 32438.587891
-7636.475586 32445.732422
-7638.042480 32452.863281
-7639.636230 32459.980469
-7641.256836 32467.083984
-7642.904297 32474.173828
-7644.578613 32481.250000
-7646.279297 32488.312500
-7648.005859 32495.361328
-7649.758301 32502.396484
-7651.536621 32509.417969
-7653.341309 32516.425781
-7655.171875 32523.419922
-7657.028320 32530.400391
-7658.910645 32537.367188
-7660.819336 32544.320312
-7662.753906 32551.259766
-7664.714355 32558.185547
-7666.700684 32565.097656
-7668.713379 32571.996094
-7670.751953 32578.880859
-7672.816406 32585.751953
-7674.906738 32592.609375
-7677.023438 32599.453125
-7679.166016 32606.283203
-7681.334473 32613.099609
-7683.528809 32619.902344
-7685.749512 32626.693359
-7687.996094 32633.470703
-7690.268555 32640.234375
-7692.566895 32646.984375
-7694.891602 32653.720703
-7697.242188 32660.443359
-7699.618652 32667.152344
-7702.020996 32673.847656
-7704.449707 32680.529297
-7706.904297 32687.197266
-7709.384766 32693.851562
-7711.891113 32700.492188
-7714.423828 32707.119141
-7716.982422 32713.732422
-7719.566895 32720.332031
-7722.177246 32726.917969
-7724.813965 32733.490234
-7727.476562 32740.048828
-7730.165039 32746.593750
-7732.879395 32753.125000
-7735.620117 32759.642578
-7738.383789 32766.138672
-7741.171875 32772.613281
-7743.984375 32779.070312
-7746.820801 32785.507812
-7749.681641 32791.925781
-7752.566895 32798.324219
-7755.476074 32804.703125
-7758.409668 32811.062500
-7761.367676 32817.402344
-7764.349609 32823.722656
-7767.355957 32830.023438
-7770.386719 32836.300781
-7773.441406 32842.558594
-7776.520508 32848.796875
-7779.624023 32855.015625
-7782.751465 32861.214844
-7785.903320 32867.394531
-7789.079590 32873.554688
-7792.279785 32879.695312
-7795.504395 32885.816406
-7798.753418 32891.917969
-7802.026367 32898.000000
-7805.323730 32904.062500
-7808.645508 32910.105469
-7811.991211 32916.128906
-7815.361328 32922.132812
-7818.755859 32928.117188
-7822.174316 32934.082031
-7825.617188 32940.027344
-7829.084473 32945.953125
-7832.575684 32951.859375
-7836.091309 32957.746094
-7839.631348 32963.613281
-7843.195312 32969.460938
-7846.783691 32975.289062
-7850.396484 32981.097656
-7854.033203 32986.886719
-7857.694336 32992.656250
-7861.379883 32998.406250
-7865.089355 33004.136719
-7868.808105 33009.839844
-7872.540527 33015.519531
-7876.287109 33021.175781
-7880.047852 33026.808594
-7883.822754 33032.417969
-7887.611328 33038.003906
-7891.414062 33043.566406
-7895.230957 33049.105469
-7899.061523 33054.621094
-7902.906250 33060.113281
-7906.765137 33065.582031
-7910.638184 33071.027344
-7914.524902 33076.449219
-7918.425781 33081.847656
-7922.340820 33087.222656
-7926.269531 33092.574219
-7930.212402 33097.902344
-7934.169434 33103.207031
-7938.140625 33108.488281
-7942.125488 33113.746094
-7946.124512 33118.980469
-7950.137695 33124.191406
-7954.165039 33129.378906
-7958.206055 33134.542969
-7962.261230 33139.683594
-7966.330566 33144.800781
-7970.413574 33149.894531
-7974.510742 33154.964844
-7978.622070 33160.011719
-7982.747559 33165.035156
-7986.886719 33170.035156
-7991.040039 33175.011719
-7995.207520 33179.964844
-7999.388672 33184.894531
-8003.583984 33189.800781
-8007.793457 33194.683594
-8012.017090 33199.542969
-8016.254395 33204.378906
-8020.505859 33209.191406
-8024.771484 33213.980469
-8029.119141 33218.785156
-8033.526367 33223.597656
-8037.992676 33228.414062
-8042.518555 33233.234375
-8047.104004 33238.058594
-8051.748535 33242.886719
-8056.452637 33247.718750
-8061.215820 33252.554688
-8066.038574 33257.398438
-8070.920898 33262.246094
-8075.862305 33267.097656
-8080.863281 33271.953125
-8085.923828 33276.812500
-8091.043457 33281.675781
-8096.222656 33286.542969
-8101.461426 33291.417969
-8106.759277 33296.296875
-8112.116699 33301.179688
-8117.533691 33306.066406
-8123.009766 33310.957031
-8128.545410 33315.851562
-8134.140625 33320.750000
-8139.794922 33325.656250
-8145.508789 33330.566406
-8151.282227 33335.480469
-8157.114746 33340.398438
-8163.006836 33345.320312
-8168.958496 33350.246094
-8174.969238 33355.175781
-8181.039551 33360.113281
-8187.168945 33365.054688
-8193.358398 33370.000000
-8199.606445 33374.949219
-8205.914062 33379.902344
-8212.281250 33384.859375
-8218.708008 33389.820312
-8225.194336 33394.785156
-8231.740234 33399.757812
-8238.344727 33404.734375
-8245.008789 33409.714844
-8251.608398 33414.656250
-8258.184570 33419.574219
-8264.737305 33424.464844
-8271.266602 33429.332031
-8277.773438 33434.175781
-8284.256836 33438.992188
-8290.716797 33443.785156
-8297.153320 33448.554688
-8303.566406 33453.296875
-8309.956055 33458.015625
-8316.322266 33462.710938
-8322.666016 33467.378906
-8328.986328 33472.023438
-8335.283203 33476.644531
-8341.556641 33481.238281
-8347.806641 33485.808594
-8354.033203 33490.355469
-8360.236328 33494.875000
-8366.416016 33499.371094
-8372.573242 33503.843750
-8378.707031 33508.289062
-8384.817383 33512.710938
-8390.904297 33517.109375
-8396.967773 33521.480469
-8403.007812 33525.828125
-8409.024414 33530.152344
-8415.018555 33534.449219
-8420.989258 33538.722656
-8426.936523 33542.972656
-8432.860352 33547.195312
-8438.760742 33551.394531
-8444.637695 33555.570312
-8450.491211 33559.718750
-8456.322266 33563.843750
-8462.129883 33567.945312
-8467.914062 33572.019531
-8473.674805 33576.070312
-8479.412109 33580.097656
-8485.125977 33584.097656
-8490.816406 33588.074219
-8496.435547 33592.046875
-8501.998047 33596.003906
-8507.504883 33599.949219
-8512.956055 33603.882812
-8518.351562 33607.804688
-8523.690430 33611.714844
-8528.973633 33615.613281
-8534.201172 33619.500000
-8539.373047 33623.375000
-8544.488281 33627.238281
-8549.547852 33631.089844
-8554.551758 33634.929688
-8559.500000 33638.757812
-8564.391602 33642.570312
-8569.227539 33646.371094
-8574.007812 33650.160156
-8578.732422 33653.937500
-8583.400391 33657.703125
-8588.012695 33661.457031
-8592.569336 33665.199219
-8597.070312 33668.929688
-8601.514648 33672.648438
-8605.903320 33676.355469
-8610.236328 33680.050781
-8614.513672 33683.730469
-8618.734375 33687.398438
-8622.899414 33691.054688
-8627.008789 33694.699219
-8631.062500 33698.332031
-8635.060547 33701.953125
-8639.001953 33705.562500
-8642.887695 33709.160156
-8646.717773 33712.746094
-8650.492188 33716.320312
-8654.209961 33719.882812
-8657.872070 33723.433594
-8661.478516 33726.968750
-8665.029297 33730.492188
-8668.523438 33734.003906
-8671.961914 33737.503906
-8675.362305 33740.996094
-8678.719727 33744.480469
-8682.033203 33747.957031
-8685.302734 33751.425781
-8688.528320 33754.882812
-8691.709961 33758.332031
-8694.848633 33761.773438
-8697.943359 33765.207031
-8700.994141 33768.628906
-8704.000977 33772.042969
-8706.963867 33775.449219
-8709.882812 33778.847656
-8712.758789 33782.234375
-8715.590820 33785.613281
-8718.378906 33788.984375
-8721.123047 33792.347656
-8723.823242 33795.699219
-8726.479492 33799.042969
-8729.092773 33802.378906
-8731.662109 33805.707031
-8734.187500 33809.023438
-8736.668945 33812.332031
-8739.106445 33815.632812
-8741.500000 33818.925781
-8743.850586 33822.207031
-8746.157227 33825.480469
-8748.419922 33828.746094
-8750.638672 33832.003906
-8752.813477 33835.250000
-8754.945312 33838.488281
-8757.033203 33841.718750
-8759.077148 33844.941406
-8761.077148 33848.156250
-8763.033203 33851.359375
-8764.945312 33854.554688
-8766.814453 33857.742188
-8768.639648 33860.921875
-8770.420898 33864.089844
-8772.158203 33867.250000
-8773.851562 33870.402344
-8775.533203 33873.527344
-8777.192383 33876.628906
-8778.829102 33879.710938
-8780.443359 33882.769531
-8782.035156 33885.808594
-8783.604492 33888.824219
-8785.151367 33891.820312
-8786.675781 33894.792969
-8788.177734 33897.746094
-8789.657227 33900.675781
-8791.114258 33903.585938
-8792.548828 33906.472656
-8793.960938 33909.339844
-8795.350586 33912.183594
-8796.717773 33915.007812
-8798.062500 33917.808594
-8799.384766 33920.589844
-8800.684570 33923.347656
-8801.961914 33926.085938
-8803.216797 33928.800781
-8804.449219 33931.496094
-8805.659180 33934.167969
-8806.846680 33936.820312
-8808.011719 33939.449219
-8809.154297 33942.058594
-8810.274414 33944.644531
-8811.372070 33947.210938
-8812.447266 33949.753906
-8813.500000 33952.277344
-8814.530273 33954.777344
-8815.538086 33957.257812
-8816.523438 33959.714844
-8817.486328 33962.152344
-8818.426758 33964.566406
-8819.344727 33966.960938
-8820.240234 33969.332031
-8821.113281 33971.683594
-8821.963867 33974.011719
-8822.791992 33976.316406
-8823.597656 33978.601562
-8824.421875 33980.894531
-8825.251953 33983.183594
-8826.087891 33985.468750
-8826.928711 33987.750000
-8827.775391 33990.027344
-8828.626953 33992.304688
-8829.484375 33994.578125
-8830.347656 33996.847656
-8831.215820 33999.113281
-8832.089844 34001.378906
-8832.968750 34003.640625
-8833.853516 34005.898438
-8834.743164 34008.152344
-8835.638672 34010.402344
-8836.540039 34012.652344
-8837.446289 34014.898438
-8838.358398 34017.140625
-8839.275391 34019.378906
-8840.198242 34021.617188
-8841.126953 34023.851562
-8842.060547 34026.082031
-8843.000000 34028.308594
-8843.944336 34030.531250
-8844.894531 34032.753906
-8845.849609 34034.972656
-8846.810547 34037.187500
-8847.777344 34039.398438
-8848.749023 34041.605469
-8849.726562 34043.812500
-8850.708984 34046.015625
-8851.697266 34048.214844
-8852.690430 34050.410156
-8853.689453 34052.605469
-8854.694336 34054.796875
-8855.704102 34056.984375
-8856.719727 34059.167969
-8857.740234 34061.347656
-8858.766602 34063.527344
-8859.798828 34065.703125
-8860.835938 34067.875000
-8861.825195 34070.042969
-8862.785156 34072.207031
-8863.714844 34074.367188
-8864.615234 34076.523438
-8865.485352 34078.675781
-8866.325195 34080.824219
-8867.135742 34082.968750
-8867.916016 34085.109375
-8868.666016 34087.246094
-8869.386719 34089.375000
-8870.077148 34091.500000
-8870.738281 34093.621094
-8871.369141 34095.738281
-8871.969727 34097.851562
-8872.541016 34099.960938
-8873.082031 34102.066406
-8873.593750 34104.167969
-8874.075195 34106.265625
-8874.526367 34108.359375
-8874.948242 34110.449219
-8875.339844 34112.535156
-8875.701172 34114.617188
-8876.033203 34116.695312
-8876.334961 34118.769531
-8876.607422 34120.839844
-8876.849609 34122.906250
-8877.061523 34124.968750
-8877.244141 34127.027344
-8877.396484 34129.082031
-8877.519531 34131.128906
-8877.612305 34133.171875
-8877.674805 34135.210938
-8877.708008 34137.246094
-8877.710938 34139.277344
-8877.683594 34141.304688
-8877.626953 34143.328125
-8877.540039 34145.347656
-8877.423828 34147.363281
-8877.277344 34149.375000
-8877.100586 34151.382812
-8876.914062 34153.382812
-8876.710938 34155.375000
-8876.491211 34157.359375
-8876.254883 34159.339844
-8876.001953 34161.312500
-8875.731445 34163.277344
-8875.444336 34165.238281
-8875.140625 34167.191406
-8874.820312 34169.136719
-8874.483398 34171.074219
-8874.129883 34173.007812
-8873.759766 34174.933594
-8873.373047 34176.851562
-8872.969727 34178.761719
-8872.549805 34180.667969
-8872.112305 34182.566406
-8871.658203 34184.457031
-8871.187500 34186.343750
-8870.700195 34188.222656
-8870.196289 34190.093750
-8869.675781 34191.957031
-8869.138672 34193.816406
-8868.584961 34195.667969
-8868.014648 34197.511719
-8867.427734 34199.347656
-8866.823242 34201.179688
-8866.202148 34203.003906
-8865.564453 34204.820312
-8864.910156 34206.632812
-8864.239258 34208.437500
-8863.551758 34210.234375
-8862.847656 34212.023438
-8862.126953 34213.808594
-8861.389648 34215.585938
-8860.635742 34217.355469
-8859.864258 34219.117188
-8859.076172 34220.875000
-8858.271484 34222.625000
-8857.450195 34224.367188
-8856.612305 34226.105469
-8855.776367 34227.820312
-8854.935547 34229.523438
-8854.090820 34231.210938
-8853.241211 34232.882812
-8852.387695 34234.539062
-8851.529297 34236.179688
-8850.666992 34237.804688
-8849.799805 34239.414062
-8848.928711 34241.007812
-8848.052734 34242.585938
-8847.172852 34244.148438
-8846.288086 34245.695312
-8845.399414 34247.226562
-8844.505859 34248.742188
-8843.608398 34250.242188
-8842.706055 34251.726562
-8841.799805 34253.195312
-8840.888672 34254.648438
-8839.973633 34256.085938
-8839.053711 34257.507812
-8838.129883 34258.914062
-8837.201172 34260.304688
-8836.268555 34261.679688
-8835.331055 34263.039062
-8834.389648 34264.382812
-8833.443359 34265.710938
-8832.493164 34267.023438
-8831.538086 34268.320312
-8830.579102 34269.605469
-8829.615234 34270.875000
-8828.647461 34272.128906
-8827.674805 34273.367188
-8826.698242 34274.589844
-8825.716797 34275.796875
-8824.731445 34276.988281
-8823.741211 34278.164062
-8822.747070 34279.324219
-8821.748047 34280.468750
-8820.745117 34281.597656
-8819.737305 34282.710938
-8818.739258 34283.820312
-8817.747070 34284.925781
-8816.759766 34286.023438
-8815.777344 34287.113281
-8814.800781 34288.195312
-8813.829102 34289.273438
-8812.862305 34290.343750
-8811.900391 34291.406250
-8810.944336 34292.460938
-8809.993164 34293.511719
-8809.046875 34294.554688
-8808.106445 34295.589844
-8807.170898 34296.617188
-8806.240234 34297.640625
-8805.315430 34298.656250
-8804.395508 34299.664062
-8803.480469 34300.664062
-8802.570312 34301.660156
-8801.666016 34302.648438
-8800.766602 34303.628906
-8799.872070 34304.601562
-8798.983398 34305.570312
-8798.099609 34306.531250
-8797.220703 34307.484375
-8796.347656 34308.429688
-8795.479492 34309.371094
-8794.616211 34310.304688
-8793.757812 34311.230469
-8792.905273 34312.148438
-8792.057617 34313.062500
-8791.214844 34313.968750
-8790.377930 34314.867188
-8789.545898 34315.757812
-8788.718750 34316.644531
-8787.897461 34317.523438
-8787.081055 34318.394531
-8786.269531 34319.257812
-8785.462891 34320.117188
-8784.662109 34320.968750
-8783.866211 34321.812500
-8783.056641 34322.636719
-8782.240234 34323.445312
-8781.416016 34324.238281
-8780.583984 34325.015625
-8779.745117 34325.777344
-8778.898438 34326.523438
-8778.044922 34327.253906
-8777.183594 34327.968750
-8776.315430 34328.667969
-8775.439453 34329.351562
-8774.556641 34330.015625
-8773.666016 34330.664062
-8772.768555 34331.296875
-8771.863281 34331.914062
-8770.951172 34332.515625
-8770.031250 34333.101562
-8769.104492 34333.671875
-8768.169922 34334.226562
-8767.228516 34334.765625
-8766.279297 34335.289062
-8765.323242 34335.796875
-8764.359375 34336.289062
-8763.387695 34336.765625
-8762.409180 34337.226562
-8761.422852 34337.671875
-8760.429688 34338.101562
-8759.428711 34338.515625
-8758.420898 34338.914062
-8757.405273 34339.296875
-8756.382812 34339.660156
-8755.352539 34340.007812
-8754.315430 34340.339844
-8753.270508 34340.656250
-8752.218750 34340.957031
-8751.159180 34341.242188
-8750.092773 34341.511719
-8749.018555 34341.765625
-8747.937500 34342.003906
-8746.848633 34342.226562
-8745.752930 34342.433594
-8744.579102 34342.617188
-8743.350586 34342.781250
-8742.068359 34342.925781
-8740.731445 34343.050781
-8739.340820 34343.156250
-8737.895508 34343.242188
-8736.396484 34343.308594
-8734.842773 34343.355469
-8733.235352 34343.382812
-8731.573242 34343.390625
-8729.857422 34343.378906
-8728.086914 34343.347656
-8726.262695 34343.296875
-8724.383789 34343.226562
-8722.451172 34343.136719
-8720.463867 34343.027344
-8718.422852 34342.898438
-8716.327148 34342.750000
-8714.177734 34342.582031
-8711.973633 34342.394531
-8709.714844 34342.187500
-8707.402344 34341.960938
-8705.035156 34341.710938
-8702.614258 34341.441406
-8700.138672 34341.152344
-8697.609375 34340.843750
-8695.025391 34340.515625
-8692.387695 34340.167969
-8689.695312 34339.800781
-8686.949219 34339.414062
-8684.148438 34339.007812
-8681.293945 34338.582031
-8678.384766 34338.136719
-8675.421875 34337.671875
-8672.404297 34337.187500
-8669.333008 34336.683594
-8666.207031 34336.160156
-8663.027344 34335.617188
-8659.792969 34335.054688
-8656.503906 34334.472656
-8653.124023 34333.871094
-8649.665039 34333.246094
-8646.127930 34332.601562
-8642.511719 34331.937500
-8638.816406 34331.253906
-8635.041992 34330.550781
-8631.188477 34329.828125
-8627.256836 34329.085938
-8623.246094 34328.324219
-8619.156250 34327.542969
-8614.987305 34326.738281
-8610.740234 34325.914062
-8606.414062 34325.070312
-8602.008789 34324.207031
-8597.524414 34323.324219
-8592.961914 34322.421875
-8588.320312 34321.500000
-8583.599609 34320.558594
-8578.799805 34319.593750
-8573.920898 34318.609375
-8568.963867 34317.605469
-8563.927734 34316.582031
-8558.812500 34315.539062
-8553.618164 34314.476562
-8548.345703 34313.394531
-8542.994141 34312.292969
-8537.563477 34311.167969
-8532.053711 34310.023438
-8526.465820 34308.859375
-8520.798828 34307.675781
-8515.052734 34306.472656
-8509.227539 34305.250000
-8503.324219 34304.007812
-8497.341797 34302.746094
-8491.280273 34301.464844
-8485.139648 34300.160156
-8478.919922 34298.835938
-8472.622070 34297.492188
-8466.245117 34296.128906
-8459.789062 34294.746094
-8453.304688 34293.371094
-8446.774414 34291.996094
-8440.198242 34290.617188
-8433.577148 34289.238281
-8426.910156 34287.855469
-8420.198242 34286.472656
-8413.440430 34285.089844
-8406.636719 34283.703125
-8399.788086 34282.316406
-8392.893555 34280.929688
-8385.953125 34279.539062
-8378.967773 34278.148438
-8371.936523 34276.757812
-8364.860352 34275.363281
-8357.738281 34273.968750
-8350.570312 34272.570312
-8343.357422 34271.171875
-8336.098633 34269.773438
-8328.793945 34268.371094
-8321.444336 34266.968750
-8314.048828 34265.566406
-8306.608398 34264.160156
-8299.122070 34262.753906
-8291.589844 34261.347656
-8284.012695 34259.937500
-8276.389648 34258.527344
-8268.721680 34257.113281
-8261.007812 34255.699219
-8253.248047 34254.285156
-8245.443359 34252.867188
-8237.592773 34251.449219
-8229.696289 34250.031250
-8221.754883 34248.609375
-8213.767578 34247.187500
-8205.735352 34245.765625
-8197.657227 34244.339844
-8189.533691 34242.914062
-8181.364258 34241.484375
-8173.149414 34240.054688
-8164.889160 34238.625000
-8156.552246 34237.195312
-8148.148926 34235.765625
-8139.679199 34234.335938
-8131.143555 34232.906250
-8122.541504 34231.476562
-8113.873047 34230.046875
-8105.138184 34228.617188
-8096.336914 34227.187500
-8087.469727 34225.757812
-8078.536133 34224.328125
-8069.536133 34222.898438
-8060.469727 34221.468750
-8051.337402 34220.039062
-8042.138672 34218.609375
-8032.873535 34217.175781
-8023.541992 34215.742188
-8014.144043 34214.308594
-8004.680176 34212.875000
-7995.149902 34211.441406
-7985.553223 34210.007812
-7975.890137 34208.574219
-7966.161133 34207.140625
-7956.365723 34205.707031
-7946.503906 34204.273438
-7936.575684 34202.839844
-7926.581055 34201.406250
-7916.520508 34199.972656
-7906.393555 34198.539062
-7896.200195 34197.105469
-7885.940430 34195.671875
-7875.614258 34194.238281
-7865.222168 34192.804688
-7854.763672 34191.371094
-7844.238770 34189.937500
-7833.647461 34188.503906
-7822.990234 34187.070312
-7812.266602 34185.636719
-7801.476562 34184.203125
-7790.620117 34182.769531
-7779.697266 34181.335938
-7768.712402 34179.871094
-7757.664062 34178.386719
-7746.552246 34176.886719
-7735.376465 34175.367188
-7724.137207 34173.828125
-7712.834473 34172.269531
-7701.468262 34170.691406
-7690.038574 34169.093750
-7678.544922 34167.476562
-7666.987793 34165.839844
-7655.367188 34164.183594
-7643.683105 34162.507812
-7631.935547 34160.812500
-7620.124023 34159.097656
-7608.249023 34157.363281
-7596.310547 34155.609375
-7584.308594 34153.835938
-7572.243164 34152.042969
-7560.113770 34150.230469
-7547.920898 34148.398438
-7535.664551 34146.546875
-7523.344727 34144.675781
-7510.961426 34142.785156
-7498.514160 34140.875000
-7486.003418 34138.945312
-7473.429199 34136.996094
-7460.791504 34135.027344
-7448.090332 34133.042969
-7435.325195 34131.039062
-7422.496582 34129.015625
-7409.604492 34126.972656
-7396.648926 34124.910156
-7383.629883 34122.828125
-7370.546875 34120.726562
-7357.400391 34118.605469
-7344.190430 34116.464844
-7330.916992 34114.304688
-7317.580078 34112.125000
-7304.179199 34109.925781
-7290.714844 34107.707031
-7277.239258 34105.488281
-7263.735352 34103.261719
-7250.202637 34101.031250
-7236.641602 34098.792969
-7223.051758 34096.546875
-7209.433594 34094.296875
-7195.786621 34092.039062
-7182.111328 34089.773438
-7168.407227 34087.503906
-7154.674805 34085.226562
-7140.913574 34082.941406
-7127.124023 34080.652344
-7113.305664 34078.355469
-7099.458984 34076.050781
-7085.583496 34073.742188
-7071.679688 34071.425781
-7057.747070 34069.101562
-7043.786133 34066.773438
-7029.796387 34064.437500
-7015.778320 34062.093750
-7001.731445 34059.746094
-6987.656250 34057.390625
-6973.552246 34055.027344
-6959.419434 34052.660156
-6945.258301 34050.285156
-6931.068359 34047.902344
-6916.850098 34045.515625
-6902.603027 34043.121094
-6888.327637 34040.718750
-6874.023438 34038.312500
-6859.690918 34035.898438
-6845.329590 34033.476562
-6830.939941 34031.050781
-6816.521484 34028.617188
-6802.074707 34026.175781
-6787.599121 34023.730469
-6773.095215 34021.277344
-6758.562500 34018.816406
-6744.001465 34016.351562
-6729.411621 34013.878906
-6714.779297 34011.394531
-6700.109375 34008.902344
-6685.401367 34006.402344
-6670.655762 34003.890625
-6655.872070 34001.371094
-6641.050781 33998.843750
-6626.191406 33996.304688
-6611.293945 33993.757812
-6596.358887 33991.203125
-6581.385742 33988.636719
-6566.375000 33986.062500
-6551.326172 33983.480469
-6536.239746 33980.886719
-6521.115234 33978.285156
-6505.953125 33975.675781
-6490.752930 33973.054688
-6475.515137 33970.425781
-6460.239258 33967.789062
-6444.925781 33965.140625
-6429.574219 33962.484375
-6414.185059 33959.820312
-6398.757812 33957.144531
-6383.292969 33954.460938
-6367.790039 33951.769531
-6352.249512 33949.066406
-6336.670898 33946.355469
-6321.054688 33943.636719
-6305.400391 33940.910156
-6289.708496 33938.171875
-6273.978516 33935.425781
-6258.210938 33932.671875
-6242.405273 33929.906250
-6226.562012 33927.132812
-6210.680664 33924.351562
-6194.761719 33921.558594
-6178.804688 33918.757812
-6162.809570 33915.949219
-6146.776855 33913.128906
-6130.706055 33910.300781
-6114.597656 33907.464844
-6098.476562 33904.632812
-6082.334961 33901.800781
-6066.172363 33898.968750
-6049.988770 33896.136719
-6033.784180 33893.308594
-6017.558594 33890.480469
-6001.312012 33887.652344
-5985.044434 33884.824219
-5968.756348 33881.996094
-5952.447266 33879.167969
-5936.117188 33876.343750
-5919.766113 33873.519531
-5903.394043 33870.695312
-5887.000977 33867.871094
-5870.586914 33865.046875
-5854.152344 33862.222656
-5837.696777 33859.402344
-5821.220215 33856.582031
-5804.722656 33853.761719
-5788.204102 33850.941406
-5771.664551 33848.121094
-5755.104004 33845.300781
-5738.522949 33842.484375
-5721.920898 33839.667969
-5705.297852 33836.851562
-5688.653809 33834.035156
-5671.988770 33831.218750
-5655.302734 33828.402344
-5638.595703 33825.589844
-5621.868164 33822.777344
-5605.119629 33819.964844
-5588.350098 33817.152344
-5571.559570 33814.339844
-5554.748047 33811.527344
-5537.915527 33808.718750
-5521.062012 33805.910156
-5504.187988 33803.101562
-5487.292969 33800.292969
-5470.376953 33797.484375
-5453.439941 33794.675781
-5436.470703 33791.855469
-5419.473145 33789.027344
-5402.447266 33786.191406
-5385.393066 33783.347656
-5368.310547 33780.496094
-5351.199707 33777.636719
-5334.060547 33774.769531
-5316.893066 33771.894531
-5299.697266 33769.011719
-5282.473145 33766.121094
-5265.220703 33763.222656
-5247.939941 33760.312500
-5230.630859 33757.394531
-5213.293457 33754.468750
-5195.927734 33751.535156
-5178.533203 33748.593750
-5161.110352 33745.644531
-5143.659180 33742.687500
-5126.179688 33739.722656
-5108.671875 33736.750000
-5091.135742 33733.769531
-5073.571289 33730.781250
-5055.978516 33727.785156
-5038.357422 33724.781250
-5020.708008 33721.765625
-5003.030273 33718.742188
-4985.324219 33715.710938
-4967.589844 33712.671875
-4949.827148 33709.625000
-4932.036133 33706.570312
-4914.216797 33703.507812
-4896.368652 33700.437500
-4878.492188 33697.359375
-4860.587402 33694.273438
-4842.654297 33691.179688
-4824.692871 33688.078125
-4806.703125 33684.968750
-4788.685059 33681.851562
-4770.638672 33678.722656
-4752.563965 33675.585938
-4734.469727 33672.441406
-4716.352539 33669.285156
-4698.212891 33666.121094
-4680.050781 33662.949219
-4661.865723 33659.765625
-4643.658203 33656.574219
-4625.428223 33653.375000
-4607.175781 33650.164062
-4588.900391 33646.945312
-4570.602539 33643.714844
-4552.282227 33640.476562
-4533.938965 33637.230469
-4515.573242 33633.972656
-4497.185059 33630.707031
-4478.774414 33627.429688
-4460.340820 33624.144531
-4441.884766 33620.851562
-4423.406250 33617.546875
-4404.904785 33614.234375
-4386.380859 33610.910156
-4367.834473 33607.578125
-4349.265625 33604.238281
-4330.673828 33600.886719
-4312.059570 33597.527344
-4293.422852 33594.160156
-4274.763184 33590.781250
-4256.081055 33587.394531
-4237.376465 33583.996094
-4218.649414 33580.589844
-4199.899414 33577.175781
-4181.126953 33573.750000
-4162.332031 33570.316406
-4143.514160 33566.871094
-4124.673828 33563.417969
-4105.811035 33559.957031
-4086.925537 33556.484375
-4068.017578 33553.003906
-4049.086914 33549.515625
-4030.133545 33546.015625
-4011.157715 33542.507812
-3992.155273 33538.988281
-3973.127441 33535.457031
-3954.074219 33531.914062
-3934.995850 33528.359375
-3915.892090 33524.792969
-3896.763184 33521.214844
-3877.608887 33517.625000
-3858.429199 33514.023438
-3839.224365 33510.410156
-3819.994141 33506.785156
-3800.738525 33503.148438
-3781.457764 33499.503906
-3762.151611 33495.847656
-3742.820312 33492.179688
-3723.463623 33488.500000
-3704.081543 33484.808594
-3684.674316 33481.105469
-3665.241699 33477.390625
-3645.783691 33473.664062
-3626.300537 33469.925781
-3606.791992 33466.175781
-3587.258301 33462.414062
-3567.699219 33458.644531
-3548.114746 33454.863281
-3528.505127 33451.070312
-3508.870117 33447.265625
-3489.209717 33443.449219
-3469.524170 33439.621094
-3449.813232 33435.781250
-3430.077148 33431.929688
-3410.315674 33428.066406
-3390.528809 33424.191406
-3370.716797 33420.304688
-3350.879395 33416.406250
-3331.016602 33412.500000
-3311.128662 33408.582031
-3291.215332 33404.652344
-3271.276855 33400.710938
-3251.312988 33396.757812
-3231.323730 33392.792969
-3211.312012 33388.816406
-3191.276855 33384.828125
-3171.218262 33380.832031
-3151.136230 33376.824219
-3131.030762 33372.804688
-3110.901855 33368.773438
-3090.749756 33364.730469
-3070.574219 33360.675781
-3050.375244 33356.613281
-3030.152832 33352.539062
-3009.906982 33348.453125
-2989.637695 33344.355469
-2969.344971 33340.246094
-2949.028809 33336.128906
-2928.689209 33332.000000
-2908.326172 33327.859375
-2887.939697 33323.707031
-2867.529785 33319.542969
-2847.096436 33315.367188
-2826.639648 33311.183594
-2806.159424 33306.988281
-2785.655762 33302.781250
-2765.128662 33298.562500
-2744.578125 33294.332031
-2724.004395 33290.089844
-2703.407227 33285.839844
-2682.786621 33281.578125
-2662.142578 33277.304688
-2641.475098 33273.019531
-2620.784180 33268.722656
-2600.069824 33264.417969
-2579.332031 33260.101562
-2558.570801 33255.773438
-2537.786133 33251.433594
-2516.978027 33247.082031
-2496.146484 33242.718750
-2475.291504 33238.347656
-2454.413086 33233.964844
-2433.511230 33229.570312
-2412.585938 33225.164062
-2391.643066 33220.746094
-2370.680420 33216.320312
-2349.698242 33211.882812
-2328.696533 33207.433594
-2307.675049 33202.972656
-2286.634033 33198.500000
-2265.573242 33194.015625
-2244.492920 33189.523438
-2223.393066 33185.019531
-2202.273438 33180.503906
-2181.134277 33175.976562
-2159.975586 33171.437500
-2138.797119 33166.890625
-2117.599121 33162.332031
-2096.381348 33157.761719
-2075.144043 33153.179688
-2053.887207 33148.585938
-2032.610596 33143.980469
-2011.314453 33139.367188
-1989.998657 33134.742188
-1968.663208 33130.105469
-1947.308105 33125.457031
-1925.933472 33120.796875
-1904.539185 33116.128906
-1883.125244 33111.449219
-1861.691650 33106.757812
-1840.238525 33102.054688
-1818.765747 33097.339844
-1797.273315 33092.613281
-1775.761230 33087.878906
-1754.229614 33083.132812
-1732.678345 33078.375000
-1711.107422 33073.605469
-1689.516846 33068.824219
-1667.906616 33064.035156
-1646.276855 33059.234375
-1624.627441 33054.421875
-1602.958374 33049.597656
-1581.269653 33044.761719
-1559.561401 33039.917969
-1537.838013 33035.058594
-1516.098022 33030.187500
-1494.341309 33025.304688
-1472.567993 33020.410156
-1450.778076 33015.503906
-1428.971558 33010.585938
-1407.148438 33005.656250
-1385.308594 33000.714844
-1363.452148 32995.761719
-1341.579102 32990.796875
-1319.689453 32985.820312
-1297.783203 32980.832031
-1275.860352 32975.832031
-1253.920776 32970.816406
-1231.964600 32965.789062
-1209.991821 32960.750000
-1188.002441 32955.699219
-1165.996460 32950.636719
-1143.973755 32945.562500
-1121.934448 32940.476562
-1099.878540 32935.378906
-1077.806030 32930.269531
-1055.716919 32925.148438
-1033.611084 32920.015625
-1011.488647 32914.871094
-989.349609 32909.714844
-967.193970 32904.546875
-945.021667 32899.367188
-922.832764 32894.171875
-900.627258 32888.964844
-878.405090 32883.746094
-856.166321 32878.515625
-833.910889 32873.273438
-811.638855 32868.019531
-789.350220 32862.753906
-767.044922 32857.476562
-744.723022 32852.187500
-722.384521 32846.886719
-700.029358 32841.574219
-677.657593 32836.250000
-655.266296 32830.910156
-632.856445 32825.558594
-610.428040 32820.191406
-587.981079 32814.808594
-565.515564 32809.414062
-543.031494 32804.003906
-520.528931 32798.582031
-498.007782 32793.144531
-475.468079 32787.695312
-452.909821 32782.230469
-430.333038 32776.753906
-407.737701 32771.261719
-385.123810 32765.757812
-362.491364 32760.240234
-339.840363 32754.707031
-317.170807 32749.160156
-294.482697 32743.599609
-271.776031 32738.025391
-249.050827 32732.437500
-226.307068 32726.835938
-203.544769 32721.220703
-180.763916 32715.591797
-157.964508 32709.949219
-135.146545 32704.292969
-112.310036 32698.623047
-89.454979 32692.939453
-66.581367 32687.242188
-43.689209 32681.531250
-20.778498 32675.806641
2.150764 32670.068359
25.098577 32664.316406
48.064941 32658.550781
71.049858 32652.771484
94.053322 32646.978516
117.075340 32641.171875
140.115906 32635.351562
163.175018 32629.517578
186.252686 32623.669922
209.348907 32617.808594
232.463684 32611.931641
255.605438 32606.035156
278.771362 32600.121094
301.961487 32594.187500
325.175781 32588.236328
348.414246 32582.267578
371.676880 32576.279297
394.963684 32570.273438
418.274658 32564.250000
441.609833 32558.207031
464.969177 32552.146484
488.352692 32546.068359
511.760376 32539.970703
535.192261 32533.855469
558.648315 32527.722656
582.128540 32521.570312
605.632935 32515.400391
629.161499 32509.212891
652.714233 32503.005859
676.291138 32496.781250
699.892212 32490.539062
723.517456 32484.277344
747.166931 32477.998047
770.840576 32471.701172
794.538391 32465.384766
818.260376 32459.050781
842.006531 32452.699219
865.776855 32446.328125
889.571350 32439.939453
913.390015 32433.533203
937.232849 32427.107422
961.099854 32420.664062
984.991028 32414.203125
1008.906433 32407.722656
1032.845947 32401.224609
1056.809692 32394.708984
1080.797607 32388.173828
1104.809692 32381.621094
1128.845947 32375.050781
1152.906372 32368.460938
1176.990967 32361.853516
1201.095825 32355.228516
1225.222168 32348.585938
1249.369995 32341.927734
1273.539429 32335.251953
1297.730347 32328.558594
1321.942749 32321.847656
1346.176758 32315.119141
1370.432251 32308.373047
1394.709229 32301.609375
1419.007812 32294.828125
1443.327881 32288.029297
1467.669434 32281.212891
1492.032593 32274.378906
1516.417236 32267.529297
1540.823364 32260.662109
1565.251099 32253.777344
1589.700317 32246.875000
1614.171021 32239.955078
1638.663330 32233.017578
1663.177124 32226.062500
1687.712402 32219.089844
1712.269165 32212.099609
1736.847534 32205.091797
1761.447388 32198.066406
1786.068726 32191.025391
1810.711670 32183.966797
1835.376099 32176.890625
1860.062012 32169.796875
1884.769531 32162.685547
1909.498535 32155.556641
1934.249023 32148.410156
1959.021118 32141.246094
1983.814697 32134.064453
2008.629761 32126.865234
2033.466431 32119.648438
2058.324707 32112.416016
2083.204346 32105.166016
2108.105469 32097.898438
2133.028320 32090.613281
2157.972656 32083.310547
