-0.051637 0.079575
-0.137700 0.212200
-0.258187 0.397875
-0.413100 0.636600
-0.602437 0.928376
-0.826200 1.273201
-1.084387 1.671076
-1.377000 2.122001
-1.704037 2.625977
-2.065499 3.183002
-2.461387 3.793078
-2.891699 4.456203
-3.356436 5.172379
-3.855599 5.941604
-4.389186 6.763880
-4.957199 7.639205
-5.559636 8.567581
-6.196498 9.549006
-6.867786 10.583482
-7.573498 11.671007
-8.313636 12.811583
-9.088199 14.005208
-9.897186 15.251884
-10.740599 16.551609
-11.618436 17.904385
-12.530699 19.310211
-13.477386 20.769087
-14.458499 22.281013
-15.474036 23.845989
-16.523998 25.464016
-17.608385 27.135092
-18.727198 28.859219
-19.880436 30.636395
-21.068098 32.466621
-22.290186 34.349899
-23.546700 36.286224
-24.837637 38.275600
-26.163000 40.318027
-27.522787 42.413506
-28.917000 44.562031
-30.344662 46.722809
-31.806099 48.909435
-33.301311 51.121910
-34.830299 53.360237
-36.393063 55.624413
-37.989601 57.914440
-39.619915 60.230316
-41.284004 62.572044
-42.981865 64.939621
-44.713501 67.333046
-46.478912 69.752319
-48.278099 72.197449
-50.111061 74.668427
-51.977798 77.165253
-53.878311 79.687927
-55.812599 82.236458
-57.780663 84.810837
-59.782501 87.411064
-61.818115 90.037140
-63.887505 92.689064
-65.990669 95.366844
-68.127609 98.070473
-70.298325 100.799950
-72.502815 103.555275
-74.741081 106.336456
-77.013123 109.143486
-79.318939 111.976364
-81.658524 114.835091
-84.031883 117.719666
-86.439018 120.630096
-88.879929 123.566376
-91.354614 126.528503
-93.863075 129.516479
-96.405312 132.530304
-98.981323 135.569977
-101.591110 138.635498
-104.234673 141.726883
-106.912010 144.844116
-109.623123 147.987198
-112.368011 151.156128
-115.142998 154.332947
-117.949310 157.523636
-120.786949 160.728195
-123.655914 163.946640
-126.556206 167.178955
-129.487823 170.425140
-132.450760 173.685211
-135.445023 176.959152
-138.470612 180.246964
-141.527527 183.548660
-144.615768 186.864227
-147.735336 190.193665
-150.886230 193.536987
-154.068436 196.894180
-157.281967 200.265244
-160.526825 203.650192
-163.803009 207.049011
-167.110519 210.461700
-170.449356 213.888260
-173.819519 217.328705
-177.221008 220.783020
-180.653824 224.251205
-184.117966 227.733276
-187.613434 231.229218
-191.140213 234.739029
-194.698318 238.262726
-198.287750 241.800293
-201.908508 245.351730
-205.560593 248.917053
-209.244003 252.496246
-212.958740 256.089325
-216.704803 259.696259
-220.482193 263.317078
-224.290909 266.951782
-228.130951 270.600342
-232.002304 274.262787
-235.904984 277.939117
-239.838989 281.629303
-243.804321 285.333374
-247.800980 289.051331
-251.816330 292.744415
-255.854584 296.425537
-259.915741 300.094727
-263.999786 303.751953
-268.106720 307.397217
-272.236572 311.030548
-276.389313 314.651917
-280.564972 318.261353
-284.763519 321.858826
-288.984955 325.444366
-293.229309 329.017944
-297.496552 332.579559
-301.786713 336.129242
-306.099762 339.666962
-310.435699 343.192749
-314.794556 346.706573
-319.176300 350.208466
-323.580933 353.698395
-328.008484 357.176361
-332.458923 360.642395
-336.932281 364.096466
-341.428528 367.538605
-345.947662 370.968781
-350.489716 374.387024
-355.054657 377.793304
-359.642517 381.187622
-364.253265 384.570007
-368.886902 387.940430
-373.543457 391.298920
-378.222900 394.645447
-382.925262 397.980011
-387.650513 401.302643
-392.398651 404.613312
-397.169708 407.912048
-401.963654 411.198822
-406.780518 414.473663
-411.620270 417.736542
-416.482910 420.987457
-421.368469 424.226440
-426.276917 427.453461
-431.192780 430.683533
-436.121216 433.911652
-441.062225 437.137817
-446.015808 440.362061
-450.981964 443.584351
-455.960693 446.804688
-460.951996 450.023071
-465.955872 453.239502
-470.972351 456.453979
-476.001404 459.666504
-481.043030 462.877075
-486.097229 466.085693
-491.164001 469.292358
-496.243347 472.497101
-501.335266 475.699890
-506.439758 478.900726
-511.556824 482.099609
-516.686462 485.296539
-521.828674 488.491516
-526.983459 491.684540
-532.150818 494.875610
-537.330750 498.064728
-542.523254 501.251892
-547.728333 504.437134
-552.945984 507.620422
-558.176208 510.801758
-563.419006 513.981140
-568.674377 517.158569
-573.942322 520.334045
-579.222839 523.507568
-584.515930 526.679138
-589.821594 529.848755
-595.139893 533.016418
-600.470764 536.182129
-605.814209 539.345886
-611.170227 542.507690
-616.538818 545.667542
-621.919983 548.825439
-627.313721 551.981445
-632.720032 555.135498
-638.128662 558.271851
-643.543030 561.395813
-648.963135 564.507324
-654.389038 567.606384
-659.820679 570.693054
-665.258057 573.767273
-670.701172 576.829102
-676.150024 579.878479
-681.604675 582.915466
-687.065063 585.940002
-692.531189 588.952148
-698.003052 591.951843
-703.480713 594.939087
-708.964111 597.913940
-714.453247 600.876343
-719.948120 603.826355
-725.448730 606.763916
-730.955139 609.689087
-736.467285 612.601807
-741.985168 615.502075
-747.508789 618.389954
-753.038147 621.265381
-758.573303 624.128418
-764.114197 626.979004
-769.660828 629.817200
-775.213196 632.642944
-780.771362 635.456238
-786.335266 638.257141
-791.904907 641.045593
-797.480286 643.821655
-803.061401 646.585266
-808.648315 649.336487
-814.240967 652.075256
-819.839355 654.801575
-825.443481 657.515503
-831.053345 660.216980
-836.669006 662.906067
-842.290405 665.582703
-847.917542 668.246948
-853.550415 670.898743
-859.167542 673.533020
-864.776123 676.151550
-870.376099 678.754272
-875.967529 681.341187
-881.550354 683.912292
-887.124634 686.467590
-892.690308 689.007080
-898.247437 691.530762
-903.795959 694.038696
-909.335938 696.530823
-914.867310 699.007141
-920.390137 701.467651
-925.904358 703.912354
-931.410034 706.341248
-936.907166 708.754333
-942.395691 711.151611
-947.875671 713.533142
-953.347046 715.898865
-958.809875 718.248779
-964.264099 720.582886
-969.709778 722.901184
-975.146851 725.203674
-980.575378 727.490356
-985.995300 729.761230
-991.406677 732.016357
-996.809448 734.255676
-1002.203674 736.479187
-1007.589294 738.686890
-1012.966370 740.878784
-1018.334839 743.054871
-1023.694763 745.215149
-1029.046143 747.359680
-1034.388916 749.488403
-1039.723145 751.601318
-1045.048706 753.698425
-1050.365723 755.779724
-1055.674194 757.845215
-1060.974121 759.894897
-1066.265381 761.928772
-1071.548096 763.946899
-1076.837402 765.974487
-1082.128174 768.003113
-1087.420410 770.032776
-1092.714233 772.063477
-1098.009521 774.095276
-1103.306274 776.128113
-1108.604492 778.161987
-1113.904297 780.196899
-1119.205566 782.232849
-1124.508301 784.269897
-1129.812622 786.307983
-1135.118408 788.347107
-1140.425659 790.387268
-1145.734375 792.428528
-1151.044678 794.470825
-1156.356445 796.514160
-1161.669678 798.558533
-1166.984497 800.603943
-1172.300781 802.650452
-1177.618530 804.697998
-1182.937744 806.746582
-1188.258545 808.796204
-1193.580811 810.846863
-1198.904541 812.898621
-1204.229858 814.951416
-1209.556641 817.005249
-1214.884888 819.060120
-1220.214600 821.116028
-1225.545898 823.173035
-1230.878662 825.231079
-1236.212891 827.290161
-1241.548706 829.350281
-1246.885986 831.411438
-1252.224731 833.473694
-1257.564941 835.536987
-1262.906738 837.601318
-1268.250000 839.666687
-1273.594727 841.733093
-1278.941040 843.800598
-1284.288818 845.869141
-1289.630493 847.945923
-1294.968750 850.028564
-1300.303467 852.117065
-1305.634644 854.211365
-1310.962280 856.311523
-1316.286377 858.417542
-1321.606934 860.529419
-1326.923950 862.647156
-1332.237427 864.770752
-1337.547485 866.900208
-1342.854004 869.035461
-1348.156982 871.176575
-1353.456421 873.323547
-1358.752319 875.476379
-1364.044678 877.635071
-1369.333496 879.799622
-1374.618774 881.970032
-1379.900635 884.146240
-1385.178955 886.328308
-1390.453735 888.516235
-1395.724976 890.710022
-1400.992676 892.909668
-1406.256836 895.115173
-1411.517456 897.326477
-1416.774536 899.543640
-1422.028198 901.766663
-1427.278320 903.995544
-1432.524902 906.230286
-1437.767944 908.470886
-1443.007446 910.717346
-1448.243408 912.969604
-1453.475830 915.227722
-1458.704712 917.491699
-1463.930176 919.761536
-1469.152100 922.037231
-1474.370483 924.318787
-1479.585327 926.606140
-1484.796631 928.899353
-1490.004395 931.198425
-1495.208618 933.503357
-1500.399292 935.780640
-1505.579712 938.041382
-1510.750000 940.285645
-1515.910034 942.513428
-1521.059814 944.724670
-1526.199341 946.919434
-1531.328735 949.097717
-1536.447876 951.259460
-1541.556763 953.404724
-1546.655396 955.533508
-1551.743896 957.645752
-1556.822144 959.741516
-1561.890137 961.820801
-1566.947876 963.883545
-1571.995361 965.929810
-1577.032715 967.959595
-1582.059814 969.972839
-1587.076660 971.969604
-1592.083252 973.949890
-1597.079712 975.913635
-1602.065918 977.860901
-1607.041870 979.791687
-1612.007568 981.705933
-1616.963135 983.603699
-1621.908447 985.484985
-1626.843506 987.349731
-1631.768311 989.197998
-1636.682983 991.029785
-1641.587402 992.845032
-1646.481567 994.643799
-1651.365479 996.426086
-1656.239258 998.191833
-1661.102783 999.941101
-1665.956055 1001.673828
-1670.799072 1003.390076
-1675.631836 1005.089844
-1680.454468 1006.773071
-1685.266846 1008.439819
-1690.068970 1010.090088
-1694.860840 1011.723816
-1699.672729 1013.395691
-1704.494629 1015.087463
-1709.326416 1016.799133
-1714.168091 1018.530701
-1719.019653 1020.282166
-1723.881226 1022.053528
-1728.752686 1023.844788
-1733.634033 1025.656006
-1738.525391 1027.487061
-1743.426636 1029.338013
-1748.337769 1031.208862
-1753.258911 1033.099609
-1758.189941 1035.010254
-1763.130859 1036.940796
-1768.081787 1038.891235
-1773.042603 1040.861572
-1778.013306 1042.851807
-1782.993896 1044.861938
-1787.984497 1046.891968
-1792.984985 1048.941895
-1797.995361 1051.011719
-1803.015747 1053.101440
-1808.046021 1055.211060
-1813.086182 1057.340576
-1818.136353 1059.489990
-1823.196411 1061.659302
-1828.266357 1063.848511
-1833.346313 1066.057617
-1838.436157 1068.286621
-1843.535889 1070.535522
-1848.645508 1072.804321
-1853.765137 1075.093140
-1858.894653 1077.401855
-1864.034058 1079.730469
-1869.183472 1082.078979
-1874.342773 1084.447388
-1879.511963 1086.835693
-1884.691162 1089.243896
-1889.880249 1091.671997
-1895.079224 1094.119995
-1900.292969 1096.604980
-1905.519775 1099.121216
-1910.759766 1101.668823
-1916.012817 1104.247681
-1921.279053 1106.857788
-1926.558350 1109.499268
-1931.850830 1112.171997
-1937.156372 1114.876099
-1942.475098 1117.611450
-1947.806885 1120.378052
-1953.151855 1123.176025
-1958.510010 1126.005249
-1963.881226 1128.865845
-1969.265625 1131.757690
-1974.663086 1134.680908
-1980.073730 1137.635376
-1985.497437 1140.621094
-1990.934326 1143.638184
-1996.384277 1146.686523
-2001.847412 1149.766235
-2007.323608 1152.877197
-2012.812988 1156.019409
-2018.315430 1159.192993
-2023.831055 1162.397827
-2029.359741 1165.634033
-2034.901611 1168.901489
-2040.456543 1172.200195
-2046.024658 1175.530273
-2051.605957 1178.891602
-2057.200195 1182.284302
-2062.807617 1185.708252
-2068.428223 1189.163452
-2074.062012 1192.650024
-2079.708740 1196.167847
-2085.368652 1199.717041
-2091.041748 1203.297485
-2096.728027 1206.909302
-2102.427490 1210.552368
-2108.139893 1214.226685
-2113.865479 1217.932373
-2119.572754 1221.580444
-2125.272217 1225.200684
-2130.963867 1228.792969
-2136.647705 1232.357300
-2142.323730 1235.893677
-2147.991943 1239.402222
-2153.652588 1242.882812
-2159.305420 1246.335449
-2164.950439 1249.760132
-2170.587646 1253.156982
-2176.217041 1256.525879
-2181.838623 1259.866821
-2187.452393 1263.179810
-2193.058350 1266.464966
-2198.656494 1269.722168
-2204.246826 1272.951416
-2209.829346 1276.152710
-2215.404053 1279.326050
-2220.970947 1282.471558
-2226.530029 1285.589111
-2232.081299 1288.678711
-2237.624756 1291.740356
-2243.160400 1294.774170
-2248.688232 1297.780029
-2254.208252 1300.757935
-2259.720459 1303.707886
-2265.225098 1306.630005
-2270.721924 1309.524170
-2276.210938 1312.390381
-2281.692139 1315.228638
-2287.165527 1318.039062
-2292.631104 1320.821533
-2298.088867 1323.576050
-2303.538818 1326.302612
-2308.980957 1329.001343
-2314.415283 1331.672119
-2319.841797 1334.314941
-2325.260498 1336.929810
-2330.671387 1339.516724
-2336.074463 1342.075806
-2341.478516 1344.666016
-2346.880615 1347.267822
-2352.280762 1349.881104
-2357.678955 1352.505859
-2363.075195 1355.142090
-2368.469482 1357.789795
-2373.861816 1360.449097
-2379.252197 1363.119873
-2384.640625 1365.802124
-2390.027100 1368.495850
-2395.411621 1371.201050
-2400.794189 1373.917847
-2406.174805 1376.646118
-2411.553467 1379.385864
-2416.930176 1382.137085
-2422.304932 1384.899902
-2427.677734 1387.674194
-2433.048584 1390.459961
-2438.417480 1393.257202
-2443.784424 1396.065918
-2449.149414 1398.886230
-2454.512451 1401.718018
-2459.873535 1404.561279
-2465.232910 1407.416016
-2470.590332 1410.282227
-2475.945801 1413.160034
-2481.299316 1416.049316
-2486.650879 1418.950073
-2492.000488 1421.862305
-2497.348145 1424.786011
-2502.693848 1427.721313
-2508.037598 1430.668091
-2513.379395 1433.626343
-2518.719238 1436.596069
-2524.057129 1439.577271
-2529.393066 1442.570068
-2534.727051 1445.574341
-2540.059082 1448.590088
-2545.389160 1451.617310
-2550.717285 1454.656006
-2556.057861 1457.703247
-2561.406006 1460.759888
-2566.761719 1463.825928
-2572.125244 1466.901489
-2577.496338 1469.986450
-2582.875000 1473.080933
-2588.261475 1476.184814
-2593.655518 1479.298096
-2599.057129 1482.420898
-2604.466553 1485.553101
-2609.883545 1488.694824
-2615.308105 1491.845947
-2620.740479 1495.006470
-2626.180420 1498.176514
-2631.627930 1501.355957
-2637.083252 1504.544922
-2642.546143 1507.743286
-2648.016602 1510.951172
-2653.494873 1514.168457
-2658.980713 1517.395142
-2664.474121 1520.631348
-2669.975342 1523.876953
-2675.484131 1527.132080
-2681.000488 1530.396606
-2686.524658 1533.670532
-2692.056396 1536.953979
-2697.595703 1540.246826
-2703.142822 1543.549194
-2708.697510 1546.860962
-2714.259766 1550.182251
-2719.829834 1553.512939
-2725.407471 1556.853027
-2730.992676 1560.202637
-2736.585693 1563.561646
-2742.186279 1566.930176
-2747.794434 1570.308105
-2753.410400 1573.695435
-2759.033936 1577.092285
-2764.665039 1580.498535
-2770.303955 1583.914307
-2775.930420 1587.343994
-2781.551025 1590.786011
-2787.165771 1594.240479
-2792.774902 1597.707397
-2798.378174 1601.186768
-2803.975586 1604.678589
-2809.567383 1608.182739
-2815.153320 1611.699341
-2820.733398 1615.228394
-2826.307861 1618.769897
-2831.876465 1622.323730
-2837.439209 1625.890015
-2842.996338 1629.468750
-2848.547607 1633.059937
-2854.093018 1636.663574
-2859.632812 1640.279541
-2865.166748 1643.907959
-2870.694824 1647.548828
-2876.217285 1651.202148
-2881.733887 1654.867920
-2887.244873 1658.546021
-2892.750000 1662.236572
-2898.249268 1665.939575
-2903.742920 1669.655029
-2909.230713 1673.382812
-2914.712646 1677.123047
-2920.188965 1680.875732
-2925.659424 1684.640869
-2931.124023 1688.418457
-2936.583008 1692.208374
-2942.036133 1696.010742
-2947.483398 1699.825562
-2952.925049 1703.652832
-2958.360840 1707.492554
-2963.790771 1711.344604
-2969.215088 1715.209106
-2974.633545 1719.086060
-2980.046143 1722.975464
-2985.453125 1726.877197
-2990.854248 1730.791382
-2996.256348 1734.706299
-3001.656982 1738.625854
-3007.056396 1742.550049
-3012.454346 1746.478882
-3017.850830 1750.412354
-3023.246094 1754.350464
-3028.639893 1758.293213
-3034.032471 1762.240479
-3039.423584 1766.192383
-3044.813477 1770.148926
-3050.201904 1774.110107
-3055.589111 1778.075928
-3060.974854 1782.046387
-3066.359375 1786.021484
-3071.742432 1790.001221
-3077.124268 1793.985596
-3082.504639 1797.974487
-3087.883789 1801.968018
-3093.261475 1805.966187
-3098.637939 1809.968994
-3104.012939 1813.976440
-3109.386719 1817.988525
-3114.759033 1822.005249
-3120.129883 1826.026611
-3125.499512 1830.052612
-3130.867676 1834.083130
-3136.234619 1838.118286
-3141.600098 1842.158081
-3146.964355 1846.202515
-3152.327148 1850.251587
-3157.688721 1854.305298
-3163.048828 1858.363647
-3168.407715 1862.426636
-3173.765137 1866.494141
-3179.121338 1870.566284
-3184.476074 1874.643066
-3189.829590 1878.724487
-3195.181641 1882.810547
-3200.532471 1886.901245
-3205.881836 1890.996582
-3211.243408 1895.088745
-3216.612549 1899.180420
-3221.989258 1903.271484
-3227.373779 1907.362061
-3232.765869 1911.452026
-3238.165527 1915.541504
-3243.572998 1919.630371
-3248.988037 1923.718750
-3254.410645 1927.806519
-3259.841064 1931.893799
-3265.279053 1935.980469
-3270.724609 1940.066650
-3276.177979 1944.152222
-3281.638916 1948.237305
-3287.107422 1952.321777
-3292.583740 1956.405762
-3298.067627 1960.489136
-3303.559082 1964.572021
-3309.058350 1968.654297
-3314.565186 1972.736084
-3320.079590 1976.817261
-3325.601807 1980.897949
-3331.131592 1984.978027
-3336.668945 1989.057617
-3342.214111 1993.136597
-3347.766846 1997.215088
-3353.327148 2001.292969
-3358.895264 2005.370361
-3364.470947 2009.447144
-3370.054199 2013.523315
-3375.645264 2017.598999
-3381.243896 2021.674072
-3386.850098 2025.748657
-3392.464111 2029.822632
-3398.085693 2033.896118
-3403.714844 2037.968994
-3409.351807 2042.041382
-3414.996338 2046.113159
-3420.648438 2050.184326
-3426.308350 2054.255127
-3431.951172 2058.304443
-3437.585205 2062.339355
-3443.210449 2066.359863
-3448.826904 2070.365967
-3454.434570 2074.357422
-3460.033447 2078.334473
-3465.623779 2082.297119
-3471.205322 2086.245361
-3476.778076 2090.179199
-3482.342041 2094.098389
-3487.897217 2098.003174
-3493.443604 2101.893555
-3498.981201 2105.769531
-3504.510010 2109.631104
-3510.030029 2113.478027
-3515.541260 2117.310547
-3521.043701 2121.128662
-3526.537354 2124.932373
-3532.022217 2128.721680
-3537.498291 2132.496582
-3542.965576 2136.256836
-3548.424072 2140.002686
-3553.873779 2143.734131
-3559.314697 2147.451172
-3564.747070 2151.153809
-3570.170654 2154.841797
-3575.585449 2158.515381
-3580.991455 2162.174561
-3586.388672 2165.819336
-3591.777100 2169.449707
-3597.156738 2173.065430
-3602.527588 2176.666748
-3607.889648 2180.253662
-3613.242920 2183.826172
-3618.587402 2187.384277
-3623.923096 2190.927979
-3629.250000 2194.457031
-3634.568115 2197.971680
-3639.877441 2201.471924
-3645.177979 2204.957764
-3650.486328 2208.450439
-3655.796631 2211.942871
-3661.109131 2215.435059
-3666.423828 2218.927246
-3671.740723 2222.419189
-3677.059814 2225.910889
-3682.380859 2229.402344
-3687.704102 2232.893555
-3693.029541 2236.384766
-3698.357178 2239.875732
-3703.687012 2243.366455
-3709.018799 2246.856934
-3714.352783 2250.347168
-3719.688965 2253.837158
-3725.027344 2257.327148
-3730.367920 2260.816895
-3735.710449 2264.306396
-3741.055176 2267.795654
-3746.402100 2271.284668
-3751.751221 2274.773682
-3757.102539 2278.262451
-3762.456055 2281.750977
-3767.811523 2285.239258
-3773.169189 2288.727295
-3778.529053 2292.215088
-3783.891113 2295.702881
-3789.255371 2299.190430
-3794.621582 2302.677734
-3799.989990 2306.164795
-3805.360596 2309.651611
-3810.733398 2313.138428
-3816.108398 2316.625000
-3821.485352 2320.111328
-3826.864502 2323.597412
-3832.245850 2327.083252
-3837.629395 2330.568848
-3843.015137 2334.054443
-3848.402832 2337.539795
-3853.792725 2341.024902
-3859.184814 2344.509766
-3864.554688 2347.979004
-3869.910156 2351.437744
-3875.251465 2354.885986
-3880.578613 2358.323730
-3885.891602 2361.750732
-3891.190430 2365.167236
-3896.475098 2368.573242
-3901.745605 2371.968750
-3907.001953 2375.353760
-3912.244141 2378.728271
-3917.472168 2382.092285
-3922.686035 2385.445801
-3927.885742 2388.788818
-3933.071289 2392.121094
-3938.242676 2395.442871
-3943.399902 2398.754150
-3948.542969 2402.054932
-3953.671875 2405.345215
-3958.786377 2408.625000
-3963.886719 2411.894287
-3968.972900 2415.153076
-3974.044922 2418.401367
-3979.102783 2421.638916
-3984.146484 2424.865967
-3989.176025 2428.082520
-3994.191406 2431.288574
-3999.192627 2434.484131
-4004.179688 2437.669189
-4009.152588 2440.843750
-4014.111328 2444.007812
-4019.055908 2447.161377
-4023.986328 2450.304199
-4028.902588 2453.436523
-4033.804688 2456.558350
-4038.692383 2459.669678
-4043.565918 2462.770508
-4048.425293 2465.860840
-4053.270508 2468.940674
-4058.101562 2472.010010
-4062.918457 2475.068848
-4067.735352 2478.124512
-4072.547363 2481.174805
-4077.354492 2484.219482
-4082.156738 2487.258545
-4086.954346 2490.292236
-4091.747070 2493.320312
-4096.534668 2496.342773
-4101.317871 2499.359863
-4106.096191 2502.371338
-4110.869629 2505.377441
-4115.638184 2508.377930
-4120.401855 2511.372803
-4125.160645 2514.362305
-4129.914551 2517.346191
-4134.663574 2520.324463
-4139.408203 2523.297363
-4144.147949 2526.264648
-4148.882812 2529.226318
-4153.612793 2532.182617
-4158.337891 2535.133301
-4163.058105 2538.078613
-4167.773438 2541.018311
-4172.483887 2543.952393
-4177.189453 2546.881104
-4181.890625 2549.804199
-4186.586914 2552.721680
-4191.278320 2555.633789
-4195.964844 2558.540283
-4200.646484 2561.441406
-4205.323242 2564.336914
-4209.995117 2567.226807
-4214.662109 2570.111328
-4219.324707 2572.990234
-4223.982422 2575.863525
-4228.635254 2578.731445
-4233.283203 2581.593750
-4237.926270 2584.450684
-4242.564453 2587.302002
-4247.197754 2590.147705
-4251.826172 2592.988037
-4256.470703 2595.829834
-4261.124023 2598.670654
-4265.786133 2601.510742
-4270.457520 2604.350098
-4275.137695 2607.188477
-4279.826660 2610.026123
-4284.524902 2612.863037
-4289.231934 2615.698975
-4293.947754 2618.534180
-4298.672852 2621.368408
-4303.406738 2624.201904
-4308.149414 2627.034668
-4312.901367 2629.866455
-4317.662109 2632.697510
-4322.431641 2635.527832
-4327.210449 2638.357178
-4331.998047 2641.185791
-4336.794434 2644.013428
-4341.600098 2646.840332
-4346.414551 2649.666504
-4351.237793 2652.491699
-4356.070312 2655.316162
-4360.911621 2658.139893
-4365.761719 2660.962646
-4370.621094 2663.784668
-4375.489258 2666.605713
-4380.366211 2669.426025
-4385.252441 2672.245605
-4390.147461 2675.064209
-4395.051270 2677.882080
-4399.964355 2680.698975
-4404.886230 2683.515137
-4409.816895 2686.330566
-4414.756836 2689.145020
-4419.705566 2691.958740
-4424.663086 2694.771729
-4429.629883 2697.583740
-4434.605469 2700.395020
-4439.589844 2703.205322
-4444.583496 2706.014893
-4449.577637 2708.832520
-4454.575195 2711.655029
-4459.576172 2714.482666
-4464.580566 2717.315430
-4469.588379 2720.153320
-4474.599609 2722.996094
-4479.614258 2725.843994
-4484.632324 2728.697021
-4489.653809 2731.554932
-4494.678711 2734.417969
-4499.707031 2737.286133
-4504.738770 2740.159180
-4509.773926 2743.037354
-4514.812012 2745.920654
-4519.853516 2748.808838
-4524.898438 2751.702148
-4529.946777 2754.600586
-4534.998535 2757.503906
-4540.053711 2760.412354
-4545.112305 2763.325928
-4550.174316 2766.244385
-4555.239746 2769.167969
-4560.308594 2772.096680
-4565.380859 2775.030518
-4570.456543 2777.969238
-4575.535645 2780.913086
-4580.618164 2783.862061
-4585.704102 2786.815918
-4590.793457 2789.774902
-4595.886230 2792.739014
-4600.982422 2795.708008
-4606.082031 2798.682129
-4611.185059 2801.661377
-4616.291504 2804.645508
-4621.401367 2807.634766
-4626.514648 2810.629150
-4631.631348 2813.628418
-4636.751465 2816.632812
-4641.875000 2819.642334
-4647.001953 2822.656982
-4652.145508 2825.654785
-4657.301270 2828.643066
-4662.469238 2831.621826
-4667.649414 2834.591309
-4672.841797 2837.551270
-4678.046387 2840.501709
-4683.263672 2843.442627
-4688.493164 2846.374023
-4693.734863 2849.295898
-4698.988770 2852.208496
-4704.254883 2855.111572
-4709.533203 2858.005127
-4714.823730 2860.889160
-4720.126953 2863.763672
-4725.442383 2866.628906
-4730.770020 2869.484619
-4736.109863 2872.330811
-4741.461914 2875.167480
-4746.826172 2877.994629
-4752.202637 2880.812500
-4757.591797 2883.620850
-4762.993164 2886.419678
-4768.406738 2889.208984
-4773.832520 2891.988770
-4779.270508 2894.759277
-4784.720703 2897.520264
-4790.183105 2900.271729
-4795.658203 2903.013672
-4801.145508 2905.746094
-4806.645020 2908.468994
-4812.156738 2911.182617
-4817.680664 2913.886719
-4823.216797 2916.581299
-4828.765137 2919.266357
-4834.325684 2921.941895
-4839.898926 2924.608154
-4845.484375 2927.264893
-4851.082031 2929.912109
-4856.691895 2932.549805
-4862.313965 2935.177979
-4867.959961 2937.809814
-4873.625977 2940.440918
-4879.312012 2943.071289
-4885.018555 2945.700928
-4890.745117 2948.329834
-4896.491699 2950.958008
-4902.258301 2953.585449
-4908.044922 2956.212158
-4913.851562 2958.838135
-4919.678223 2961.463379
-4925.524902 2964.087646
-4931.392090 2966.711182
-4937.279297 2969.333984
-4943.186523 2971.956055
-4949.113770 2974.577393
-4955.061035 2977.197998
-4961.028320 2979.817871
-4967.015625 2982.437012
-4973.022949 2985.055420
-4979.050293 2987.673096
-4985.098145 2990.290039
-4991.166016 2992.906250
-4997.253906 2995.521729
-5003.361816 2998.136475
-5009.489746 3000.750244
-5015.637695 3003.363281
-5021.805664 3005.975586
-5027.993652 3008.587158
-5034.201660 3011.197998
-5040.430176 3013.808105
-5046.678711 3016.417480
-5052.947266 3019.026123
-5059.235840 3021.634033
-5065.544434 3024.241211
-5071.873047 3026.847656
-5078.221680 3029.453369
-5084.590332 3032.058350
-5090.979004 3034.662354
-5097.388184 3037.265625
-5103.817383 3039.868164
-5110.256836 3042.471436
-5116.709473 3045.074707
-5123.175781 3047.678223
-5129.655762 3050.281982
-5136.148926 3052.885742
-5142.655762 3055.489746
-5149.176270 3058.093750
-5155.710449 3060.697998
-5162.257812 3063.302490
-5168.818848 3065.906982
-5175.393555 3068.511719
-5181.981445 3071.116699
-5188.583008 3073.721680
-5195.198242 3076.326904
-5201.826660 3078.932129
-5208.468750 3081.537598
-5215.124512 3084.143311
-5221.793945 3086.749023
-5228.476562 3089.354980
-5235.172852 3091.960938
-5241.882812 3094.567139
-5248.605957 3097.173584
-5255.342773 3099.780029
-5262.093262 3102.386719
-5268.856934 3104.993652
-5275.634277 3107.600586
-5282.425293 3110.207764
-5289.229980 3112.814941
-5296.047852 3115.422363
-5302.879395 3118.030029
-5309.724609 3120.637695
-5316.583008 3123.245605
-5323.455078 3125.853516
-5330.340820 3128.461670
-5337.239746 3131.070068
-5344.152344 3133.678467
-5351.078613 3136.287109
-5358.018555 3138.895996
-5364.971680 3141.504883
-5371.938477 3144.114014
-5378.884766 3146.692383
-5385.822266 3149.250244
-5392.750488 3151.787842
-5399.669434 3154.304932
-5406.579590 3156.801514
-5413.480469 3159.277832
-5420.372070 3161.733643
-5427.254883 3164.168945
-5434.128418 3166.583984
-5440.992676 3168.978516
-5447.848145 3171.352539
-5454.694336 3173.706299
-5461.531250 3176.039551
-5468.359375 3178.352295
-5475.178223 3180.644775
-5481.988281 3182.916748
-5488.789062 3185.168213
-5495.580566 3187.399414
-5502.363281 3189.610107
-5509.136719 3191.800293
-5515.900879 3193.970215
-5522.656250 3196.119629
-5529.402344 3198.248535
-5536.139160 3200.357178
-5542.867188 3202.445312
-5549.585938 3204.512939
-5556.295898 3206.560303
-5562.996582 3208.587158
-5569.687988 3210.593506
-5576.370605 3212.579590
-5583.043945 3214.545166
-5589.708008 3216.490234
-5596.363281 3218.415039
-5603.009277 3220.319336
-5609.645996 3222.203125
-5616.273926 3224.066650
-5622.892578 3225.909668
-5629.502441 3227.732422
-5636.103027 3229.534668
-5642.694336 3231.316406
-5649.268066 3233.095215
-5655.827148 3234.865234
-5662.371582 3236.626465
-5668.901367 3238.378906
-5675.416504 3240.122559
-5681.916992 3241.857422
-5688.402832 3243.583496
-5694.874023 3245.300781
-5701.330566 3247.009277
-5707.772461 3248.708984
-5714.199219 3250.399658
-5720.611328 3252.081543
-5727.008789 3253.754639
-5733.391602 3255.418945
-5739.759766 3257.074463
-5746.113281 3258.721191
-5752.452148 3260.359131
-5758.776367 3261.988281
-5765.085938 3263.608643
-5771.380371 3265.220215
-5777.660156 3266.822998
-5783.925293 3268.416992
-5790.175781 3270.002197
-5796.411621 3271.578613
-5802.632812 3273.146240
-5808.839355 3274.705078
-5815.031250 3276.255127
-5821.208496 3277.796387
-5827.371094 3279.328857
-5833.518555 3280.852539
-5839.651367 3282.367432
-5845.769531 3283.873535
-5851.873047 3285.370850
-5857.961914 3286.859131
-5864.036133 3288.338623
-5870.095703 3289.809326
-5876.140625 3291.271240
-5882.170898 3292.724365
-5888.186035 3294.168701
-5894.186523 3295.604248
-5900.194336 3297.049316
-5906.202148 3298.497803
-5912.209961 3299.949707
-5918.217285 3301.404785
-5924.224609 3302.863281
-5930.231934 3304.325195
-5936.239258 3305.790527
-5942.246582 3307.259277
-5948.253418 3308.731445
-5954.260254 3310.206787
-5960.267090 3311.685547
-5966.273926 3313.167725
-5972.280762 3314.653320
-5978.287109 3316.142334
-5984.293457 3317.634766
-5990.299805 3319.130371
-5996.306152 3320.629395
-6002.312500 3322.131836
-6008.318359 3323.637695
-6014.324219 3325.146973
-6020.330078 3326.659424
-6026.335938 3328.175293
-6032.341797 3329.694580
-6038.347168 3331.217285
-6044.352539 3332.743408
-6050.357910 3334.272949
-6056.363281 3335.805664
-6062.368652 3337.341797
-6068.373535 3338.881348
-6074.378418 3340.424316
-6080.383301 3341.970703
-6086.388184 3343.520508
-6092.393066 3345.073486
-6098.397461 3346.629883
-6104.401855 3348.189697
-6110.406250 3349.752930
-6116.410645 3351.319580
-6122.415039 3352.889404
-6128.418945 3354.462646
-6134.422852 3356.039307
-6140.432617 3357.606934
-6146.446289 3359.169678
-6152.463867 3360.727539
-6158.485352 3362.280518
-6164.510742 3363.828613
-6170.540039 3365.371826
-6176.573242 3366.910156
-6182.610352 3368.443604
-6188.651367 3369.972168
-6194.696289 3371.495605
-6200.744629 3373.014160
-6206.796875 3374.527832
-6212.853027 3376.036621
-6218.913086 3377.540527
-6224.977051 3379.039551
-6231.044922 3380.533691
-6237.116699 3382.022949
-6243.192383 3383.507324
-6249.271973 3384.986816
-6255.355469 3386.461426
-6261.442871 3387.931152
-6267.534180 3389.395996
-6273.629395 3390.855957
-6279.728516 3392.310791
-6285.831543 3393.760742
-6291.937988 3395.205811
-6298.048340 3396.645996
-6304.162598 3398.081299
-6310.280762 3399.511719
-6316.402832 3400.937256
-6322.528809 3402.357910
-6328.658691 3403.773682
-6334.792480 3405.184570
-6340.930176 3406.590576
-6347.071777 3407.991699
-6353.217285 3409.387939
-6359.366699 3410.779297
-6365.520020 3412.165527
-6371.677246 3413.546875
-6377.838379 3414.923340
-6384.007324 3416.329102
-6390.183105 3417.752930
-6396.365723 3419.194580
-6402.554688 3420.654053
-6408.750488 3422.131592
-6414.953125 3423.626953
-6421.162598 3425.140137
-6427.378418 3426.671387
-6433.601074 3428.220459
-6439.830566 3429.787354
-6446.066406 3431.372314
-6452.309082 3432.975098
-6458.558594 3434.595703
-6464.814941 3436.234375
-6471.077637 3437.890869
-6477.347168 3439.565186
-6483.623535 3441.257324
-6489.906250 3442.967529
-6496.195801 3444.695557
-6502.492188 3446.441406
-6508.795410 3448.205322
-6515.104980 3449.987061
-6521.421387 3451.786621
-6527.744629 3453.604248
-6534.074707 3455.439697
-6540.411133 3457.292969
-6546.754395 3459.164307
-6553.104492 3461.053467
-6559.460938 3462.960449
-6565.824219 3464.885498
-6572.194336 3466.828369
-6578.571289 3468.789062
-6584.954590 3470.767822
-6591.344727 3472.764404
-6597.741699 3474.778809
-6604.145020 3476.811279
-6610.555176 3478.861572
-6616.972168 3480.929688
-6623.395996 3483.015625
-6629.826172 3485.119629
-6636.278809 3487.207764
-6642.749023 3489.291260
-6649.236328 3491.369873
-6655.740723 3493.443848
-6662.262695 3495.513184
-6668.801758 3497.577881
-6675.357910 3499.637939
-6681.931152 3501.693359
-6688.521973 3503.744141
-6695.129883 3505.790283
-6701.754883 3507.831787
-6708.396973 3509.868652
-6715.056641 3511.900879
-6721.733398 3513.928467
-6728.427246 3515.951416
-6735.138672 3517.969727
-6741.867188 3519.983398
-6748.612793 3521.992432
-6755.375488 3523.996826
-6762.155762 3525.996582
-6768.953125 3527.991699
-6775.767578 3529.982178
-6782.599121 3531.968018
-6789.448242 3533.948975
-6796.314453 3535.925293
-6803.197754 3537.896973
-6810.098633 3539.864014
-6817.016602 3541.826416
-6823.951660 3543.784180
-6830.903809 3545.737305
-6837.873535 3547.685791
-6844.860352 3549.629639
-6851.864258 3551.568848
-6858.885742 3553.503418
-6865.924316 3555.433350
-6872.979980 3557.358643
-6880.052734 3559.279297
-6887.143066 3561.195312
-6894.250488 3563.106689
-6901.375000 3565.013428
-6908.513184 3566.914795
-6915.666016 3568.811035
-6922.833496 3570.701904
-6930.015625 3572.587646
-6937.212402 3574.468262
-6944.423828 3576.343750
-6951.649902 3578.214111
-6958.890625 3580.079346
-6966.146484 3581.939453
-6973.416992 3583.794434
-6980.702148 3585.644287
-6988.001953 3587.489014
-6995.316406 3589.328613
-7002.645508 3591.162842
-7009.989258 3592.991943
-7017.347656 3594.815918
-7024.720703 3596.634766
-7032.108398 3598.448486
-7039.511230 3600.257080
-7046.928711 3602.060547
-7054.360840 3603.858887
-7061.807617 3605.652100
-7069.269043 3607.440186
-7076.745117 3609.222900
-7084.235840 3611.000488
-7091.741211 3612.772949
-7099.261230 3614.540283
-7106.796387 3616.302490
-7114.346191 3618.059570
-7121.910645 3619.811523
-7129.489746 3621.558350
-7137.083496 3623.300049
-7144.691895 3625.036621
-7152.314941 3626.768066
-7159.952637 3628.494141
-7167.604980 3630.215088
-7175.272461 3631.930908
-7182.954590 3633.641602
-7190.651367 3635.347168
-7198.362793 3637.047607
-7206.112793 3638.729248
-7213.893066 3640.396729
-7221.704102 3642.050049
-7229.545410 3643.689209
-7237.417480 3645.314209
-7245.319824 3646.924805
-7253.252930 3648.521240
-7261.216797 3650.103516
-7269.210938 3651.671631
-7277.235840 3653.225586
-7285.291016 3654.765381
-7293.376953 3656.290771
-7301.493164 3657.802002
-7309.640137 3659.299072
-7317.817871 3660.781982
-7326.025879 3662.250732
-7334.264648 3663.705322
-7342.533691 3665.145508
-7350.833496 3666.571533
-7359.163574 3667.983398
-7367.524414 3669.381104
-7375.916016 3670.764648
-7384.337891 3672.134033
-7392.790527 3673.489258
-7401.273438 3674.830078
-7409.787109 3676.156738
-7418.331055 3677.469238
-7426.905762 3678.767578
-7435.510742 3680.051758
-7444.146484 3681.321777
-7452.812988 3682.577393
-7461.509766 3683.818848
-7470.237305 3685.046143
-7478.995117 3686.259277
-7487.783691 3687.458252
-7496.602539 3688.643066
-7505.452148 3689.813477
-7514.332520 3690.969727
-7523.243164 3692.111816
-7532.184570 3693.239746
-7541.158691 3694.385986
-7550.165039 3695.539795
-7559.203613 3696.701172
-7568.274414 3697.870117
-7577.377441 3699.046631
-7586.512695 3700.230713
-7595.680176 3701.422363
-7604.879883 3702.621582
-7614.111816 3703.828369
-7623.375977 3705.042725
-7632.672363 3706.264648
-7642.000977 3707.494141
-7651.361816 3708.730957
-7660.754883 3709.975342
-7670.180176 3711.227295
-7679.637695 3712.486816
-7689.127441 3713.753906
-7698.649414 3715.028564
-7708.203613 3716.310791
-7717.790039 3717.600586
-7727.408691 3718.897949
-7737.059570 3720.202881
-7746.742676 3721.515381
-7756.458008 3722.835449
-7766.205566 3724.163086
-7775.985352 3725.498047
-7785.797363 3726.840576
-7795.641602 3728.190674
-7805.518066 3729.548340
-7815.426758 3730.913574
-7825.367676 3732.286377
-7835.340820 3733.666748
-7845.346191 3735.054688
-7855.383789 3736.450195
-7865.453613 3737.853271
-7875.555664 3739.263916
-7885.689941 3740.682129
-7895.856445 3742.107910
-7906.055176 3743.541260
-7916.286133 3744.981934
-7926.536621 3746.430420
-7936.810547 3747.886475
-7947.107910 3749.350098
-7957.428711 3750.821289
-7967.773438 3752.300049
-7978.141602 3753.786377
-7988.533203 3755.280273
-7998.948242 3756.781982
-8009.386719 3758.291260
-8019.849121 3759.808105
-8030.334961 3761.332520
-8040.844238 3762.864502
-8051.376953 3764.404053
-8061.933594 3765.951172
-8072.513672 3767.505859
-8083.117188 3769.068359
-8093.744141 3770.638428
-8104.395020 3772.216064
-8115.069336 3773.801270
-8125.767090 3775.394043
-8136.488281 3776.994385
-8147.232910 3778.602295
-8158.001465 3780.218018
-8168.793457 3781.841309
-8179.608887 3783.472168
-8190.447754 3785.110596
-8201.310547 3786.756592
-8212.196289 3788.410156
-8223.106445 3790.071289
-8234.040039 3791.739990
-8244.997070 3793.416504
-8255.977539 3795.100586
-8266.981445 3796.792236
-8278.008789 3798.491455
-8289.059570 3800.198242
-8300.133789 3801.912598
-8311.231445 3803.634521
-8322.353516 3805.364014
-8333.499023 3807.101318
-8344.667969 3808.846191
-8355.858398 3810.558838
-8367.070312 3812.252441
-8378.304688 3813.927246
-8389.560547 3815.583008
-8400.838867 3817.219971
-8412.138672 3818.837891
-8423.460938 3820.437012
-8434.804688 3822.017090
-8446.170898 3823.578369
-8457.558594 3825.120605
-8468.968750 3826.644043
-8480.400391 3828.148438
-8491.854492 3829.634033
-8503.330078 3831.100586
-8514.828125 3832.548340
-8526.347656 3833.977051
-8537.889648 3835.386963
-8549.454102 3836.777832
-8561.040039 3838.149902
-8572.648438 3839.502930
-8584.278320 3840.837158
-8595.930664 3842.152344
-8607.604492 3843.448730
-8619.300781 3844.726074
-8631.018555 3845.984375
-8642.758789 3847.223877
-8654.520508 3848.444336
-8666.304688 3849.645996
-8678.110352 3850.828613
-8689.938477 3851.992432
-8701.788086 3853.137207
-8713.660156 3854.263184
-8725.553711 3855.370117
-8737.469727 3856.458252
-8749.407227 3857.527344
-8761.367188 3858.577637
-8773.349609 3859.608887
-8785.353516 3860.621338
-8797.379883 3861.614746
-8809.427734 3862.589355
-8821.492188 3863.553955
-8833.575195 3864.505371
-8845.676758 3865.443848
-8857.796875 3866.369385
-8869.935547 3867.281982
-8882.092773 3868.181396
-8894.268555 3869.067871
-8906.462891 3869.941406
-8918.675781 3870.802002
-8930.907227 3871.649414
-8943.157227 3872.483887
-8955.425781 3873.305420
-8967.712891 3874.114014
-8980.018555 3874.909424
-8992.342773 3875.691895
-9004.684570 3876.461426
-9017.044922 3877.218018
-9029.423828 3877.961426
-9041.821289 3878.691895
-9054.237305 3879.409424
-9066.671875 3880.114014
-9079.125000 3880.805420
-9091.596680 3881.483887
-9104.086914 3882.149414
-9116.595703 3882.802002
-9129.123047 3883.441406
-9141.668945 3884.067871
-9154.233398 3884.681396
-9166.816406 3885.281982
-9179.417969 3885.869385
-9192.038086 3886.443848
-9204.676758 3887.005371
-9217.333984 3887.553955
-9230.008789 3888.089355
-9242.702148 3888.611816
-9255.414062 3889.121338
-9268.144531 3889.617920
-9280.893555 3890.101318
-9293.661133 3890.571777
-9306.447266 3891.029297
-9319.247070 3891.511230
-9332.062500 3892.005127
-9344.892578 3892.510986
-9357.738281 3893.028564
-9370.599609 3893.558105
-9383.475586 3894.099609
-9396.367188 3894.653076
-9409.274414 3895.218506
-9422.196289 3895.795898
-9435.133789 3896.385010
-9448.086914 3896.986084
-9461.054688 3897.599121
-9474.038086 3898.224121
-9487.037109 3898.861084
-9500.050781 3899.510010
-9513.080078 3900.170898
-9526.125000 3900.843506
-9539.184570 3901.528076
-9552.259766 3902.224609
-9565.350586 3902.933105
-9578.456055 3903.653564
-9591.577148 3904.385986
-9604.713867 3905.130127
-9617.865234 3905.886230
-9631.032227 3906.654297
-9644.214844 3907.434326
-9657.412109 3908.226318
-9670.625000 3909.030273
-9683.853516 3909.846191
-9697.096680 3910.673828
-9710.355469 3911.513428
-9723.629883 3912.364990
-9736.918945 3913.228516
-9750.223633 3914.104004
-9763.543945 3914.991455
-9776.878906 3915.890625
-9790.229492 3916.801758
-9803.595703 3917.724854
-9816.976562 3918.659912
-9830.373047 3919.606934
-9843.688477 3920.559570
-9856.955078 3921.519775
-9870.172852 3922.487793
-9883.340820 3923.463379
-9896.459961 3924.446777
-9909.530273 3925.437744
-9922.551758 3926.436523
-9935.524414 3927.442871
-9948.447266 3928.457031
-9961.321289 3929.479004
-9974.146484 3930.508545
-9986.922852 3931.545898
-9999.650391 3932.590820
-10012.328125 3933.643555
-10024.957031 3934.703857
-10037.537109 3935.771973
-10050.068359 3936.847656
-10062.550781 3937.931152
-10074.983398 3939.022217
-10087.367188 3940.121094
-10099.702148 3941.227539
-10111.988281 3942.341797
-10124.225586 3943.463867
-10136.413086 3944.593506
-10148.551758 3945.730957
-10160.641602 3946.875977
-10172.682617 3948.028809
-10184.674805 3949.189209
-10196.617188 3950.357422
-10208.510742 3951.533203
-10220.355469 3952.716797
-10232.151367 3953.907959
-10243.898438 3955.106934
-10255.595703 3956.313477
-10267.244141 3957.527832
-10278.843750 3958.750000
-10290.394531 3959.979736
-10301.896484 3961.217285
-10313.348633 3962.462402
-10324.751953 3963.715332
-10336.072266 3964.975830
-10347.321289 3966.244141
-10358.498047 3967.520264
-10369.603516 3968.803955
-10380.637695 3970.095459
-10391.599609 3971.394775
-10402.490234 3972.701660
-10413.308594 3974.016357
-10424.055664 3975.338867
-10434.731445 3976.668945
-10445.334961 3978.006836
-10455.867188 3979.352295
-10466.327148 3980.705566
-10476.715820 3982.066650
-10487.033203 3983.435303
-10497.278320 3984.811768
-10507.452148 3986.196045
-10517.553711 3987.587891
-10527.583984 3988.987549
-10537.542969 3990.395020
-10547.429688 3991.810059
-10557.245117 3993.232910
-10566.988281 3994.663574
-10576.660156 3996.101807
-10586.260742 3997.547852
-10595.789062 3999.001465
-10605.246094 4000.462891
-10614.631836 4001.932129
-10623.945312 4003.408936
-10633.187500 4004.893555
-10642.357422 4006.385986
-10651.456055 4007.885986
-10660.483398 4009.393799
-10669.438477 4010.909424
-10678.322266 4012.432617
-10687.133789 4013.963623
-10695.874023 4015.502197
-10704.542969 4017.048584
-10713.139648 4018.602783
-10721.665039 4020.164551
-10730.115234 4021.723877
-10738.491211 4023.284180
-10746.792969 4024.845459
-10755.020508 4026.407715
-10763.174805 4027.970947
-10771.254883 4029.535156
-10779.260742 4031.100342
-10787.192383 4032.666504
-10795.050781 4034.233643
-10802.834961 4035.801514
-10810.544922 4037.370361
-10818.180664 4038.940186
-10825.742188 4040.510986
-10833.230469 4042.082764
-10840.644531 4043.655518
-10847.984375 4045.229248
-10855.250000 4046.803955
-10862.442383 4048.379639
-10869.560547 4049.956055
-10876.604492 4051.533447
-10883.574219 4053.111816
-10890.470703 4054.691162
-10897.292969 4056.271484
-10904.041016 4057.852783
-10910.714844 4059.435059
-10917.314453 4061.018311
-10923.840820 4062.602539
-10930.292969 4064.187500
-10936.670898 4065.773438
-10942.974609 4067.360352
-10949.205078 4068.948242
-10955.361328 4070.537109
-10961.443359 4072.126953
-10967.451172 4073.717773
-10973.384766 4075.309570
-10979.245117 4076.902344
-10985.031250 4078.496094
-10990.743164 4080.090576
-10996.380859 4081.686035
-11001.945312 4083.282471
-11007.481445 4084.863037
-11012.974609 4086.433350
-11018.424805 4087.993408
-11023.832031 4089.543213
-11029.196289 4091.082764
-11034.517578 4092.612061
-11039.794922 4094.131104
-11045.029297 4095.639893
-11050.220703 4097.138184
-11055.369141 4098.626465
-11060.474609 4100.104492
-11065.537109 4101.572266
-11070.556641 4103.029785
-11075.532227 4104.476562
-11080.464844 4105.913086
-11085.354492 4107.339355
-11090.201172 4108.755371
-11095.004883 4110.161133
-11099.765625 4111.556641
-11104.483398 4112.941895
-11109.158203 4114.316895
-11113.789062 4115.681641
-11118.376953 4117.036133
-11122.921875 4118.380371
-11127.423828 4119.714355
-11131.882812 4121.038086
-11136.298828 4122.351562
-11140.671875 4123.654785
-11145.000977 4124.947754
-11149.287109 4126.230469
-11153.530273 4127.502930
-11157.730469 4128.765137
-11161.887695 4130.017090
-11166.001953 4131.258789
-11170.073242 4132.490234
-11174.101562 4133.711426
-11178.085938 4134.922363
-11182.027344 4136.122559
-11185.925781 4137.312500
-11189.781250 4138.492188
-11193.624023 4139.692383
-11197.444336 4140.902832
-11201.242188 4142.123535
-11205.017578 4143.354492
-11208.769531 4144.595703
-11212.499023 4145.846680
-11216.206055 4147.107910
-11219.890625 4148.379395
-11223.551758 4149.661133
-11227.190430 4150.953125
-11230.806641 4152.255371
-11234.400391 4153.567383
-11237.971680 4154.889648
-11241.519531 4156.222168
-11245.044922 4157.564941
-11248.547852 4158.917969
-11252.028320 4160.281250
-11255.485352 4161.654297
-11258.919922 4163.037598
-11262.332031 4164.431152
-11265.721680 4165.834961
-11269.088867 4167.249023
-11272.432617 4168.673340
-11275.753906 4170.107422
-11279.052734 4171.551758
-11282.329102 4173.006348
-11285.583008 4174.471191
-11288.813477 4175.946289
-11292.021484 4177.431641
-11295.207031 4178.926758
-11298.370117 4180.432129
-11301.509766 4181.947754
-11304.626953 4183.473633
-11307.721680 4185.009766
-11310.793945 4186.556152
-11313.843750 4188.112305
-11316.870117 4189.678711
-11319.874023 4191.255371
-11322.855469 4192.842285
-11325.814453 4194.439453
-11328.740234 4196.038086
-11331.636719 4197.641113
-11334.503906 4199.248535
-11337.341797 4200.860352
-11340.150391 4202.476562
-11342.929688 4204.097168
-11345.679688 4205.722168
-11348.400391 4207.351562
-11351.091797 4208.985352
-11353.753906 4210.623535
-11356.386719 4212.265625
-11358.990234 4213.912109
-11361.564453 4215.562988
-11364.109375 4217.218262
-11366.625000 4218.877930
-11369.111328 4220.541992
-11371.568359 4222.210449
-11373.996094 4223.883301
-11376.394531 4225.560547
-11378.763672 4227.242188
-11381.103516 4228.928223
-11383.414062 4230.618652
-11385.695312 4232.313477
-11387.947266 4234.012695
-11390.169922 4235.716309
-11392.363281 4237.424316
-11394.527344 4239.136719
-11396.662109 4240.853516
-11398.767578 4242.574707
-11400.843750 4244.300293
-11402.890625 4246.030273
-11404.908203 4247.764648
-11406.896484 4249.503418
-11408.855469 4251.246582
-11410.785156 4252.994141
-11412.685547 4254.745605
-11414.556641 4256.501465
-11416.398438 4258.261719
-11418.210938 4260.026367
-11419.994141 4261.795410
-11421.748047 4263.556641
-11423.472656 4265.313477
-11425.167969 4267.066406
-11426.833984 4268.815430
-11428.470703 4270.560547
-11430.078125 4272.301758
-11431.657227 4274.039062
-11433.207031 4275.772461
-11434.727539 4277.501465
-11436.218750 4279.226562
-11437.680664 4280.947754
-11439.113281 4282.665039
-11440.516602 4284.378418
-11441.890625 4286.087891
-11443.235352 4287.793457
-11444.550781 4289.495117
-11445.836914 4291.192383
-11447.093750 4292.885742
-11448.321289 4294.575195
-11449.519531 4296.260742
-11450.688477 4297.942383
-11451.828125 4299.620117
-11452.938477 4301.293945
-11454.019531 4302.963379
-11455.071289 4304.628906
-11456.093750 4306.290527
-11457.086914 4307.948242
-11458.051758 4309.602051
-11458.987305 4311.251953
-11459.893555 4312.897949
-11460.770508 4314.539551
-11461.618164 4316.177246
-11462.436523 4317.811035
-11463.225586 4319.440918
-11463.985352 4321.066895
-11464.715820 4322.688965
-11465.416992 4324.307129
-11466.088867 4325.920898
-11466.731445 4327.530762
-11467.344727 4329.136719
-11467.928711 4330.747070
-11468.482422 4332.359375
-11469.006836 4333.973145
-11469.501953 4335.588379
-11469.967773 4337.205566
-11470.403320 4338.824219
-11470.809570 4340.444824
-11471.186523 4342.066895
-11471.534180 4343.690430
-11471.851562 4345.315918
-11472.139648 4346.942871
-11472.398438 4348.571289
-11472.627930 4350.201660
-11472.827148 4351.833496
-11472.997070 4353.467285
-11473.137695 4355.102539
-11473.249023 4356.739258
-11473.330078 4358.377930
-11473.381836 4360.018066
-11473.404297 4361.659668
-11473.397461 4363.303223
-11473.360352 4364.948242
-11473.293945 4366.595215
-11473.198242 4368.243652
-11473.072266 4369.893555
-11472.916992 4371.545410
-11472.732422 4373.198730
-11472.518555 4374.853516
-11472.274414 4376.510254
-11472.000977 4378.168457
-11471.698242 4379.828613
-11471.366211 4381.490234
-11471.003906 4383.153320
-11470.612305 4384.818359
-11470.191406 4386.484863
-11469.741211 4388.153320
-11469.260742 4389.823242
-11468.750977 4391.494629
-11468.211914 4393.167969
-11467.643555 4394.842773
-11467.072266 4396.543945
-11466.489258 4398.263184
-11465.894531 4400.000977
-11465.288086 4401.756836
-11464.669922 4403.530762
-11464.040039 4405.322754
-11463.399414 4407.133301
-11462.747070 4408.961914
-11462.083008 4410.808594
-11461.407227 4412.673340
-11460.719727 4414.556152
-11460.020508 4416.457520
-11459.309570 4418.376953
-11458.586914 4420.314453
-11457.853516 4422.270020
-11457.108398 4424.244141
-11456.351562 4426.236328
-11455.583008 4428.246582
-11454.802734 4430.274902
-11454.010742 4432.321289
-11453.207031 4434.386230
-11452.391602 4436.469238
-11451.565430 4438.570312
-11450.727539 4440.689453
-11449.877930 4442.827148
-11449.016602 4444.982910
-11448.143555 4447.156738
-11447.258789 4449.348633
-11446.362305 4451.558594
-11445.454102 4453.787109
-11444.535156 4456.033691
-11443.604492 4458.298340
-11442.662109 4460.581055
-11441.708008 4462.882324
-11440.742188 4465.201660
-11439.764648 4467.539062
-11438.775391 4469.894531
-11437.774414 4472.268066
-11436.762695 4474.660156
-11435.739258 4477.070312
-11434.700195 4479.460449
-11433.647461 4481.843262
-11432.580078 4484.218750
-11431.499023 4486.586914
-11430.404297 4488.947754
-11429.295898 4491.301270
-11428.172852 4493.647949
-11427.036133 4495.987305
-11425.885742 4498.319336
-11424.720703 4500.644043
-11423.541992 4502.961426
-11422.349609 4505.271484
-11421.142578 4507.574219
-11419.921875 4509.869629
-11418.687500 4512.157715
-11417.438477 4514.438477
-11416.175781 4516.712402
-11414.899414 4518.979004
-11413.609375 4521.238281
-11412.304688 4523.490234
-11410.986328 4525.734863
-11409.654297 4527.972168
-11408.307617 4530.202148
-11406.947266 4532.424805
-11405.573242 4534.640137
-11404.184570 4536.848145
-11402.782227 4539.049316
-11401.366211 4541.243164
-11399.935547 4543.429688
-11398.491211 4545.608887
-11397.033203 4547.780762
-11395.560547 4549.945312
-11394.074219 4552.102539
-11392.574219 4554.252441
-11391.060547 4556.395020
-11389.532227 4558.530273
-11387.990234 4560.658691
-11386.434570 4562.779785
-11384.864258 4564.893555
-11383.280273 4567.000000
-11381.685547 4569.116699
-11380.079102 4571.238281
-11378.460938 4573.364258
-11376.831055 4575.494629
-11375.190430 4577.629883
-11373.538086 4579.769531
-11371.874023 4581.914062
-11370.198242 4584.062988
-11368.510742 4586.216309
-11366.811523 4588.374512
-11365.100586 4590.537109
-11363.377930 4592.704102
-11361.643555 4594.875977
-11359.897461 4597.052246
-11358.139648 4599.233398
-11356.370117 4601.418945
-11354.588867 4603.608887
-11352.795898 4605.803711
-11350.992188 4608.002930
-11349.176758 4610.206543
-11347.349609 4612.415039
-11345.510742 4614.627930
-11343.660156 4616.845215
-11341.797852 4619.067383
-11339.923828 4621.293945
-11338.038086 4623.525391
-11336.140625 4625.761230
-11334.231445 4628.001465
-11332.310547 4630.246582
-11330.377930 4632.496094
-11328.433594 4634.750000
-11326.477539 4637.008789
-11324.510742 4639.271973
-11322.532227 4641.540039
-11320.541992 4643.812500
-11318.540039 4646.089355
-11316.526367 4648.371094
-11314.500977 4650.657227
-11312.463867 4652.947754
-11310.415039 4655.243164
-11308.356445 4657.538574
-11306.288086 4659.835938
-11304.208984 4662.134766
-11302.120117 4664.435547
-11300.020508 4666.738281
-11297.911133 4669.042480
-11295.791016 4671.348633
-11293.661133 4673.656250
-11291.520508 4675.965820
-11289.369141 4678.276855
-11287.208008 4680.589844
-11285.036133 4682.904297
-11282.854492 4685.220703
-11280.662109 4687.538574
-11278.459961 4689.858398
-11276.247070 4692.179688
-11274.024414 4694.502930
-11271.791016 4696.827637
-11269.547852 4699.154297
-11267.293945 4701.482422
-11265.030273 4703.812500
-11262.755859 4706.144531
-11260.471680 4708.478027
-11258.176758 4710.813477
-11255.872070 4713.150391
-11253.556641 4715.489258
-11251.231445 4717.829590
-11248.895508 4720.171875
-11246.549805 4722.515625
-11244.193359 4724.861328
-11241.827148 4727.208496
-11239.450195 4729.557617
-11237.063477 4731.908203
-11234.666016 4734.260742
-11232.257812 4736.614746
-11229.839844 4738.970703
-11227.411133 4741.328613
-11224.972656 4743.687988
-11222.523438 4746.049316
-11220.064453 4748.412109
-11217.610352 4750.768066
-11215.156250 4753.120117
-11212.702148 4755.468262
-11210.248047 4757.812500
-11207.793945 4760.152832
-11205.339844 4762.489258
-11202.885742 4764.821777
-11200.432617 4767.150391
-11197.979492 4769.475098
-11195.526367 4771.795410
-11193.073242 4774.111816
-11190.620117 4776.424316
-11188.166992 4778.732910
-11185.713867 4781.037598
-11183.260742 4783.338379
-11180.807617 4785.635254
-11178.354492 4787.928223
-11175.901367 4790.217285
-11173.448242 4792.502441
-11170.995117 4794.783691
-11168.541992 4797.060547
-11166.088867 4799.333496
-11163.635742 4801.602539
-11161.182617 4803.867676
-11158.729492 4806.128906
-11156.276367 4808.386230
-11153.824219 4810.639648
-11151.372070 4812.889160
-11148.919922 4815.134766
-11146.467773 4817.376465
-11144.015625 4819.614258
-11141.563477 4821.847656
-11139.111328 4824.077148
-11136.659180 4826.302734
-11134.207031 4828.524414
-11131.754883 4830.742188
-11129.302734 4832.956055
-11126.850586 4835.166016
-11124.398438 4837.372070
-11121.946289 4839.574219
-11119.508789 4841.773438
-11117.081055 4843.969727
-11114.662109 4846.162598
-11112.252930 4848.352539
-11109.853516 4850.539062
-11107.463867 4852.722656
-11105.083008 4854.902832
-11102.711914 4857.080078
-11100.350586 4859.253906
-11097.999023 4861.424805
-11095.656250 4863.592773
-11093.323242 4865.757324
-11091.000000 4867.918945
-11088.686523 4870.077148
-11086.381836 4872.232422
-11084.086914 4874.384277
-11081.801758 4876.533203
-11079.526367 4878.678711
-11077.259766 4880.821289
-11075.002930 4882.960938
-11072.755859 4885.097168
-11070.518555 4887.230469
-11068.290039 4889.360352
-11066.071289 4891.487305
-11063.862305 4893.610840
-11061.663086 4895.731445
-11059.472656 4897.848633
-11057.291992 4899.962891
-11055.121094 4902.073730
-11052.959961 4904.181641
-11050.807617 4906.286621
-11048.665039 4908.388184
-11046.532227 4910.486816
-11044.409180 4912.582031
-11042.294922 4914.674316
-11040.190430 4916.763184
-11038.095703 4918.849121
-11036.010742 4920.931641
-11033.934570 4923.011230
-11031.868164 4925.087891
-11029.807617 4927.142578
-11027.753906 4929.181152
-11025.707031 4931.204102
-11023.666992 4933.211426
-11021.632812 4935.203125
-11019.605469 4937.179199
-11017.584961 4939.139648
-11015.571289 4941.083984
-11013.564453 4943.012695
-11011.564453 4944.925781
-11009.571289 4946.823242
-11007.584961 4948.705078
-11005.605469 4950.571289
-11003.632812 4952.421875
-11001.666992 4954.256348
-10999.708008 4956.075195
-10997.755859 4957.878418
-10995.810547 4959.666016
-10993.872070 4961.437988
-10991.940430 4963.194336
-10990.014648 4964.934570
-10988.095703 4966.659180
-10986.183594 4968.368164
-10984.278320 4970.061523
-10982.379883 4971.739258
-10980.488281 4973.401367
-10978.603516 4975.047852
-10976.725586 4976.678223
-10974.854492 4978.292969
-10972.990234 4979.892090
-10971.132812 4981.475586
-10969.282227 4983.043457
-10967.438477 4984.595703
-10965.601562 4986.131836
-10963.771484 4987.652344
-10961.948242 4989.157227
-10960.130859 4990.646484
-10958.320312 4992.120117
-10956.516602 4993.578125
-10954.719727 4995.020508
-10952.935547 4996.470703
-10951.161133 4997.920898
-10949.397461 4999.371094
-10947.644531 5000.821289
-10945.901367 5002.271484
-10944.168945 5003.721680
-10942.446289 5005.171875
-10940.734375 5006.622070
-10939.032227 5008.072266
-10937.340820 5009.522461
-10935.660156 5010.972656
-10933.989258 5012.422852
-10932.329102 5013.873047
-10930.678711 5015.323242
-10929.039062 5016.773438
-10927.410156 5018.223633
-10925.791016 5019.673828
-10924.182617 5021.124512
-10922.583984 5022.575195
-10920.996094 5024.025879
-10919.418945 5025.476562
-10917.851562 5026.927246
-10916.294922 5028.377930
-10914.748047 5029.828613
-10913.211914 5031.279297
-10911.686523 5032.729980
-10910.170898 5034.180664
-10908.666016 5035.631348
-10907.170898 5037.082031
-10905.686523 5038.532715
-10904.212891 5039.983398
-10902.749023 5041.434082
-10901.295898 5042.884766
-10899.852539 5044.335449
-10898.419922 5045.786133
-10896.998047 5047.236816
-10895.585938 5048.687988
-10894.184570 5050.139160
-10892.792969 5051.590332
-10891.412109 5053.041504
-10890.044922 5054.492188
-10888.690430 5055.942871
-10887.349609 5057.393555
-10886.021484 5058.844238
-10884.706055 5060.294922
-10883.403320 5061.745117
-10882.113281 5063.195312
-10880.835938 5064.645508
-10879.571289 5066.095703
-10878.319336 5067.545410
-10877.080078 5068.995117
-10875.853516 5070.444824
-10874.639648 5071.894531
-10873.438477 5073.344238
-10872.250977 5074.793457
-10871.076172 5076.242676
-10869.914062 5077.691895
-10868.764648 5079.141113
-10867.627930 5080.590332
-10866.503906 5082.039062
-10865.392578 5083.487793
-10864.293945 5084.936523
-10863.208008 5086.385254
-10862.134766 5087.833984
-10861.074219 5089.282227
-10860.026367 5090.730469
-10858.991211 5092.178711
-10857.969727 5093.626953
-10856.960938 5095.075195
-10855.964844 5096.522949
-10854.981445 5097.970703
-10854.010742 5099.418457
-10853.052734 5100.866211
-10852.107422 5102.313965
-10851.174805 5103.761230
-10850.254883 5105.208496
-10849.347656 5106.655762
-10848.453125 5108.103027
-10847.571289 5109.550293
-10846.703125 5110.997070
-10845.846680 5112.439453
-10845.001953 5113.878906
-10844.169922 5115.314941
-10843.349609 5116.748047
-10842.541992 5118.178223
-10841.746094 5119.604980
-10840.962891 5121.028809
-10840.191406 5122.449219
-10839.431641 5123.866699
-10838.684570 5125.281250
-10837.949219 5126.692383
-10837.226562 5128.100586
-10836.515625 5129.505859
-10835.817383 5130.907715
-10835.130859 5132.306641
-10834.457031 5133.702637
-10833.794922 5135.095215
-10833.145508 5136.484863
-10832.507812 5137.871582
-10831.882812 5139.254883
-10831.269531 5140.635254
-10830.668945 5142.012695
-10830.080078 5143.386719
-10829.502930 5144.757812
-10828.938477 5146.125977
-10828.385742 5147.490723
-10827.845703 5148.852539
-10827.317383 5150.211426
-10826.801758 5151.566895
-10826.297852 5152.919434
-10825.806641 5154.268555
-10825.327148 5155.614746
-10824.860352 5156.958008
-10824.405273 5158.297852
-10823.962891 5159.634766
-10823.532227 5160.968750
-10823.114258 5162.299316
-10822.708008 5163.626953
-10822.313477 5164.951660
-10821.931641 5166.272949
-10821.545898 5167.591309
-10821.162109 5168.906250
-10820.780273 5170.218262
-10820.400391 5171.526855
-10820.022461 5172.832520
-10819.646484 5174.135254
-10819.271484 5175.434570
-10818.898438 5176.730957
-10818.527344 5178.023926
-10818.158203 5179.313965
-10817.791016 5180.600586
-10817.424805 5181.884277
-10817.060547 5183.164551
-10816.698242 5184.441895
-10816.337891 5185.716309
-10815.979492 5186.987305
-10815.623047 5188.255371
-10815.267578 5189.520020
-10814.914062 5190.781738
-10814.562500 5192.040039
-10814.212891 5193.295410
-10813.865234 5194.547363
-10813.518555 5195.796387
-10813.173828 5197.041992
-10812.831055 5198.284668
-10812.490234 5199.524414
-10812.151367 5200.760742
-10811.814453 5201.994141
-10811.478516 5203.224121
-10811.144531 5204.451172
-10810.812500 5205.674805
-10810.482422 5206.895508
-10810.154297 5208.112793
-10809.827148 5209.327148
-10809.501953 5210.538086
-10809.178711 5211.746094
-10808.857422 5212.951172
-10808.538086 5214.152832
-10808.219727 5215.351562
-10807.903320 5216.546875
-10807.605469 5217.715332
-10807.321289 5218.864258
-10807.049805 5219.994141
-10806.791992 5221.104980
-10806.546875 5222.196289
-10806.314453 5223.268555
-10806.095703 5224.321777
-10805.889648 5225.355957
-10805.697266 5226.370605
-10805.517578 5227.366211
-10805.350586 5228.342773
-10805.197266 5229.300293
-10805.056641 5230.238281
-10804.929688 5231.157227
-10804.815430 5232.057129
-10804.713867 5232.937500
-10804.625977 5233.798828
-10804.550781 5234.641113
-10804.488281 5235.464355
-10804.439453 5236.268066
-10804.403320 5237.052734
-10804.380859 5237.818359
-10804.371094 5238.564941
-10804.374023 5239.291992
-10804.390625 5240.000000
-10804.419922 5240.688965
-10804.462891 5241.358887
-10804.518555 5242.009277
-10804.586914 5242.640625
-10804.668945 5243.252930
-10804.763672 5243.845703
-10804.872070 5244.419434
-10804.993164 5244.974121
-10805.126953 5245.509766
-10805.274414 5246.025879
-10805.434570 5246.522949
-10805.607422 5247.000977
-10805.793945 5247.459961
-10805.993164 5247.899414
-10806.206055 5248.319824
-10806.415039 5248.741699
-10806.625000 5249.158203
-10806.836914 5249.569336
-10807.050781 5249.975586
-10807.266602 5250.376465
-10807.484375 5250.771973
-10807.703125 5251.162109
-10807.923828 5251.546875
-10808.146484 5251.926270
-10808.371094 5252.300293
-10808.597656 5252.668945
-10808.825195 5253.032227
-10809.054688 5253.390137
-10809.286133 5253.743164
-10809.519531 5254.090820
-10809.754883 5254.433105
-10809.991211 5254.770020
-10810.229492 5255.101562
-10810.469727 5255.427734
-10810.711914 5255.748535
-10810.955078 5256.063965
-10811.200195 5256.374023
-10811.447266 5256.678711
-10811.696289 5256.978027
-10811.947266 5257.272461
-10812.199219 5257.561523
-10812.453125 5257.845215
-10812.708984 5258.123535
-10812.966797 5258.396484
-10813.226562 5258.664062
-10813.487305 5258.926270
-10813.750000 5259.183105
-10814.014648 5259.434570
-10814.281250 5259.680664
-10814.549805 5259.921387
-10814.819336 5260.157227
-10815.090820 5260.387695
-10815.364258 5260.612793
-10815.639648 5260.832520
-10815.916992 5261.046875
-10816.202148 5261.264648
-10816.494141 5261.483398
-10816.791992 5261.702637
-10817.096680 5261.922363
-10817.407227 5262.142578
-10817.723633 5262.363770
-10818.046875 5262.585449
-10818.375977 5262.807617
-10818.711914 5263.030762
-10819.053711 5263.254395
-10819.402344 5263.478516
-10819.756836 5263.703125
-10820.117188 5263.928711
-10820.484375 5264.154785
-10820.857422 5264.381348
-10821.237305 5264.608887
-10821.623047 5264.836914
-10822.015625 5265.065430
-10822.414062 5265.294434
-10822.818359 5265.524414
-10823.229492 5265.754883
-10823.646484 5265.985840
-10824.070312 5266.217773
-10824.500000 5266.450195
-10824.935547 5266.683105
-10825.377930 5266.916504
-10825.826172 5267.150879
-10826.281250 5267.385742
-10826.742188 5267.621094
-10827.209961 5267.856934
-10827.683594 5268.093750
-10828.163086 5268.331055
-10828.649414 5268.568848
-10829.141602 5268.807617
-10829.640625 5269.046875
-10830.145508 5269.286621
-10830.657227 5269.526855
-10831.174805 5269.768066
-10831.698242 5270.009766
-10832.228516 5270.251953
-10832.768555 5270.506836
-10833.317383 5270.770020
-10833.875000 5271.041504
-10834.441406 5271.321289
-10835.016602 5271.609863
-10835.600586 5271.906738
-10836.193359 5272.211914
-10836.794922 5272.525391
-10837.405273 5272.847656
-10838.024414 5273.178223
-10838.652344 5273.517090
-10839.289062 5273.864258
-10839.934570 5274.220215
-10840.588867 5274.584473
-10841.251953 5274.957031
-10841.923828 5275.337891
-10842.604492 5275.727539
-10843.293945 5276.125488
-10843.992188 5276.531738
-10844.699219 5276.946289
-10845.415039 5277.369629
-10846.139648 5277.801270
-10846.873047 5278.241211
-10847.615234 5278.689453
-10848.366211 5279.146484
-10849.125977 5279.611816
-10849.894531 5280.085449
-10850.671875 5280.567383
-10851.458008 5281.058105
-10852.252930 5281.557129
-10853.056641 5282.064453
-10853.869141 5282.580078
-10854.690430 5283.104492
-10855.520508 5283.637207
-10856.359375 5284.178223
-10857.207031 5284.727539
-10858.063477 5285.285645
-10858.928711 5285.852051
-10859.802734 5286.426758
-10860.685547 5287.009766
-10861.583008 5287.573730
-10862.493164 5288.127930
-10863.416016 5288.671875
-10864.352539 5289.206055
-10865.301758 5289.729980
-10866.263672 5290.244141
-10867.239258 5290.748535
-10868.227539 5291.242676
-10869.228516 5291.727051
-10870.242188 5292.201172
-10871.269531 5292.665527
-10872.309570 5293.119629
-10873.362305 5293.563965
-10874.427734 5293.998535
-10875.506836 5294.422852
-10876.598633 5294.837402
-10877.703125 5295.241699
-10878.820312 5295.636230
-10879.951172 5296.020508
-10881.094727 5296.395020
-10882.250977 5296.759766
-10883.419922 5297.114258
-10884.602539 5297.458984
-10885.797852 5297.793457
-10887.005859 5298.118164
-10888.226562 5298.432617
-10889.460938 5298.737305
-10890.708008 5299.032227
-10891.967773 5299.316895
-10893.241211 5299.591797
-10894.527344 5299.856445
-10895.826172 5300.111328
-10897.137695 5300.355957
-10898.462891 5300.590820
-10899.800781 5300.815918
-10901.151367 5301.030762
-10902.514648 5301.235840
-10903.891602 5301.430664
-10905.281250 5301.615723
-10906.683594 5301.790527
-10908.105469 5301.953125
-10909.544922 5302.104492
-10911.001953 5302.244141
-10912.476562 5302.372559
-10913.968750 5302.489258
-10915.477539 5302.594727
-10917.003906 5302.688477
-10918.547852 5302.770996
-10920.109375 5302.841797
-10921.688477 5302.901367
-10923.284180 5302.949219
-10924.897461 5302.985840
-10926.528320 5303.010742
-10928.176758 5303.024414
-10929.842773 5303.026367
-10931.526367 5303.017090
-10933.226562 5302.996094
-10934.944336 5302.963867
-10936.679688 5302.919922
-10938.432617 5302.864746
-10940.203125 5302.797852
-10941.990234 5302.719727
-10943.794922 5302.629883
-10945.617188 5302.528809
-10947.457031 5302.416016
-10949.314453 5302.291992
-10951.188477 5302.156250
-10953.080078 5302.009277
-10954.989258 5301.850586
-10956.916016 5301.680664
-10958.860352 5301.499023
-10960.822266 5301.306152
-10962.800781 5301.101562
-10964.796875 5300.885742
-10966.810547 5300.658203
-10968.841797 5300.419434
-10970.890625 5300.168945
-10972.956055 5299.907227
-10975.039062 5299.633789
-10977.139648 5299.349121
-10979.275391 5299.067383
-10981.440430 5298.784180
-10983.633789 5298.499512
-10985.856445 5298.212891
-10988.108398 5297.924805
-10990.389648 5297.634766
-10992.700195 5297.343262
-10995.039062 5297.049805
-10997.407227 5296.754883
-10999.804688 5296.458496
-11002.231445 5296.160156
-11004.686523 5295.860352
-11007.170898 5295.558594
-11009.684570 5295.255371
-11012.227539 5294.950195
-11014.798828 5294.643555
-11017.399414 5294.335449
-11020.029297 5294.025391
-11022.688477 5293.713867
-11025.376953 5293.400391
-11028.093750 5293.085449
-11030.839844 5292.768555
-11033.615234 5292.450195
-11036.419922 5292.130371
-11039.252930 5291.808594
-11042.115234 5291.485352
-11045.006836 5291.160156
-11047.927734 5290.833496
-11050.877930 5290.504883
-11053.856445 5290.174805
-11056.864258 5289.843262
-11059.901367 5289.509766
-11062.967773 5289.174805
-11066.062500 5288.837891
-11069.186523 5288.499512
-11072.339844 5288.159180
-11075.522461 5287.817383
-11078.733398 5287.474121
-11081.973633 5287.128906
-11085.243164 5286.782227
-11088.540039 5286.415039
-11091.864258 5286.033691
-11095.216797 5285.638184
-11098.596680 5285.228516
-11102.004883 5284.804688
-11105.440430 5284.366699
-11108.904297 5283.914551
-11112.395508 5283.448242
-11115.915039 5282.967773
-11119.461914 5282.473145
-11123.036133 5281.964355
-11126.638672 5281.441406
-11130.268555 5280.904297
-11133.926758 5280.353027
-11137.612305 5279.787598
-11141.326172 5279.208008
-11145.067383 5278.614258
-11148.836914 5278.006348
-11152.633789 5277.384277
-11156.458984 5276.748047
-11160.311523 5276.097656
-11164.192383 5275.433105
-11168.100586 5274.754395
-11172.037109 5274.061523
-11176.000977 5273.354492
-11179.993164 5272.633301
-11184.012695 5271.897949
-11188.059570 5271.148438
-11192.134766 5270.385254
-11196.237305 5269.607910
-11200.368164 5268.816406
-11204.526367 5268.010742
-11208.712891 5267.190918
-11212.926758 5266.356934
-11217.168945 5265.508789
-11221.438477 5264.646484
-11225.736328 5263.770020
-11230.061523 5262.879395
-11234.415039 5261.974609
-11238.795898 5261.055664
-11243.203125 5260.105469
-11247.637695 5259.129395
-11252.099609 5258.127930
-11256.587891 5257.101074
-11261.103516 5256.048340
-11265.646484 5254.970215
-11270.215820 5253.866699
-11274.812500 5252.737305
-11279.435547 5251.582520
-11284.085938 5250.402344
-11288.763672 5249.196289
-11293.467773 5247.964844
-11298.199219 5246.708008
-11302.958008 5245.425293
-11307.743164 5244.117188
-11312.555664 5242.783691
-11317.395508 5241.424805
-11322.261719 5240.040039
-11327.155273 5238.629883
-11332.076172 5237.194336
-11337.023438 5235.732910
-11341.998047 5234.246094
-11347.000000 5232.733887
-11352.028320 5231.195801
-11357.083984 5229.632324
-11362.166016 5228.043457
-11367.275391 5226.428711
-11372.412109 5224.788574
-11377.575195 5223.123047
-11382.765625 5221.431641
-11387.983398 5219.714844
-11393.227539 5217.972656
-11398.499023 5216.204590
-11403.797852 5214.411133
-11409.123047 5212.592285
-11414.475586 5210.747559
-11419.855469 5208.877441
-11425.261719 5206.981934
-11430.695312 5205.060547
-11436.156250 5203.113770
-11441.641602 5201.188477
-11447.151367 5199.269043
-11452.686523 5197.355469
-11458.247070 5195.447754
-11463.833008 5193.545898
-11469.444336 5191.649902
-11475.081055 5189.759766
-11480.743164 5187.875488
-11486.429688 5185.997070
-11492.141602 5184.124023
-11497.878906 5182.256836
-11503.641602 5180.395508
-11509.429688 5178.540039
-11515.243164 5176.690430
-11521.082031 5174.846680
-11526.945312 5173.008789
-11532.833984 5171.176758
-11538.748047 5169.350586
-11544.687500 5167.530273
-11550.652344 5165.715820
-11556.642578 5163.907227
-11562.657227 5162.104492
-11568.697266 5160.307617
-11574.762695 5158.516113
-11580.853516 5156.730469
-11586.969727 5154.950684
-11593.111328 5153.176758
-11599.278320 5151.408691
-11605.469727 5149.646484
-11611.686523 5147.890137
-11617.928711 5146.139648
-11624.196289 5144.395020
-11630.489258 5142.656250
-11636.807617 5140.923340
-11643.151367 5139.196289
-11649.519531 5137.475098
-11655.913086 5135.759766
-11662.332031 5134.049805
-11668.776367 5132.345703
-11675.246094 5130.647461
-11681.725586 5128.958496
-11688.219727 5127.277344
-11694.729492 5125.604004
-11701.253906 5123.938477
-11707.793945 5122.280762
-11714.348633 5120.630859
-11720.917969 5118.988770
-11727.502930 5117.354492
-11734.102539 5115.728516
-11740.717773 5114.110352
-11747.347656 5112.500000
-11753.992188 5110.897461
-11760.652344 5109.302734
-11767.327148 5107.715820
-11774.016602 5106.136719
-11780.721680 5104.565430
-11787.441406 5103.002441
-11794.176758 5101.447266
-11800.926758 5099.899902
-11807.691406 5098.360352
-11814.471680 5096.828613
-11821.266602 5095.304688
-11828.077148 5093.788574
-11834.902344 5092.280273
-11841.742188 5090.780273
-11848.597656 5089.288086
-11855.467773 5087.803711
-11862.352539 5086.327148
-11869.252930 5084.858398
-11876.167969 5083.397461
-11883.098633 5081.944336
-11890.043945 5080.499512
-11897.003906 5079.062500
-11903.979492 5077.633301
-11910.969727 5076.211914
-11917.975586 5074.798340
-11924.996094 5073.392578
-11932.031250 5071.994629
-11939.082031 5070.604492
-11946.147461 5069.222656
-11953.295898 5067.849609
-11960.504883 5066.485352
-11967.774414 5065.129883
-11975.104492 5063.783203
-11982.495117 5062.444824
-11989.945312 5061.115234
-11997.456055 5059.794434
-12005.027344 5058.482422
-12012.659180 5057.179199
-12020.351562 5055.884766
-12028.104492 5054.598633
-12035.917969 5053.321289
-12043.791016 5052.052734
-12051.724609 5050.792969
-12059.718750 5049.541992
-12067.773438 5048.299316
-12075.888672 5047.065430
-12084.064453 5045.840332
-12092.299805 5044.624023
-12100.595703 5043.416504
-12108.952148 5042.217773
-12117.369141 5041.027344
-12125.846680 5039.845703
-12134.384766 5038.672852
-12142.983398 5037.508789
-12151.641602 5036.353516
-12160.360352 5035.206543
-12169.139648 5034.068359
-12177.979492 5032.938965
-12186.879883 5031.818359
-12195.840820 5030.706543
-12204.862305 5029.603516
-12213.943359 5028.508789
-12223.084961 5027.422852
-12232.287109 5026.345703
-12241.549805 5025.277344
-12250.873047 5024.217773
-12260.256836 5023.166504
-12269.700195 5022.124023
-12279.204102 5021.090332
-12288.644531 5020.076172
-12298.062500 5019.077637
-12307.458008 5018.094727
-12316.832031 5017.127441
-12326.183594 5016.176270
-12335.512695 5015.240723
-12344.819336 5014.320801
-12354.103516 5013.416504
-12363.365234 5012.528320
-12372.605469 5011.655762
-12381.823242 5010.798828
-12391.018555 5009.957520
-12400.191406 5009.132324
-12409.341797 5008.322754
-12418.469727 5007.528809
-12427.576172 5006.750488
-12436.660156 5005.988281
-12445.721680 5005.241699
-12454.760742 5004.510742
-12463.777344 5003.795410
-12472.771484 5003.096191
-12481.744141 5002.412598
-12490.694336 5001.744629
-12499.622070 5001.092285
-12508.527344 5000.456055
-12517.410156 4999.835449
-12526.270508 4999.230469
-12535.109375 4998.641113
-12543.925781 4998.067871
-12552.719727 4997.510254
-12561.491211 4996.968262
-12570.240234 4996.442383
-12578.966797 4995.932129
-12587.671875 4995.437500
-12596.354492 4994.958496
-12605.014648 4994.495605
-12613.652344 4994.048340
-12622.267578 4993.616699
-12630.860352 4993.200684
-12639.431641 4992.800781
-12647.931641 4992.375000
-12656.375977 4991.937500
-12664.765625 4991.488281
-12673.100586 4991.027344
-12681.380859 4990.554688
-12689.606445 4990.070312
-12697.776367 4989.574219
-12705.891602 4989.066406
-12713.952148 4988.546875
-12721.958008 4988.015625
-12729.908203 4987.472656
-12737.803711 4986.917969
-12745.644531 4986.351562
-12753.430664 4985.773438
-12761.162109 4985.183594
-12768.837891 4984.582031
-12776.458984 4983.968750
-12784.025391 4983.343750
-12791.537109 4982.707031
-12798.994141 4982.058594
-12806.395508 4981.398438
-12813.742188 4980.726562
-12821.034180 4980.042969
-12828.271484 4979.347656
-12835.453125 4978.640625
-12842.580078 4977.921875
-12849.652344 4977.191406
-12856.669922 4976.449219
-12863.632812 4975.695312
-12870.540039 4974.929688
-12877.392578 4974.152344
-12884.190430 4973.363281
-12890.933594 4972.562500
-12897.621094 4971.750000
-12904.253906 4970.925781
-12910.832031 4970.089844
-12917.355469 4969.242188
-12923.824219 4968.382812
-12930.237305 4967.511719
-12936.595703 4966.628906
-12942.917969 4965.769043
-12949.197266 4964.920898
-12955.433594 4964.084473
-12961.626953 4963.259277
-12967.777344 4962.445801
-12973.885742 4961.644043
-12979.951172 4960.853516
-12985.973633 4960.074707
-12991.953125 4959.307617
-12997.889648 4958.551758
-13003.784180 4957.807617
-13009.635742 4957.075195
-13015.444336 4956.354004
-13021.209961 4955.644531
-13026.932617 4954.946777
-13032.613281 4954.260254
-13038.250977 4953.585449
-13043.845703 4952.922363
-13049.397461 4952.270508
-13054.906250 4951.630371
-13060.373047 4951.001465
-13065.796875 4950.384277
-13071.177734 4949.778809
-13076.515625 4949.184570
-13081.810547 4948.602051
-13087.063477 4948.031250
-13092.273438 4947.471680
-13097.440430 4946.923828
-13102.564453 4946.387695
-13107.645508 4945.862793
-13112.684570 4945.349609
-13117.680664 4944.848145
-13122.633789 4944.357910
-13127.543945 4943.879395
-13132.411133 4943.412598
-13137.236328 4942.957031
-13142.018555 4942.513184
-13146.757812 4942.081055
-13151.454102 4941.660156
-13156.107422 4941.250977
-13160.750000 4940.830566
-13165.371094 4940.406738
-13169.970703 4939.979004
-13174.548828 4939.547852
-13179.105469 4939.113281
-13183.640625 4938.674805
-13188.154297 4938.232910
-13192.646484 4937.787109
-13197.117188 4937.337891
-13201.566406 4936.885254
-13205.994141 4936.428711
-13210.400391 4935.968750
-13214.785156 4935.505371
-13219.148438 4935.038086
-13223.490234 4934.567383
-13227.810547 4934.092773
-13232.109375 4933.614746
-13236.386719 4933.133301
-13240.642578 4932.647949
-13244.876953 4932.159180
-13249.089844 4931.666992
-13253.281250 4931.170898
-13257.451172 4930.671387
-13261.599609 4930.167969
-13265.726562 4929.661133
-13269.832031 4929.150879
-13273.916016 4928.636719
-13277.978516 4928.119141
-13282.019531 4927.598145
-13286.040039 4927.073242
-13290.039062 4926.544922
-13294.016602 4926.012695
-13297.972656 4925.477051
-13301.907227 4924.937988
-13305.820312 4924.395020
-13309.711914 4923.848633
-13313.582031 4923.298828
-13317.430664 4922.745117
-13321.257812 4922.187988
-13325.063477 4921.626953
-13328.889648 4921.073730
-13332.721680 4920.524414
-13336.560547 4919.979004
-13340.405273 4919.437500
-13344.256836 4918.899902
-13348.115234 4918.366211
-13351.979492 4917.836426
-13355.850586 4917.310547
-13359.727539 4916.788574
-13363.611328 4916.270508
-13367.501953 4915.756348
-13371.398438 4915.246094
-13375.301758 4914.739746
-13379.210938 4914.237305
-13383.126953 4913.738770
-13387.049805 4913.244141
-13390.978516 4912.753418
-13394.914062 4912.266602
-13398.855469 4911.783691
-13402.803711 4911.304688
-13406.758789 4910.829590
-13410.719727 4910.358398
-13414.687500 4909.891113
-13418.661133 4909.427734
-13422.641602 4908.968262
-13426.628906 4908.512695
-13430.622070 4908.061035
-13434.622070 4907.613281
-13438.627930 4907.169434
-13442.640625 4906.729492
-13446.660156 4906.293457
-13450.685547 4905.861328
-13454.717773 4905.433105
-13458.755859 4905.008789
-13462.800781 4904.588379
-13466.852539 4904.171875
-13470.910156 4903.759277
-13474.974609 4903.350586
-13479.044922 4902.945801
-13483.122070 4902.544922
-13487.152344 4902.146973
-13491.154297 4901.752441
-13495.126953 4901.361328
-13499.071289 4900.973633
-13502.986328 4900.589355
-13506.872070 4900.208496
-13510.729492 4899.831055
-13514.557617 4899.456543
-13518.357422 4899.085449
-13522.127930 4898.717773
-13525.869141 4898.353516
-13529.582031 4897.992676
-13533.265625 4897.635254
-13536.920898 4897.281250
-13540.546875 4896.930664
-13544.143555 4896.583496
-13547.711914 4896.239746
-13551.250977 4895.899414
-13554.761719 4895.562012
-13558.243164 4895.228027
-13561.696289 4894.897461
-13565.120117 4894.570312
-13568.514648 4894.246582
-13571.880859 4893.926270
-13575.217773 4893.609375
-13578.526367 4893.295898
-13581.805664 4892.985840
-13585.055664 4892.679199
-13588.277344 4892.375977
-13591.469727 4892.075684
-13594.633789 4891.778809
-13597.768555 4891.485352
-13600.874023 4891.195312
-13603.951172 4890.908691
-13606.999023 4890.625488
-13610.018555 4890.345703
-13613.008789 4890.069336
-13615.969727 4889.796387
-13618.902344 4889.526855
-13621.805664 4889.260742
-13624.700195 4889.010742
-13627.579102 4888.772949
-13630.442383 4888.547363
-13633.290039 4888.333984
-13636.122070 4888.132812
-13638.938477 4887.943848
-13641.738281 4887.767090
-13644.522461 4887.602539
-13647.291016 4887.450195
-13650.043945 4887.309570
-13652.781250 4887.181152
-13655.502930 4887.064941
-13658.208984 4886.960938
-13660.899414 4886.869141
-13663.574219 4886.789551
-13666.233398 4886.722168
-13668.876953 4886.666992
-13671.504883 4886.623535
-13674.117188 4886.592285
-13676.712891 4886.573242
-13679.292969 4886.566406
-13681.857422 4886.571777
-13684.406250 4886.589355
-13686.939453 4886.619141
-13689.457031 4886.661133
-13691.958984 4886.715332
-13694.445312 4886.781250
-13696.916016 4886.859375
-13699.371094 4886.949707
-13701.810547 4887.052246
-13704.234375 4887.166992
-13706.642578 4887.293945
-13709.034180 4887.433105
-13711.410156 4887.584473
-13713.770508 4887.748047
-13716.115234 4887.923340
-13718.444336 4888.110840
-13720.757812 4888.310547
-13723.055664 4888.522461
-13725.337891 4888.746582
-13727.623047 4888.970703
-13729.904297 4889.198730
-13732.182617 4889.430664
-13734.457031 4889.666504
-13736.728516 4889.906738
-13738.996094 4890.150879
-13741.260742 4890.398926
-13743.521484 4890.650879
-13745.779297 4890.906738
-13748.033203 4891.166504
-13750.284180 4891.430664
-13752.531250 4891.698730
-13754.775391 4891.970703
-13757.015625 4892.246582
-13759.252930 4892.526367
-13761.487305 4892.810547
-13763.717773 4893.098633
-13765.945312 4893.390625
-13768.168945 4893.686523
-13770.389648 4893.986328
-13772.606445 4894.290527
-13774.820312 4894.598633
-13777.030273 4894.910645
-13779.237305 4895.226562
-13781.440430 4895.546387
-13783.640625 4895.870605
-13785.836914 4896.198730
-13788.030273 4896.530762
-13790.219727 4896.866699
-13792.406250 4897.206543
-13794.588867 4897.550781
-13796.768555 4897.898926
-13798.944336 4898.250977
-13801.117188 4898.606934
-13803.286133 4898.966797
-13805.452148 4899.330566
-13807.614258 4899.698730
-13809.773438 4900.070801
-13811.928711 4900.446777
-13814.081055 4900.826660
-13816.244141 4901.205078
-13818.414062 4901.583984
-13820.589844 4901.963379
-13822.771484 4902.343262
-13824.958984 4902.723145
-13827.153320 4903.103516
-13829.353516 4903.484375
-13831.559570 4903.865723
-13833.772461 4904.247070
-13835.991211 4904.628906
-13838.215820 4905.011230
-13840.447266 4905.394043
-13842.684570 4905.777344
-13844.927734 4906.160645
-13847.177734 4906.544434
-13849.433594 4906.928711
-13851.695312 4907.313477
-13853.963867 4907.698242
-13856.238281 4908.083496
-13858.518555 4908.469238
-13860.805664 4908.855469
-13863.098633 4909.241699
-13865.397461 4909.628418
-13867.703125 4910.015625
-13870.014648 4910.403320
-13872.332031 4910.791504
-13874.656250 4911.179688
-13876.986328 4911.568359
-13879.322266 4911.957520
-13881.665039 4912.347168
-13884.013672 4912.736816
-13886.368164 4913.126953
-13888.729492 4913.517578
-13891.096680 4913.908691
-13893.469727 4914.299805
-13895.849609 4914.691406
-13898.235352 4915.083496
-13900.626953 4915.476074
-13903.024414 4915.868652
-13905.428711 4916.261719
-13907.820312 4916.663574
-13910.205078 4917.071289
-13912.583984 4917.485352
-13914.956055 4917.905273
-13917.322266 4918.331055
-13919.681641 4918.762695
-13922.035156 4919.200195
-13924.381836 4919.643555
-13926.722656 4920.093262
-13929.056641 4920.548828
-13931.384766 4921.010254
-13933.706055 4921.477539
-13936.021484 4921.950684
-13938.330078 4922.430176
-13940.632812 4922.915527
-13942.928711 4923.406738
-13945.218750 4923.903809
-13947.501953 4924.406738
-13949.779297 4924.915527
-13952.049805 4925.430664
-13954.314453 4925.951660
-13956.572266 4926.478516
-13958.824219 4927.011230
-13961.069336 4927.549805
-13963.308594 4928.094727
-13965.541016 4928.645508
-13967.767578 4929.202148
-13969.987305 4929.764648
-13972.201172 4930.333008
-13974.408203 4930.907715
-13976.609375 4931.488281
-13978.803711 4932.074707
-13980.992188 4932.666992
-13983.173828 4933.265137
-13985.349609 4933.869141
-13987.518555 4934.479492
-13989.681641 4935.095703
-13991.837891 4935.717773
-13993.988281 4936.345703
-13996.131836 4936.979492
-13998.199219 4937.663086
-14000.212891 4938.382324
-14002.173828 4939.136719
-14004.081055 4939.926270
-14005.935547 4940.750977
-14007.736328 4941.610840
-14009.484375 4942.505859
-14011.178711 4943.436035
-14012.820312 4944.401367
-14014.408203 4945.401855
-14015.943359 4946.437500
-14017.424805 4947.508301
-14018.853516 4948.614746
-14020.228516 4949.756348
-14021.550781 4950.933105
-14022.819336 4952.145020
-14024.035156 4953.392090
-14025.197266 4954.674316
-14026.306641 4955.991699
-14027.362305 4957.344238
-14028.365234 4958.731934
-14029.314453 4960.154785
-14030.210938 4961.612793
-14031.053711 4963.105957
-14031.843750 4964.634766
-14032.580078 4966.198730
-14033.263672 4967.797852
-14033.893555 4969.432129
-14034.470703 4971.101562
-14034.994141 4972.806152
-14035.464844 4974.545898
-14035.881836 4976.320801
-14036.246094 4978.130859
-14036.556641 4979.976074
-14036.814453 4981.856445
-14037.018555 4983.772461
-14037.169922 4985.723633
-14037.267578 4987.709961
-14037.312500 4989.731445
-14037.303711 4991.788086
-14037.205078 4993.918457
-14037.028320 4996.109863
-14036.773438 4998.362305
-14036.441406 5000.675781
-14036.031250 5003.050293
-14035.542969 5005.485840
-14034.976562 5007.982422
-14034.333008 5010.540039
-14033.611328 5013.158691
-14032.811523 5015.838379
-14031.933594 5018.579102
-14030.978516 5021.380859
-14029.945312 5024.243652
-14028.833984 5027.167480
-14027.644531 5030.152344
-14026.377930 5033.198242
-14025.033203 5036.305176
-14023.610352 5039.473145
-14022.109375 5042.702148
-14020.531250 5045.992188
-14018.875000 5049.343262
-14017.140625 5052.755371
-14015.328125 5056.228516
-14013.438477 5059.762695
-14011.470703 5063.357910
-14009.424805 5067.014160
-14007.300781 5070.731445
-14005.099609 5074.509766
-14002.820312 5078.349121
-14000.462891 5082.249512
-13998.027344 5086.210938
-13995.514648 5090.233398
-13992.923828 5094.316895
-13990.254883 5098.461426
-13987.508789 5102.666992
-13984.684570 5106.933594
-13981.782227 5111.261230
-13978.801758 5115.649902
-13975.744141 5120.099609
-13972.608398 5124.610352
-13969.444336 5129.160156
-13966.236328 5133.756348
-13962.983398 5138.399414
-13959.686523 5143.088867
-13956.344727 5147.824707
-13952.958008 5152.607422
-13949.527344 5157.436523
-13946.051758 5162.312012
-13942.532227 5167.234375
-13938.967773 5172.203125
-13935.358398 5177.218262
-13931.705078 5182.280273
-13928.006836 5187.388672
-13924.264648 5192.543457
-13920.477539 5197.745117
-13916.645508 5202.993164
-13912.769531 5208.287598
-13908.848633 5213.628906
-13904.883789 5219.016602
-13900.874023 5224.450684
-13896.819336 5229.931641
-13892.720703 5235.458984
-13888.577148 5241.032715
-13884.389648 5246.653320
-13880.157227 5252.320312
-13875.879883 5258.033691
-13871.558594 5263.793945
-13867.192383 5269.600586
-13862.782227 5275.453613
-13858.327148 5281.353516
-13853.827148 5287.299805
-13849.283203 5293.292480
-13844.694336 5299.332031
-13840.061523 5305.417969
-13835.383789 5311.550293
-13830.662109 5317.729492
-13825.895508 5323.955078
-13821.083984 5330.227051
-13816.228516 5336.545898
-13811.328125 5342.911133
-13806.352539 5349.188965
-13801.311523 5355.423828
-13796.205078 5361.615723
-13791.033203 5367.764648
-13785.795898 5373.870605
-13780.493164 5379.933594
-13775.125000 5385.953613
-13769.692383 5391.930664
-13764.194336 5397.864746
-13758.630859 5403.755859
-13753.001953 5409.604004
-13747.307617 5415.409668
-13741.547852 5421.172363
-13735.722656 5426.892090
-13729.832031 5432.568848
-13723.876953 5438.202637
-13717.856445 5443.793457
-13711.770508 5449.341309
-13705.619141 5454.846191
-13699.402344 5460.308105
-13693.120117 5465.727051
-13686.772461 5471.103027
-13680.360352 5476.436523
-13673.882812 5481.727051
-13667.339844 5486.974609
-13660.731445 5492.179199
-13654.057617 5497.340820
-13647.318359 5502.459473
-13640.513672 5507.535156
-13633.643555 5512.567871
-13626.708984 5517.557617
-13619.708984 5522.504395
-13612.643555 5527.408203
-13605.512695 5532.269531
-13598.316406 5537.087891
-13591.054688 5541.863281
-13583.727539 5546.595703
-13576.335938 5551.285156
-13568.878906 5555.931641
-13561.356445 5560.535156
-13553.772461 5565.098145
-13546.125977 5569.620117
-13538.416992 5574.100586
-13530.645508 5578.540039
-13522.811523 5582.937988
-13514.915039 5587.294922
-13506.956055 5591.610352
-13498.934570 5595.884766
-13490.850586 5600.117676
-13482.703125 5604.309570
-13474.493164 5608.459961
-13466.220703 5612.569336
-13457.885742 5616.637695
-13449.488281 5620.664551
-13441.028320 5624.650391
-13432.505859 5628.594727
-13423.920898 5632.498047
-13415.273438 5636.359863
-13406.563477 5640.180664
-13397.791016 5643.959961
-13388.956055 5647.698242
-13380.058594 5651.395020
-13371.097656 5655.050781
-13362.074219 5658.665039
-13352.988281 5662.238281
-13343.839844 5665.770020
-13334.628906 5669.260742
-13325.355469 5672.709961
-13316.019531 5676.118164
-13306.621094 5679.484863
-13297.160156 5682.810547
-13287.636719 5686.094727
-13278.050781 5689.337891
-13268.402344 5692.539551
-13258.691406 5695.700195
-13248.916992 5698.819336
-13239.080078 5701.897461
-13229.180664 5704.934570
-13219.218750 5707.930176
-13209.194336 5710.884766
-13199.160156 5713.773926
-13189.098633 5716.605957
-13179.008789 5719.380859
-13168.891602 5722.098145
-13158.747070 5724.758301
-13148.575195 5727.361328
-13138.375000 5729.907227
-13128.147461 5732.395996
-13117.892578 5734.827148
-13107.610352 5737.201172
-13097.299805 5739.518066
-13086.961914 5741.777832
-13076.596680 5743.980469
-13066.204102 5746.125488
-13055.783203 5748.213379
-13045.334961 5750.244141
-13034.859375 5752.217773
-13024.356445 5754.134277
-13013.826172 5755.993164
-13003.267578 5757.794922
-12992.681641 5759.539551
-12982.068359 5761.227051
-12971.427734 5762.857422
-12960.758789 5764.430176
-12950.062500 5765.945801
-12939.338867 5767.404297
-12928.587891 5768.805664
-12917.808594 5770.149902
-12907.001953 5771.437012
-12896.167969 5772.666504
-12885.306641 5773.838867
-12874.416992 5774.954102
-12863.500000 5776.012207
-12852.555664 5777.013184
-12841.583984 5777.956543
-12830.584961 5778.842773
-12819.557617 5779.671875
-12808.502930 5780.443848
-12797.420898 5781.158691
-12786.311523 5781.815918
-12775.160156 5782.479492
-12763.971680 5783.127930
-12752.747070 5783.761230
-12741.485352 5784.379883
-12730.186523 5784.983398
-12718.850586 5785.571777
-12707.478516 5786.145508
-12696.069336 5786.704102
-12684.623047 5787.247559
-12673.139648 5787.775879
-12661.620117 5788.289551
-12650.063477 5788.788086
-12638.469727 5789.271484
-12626.839844 5789.740234
-12615.172852 5790.193848
-12603.468750 5790.632324
-12591.727539 5791.055664
-12579.950195 5791.464355
-12568.135742 5791.857910
-12556.284180 5792.236328
-12544.395508 5792.599609
-12532.470703 5792.948242
-12520.508789 5793.281738
-12508.509766 5793.600098
-12496.473633 5793.903809
-12484.401367 5794.192383
-12472.291992 5794.465820
-12460.145508 5794.724121
-12447.962891 5794.967773
-12435.743164 5795.196289
-12423.486328 5795.409668
-12411.192383 5795.608398
-12398.862305 5795.791992
-12386.495117 5795.960449
-12374.090820 5796.113770
-12361.649414 5796.252441
-12349.171875 5796.375977
-12336.657227 5796.484375
-12324.105469 5796.578125
-12311.516602 5796.656738
-12298.916992 5796.749023
-12286.296875 5796.845215
-12273.657227 5796.945801
-12260.998047 5797.050293
-12248.318359 5797.159180
-12235.619141 5797.271973
-12222.899414 5797.389160
-12210.160156 5797.510254
-12197.400391 5797.635254
-12184.621094 5797.764648
-12171.822266 5797.897949
-12159.002930 5798.035645
-12146.164062 5798.177246
-12133.304688 5798.323242
-12120.425781 5798.473145
-12107.527344 5798.627441
-12094.608398 5798.785645
-12081.669922 5798.947754
-12068.710938 5799.114258
-12055.732422 5799.284668
-12042.734375 5799.459473
-12029.715820 5799.638184
-12016.677734 5799.821289
-12003.619141 5800.008301
-11990.541016 5800.199707
-11977.443359 5800.395020
-11964.325195 5800.594238
-11951.187500 5800.797852
-11938.029297 5801.005371
-11924.851562 5801.217285
-11911.654297 5801.433105
-11898.436523 5801.653320
-11885.199219 5801.877441
-11871.941406 5802.105957
-11858.664062 5802.338379
-11845.367188 5802.574707
-11832.049805 5802.815430
-11818.712891 5803.060059
-11805.355469 5803.309082
-11791.978516 5803.562012
-11778.570312 5803.812988
-11765.134766 5804.064453
-11751.671875 5804.315918
-11738.181641 5804.567383
-11724.664062 5804.818848
-11711.119141 5805.070801
-11697.546875 5805.322754
-11683.947266 5805.574707
-11670.320312 5805.826660
-11656.666016 5806.079102
-11642.984375 5806.331543
-11629.275391 5806.583984
-11615.539062 5806.836914
-11601.775391 5807.089844
-11587.984375 5807.342773
-11574.166016 5807.595703
-11560.320312 5807.849121
-11546.447266 5808.102539
-11532.546875 5808.355957
-11518.619141 5808.609375
-11504.664062 5808.863281
-11490.681641 5809.117188
-11476.671875 5809.371094
-11462.634766 5809.625000
-11448.570312 5809.879395
-11434.478516 5810.133789
-11420.359375 5810.388184
-11406.212891 5810.642578
-11392.039062 5810.897461
-11377.837891 5811.152344
-11363.609375 5811.407227
-11349.353516 5811.662109
-11335.070312 5811.917480
-11320.759766 5812.172852
-11306.421875 5812.428223
-11292.056641 5812.683594
-11277.664062 5812.939453
-11263.244141 5813.195312
-11248.796875 5813.451172
-11234.322266 5813.707031
-11219.829102 5813.963867
-11205.314453 5814.221680
-11190.778320 5814.479980
-11176.219727 5814.739258
-11161.639648 5814.999023
-11147.038086 5815.259766
-11132.415039 5815.520996
-11117.770508 5815.782715
-11103.104492 5816.045410
-11088.416992 5816.308594
-11073.708008 5816.572754
-11058.976562 5816.837402
-11044.223633 5817.103027
-11029.449219 5817.369141
-11014.653320 5817.636230
-10999.835938 5817.903809
-10984.997070 5818.171875
-10970.136719 5818.440918
-10955.254883 5818.710449
-10940.350586 5818.980957
-10925.424805 5819.251953
-10910.477539 5819.523926
-10895.508789 5819.796387
-10880.518555 5820.069336
-10865.506836 5820.343262
-10850.473633 5820.617676
-10835.418945 5820.893066
-10820.342773 5821.168945
-10805.244141 5821.445801
-10790.124023 5821.723145
-10774.982422 5822.000977
-10759.819336 5822.279785
-10744.634766 5822.559082
-10729.428711 5822.839355
-10714.201172 5823.120117
-10698.952148 5823.401855
-10683.680664 5823.684082
-10668.387695 5823.966797
-10653.073242 5824.250488
-10637.737305 5824.534668
-10622.375977 5824.821289
-10606.990234 5825.109863
-10591.580078 5825.399902
-10576.145508 5825.691895
-10560.686523 5825.985840
-10545.203125 5826.281250
-10529.696289 5826.578613
-10514.165039 5826.877930
-10498.609375 5827.178711
-10483.029297 5827.481445
-10467.424805 5827.785645
-10451.795898 5828.091797
-10436.142578 5828.399902
-10420.464844 5828.709473
-10404.763672 5829.020996
-10389.038086 5829.334473
-10373.288086 5829.649414
-10357.513672 5829.966309
-10341.714844 5830.285156
-10325.891602 5830.605469
-10310.043945 5830.927734
-10294.171875 5831.251465
-10278.275391 5831.577148
-10262.355469 5831.904785
-10246.411133 5832.233887
-10230.442383 5832.564941
-10214.449219 5832.897949
-10198.431641 5833.232422
-10182.389648 5833.568848
-10166.323242 5833.907227
-10150.232422 5834.247070
-10134.118164 5834.588867
-10117.979492 5834.932129
-10101.816406 5835.277344
-10085.628906 5835.624512
-10069.416992 5835.973145
-10053.180664 5836.323730
-10036.919922 5836.676270
-10020.634766 5837.030273
-10004.325195 5837.386230
-9987.994141 5837.745605
-9971.640625 5838.107910
-9955.265625 5838.473145
-9938.868164 5838.841309
-9922.448242 5839.211914
-9906.005859 5839.585449
-9889.541016 5839.961914
-9873.053711 5840.341309
-9856.543945 5840.723633
-9840.011719 5841.108887
-9823.457031 5841.497070
-9806.879883 5841.888184
-9790.280273 5842.282227
-9773.658203 5842.678711
-9757.013672 5843.078125
-9740.346680 5843.480469
-9723.657227 5843.885742
-9706.945312 5844.293945
-9690.210938 5844.705078
-9673.454102 5845.119141
-9656.674805 5845.536133
-9639.873047 5845.956055
-9623.048828 5846.378418
-9606.202148 5846.803711
-9589.333008 5847.231934
-9572.441406 5847.663086
-9555.527344 5848.097168
-9538.590820 5848.534180
-9521.631836 5848.974121
-9504.651367 5849.416992
-9487.648438 5849.862793
-9470.623047 5850.311035
-9453.575195 5850.762207
-9436.504883 5851.216309
-9419.412109 5851.673340
-9402.296875 5852.133301
-9385.159180 5852.596191
-9367.999023 5853.062012
-9350.816406 5853.530762
-9333.611328 5854.002441
-9316.389648 5854.472168
-9299.149414 5854.941406
-9281.890625 5855.410645
-9264.613281 5855.879395
-9247.316406 5856.348145
-9230.000977 5856.816406
-9212.666992 5857.284668
-9195.314453 5857.752441
-9177.943359 5858.220215
-9160.553711 5858.687500
-9143.145508 5859.154785
-9125.718750 5859.621582
-9108.273438 5860.088379
-9090.809570 5860.554688
-9073.327148 5861.020996
-9055.826172 5861.486816
-9038.306641 5861.952637
-9020.768555 5862.417969
-9003.210938 5862.883301
-8985.634766 5863.348145
-8968.040039 5863.812988
-8950.426758 5864.277344
-8932.794922 5864.741699
-8915.144531 5865.205566
-8897.475586 5865.669434
-8879.788086 5866.132812
-8862.082031 5866.595703
-8844.357422 5867.058594
-8826.614258 5867.520996
-8808.852539 5867.983398
-8791.072266 5868.445312
-8773.273438 5868.907227
-8755.455078 5869.368652
-8737.618164 5869.830078
-8719.762695 5870.291016
-8701.888672 5870.751953
-8683.996094 5871.212402
-8666.084961 5871.672852
-8648.155273 5872.132812
-8630.207031 5872.592773
-8612.244141 5873.052246
-8594.265625 5873.511719
-8576.271484 5873.970703
-8558.261719 5874.429688
-8540.236328 5874.888184
-8522.195312 5875.346191
-8504.138672 5875.804199
-8486.066406 5876.261719
-8467.978516 5876.719238
-8449.875000 5877.176270
-8431.755859 5877.633301
-8413.621094 5878.089844
-8395.470703 5878.545898
-8377.304688 5879.001953
-8359.123047 5879.457520
-8340.925781 5879.913086
-8322.712891 5880.368164
-8304.484375 5880.823242
-8286.240234 5881.277832
-8267.980469 5881.732422
-8249.705078 5882.186523
-8231.414062 5882.640137
-8213.107422 5883.093750
-8194.785156 5883.546875
-8176.447754 5884.000000
-8158.094727 5884.452637
-8139.726074 5884.905273
-8121.341797 5885.357422
-8102.941895 5885.809082
-8084.526367 5886.260742
-8066.095215 5886.711914
-8047.648438 5887.163086
-8029.186035 5887.613770
-8010.708008 5888.064453
-7992.214355 5888.514648
-7973.705078 5888.964844
-7955.180176 5889.414551
-7936.639648 5889.863770
-7918.083496 5890.312988
-7899.511719 5890.761719
-7880.921387 5891.214355
-7862.313477 5891.669434
-7843.687988 5892.126953
-7825.044922 5892.586914
-7806.384277 5893.049316
-7787.706055 5893.514160
-7769.010254 5893.981445
-7750.296875 5894.451172
-7731.566406 5894.923340
-7712.818359 5895.397949
-7694.052734 5895.875000
-7675.269531 5896.354492
-7656.468750 5896.836426
-7637.650391 5897.320801
-7618.814453 5897.807617
-7599.960938 5898.296875
-7581.089844 5898.788086
-7562.201172 5899.281738
-7543.294922 5899.777832
-7524.371094 5900.276367
-7505.429688 5900.777344
-7486.470703 5901.280762
-7467.494141 5901.786621
-7448.500000 5902.294922
-7429.488281 5902.805664
-7410.458984 5903.318848
-7391.412598 5903.834473
-7372.348633 5904.352539
-7353.267090 5904.873047
-7334.167969 5905.395996
-7315.051270 5905.921387
-7295.916992 5906.449219
-7276.765137 5906.979492
-7257.595703 5907.512207
-7238.408691 5908.047363
-7219.204102 5908.584961
-7199.981934 5909.125000
-7180.742188 5909.667480
-7161.484863 5910.212402
-7142.209961 5910.759766
-7122.909180 5911.306152
-7103.585449 5911.853027
-7084.238281 5912.400391
-7064.868164 5912.948242
-7045.474609 5913.496094
-7026.058105 5914.044434
-7006.618164 5914.593262
-6987.155273 5915.142578
-6967.668945 5915.692383
-6948.159668 5916.242188
-6928.626953 5916.792480
-6909.071289 5917.343262
-6889.492676 5917.894531
-6869.890625 5918.445801
-6850.265625 5918.997559
-6830.617188 5919.549805
-6810.945801 5920.102539
-6791.250977 5920.655273
-6771.533203 5921.208496
-6751.791992 5921.762207
-6732.027832 5922.316406
-6712.240234 5922.871094
-6692.429688 5923.425781
-6672.595703 5923.980957
-6652.738770 5924.536621
-6632.858887 5925.092773
-6612.955566 5925.648926
-6593.029297 5926.205566
-6573.079590 5926.762695
-6553.106934 5927.320312
-6533.110840 5927.877930
-6513.091797 5928.436035
-6493.049316 5928.994629
-6472.983887 5929.553711
-6452.895020 5930.112793
-6432.783203 5930.672363
-6412.648438 5931.232422
-6392.490234 5931.792969
-6372.309082 5932.354004
-6352.104492 5932.915039
-6331.880859 5933.473633
-6311.636719 5934.030762
-6291.372070 5934.586426
-6271.086914 5935.140625
-6250.781250 5935.693359
-6230.455078 5936.244629
-6210.108398 5936.794434
-6189.741211 5937.342285
-6169.353516 5937.888672
-6148.944824 5938.433594
-6128.515625 5938.977051
-6108.065918 5939.519043
-6087.595703 5940.059570
-6067.104980 5940.598633
-6046.593750 5941.136230
-6026.062012 5941.671875
-6005.509766 5942.206055
-5984.937012 5942.738770
-5964.343750 5943.270020
-5943.729980 5943.799805
-5923.095703 5944.328125
-5902.440918 5944.854980
-5881.765625 5945.380371
-5861.069824 5945.903809
-5840.353516 5946.425781
-5819.616699 5946.946289
-5798.859375 5947.465332
-5778.081543 5947.982910
-5757.283203 5948.499023
-5736.464355 5949.013672
-5715.625000 5949.526855
-5694.765137 5950.038086
-5673.884766 5950.547852
-5652.983887 5951.056152
-5632.062500 5951.562988
-5611.120605 5952.068359
-5590.158203 5952.572266
-5569.174805 5953.074707
-5548.170898 5953.575684
-5527.146484 5954.074707
