-0.045637 0.026925
-0.121700 0.071800
-0.228187 0.134625
-0.365100 0.215400
-0.532437 0.314125
-0.730200 0.430800
-0.958387 0.565425
-1.216999 0.718000
-1.506037 0.888525
-1.825499 1.077000
-2.175386 1.283425
-2.555699 1.507800
-2.966436 1.750125
-3.407598 2.010400
-3.879185 2.288625
-4.381197 2.584800
-4.913635 2.898925
-5.476497 3.231000
-6.069784 3.581025
-6.693496 3.949000
-7.347633 4.334925
-8.032195 4.738800
-8.747182 5.160625
-9.492594 5.600399
-10.268432 6.058124
-11.074694 6.533799
-11.911381 7.027424
-12.778493 7.538999
-13.676030 8.068524
-14.603992 8.615999
-15.562378 9.181424
-16.551190 9.764799
-17.570427 10.366124
-18.620089 10.985399
-19.700176 11.622624
-20.810688 12.277799
-21.951625 12.950924
-23.122987 13.641999
-24.324773 14.351024
-25.556985 15.077999
-26.818647 15.823974
-28.110084 16.588599
-29.431295 17.371874
-30.782282 18.173799
-32.163044 18.994374
-33.573581 19.833599
-35.013892 20.691474
-36.483979 21.567999
-37.983841 22.463174
-39.513477 23.376999
-41.072889 24.309474
-42.662075 25.260599
-44.281037 26.230374
-45.929774 27.218799
-47.608285 28.225874
-49.316572 29.251600
-51.054633 30.295975
-52.822470 31.359000
-54.620081 32.440675
-56.447468 33.541000
-58.304629 34.659976
-60.191566 35.797601
-62.108277 36.953876
-64.054764 38.128801
-66.031025 39.322377
-68.037062 40.534602
-70.072873 41.765477
-72.138460 43.015003
-74.233821 44.283178
-76.358957 45.570003
-78.513869 46.875479
-80.698555 48.199604
-82.913016 49.542380
-85.157253 50.903805
-87.431264 52.283880
-89.735050 53.682606
-92.068612 55.099981
-94.431948 56.536007
-96.825059 57.990682
-99.247945 59.464008
-101.696931 60.959546
-104.173243 62.476109
-106.676879 64.013697
-109.207840 65.572310
-111.766126 67.151948
-114.351737 68.752611
-116.964673 70.374299
-119.604934 72.017011
-122.272520 73.680749
-124.967431 75.365512
-127.689667 77.071300
-130.439228 78.798113
-133.216114 80.545951
-136.020325 82.314814
-138.851861 84.104702
-141.710721 85.915615
-144.596907 87.747553
-147.510418 89.600516
-150.451254 91.474504
-153.419414 93.369516
-156.414900 95.285554
-159.437711 97.222617
-162.487846 99.180705
-165.565307 101.159818
-168.670093 103.159956
-171.802203 105.181119
-174.961639 107.223306
-178.148399 109.286519
-181.362485 111.370757
-184.603895 113.476020
-187.872631 115.602308
-191.168691 117.749621
-194.492076 119.917958
-197.842787 122.107321
-201.220822 124.317709
-204.626182 126.549122
-208.058868 128.801560
-211.518878 131.075022
-215.006213 133.369510
-218.520873 135.685023
-222.050221 137.985673
-225.598469 140.283423
-229.165617 142.578274
-232.751665 144.870224
-236.356612 147.159274
-239.980460 149.445424
-243.623208 151.728674
-247.284856 154.009025
-250.965404 156.286475
-254.664852 158.561025
-258.383200 160.832675
-262.120448 163.101425
-265.876596 165.367275
-269.651644 167.630225
-273.445592 169.890276
-277.258440 172.147426
-281.090188 174.401676
-284.940836 176.653026
-288.810385 178.901476
-292.698833 181.147026
-296.606181 183.389676
-300.532429 185.629426
-304.477577 187.866276
-308.441626 190.100226
-312.424574 192.331276
-316.426422 194.559426
-320.447171 196.784676
-324.486819 199.007026
-328.545367 201.226476
-332.622816 203.443025
-336.719164 205.656675
-340.834413 207.867425
-344.968561 210.075275
-349.121609 212.280225
-353.293558 214.482275
-357.484406 216.681425
-361.694155 218.877675
-365.922804 221.071024
-370.170352 223.261474
-374.436801 225.449024
-378.706662 227.620136
-382.985098 229.779324
-387.272109 231.926586
-391.567695 234.061924
-395.871857 236.185336
-400.184593 238.296824
-404.505904 240.396386
-408.835790 242.484024
-413.174251 244.559737
-417.521288 246.623524
-421.876899 248.675387
-426.241085 250.715325
-430.613846 252.743338
-434.995183 254.759426
-439.385094 256.763589
-443.783580 258.755827
-448.190642 260.736140
-452.606278 262.704528
-457.030490 264.660991
-461.463276 266.605529
-465.904637 268.538142
-470.354574 270.458830
-474.813085 272.367594
-479.280172 274.264432
-483.755833 276.149345
-488.240070 278.022334
-492.732881 279.883397
-497.234268 281.732535
-501.744229 283.569749
-506.262766 285.395037
-510.789877 287.208401
-515.325564 289.009840
-519.869826 290.799353
-524.422662 292.576942
-528.984074 294.342606
-533.554060 296.096344
-538.132622 297.838158
-542.719759 299.568047
-547.315470 301.286011
-551.919757 302.992050
-556.522381 304.734501
-561.126756 306.497253
-565.732880 308.280304
-570.340754 310.083655
-574.950378 311.907307
-579.561753 313.751258
-584.174877 315.615509
-588.789752 317.500061
-593.406376 319.404912
-598.024750 321.330063
-602.644875 323.275515
-607.266749 325.241266
-611.890374 327.227317
-616.515748 329.233669
-621.142873 331.260320
-625.771747 333.307271
-630.402372 335.374522
-635.034747 337.462073
-639.668871 339.569925
-644.304746 341.698076
-648.942370 343.846527
-653.581745 346.015278
-658.222870 348.204329
-662.865745 350.413681
-667.510369 352.643332
-672.156744 354.893283
-676.804869 357.163534
-681.454744 359.454085
-686.106369 361.764936
-690.759743 364.096087
-695.414868 366.447538
-700.071743 368.819290
-704.730368 371.211341
-709.390743 373.623692
-714.052868 376.056343
-718.716743 378.509294
-723.382368 380.982545
-728.049743 383.476096
-732.718868 385.989947
-737.389743 388.524098
-742.040881 391.079111
-746.679443 393.654800
-751.305431 396.251163
-755.918843 398.868202
-760.519681 401.505915
-765.107943 404.164304
-769.683631 406.843367
-774.246743 409.543106
-778.797280 412.263519
-783.335243 415.004608
-787.860630 417.766372
-792.373442 420.548810
-796.873680 423.351924
-801.361342 426.175712
-805.836429 429.020176
-810.298941 431.885314
-814.748878 434.771128
-819.186241 437.677616
-823.611028 440.604780
-828.023240 443.552619
-832.422877 446.521132
-836.809939 449.510321
-841.184426 452.520184
-845.546338 455.550723
-849.895675 458.601937
-854.232437 461.673825
-858.556624 464.766389
-862.868236 467.879627
-867.167273 471.013541
-871.453735 474.168130
-875.727621 477.343393
-879.988933 480.539332
-884.237670 483.755945
-888.473832 486.993234
-892.697419 490.251198
-896.908430 493.529836
-901.106867 496.829150
-905.292729 500.149139
-909.466016 503.489802
-913.626727 506.851141
-917.789976 510.254192
-921.950725 513.691943
-926.108975 517.164394
-930.264724 520.671545
-934.417973 524.213397
-938.568722 527.789948
-942.716971 531.401199
-946.862721 535.047150
-951.005970 538.727801
-955.146719 542.443152
-959.284968 546.193204
-963.420717 549.977955
-967.553966 553.797406
-971.684716 557.651557
-975.812965 561.540408
-979.938714 565.463960
-984.061963 569.422211
-988.182712 573.415162
-992.300962 577.442813
-996.416711 581.505164
-1000.529960 585.602215
-1004.640709 589.733967
-1008.748959 593.900418
-1012.854708 598.101569
-1016.957957 602.337420
-1021.058706 606.607972
-1025.156955 610.913223
-1029.252705 615.253174
-1033.345954 619.627825
-1037.436703 624.037176
-1041.524952 628.481228
-1045.610702 632.959979
-1049.693951 637.473430
-1053.774700 642.021581
-1057.852949 646.604433
-1061.928699 651.221984
-1066.001948 655.874235
-1070.072697 660.561186
-1074.140946 665.282837
-1078.206696 670.039189
-1082.262407 674.842952
-1086.310594 679.689891
-1090.351256 684.580005
-1094.384392 689.513294
-1098.410004 694.489758
-1102.428091 699.509396
-1106.438653 704.572210
-1110.441689 709.678199
-1114.437201 714.827363
-1118.425187 720.019702
-1122.405649 725.255216
-1126.378586 730.533905
-1130.343997 735.855769
-1134.301884 741.220807
-1138.252245 746.629021
-1142.195082 752.080410
-1146.130394 757.574974
-1150.058180 763.112713
-1153.978442 768.693627
-1157.891178 774.317716
-1161.796390 779.984980
-1165.694076 785.695419
-1169.584238 791.449033
-1173.466874 797.245822
-1177.341986 803.085786
-1181.209572 808.968925
-1185.069633 814.895239
-1188.922170 820.864729
-1192.767181 826.877393
-1196.604668 832.933232
-1200.434629 839.032246
-1204.257065 845.174435
-1208.071977 851.359799
-1211.879363 857.588338
-1215.679224 863.860052
-1219.471561 870.174942
-1223.256372 876.533006
-1227.033658 882.934245
-1230.803420 889.378659
-1234.565656 895.866248
-1238.310317 902.352088
-1242.040754 908.851152
-1245.756965 915.363441
-1249.458951 921.888956
-1253.146713 928.427695
-1256.820249 934.979659
-1260.479560 941.544849
-1264.124647 948.123263
-1267.755508 954.714903
-1271.372145 961.319767
-1274.974556 967.937857
-1278.562743 974.569171
-1282.136704 981.213711
-1285.696441 987.871475
-1289.241953 994.542465
-1292.773239 1001.226680
-1296.290301 1007.924119
-1299.793138 1014.634784
-1303.281749 1021.358674
-1306.756136 1028.095789
-1310.216298 1034.846128
-1313.662234 1041.609693
-1317.093946 1048.386483
-1320.511433 1055.176498
-1323.914695 1061.979738
-1327.303731 1068.796203
-1330.678543 1075.625893
-1334.039130 1082.468808
-1337.385492 1089.324948
-1340.717629 1096.194313
-1344.035541 1103.076903
-1347.339228 1109.972718
-1350.628690 1116.881758
-1353.903927 1123.804023
-1357.164939 1130.739513
-1360.411726 1137.688228
-1363.644288 1144.650169
-1366.862625 1151.625334
-1370.066737 1158.613724
-1373.256624 1165.615339
-1376.462511 1172.620092
-1379.674323 1179.631345
-1382.892060 1186.649098
-1386.115722 1193.673351
-1389.345309 1200.704103
-1392.580821 1207.741356
-1395.822258 1214.785109
-1399.069620 1221.835362
-1402.322907 1228.892115
-1405.582119 1235.955368
-1408.847256 1243.025120
-1412.118318 1250.101373
-1415.395305 1257.184126
-1418.678217 1264.273379
-1421.967054 1271.369132
-1425.261816 1278.471385
-1428.562503 1285.580138
-1431.869115 1292.695390
-1435.181652 1299.817143
-1438.500114 1306.945396
-1441.824501 1314.080149
-1445.154813 1321.221402
-1448.491050 1328.369155
-1451.833211 1335.523408
-1455.181298 1342.684161
-1458.535310 1349.851414
-1461.895247 1357.025167
-1465.261109 1364.205420
-1468.632896 1371.392173
-1472.010608 1378.585425
-1475.394244 1385.785178
-1478.783806 1392.991431
-1482.179293 1400.204184
-1485.580705 1407.423437
-1488.988042 1414.649190
-1492.401303 1421.881443
-1495.820490 1429.120196
-1499.245602 1436.365449
-1502.676639 1443.617202
-1506.113601 1450.875455
-1509.561287 1458.166233
-1513.018099 1465.480861
-1516.484036 1472.819339
-1519.959097 1480.181667
-1523.443284 1487.567846
-1526.936596 1494.977874
-1530.439032 1502.411752
-1533.950594 1509.869480
-1537.471280 1517.351058
-1541.001092 1524.856486
-1544.540028 1532.385764
-1548.088089 1539.938892
-1551.645276 1547.515871
-1555.211587 1555.116699
-1558.787024 1562.741377
-1562.371585 1570.389905
-1565.965271 1578.062283
-1569.568082 1585.758512
-1573.180019 1593.478590
-1576.801080 1601.222518
-1580.431266 1608.990296
-1584.070577 1616.781925
-1587.719013 1624.597403
-1591.376574 1632.436731
-1595.043260 1640.299910
-1598.719071 1648.186938
-1602.404007 1656.097816
-1606.098068 1664.032545
-1609.801254 1671.991123
-1613.513565 1679.973551
-1617.235001 1687.979830
-1620.965562 1696.009958
-1624.705248 1704.063937
-1628.454059 1712.141765
-1632.211994 1720.243444
-1635.979055 1728.368972
-1639.755241 1736.518351
-1643.540552 1744.691579
-1647.334987 1752.888658
-1651.138548 1761.109586
-1654.919846 1769.339515
-1658.689344 1777.583393
-1662.447042 1785.841222
-1666.192940 1794.113000
-1669.927038 1802.398729
-1673.649337 1810.698407
-1677.359835 1819.012036
-1681.058533 1827.339615
-1684.745431 1835.681143
-1688.420529 1844.036622
-1692.083827 1852.406051
-1695.735325 1860.789429
-1699.375023 1869.186758
-1703.002921 1877.598037
-1706.619019 1886.023265
-1710.223317 1894.462444
-1713.815815 1902.915573
-1717.396513 1911.382651
-1720.965411 1919.863680
-1724.522509 1928.358659
-1728.067807 1936.867588
-1731.601305 1945.390467
-1735.123003 1953.927295
-1738.632901 1962.478074
-1742.130999 1971.042803
-1745.617297 1979.621482
-1749.091795 1988.214111
-1752.554493 1996.820690
-1756.005391 2005.441218
-1759.444489 2014.075697
-1762.871787 2022.724126
-1766.287285 2031.386505
-1769.690983 2040.062834
-1773.082881 2048.753113
-1776.462979 2057.457342
-1779.831277 2066.175521
-1783.187775 2074.907650
-1786.532473 2083.653729
-1789.865371 2092.413758
-1793.186469 2101.187737
-1796.504542 2109.955491
-1799.816664 2118.723745
-1803.122837 2127.492499
-1806.423060 2136.261753
-1809.717333 2145.031507
-1813.005656 2153.801761
-1816.288029 2162.572515
-1819.564452 2171.343769
-1822.834925 2180.115523
-1826.099448 2188.887777
-1829.358021 2197.660531
-1832.610644 2206.433785
-1835.857317 2215.207539
-1839.098040 2223.981793
-1842.332813 2232.756547
-1845.561636 2241.531801
-1848.784509 2250.307555
-1852.001432 2259.083809
-1855.212405 2267.860563
-1858.417428 2276.637817
-1861.616501 2285.415572
-1864.809624 2294.193826
-1867.996796 2302.972580
-1871.178019 2311.751834
-1874.353292 2320.531588
-1877.522615 2329.311842
-1880.685988 2338.092596
-1883.843412 2346.873850
-1886.994885 2355.655604
-1890.140408 2364.437858
-1893.279981 2373.220612
-1896.413604 2382.003866
-1899.541277 2390.787620
-1902.663000 2399.571874
-1905.778773 2408.356628
-1908.888596 2417.141882
-1911.992469 2425.927636
-1915.090392 2434.713890
-1918.182365 2443.500644
-1921.268388 2452.287898
-1924.362861 2461.090877
-1927.460984 2469.904506
-1930.562757 2478.728785
-1933.668180 2487.563714
-1936.777253 2496.409293
-1939.889976 2505.265522
-1943.006349 2514.132401
-1946.126372 2523.009930
-1949.250045 2531.898109
-1952.377368 2540.796938
-1955.508341 2549.706416
-1958.642963 2558.626545
-1961.781236 2567.557324
-1964.923159 2576.498753
-1968.068732 2585.450832
-1971.217955 2594.413560
-1974.370828 2603.386939
-1977.527350 2612.370968
-1980.687523 2621.365646
-1983.851346 2630.370975
-1987.018819 2639.386953
-1990.189942 2648.413582
-1993.364714 2657.450861
-1996.543137 2666.498789
-1999.725210 2675.557368
-2002.910933 2684.626596
-2006.100305 2693.706475
-2009.293328 2702.797003
-2012.490001 2711.898182
-2015.690323 2721.010010
-2018.894296 2730.132488
-2022.101919 2739.265617
-2025.313191 2748.409395
-2028.528114 2757.563823
-2031.746686 2766.728902
-2034.968909 2775.904630
-2038.194782 2785.091008
-2041.424304 2794.288037
-2044.657477 2803.495715
-2047.894299 2812.714043
-2051.114634 2821.921121
-2054.325194 2831.124249
-2057.525979 2840.323428
-2060.716990 2849.518656
-2063.898225 2858.709934
-2067.069685 2867.897263
-2070.231370 2877.080641
-2073.383280 2886.260069
-2076.525416 2895.435548
-2079.657776 2904.607076
-2082.780361 2913.774654
-2085.893172 2922.938283
-2088.996207 2932.097961
-2092.089467 2941.253690
-2095.172953 2950.405468
-2098.246663 2959.553297
-2101.310599 2968.697175
-2104.364759 2977.837104
-2107.409145 2986.973082
-2110.443755 2996.105111
-2113.468591 3005.233189
-2116.483652 3014.357318
-2119.488937 3023.477496
-2122.484448 3032.593725
-2125.470183 3041.706004
-2128.446144 3050.814332
-2131.412330 3059.918711
-2134.368741 3069.019139
-2137.315376 3078.115618
-2140.252237 3087.208147
-2143.179323 3096.296725
-2146.096634 3105.381354
-2149.004170 3114.462033
-2151.901931 3123.538762
-2154.789916 3132.611540
-2157.668127 3141.680369
-2160.536563 3150.745248
-2163.395224 3159.806177
-2166.244110 3168.863156
-2169.083221 3177.916184
-2171.919195 3186.929976
-2174.749819 3195.916292
-2177.575092 3204.875133
-2180.395016 3213.806500
-2183.209590 3222.710391
-2186.018813 3231.586807
-2188.822687 3240.435748
-2191.621211 3249.257215
-2194.414385 3258.051206
-2197.202209 3266.817722
-2199.984683 3275.556763
-2202.761807 3284.268330
-2205.533581 3292.952421
-2208.300005 3301.609037
-2211.061079 3310.238178
-2213.816803 3318.839845
-2216.567177 3327.414036
-2219.312201 3335.960752
-2222.051876 3344.479993
-2224.786200 3352.971759
-2227.515174 3361.436050
-2230.238798 3369.872867
-2232.957073 3378.282208
-2235.669997 3386.664074
-2238.377572 3395.018465
-2241.079796 3403.345381
-2243.776671 3411.644822
-2246.468195 3419.916788
-2249.154370 3428.161280
-2251.835194 3436.378296
-2254.510669 3444.567837
-2257.180794 3452.729903
-2259.845568 3460.864494
-2262.504993 3468.971610
-2265.159068 3477.051251
-2267.807793 3485.103417
-2270.451168 3493.128108
-2273.089193 3501.125324
-2275.721868 3509.095065
-2278.349193 3517.037331
-2280.984668 3525.000198
-2283.623792 3532.967639
-2286.266567 3540.939655
-2288.912992 3548.916246
-2291.563067 3556.897412
-2294.216792 3564.883153
-2296.874167 3572.873469
-2299.535192 3580.868360
-2302.199867 3588.867826
-2304.868191 3596.871867
-2307.540166 3604.880483
-2310.215791 3612.893674
-2312.895066 3620.911440
-2315.577991 3628.933781
-2318.264565 3636.960697
-2320.954790 3644.992188
-2323.648665 3653.028254
-2326.346190 3661.068895
-2329.047364 3669.114111
-2331.752189 3677.163902
-2334.460664 3685.218268
-2337.172788 3693.277209
-2339.888563 3701.340725
-2342.607988 3709.408816
-2345.331062 3717.481482
-2348.057787 3725.558723
-2350.788162 3733.640539
-2353.522186 3741.726930
-2356.259861 3749.817896
-2359.001185 3757.913437
-2361.746160 3766.013554
-2364.494785 3774.118245
-2367.247059 3782.227511
-2370.002984 3790.341352
-2372.762558 3798.459768
-2375.525783 3806.582759
-2378.292657 3814.710325
-2381.063182 3822.842466
-2383.837356 3830.979182
-2386.615181 3839.120473
-2389.372017 3847.260489
-2392.116079 3855.401180
-2394.847366 3863.542546
-2397.565878 3871.684587
-2400.271615 3879.827303
-2402.964578 3887.970695
-2405.644765 3896.114761
-2408.312177 3904.259502
-2410.966814 3912.404919
-2413.608676 3920.551010
-2416.237763 3928.697777
-2418.854075 3936.845218
-2421.457612 3944.993335
-2424.048374 3953.142126
-2426.626361 3961.291593
-2429.191573 3969.441734
-2431.744011 3977.592551
-2434.283673 3985.744043
-2436.810560 3993.896209
-2439.324672 4002.049051
-2441.826009 4010.202568
-2444.314571 4018.356760
-2446.790359 4026.511627
-2449.253371 4034.667169
-2451.703608 4042.823386
-2454.141070 4050.980278
-2456.565758 4059.137845
-2458.977670 4067.296087
-2461.376807 4075.455004
-2463.763169 4083.614596
-2466.136757 4091.774863
-2468.497569 4099.935806
-2470.845606 4108.097423
-2473.180869 4116.259715
-2475.503356 4124.422682
-2477.813068 4132.586325
-2480.110006 4140.750642
-2482.394168 4148.915635
-2484.665556 4157.081302
-2486.924168 4165.247645
-2489.186393 4173.417775
-2491.446768 4181.590655
-2493.705293 4189.766285
-2495.961968 4197.944665
-2498.216792 4206.125795
-2500.469767 4214.309675
-2502.720892 4222.496304
-2504.970167 4230.685684
-2507.217592 4238.877814
-2509.463167 4247.072694
-2511.706892 4255.270324
-2513.948767 4263.470704
-2516.188792 4271.673834
-2518.426966 4279.879714
-2520.663291 4288.088343
-2522.897766 4296.299723
-2525.130391 4304.513853
-2527.361166 4312.730733
-2529.590091 4320.950362
-2531.817166 4329.172742
-2534.042390 4337.397872
-2536.265765 4345.625752
-2538.487290 4353.856381
-2540.706965 4362.089761
-2542.924790 4370.325891
-2545.140765 4378.564770
-2547.354890 4386.806400
-2549.567164 4395.050780
-2551.777589 4403.297909
-2553.986164 4411.547789
-2556.192889 4419.800419
-2558.397764 4428.055798
-2560.600789 4436.313928
-2562.801964 4444.574807
-2565.001288 4452.838437
-2567.198763 4461.104816
-2569.394388 4469.373946
-2571.588163 4477.645825
-2573.780088 4485.920455
-2575.970163 4494.197834
-2578.133900 4502.495439
-2580.279462 4510.807443
-2582.406850 4519.133848
-2584.516062 4527.474652
-2586.607099 4535.829857
-2588.679961 4544.199461
-2590.734649 4552.583466
-2592.771161 4560.981870
-2594.789498 4569.394675
-2596.789660 4577.821879
-2598.771647 4586.263484
-2600.735460 4594.719488
-2602.681097 4603.189893
-2604.608559 4611.674698
-2606.517846 4620.173902
-2608.408958 4628.687507
-2610.281895 4637.215511
-2612.136657 4645.757916
-2613.973244 4654.314720
-2615.791656 4662.885925
-2617.591893 4671.471529
-2619.373955 4680.071534
-2621.137842 4688.685938
-2622.883554 4697.314743
-2624.611091 4705.957947
-2626.320453 4714.615552
-2628.011640 4723.287556
-2629.684652 4731.973961
-2631.339489 4740.674765
-2632.976151 4749.389970
-2634.594638 4758.119575
-2636.194950 4766.863579
-2637.777087 4775.621984
-2639.341049 4784.394788
-2640.886836 4793.181993
-2642.414448 4801.983597
-2643.923884 4810.799602
-2645.415146 4819.630006
-2646.888233 4828.474811
-2648.343145 4837.334016
-2649.793907 4846.208070
-2651.235843 4855.096825
-2652.668955 4864.000279
-2654.093242 4872.918434
-2655.508704 4881.851289
-2656.915341 4890.798844
-2658.313153 4899.761098
-2659.702140 4908.738053
-2661.082302 4917.729708
-2662.453638 4926.736063
-2663.816150 4935.757118
-2665.169837 4944.792873
-2666.514699 4953.843328
-2667.850736 4962.908483
-2669.177948 4971.988338
-2670.496335 4981.082893
-2671.805897 4990.192148
-2673.106634 4999.316103
-2674.398546 5008.454758
-2675.681633 5017.608113
-2676.955895 5026.776168
-2678.221332 5035.958923
-2679.477944 5045.156379
-2680.725731 5054.368534
-2681.964693 5063.595389
-2683.194831 5072.836945
-2684.416143 5082.093200
-2685.628630 5091.364155
-2686.832292 5100.649811
-2688.027129 5109.950166
-2689.213141 5119.265222
-2690.390328 5128.594977
-2691.558690 5137.939433
-2692.718228 5147.298588
-2693.868940 5156.672444
-2695.010827 5166.060999
-2696.143889 5175.464255
-2697.268126 5184.882211
-2698.383539 5194.314866
-2699.490126 5203.762222
-2700.608551 5213.226190
-2701.731925 5222.706134
-2702.860250 5232.202052
-2703.993525 5241.713945
-2705.131750 5251.241814
-2706.274924 5260.785657
-2707.423049 5270.345475
-2708.576124 5279.921269
-2709.734149 5289.513037
-2710.897123 5299.120780
-2712.065048 5308.744499
-2713.237923 5318.384192
-2714.415748 5328.039860
-2715.598522 5337.711504
-2716.786247 5347.399122
-2717.978922 5357.102716
-2719.176547 5366.822284
-2720.379121 5376.557828
-2721.586646 5386.309346
-2722.799121 5396.076840
-2724.016546 5405.860308
-2725.238921 5415.659752
-2726.466245 5425.475170
-2727.698520 5435.306564
-2728.935745 5445.153932
-2730.177920 5455.017276
-2731.425044 5464.896594
-2732.677119 5474.791888
-2733.934144 5484.703157
-2735.196119 5494.630400
-2736.463044 5504.573619
-2737.734918 5514.532813
-2739.011743 5524.507981
-2740.293518 5534.499125
-2741.580243 5544.506244
-2742.871918 5554.529337
-2744.168542 5564.568406
-2745.470117 5574.623450
-2746.776642 5584.694468
-2748.088117 5594.781462
-2749.396217 5604.876744
-2750.703717 5614.982875
-2752.010616 5625.099856
-2753.316916 5635.227687
-2754.622616 5645.366368
-2755.927716 5655.515900
-2757.232216 5665.676281
-2758.536116 5675.847512
-2759.839416 5686.029593
-2761.142116 5696.222525
-2762.444217 5706.426306
-2763.745717 5716.640937
-2765.046617 5726.866418
-2766.346917 5737.102750
-2767.646617 5747.349931
-2768.945718 5757.607962
-2770.244218 5767.876843
-2771.542118 5778.156574
-2772.839419 5788.447156
-2774.136119 5798.748587
-2775.432219 5809.060868
-2776.727720 5819.383999
-2778.022620 5829.717980
-2779.316921 5840.062812
-2780.610621 5850.418493
-2781.903722 5860.785024
-2783.196222 5871.162405
-2784.488123 5881.550636
-2785.779423 5891.949717
-2787.070124 5902.359649
-2788.360225 5912.780430
-2789.649725 5923.212061
-2790.938626 5933.654542
-2792.226927 5944.107873
-2793.514628 5954.572054
-2794.801728 5965.047086
-2796.088229 5975.532967
-2797.374130 5986.029698
-2798.659431 5996.537279
-2799.944132 6007.055710
-2801.241545 6017.570254
-2802.547234 6028.085823
-2803.861197 6038.602416
-2805.183435 6049.120035
-2806.513949 6059.638678
-2807.852737 6070.158347
-2809.199801 6080.679041
-2810.555139 6091.200759
-2811.918752 6101.723503
-2813.290641 6112.247271
-2814.670804 6122.772065
-2816.059243 6133.297883
-2817.455956 6143.824727
-2818.860945 6154.352595
-2820.274208 6164.881489
-2821.695746 6175.411407
-2823.125560 6185.942351
-2824.563648 6196.474319
-2826.010012 6207.007313
-2827.464650 6217.541331
-2828.927564 6228.076375
-2830.398752 6238.612443
-2831.878215 6249.149537
-2833.365954 6259.687655
-2834.861967 6270.226799
-2836.366256 6280.766967
-2837.878819 6291.308160
-2839.399658 6301.850379
-2840.928771 6312.393622
-2842.466160 6322.937891
-2844.011823 6333.483184
-2845.565762 6344.029502
-2847.127975 6354.576846
-2848.698463 6365.125214
-2850.277227 6375.674607
-2851.864265 6386.225026
-2853.459579 6396.776469
-2855.063167 6407.328937
-2856.675031 6417.882431
-2858.295169 6428.436949
-2859.935283 6438.969917
-2861.591471 6449.488861
-2863.263735 6459.993779
-2864.952073 6470.484672
-2866.656487 6480.961541
-2868.376976 6491.424384
-2870.113539 6501.873203
-2871.866178 6512.307996
-2873.634891 6522.728765
-2875.419680 6533.135509
-2877.220544 6543.528227
-2879.037482 6553.906921
-2880.870496 6564.271590
-2882.719585 6574.622233
-2884.584748 6584.958852
-2886.465987 6595.281446
-2888.363301 6605.590014
-2890.276690 6615.884558
-2892.206153 6626.165077
-2894.151692 6636.431571
-2896.113306 6646.684040
-2898.090995 6656.922484
-2900.084759 6667.146903
-2902.094598 6677.357297
-2904.120511 6687.553666
-2906.162500 6697.736010
-2908.220564 6707.904329
-2910.294703 6718.058623
-2912.384917 6728.198892
-2914.491206 6738.325136
-2916.613570 6748.437355
-2918.752009 6758.535549
-2920.906523 6768.619719
-2923.077112 6778.689863
-2925.263776 6788.745982
-2927.466515 6798.788076
-2929.685329 6808.816146
-2931.920218 6818.830190
-2934.171182 6828.830209
-2936.438221 6838.816204
-2938.711510 6848.818136
-2940.994324 6858.826018
-2943.286664 6868.839850
-2945.588528 6878.859632
-2947.899917 6888.885364
-2950.220831 6898.917046
-2952.551271 6908.954678
-2954.891235 6918.998260
-2957.240724 6929.047792
-2959.599739 6939.103274
-2961.968278 6949.164706
-2964.346343 6959.232088
-2966.733932 6969.305420
-2969.131047 6979.384702
-2971.537686 6989.469934
-2973.953851 6999.561117
-2976.379541 7009.658249
-2978.814755 7019.761331
-2981.259495 7029.870363
-2983.713760 7039.985346
-2986.177549 7050.106278
-2988.650864 7060.233160
-2991.133704 7070.365993
-2993.626069 7080.504775
-2996.127959 7090.649507
-2998.639374 7100.800190
-3001.160314 7110.956822
-3003.690778 7121.119404
-3006.230768 7131.287937
-3008.780283 7141.462419
-3011.339324 7151.642852
-3013.907889 7161.829234
-3016.485979 7172.021567
-3019.073594 7182.219849
-3021.670734 7192.424082
-3024.277399 7202.634264
-3026.893590 7212.850397
-3029.519305 7223.072480
-3032.154545 7233.300512
-3034.799310 7243.534495
-3037.419663 7253.771053
-3040.026916 7264.011310
-3042.621069 7274.255268
-3045.202122 7284.502926
-3047.770074 7294.754283
-3050.324927 7305.009341
-3052.866680 7315.268099
-3055.395333 7325.530557
-3057.910885 7335.796715
-3060.413338 7346.066572
-3062.902691 7356.340130
-3065.378944 7366.617388
-3067.842096 7376.898346
-3070.292149 7387.183004
-3072.729102 7397.471362
-3075.152955 7407.763420
-3077.563707 7418.059178
-3079.961360 7428.358636
-3082.345913 7438.661794
-3084.717366 7448.968652
-3087.075718 7459.279210
-3089.420971 7469.593468
-3091.753124 7479.911426
-3094.072176 7490.233084
-3096.378129 7500.558442
-3098.670982 7510.887500
-3100.950734 7521.220258
-3103.217387 7531.556716
-3105.470940 7541.896874
-3107.711392 7552.240733
-3109.938745 7562.588291
-3112.152997 7572.939549
-3114.354150 7583.294507
-3116.542203 7593.653166
-3118.717155 7604.015524
-3120.879008 7614.381582
-3123.027761 7624.751340
-3125.163413 7635.124799
-3127.285966 7645.501957
-3129.395418 7655.882815
-3131.483371 7666.262911
-3133.552624 7676.643732
-3135.603176 7687.025278
-3137.635029 7697.407549
-3139.648182 7707.790544
-3141.642634 7718.174265
-3143.618387 7728.558711
-3145.575440 7738.943881
-3147.513792 7749.329777
-3149.433445 7759.716398
-3151.334398 7770.103743
-3153.216651 7780.491814
-3155.080203 7790.880609
-3156.925056 7801.270130
-3158.751209 7811.660376
-3160.558662 7822.051346
-3162.347415 7832.443041
-3164.117468 7842.835462
-3165.868821 7853.228607
-3167.601473 7863.622478
-3169.315426 7874.017073
-3171.010679 7884.412394
-3172.687232 7894.808439
-3174.345085 7905.205209
-3175.984238 7915.602705
-3177.604691 7926.000925
-3179.206444 7936.399870
-3180.789497 7946.799540
-3182.353850 7957.199936
-3183.899503 7967.601056
-3185.426456 7978.002901
-3186.934709 7988.405471
-3188.424262 7998.808766
-3189.895116 8009.212786
-3191.347269 8019.617532
-3192.780722 8030.023002
-3194.195475 8040.429197
-3195.591528 8050.836117
-3196.968881 8061.243762
-3198.327534 8071.652132
-3199.689388 8082.091489
-3201.047141 8092.551747
-3202.400794 8103.032904
-3203.750347 8113.534962
-3205.095800 8124.057920
-3206.437154 8134.601777
-3207.774407 8145.166535
-3209.107560 8155.752193
-3210.436613 8166.358751
-3211.761566 8176.986209
-3213.082419 8187.634567
-3214.399173 8198.303825
-3215.711826 8208.993982
-3217.020379 8219.705040
-3218.324832 8230.436998
-3219.625185 8241.189857
-3220.921438 8251.963615
-3222.213591 8262.758273
-3223.501645 8273.573831
-3224.785598 8284.410289
-3226.065451 8295.267647
-3227.341204 8306.145906
-3228.612857 8317.045064
-3229.880410 8327.965122
-3231.143863 8338.906081
-3232.403217 8349.867939
-3233.658470 8360.850697
-3234.909623 8371.854356
-3236.156676 8382.878914
-3237.399629 8393.924373
-3238.638482 8404.990731
-3239.873235 8416.077990
-3241.103888 8427.186149
-3242.330442 8438.315207
-3243.552895 8449.465166
-3244.771248 8460.636025
-3245.985501 8471.827783
-3247.195654 8483.040442
-3248.401707 8494.274001
-3249.603660 8505.528460
-3250.807476 8516.775506
-3252.011166 8528.024578
-3253.214732 8539.275674
-3254.418173 8550.528796
-3255.621488 8561.783942
-3256.824679 8573.041114
-3258.027745 8584.300310
-3259.230686 8595.561532
-3260.433501 8606.824778
-3261.636192 8618.090050
-3262.838758 8629.357347
-3264.041199 8640.626668
-3265.243514 8651.898015
-3266.445705 8663.171387
-3267.647771 8674.446784
-3268.849712 8685.724206
-3270.051528 8697.003653
-3271.253219 8708.285124
-3272.454785 8719.568621
-3273.656226 8730.854143
-3274.857542 8742.141690
-3276.058733 8753.431262
-3277.259799 8764.722859
-3278.460740 8776.016482
-3279.661556 8787.312129
-3280.862247 8798.609801
-3282.062813 8809.909498
-3283.263254 8821.211220
-3284.463570 8832.514967
-3285.663761 8843.820740
-3286.863827 8855.128537
-3288.063768 8866.438359
-3289.263584 8877.750207
-3290.463275 8889.064079
-3291.662842 8900.379976
-3292.862283 8911.697899
-3294.061599 8923.017846
-3295.260790 8934.339819
-3296.459857 8945.663817
-3297.658798 8956.989839
-3298.861852 8968.290287
-3300.067605 8979.574359
-3301.276059 8990.842057
-3302.487213 9002.093380
-3303.701066 9013.328327
-3304.917620 9024.546900
-3306.136874 9035.749098
-3307.358827 9046.934920
-3308.583481 9058.104368
-3309.810835 9069.257441
-3311.040888 9080.394138
-3312.273642 9091.514461
-3313.509095 9102.618409
-3314.747249 9113.705982
-3315.988102 9124.777180
-3317.231656 9135.832003
-3318.477909 9146.870450
-3319.726863 9157.892523
-3320.978516 9168.898221
-3322.232870 9179.887544
-3323.489923 9190.860492
-3324.749677 9201.817065
-3326.012130 9212.757263
-3327.277284 9223.681086
-3328.545137 9234.588534
-3329.815690 9245.479607
-3331.088944 9256.354305
-3332.364897 9267.212628
-3333.643550 9278.054576
-3334.924904 9288.880149
-3336.208957 9299.689347
-3337.495710 9310.482170
-3338.785164 9321.258618
-3340.077317 9332.018692
-3341.372170 9342.762390
-3342.669724 9353.489713
-3343.969977 9364.200661
-3345.272930 9374.895234
-3346.578583 9385.573433
-3347.886936 9396.235256
-3349.213777 9406.882392
-3350.553843 9417.514277
-3351.907133 9428.130913
-3353.273649 9438.732299
-3354.653390 9449.318434
-3356.046355 9459.889320
-3357.452546 9470.444956
-3358.871962 9480.985341
-3360.304603 9491.510477
-3361.750468 9502.020363
-3363.209559 9512.514998
-3364.681874 9522.994384
-3366.167415 9533.458519
-3367.666181 9543.907405
-3369.178171 9554.341041
-3370.703387 9564.759426
-3372.241828 9575.162562
-3373.793493 9585.550447
-3375.358384 9595.923083
-3376.936500 9606.280468
-3378.527840 9616.622604
-3380.132406 9626.949489
-3381.750196 9637.261125
-3383.381212 9647.557510
-3385.025453 9657.838645
-3386.682918 9668.104531
-3388.353609 9678.355166
-3390.037525 9688.590552
-3391.734665 9698.810687
-3393.445031 9709.015572
-3395.168621 9719.205208
-3396.905437 9729.379593
-3398.655478 9739.538728
-3400.418743 9749.682614
-3402.195234 9759.811249
-3403.984949 9769.924634
-3405.787890 9780.022770
-3407.604055 9790.105655
-3409.433446 9800.173290
-3411.276062 9810.225675
-3413.128115 9820.239561
-3414.990868 9830.222696
-3416.864321 9840.175081
-3418.748474 9850.096717
-3420.643327 9859.987602
-3422.548880 9869.847737
-3424.465134 9879.677122
-3426.392087 9889.475758
-3428.329740 9899.243643
-3430.278093 9908.980778
-3432.237146 9918.687164
-3434.206900 9928.362799
-3436.187353 9938.007685
-3438.178506 9947.621820
-3440.180360 9957.205205
-3442.192913 9966.757841
-3444.216166 9976.279726
-3446.250120 9985.770862
-3448.294773 9995.231247
-3450.350127 10004.660882
-3452.416180 10014.059768
-3454.492934 10023.427903
-3456.580387 10032.765289
-3458.678540 10042.071924
-3460.787394 10051.347810
-3462.906947 10060.592945
-3465.037201 10069.807331
-3467.178155 10078.990966
-3469.329808 10088.143852
-3471.492162 10097.265987
-3473.665215 10106.357373
-3475.848969 10115.418008
-3478.043423 10124.447894
-3480.248576 10133.447029
-3482.464430 10142.415415
-3484.690984 10151.353050
-3486.928237 10160.259936
-3489.176191 10169.136072
-3491.434845 10177.981457
-3493.704199 10186.796093
-3496.008027 10195.613391
-3498.338406 10204.422214
-3500.695335 10213.222562
-3503.078814 10222.014435
-3505.488842 10230.797833
-3507.925421 10239.572756
-3510.388550 10248.339204
-3512.878228 10257.097178
-3515.394457 10265.846676
-3517.937236 10274.587699
-3520.506565 10283.320247
-3523.102443 10292.044320
-3525.724872 10300.759918
-3528.373851 10309.467041
-3531.049379 10318.165689
-3533.751458 10326.855862
-3536.480087 10335.537561
-3539.235265 10344.210784
-3542.016994 10352.875532
-3544.825273 10361.531805
-3547.660101 10370.179603
-3550.521480 10378.818926
-3553.409408 10387.449774
-3556.323887 10396.072147
-3559.264916 10404.686046
-3562.232494 10413.291469
-3565.226623 10421.888417
-3568.247302 10430.476890
-3571.294530 10439.056888
-3574.368309 10447.628411
-3577.468637 10456.191460
-3580.595516 10464.746033
-3583.748945 10473.292131
-3586.928923 10481.829754
-3590.135452 10490.358902
-3593.368530 10498.879575
-3596.628159 10507.391773
-3599.914337 10515.895497
-3603.227066 10524.390745
-3606.566344 10532.877518
-3609.934686 10541.322179
-3613.331252 10549.735939
-3616.756042 10558.118800
-3620.209058 10566.470761
-3623.690299 10574.791822
-3627.199765 10583.081982
-3630.737456 10591.341243
-3634.303372 10599.569604
-3637.897513 10607.767065
-3641.519879 10615.933626
-3645.170469 10624.069287
-3648.849285 10632.174048
-3652.556326 10640.247909
-3656.291591 10648.290870
-3660.055082 10656.302931
-3663.846798 10664.284092
-3667.666738 10672.234353
-3671.514904 10680.153714
-3675.391294 10688.042175
-3679.295910 10695.899736
-3683.228751 10703.726397
-3687.189816 10711.522158
-3691.179106 10719.287019
-3695.196622 10727.020980
-3699.242362 10734.724042
-3703.316328 10742.396203
-3707.418518 10750.037464
-3711.548933 10757.647825
-3715.707574 10765.227287
-3719.894439 10772.775848
-3724.109529 10780.293509
-3728.352844 10787.780271
-3732.624385 10795.236132
-3736.924150 10802.661093
-3741.252140 10810.055155
-3745.608355 10817.418316
-3749.992795 10824.750578
-3754.405460 10832.051939
-3758.846350 10839.322401
-3763.315465 10846.561962
-3767.799793 10853.780974
-3772.303670 10860.975985
-3776.827098 10868.146996
-3781.370075 10875.294008
-3785.932603 10882.417019
-3790.514680 10889.516031
-3795.116307 10896.591042
-3799.737485 10903.642054
-3804.378212 10910.669065
-3809.038489 10917.672076
-3813.718317 10924.651088
-3818.417694 10931.606099
-3823.136621 10938.537110
-3827.875098 10945.444122
-3832.633125 10952.327133
-3837.410702 10959.186144
-3842.207829 10966.021156
-3847.024506 10972.832167
-3851.860734 10979.619178
-3856.716511 10986.382190
-3861.591837 10993.121201
-3866.486714 10999.836212
-3871.401141 11006.527223
-3876.335118 11013.194234
-3881.288645 11019.837246
-3886.261722 11026.456257
-3891.254349 11033.051268
-3896.266526 11039.622279
-3901.298252 11046.169290
-3906.349529 11052.692302
-3911.420356 11059.191313
-3916.510732 11065.666324
-3921.620659 11072.117335
-3926.750136 11078.544346
-3931.899162 11084.947357
-3937.067739 11091.326368
-3942.255865 11097.681379
-3947.463542 11104.012390
-3952.690768 11110.319401
-3957.937545 11116.602412
-3963.201546 11122.877698
-3968.483548 11129.139835
-3973.783549 11135.388821
-3979.101551 11141.624657
-3984.437552 11147.847343
-3989.791554 11154.056879
-3995.163555 11160.253265
-4000.553556 11166.436501
-4005.961558 11172.606587
-4011.387559 11178.763523
-4016.831561 11184.907308
-4022.293562 11191.037944
-4027.773563 11197.155430
-4033.271565 11203.259766
-4038.787566 11209.350952
-4044.321567 11215.428988
-4049.873569 11221.493874
-4055.443570 11227.545610
-4061.031571 11233.584196
-4066.637573 11239.609632
-4072.261574 11245.621918
-4077.903575 11251.621054
-4083.563577 11257.607040
-4089.241578 11263.579875
-4094.937579 11269.539561
-4100.651580 11275.486097
-4106.383582 11281.419483
-4112.133583 11287.339719
-4117.901584 11293.246805
-4123.687585 11299.140741
-4129.491587 11305.021526
-4135.313588 11310.889162
-4141.153589 11316.743648
-4147.011590 11322.584984
-4152.887591 11328.413170
-4158.781592 11334.228206
-4164.693594 11340.030091
-4170.623595 11345.818827
-4176.571596 11351.594413
-4182.537597 11357.356849
-4188.516348 11363.112247
-4194.509599 11368.858570
-4200.517351 11374.595819
-4206.539602 11380.323992
-4212.576353 11386.043091
-4218.627604 11391.753114
-4224.693355 11397.454063
-4230.773606 11403.145936
-4236.868357 11408.828735
-4242.977609 11414.502458
-4249.101360 11420.167107
-4255.239611 11425.822681
-4261.392362 11431.469179
-4267.559613 11437.106603
-4273.741364 11442.734952
-4279.937615 11448.354225
-4286.148367 11453.964424
-4292.373618 11459.565548
-4298.613369 11465.157597
-4304.867620 11470.740571
-4311.136371 11476.314470
-4317.419622 11481.879294
-4323.717373 11487.435043
-4330.029625 11492.981717
-4336.356376 11498.519316
-4342.697627 11504.047840
-4349.053378 11509.567289
-4355.423629 11515.077663
-4361.808380 11520.578962
-4368.207631 11526.071186
-4374.621383 11531.554335
-4381.049634 11537.028409
-4387.492385 11542.493409
-4393.949636 11547.949333
-4400.421387 11553.396182
-4406.907638 11558.833957
-4413.408389 11564.262656
-4419.923640 11569.682280
-4426.453392 11575.092830
-4432.997643 11580.494304
-4439.551594 11585.879729
-4446.116845 11591.251428
-4452.693396 11596.609403
-4459.281248 11601.953652
-4465.880399 11607.284176
-4472.490850 11612.600976
-4479.112602 11617.904050
-4485.745653 11623.193400
-4492.390004 11628.469024
-4499.045656 11633.730923
-4505.712607 11638.979098
-4512.390859 11644.213547
-4519.080410 11649.434272
-4525.781262 11654.641271
-4532.493413 11659.834545
-4539.216865 11665.014095
-4545.951616 11670.179919
-4552.697668 11675.332018
-4559.455020 11680.470393
-4566.223671 11685.595042
-4573.003623 11690.705966
-4579.794875 11695.803166
-4586.597427 11700.886640
-4593.411278 11705.956389
-4600.236430 11711.012414
-4607.072882 11716.054713
-4613.920634 11721.083287
-4620.779686 11726.098136
-4627.650038 11731.099261
-4634.531690 11736.086660
-4641.424642 11741.060334
-4648.328894 11746.020284
-4655.244446 11750.966508
-4662.171298 11755.899007
-4669.109450 11760.817781
-4676.058902 11765.722831
-4683.019654 11770.614155
-4689.991707 11775.491754
-4696.975059 11780.355628
-4703.969711 11785.205778
-4710.879176 11790.049552
-4717.735616 11794.884501
-4724.539030 11799.710625
-4731.289420 11804.527924
-4737.986785 11809.336398
-4744.631125 11814.136048
-4751.222440 11818.926872
-4757.760730 11823.708871
-4764.245995 11828.482045
-4770.678234 11833.246394
-4777.057449 11838.001918
-4783.383639 11842.748617
-4789.656804 11847.486491
-4795.876944 11852.215540
-4802.044059 11856.935764
-4808.158149 11861.647163
-4814.219214 11866.349737
-4820.227255 11871.043485
-4826.182270 11875.728409
-4832.084260 11880.404508
-4837.933225 11885.071782
-4843.729165 11889.730231
-4849.472080 11894.379855
-4855.161970 11899.020653
-4860.798836 11903.652627
-4866.382676 11908.275776
-4871.913491 11912.890100
-4877.391281 11917.495598
-4882.816047 11922.092272
-4888.187787 11926.680121
-4893.506502 11931.259144
-4898.772193 11935.829343
-4903.984858 11940.390716
-4909.144498 11944.943265
-4914.251114 11949.486989
-4919.304704 11954.021887
-4924.305270 11958.547961
-4929.252810 11963.065209
-4934.147326 11967.573633
-4938.988816 11972.073231
-4943.743306 11976.543605
-4948.422122 11980.991553
-4953.025262 11985.417076
-4957.552728 11989.820175
-4962.004518 11994.200848
-4966.380634 11998.559097
-4970.681074 12002.894920
-4974.905839 12007.208319
-4979.054930 12011.499293
-4983.128345 12015.767841
-4987.126086 12020.013965
-4991.048151 12024.237663
-4994.894541 12028.438937
-4998.665257 12032.617785
-5002.360297 12036.774209
-5005.979662 12040.908207
-5009.523352 12045.019781
-5012.991368 12049.108929
-5016.383708 12053.175653
-5019.700373 12057.219951
-5022.941364 12061.241825
-5026.106679 12065.241274
-5029.196319 12069.218297
-5032.210284 12073.172896
-5035.148574 12077.105069
-5038.011190 12081.014818
-5040.798130 12084.902141
-5043.509395 12088.767040
-5046.144985 12092.609514
-5048.704900 12096.429562
-5051.189140 12100.227186
-5053.597706 12104.002384
-5055.930596 12107.755158
-5058.187811 12111.485507
-5060.369351 12115.193430
-5062.475216 12118.878929
-5064.505406 12122.542003
-5066.459921 12126.182651
-5068.338761 12129.800875
-5070.141926 12133.396674
-5071.865929 12136.995735
-5073.511931 12140.589496
-5075.079934 12144.177957
-5076.569936 12147.761118
-5077.981939 12151.338979
-5079.315941 12154.911541
-5080.571944 12158.478802
-5081.749946 12162.040763
-5082.849949 12165.597424
-5083.871951 12169.148785
-5084.815954 12172.694847
-5085.681956 12176.235608
-5086.469959 12179.771069
-5087.179961 12183.301230
-5087.811963 12186.826092
-5088.365966 12190.345653
-5088.841968 12193.859914
-5089.239971 12197.368875
-5089.559973 12200.872537
-5089.801975 12204.370898
-5089.965978 12207.863959
-5090.051980 12211.351720
-5090.059982 12214.834182
-5089.989985 12218.311343
-5089.841987 12221.783204
-5089.615989 12225.249766
-5089.311992 12228.711027
-5088.929994 12232.166988
-5088.469996 12235.617650
-5087.931999 12239.063011
-5087.316001 12242.503072
-5086.622003 12245.937834
-5085.850005 12249.367295
-5085.000008 12252.791457
-5084.072010 12256.210318
-5083.066012 12259.623879
-5081.982014 12263.032141
-5080.820016 12266.435102
-5079.580019 12269.832764
-5078.262021 12273.225125
-5076.912373 12276.579374
-5075.515625 12279.906448
-5074.071777 12283.206347
-5072.580830 12286.479071
-5071.042782 12289.724620
-5069.457634 12292.942993
-5067.825386 12296.134192
-5066.146038 12299.298216
-5064.419591 12302.435065
-5062.646043 12305.544739
-5060.825395 12308.627238
-5058.957647 12311.682561
-5057.042799 12314.710710
-5055.080851 12317.711684
-5053.071804 12320.685483
-5051.015656 12323.632107
-5048.912408 12326.551555
-5046.762060 12329.443829
-5044.564612 12332.308928
-5042.320065 12335.146852
-5040.028417 12337.957600
-5037.689669 12340.741174
-5035.303821 12343.497573
-5032.870873 12346.226796
-5030.390826 12348.928845
-5027.863678 12351.603719
-5025.289430 12354.251417
-5022.668082 12356.871941
-5019.999634 12359.465290
-5017.284086 12362.031463
-5014.521439 12364.570462
-5011.711691 12367.082286
-5008.854843 12369.566934
-5005.950895 12372.024408
-5002.999847 12374.454706
-5000.001700 12376.857830
-4996.956452 12379.233779
-4993.864104 12381.582552
-4990.724656 12383.904151
-4987.538108 12386.198574
-4984.335098 12388.461473
-4981.105413 12390.694296
-4977.849052 12392.897045
-4974.566017 12395.069718
-4971.256307 12397.212317
-4967.919921 12399.324840
-4964.556861 12401.407289
-4961.167126 12403.459662
-4957.750716 12405.481961
-4954.307630 12407.474184
-4950.837870 12409.436332
-4947.341435 12411.368406
-4943.818324 12413.270404
-4940.268539 12415.142328
-4936.692079 12416.984176
-4933.088943 12418.795949
-4929.459133 12420.577648
-4925.802648 12422.329271
-4922.119487 12424.050819
-4918.409652 12425.742292
-4914.673142 12427.403691
-4910.909956 12429.035014
-4907.120096 12430.636262
-4903.303561 12432.207435
-4899.460350 12433.748534
-4895.590465 12435.259557
-4891.693905 12436.740505
-4887.770669 12438.191378
-4883.820759 12439.612176
-4879.844174 12441.002899
-4875.840913 12442.363548
-4871.810978 12443.694121
-4867.754368 12444.994619
-4863.671082 12446.265042
-4859.561122 12447.505390
-4855.424487 12448.715663
-4851.261176 12449.895861
-4847.071191 12451.045984
-4842.854531 12452.166032
-4838.611195 12453.256005
-4834.331247 12454.343278
-4830.018000 12455.418726
-4825.671452 12456.482349
-4821.291604 12457.534147
-4816.878456 12458.574121
-4812.432009 12459.602269
-4807.952261 12460.618592
-4803.439213 12461.623090
-4798.892866 12462.615763
-4794.313218 12463.596612
-4789.700270 12464.565635
-4785.054023 12465.522833
-4780.374475 12466.468207
-4775.661627 12467.401755
-4770.915480 12468.323479
-4766.136032 12469.233377
-4761.323285 12470.131451
-4756.477237 12471.017699
-4751.597890 12471.892123
-4746.685242 12472.754721
-4741.739295 12473.605495
-4736.760047 12474.444443
-4731.747500 12475.271567
-4726.701652 12476.086866
-4721.622505 12476.890339
-4716.510058 12477.681988
-4711.364310 12478.461812
-4706.185263 12479.229811
-4700.972916 12479.985984
-4695.727268 12480.730333
-4690.448321 12481.462857
-4685.136074 12482.183556
-4679.790526 12482.892430
-4674.411679 12483.589479
-4668.999532 12484.274703
-4663.554085 12484.948102
-4658.075338 12485.609676
-4652.563290 12486.259425
-4647.017943 12486.897349
-4641.439296 12487.523448
-4635.827424 12488.139035
-4630.182302 12488.743671
-4624.503930 12489.337358
-4618.792308 12489.920094
-4613.047435 12490.491881
-4607.269313 12491.052717
-4601.457941 12491.602604
-4595.613319 12492.141540
-4589.735447 12492.669527
-4583.824325 12493.186563
-4577.879953 12493.692650
-4571.902331 12494.187786
-4565.891459 12494.671973
-4559.847337 12495.145209
-4553.769964 12495.607495
-4547.659342 12496.058832
-4541.515470 12496.499218
-4535.338348 12496.928654
-4529.127976 12497.347141
-4522.884354 12497.754677
-4516.607482 12498.151263
-4510.297360 12498.536900
-4503.953988 12498.911586
-4497.577366 12499.275322
-4491.167494 12499.628108
-4484.724372 12499.969944
-4478.248000 12500.300831
-4471.738378 12500.620767
-4465.195505 12500.929753
-4458.619383 12501.227789
-4452.010011 12501.514875
-4445.367389 12501.791012
-4438.691517 12502.056198
-4431.982395 12502.310434
-4425.240023 12502.553720
-4418.464401 12502.786056
-4411.655529 12503.007442
-4404.813407 12503.217878
-4397.938035 12503.417364
-4391.029413 12503.605900
-4384.087091 12503.776624
-4377.111219 12503.931822
-4370.101797 12504.071496
-4363.058825 12504.195644
-4355.982303 12504.304268
-4348.872231 12504.397366
-4341.728609 12504.474940
-4334.551437 12504.536988
-4327.340715 12504.583512
-4320.096443 12504.614511
-4312.818622 12504.629984
-4305.507250 12504.629933
-4298.162328 12504.614356
-4290.783856 12504.583255
-4283.371834 12504.536628
-4275.926262 12504.474477
-4268.447140 12504.396800
-4260.934468 12504.303599
-4253.388246 12504.194873
-4245.808474 12504.070621
-4238.195152 12503.930845
-4230.548281 12503.775543
-4222.867859 12503.604717
-4215.153887 12503.418365
-4207.406365 12503.216489
-4199.625293 12502.999088
-4191.810671 12502.766161
-4183.962499 12502.517710
-4176.080778 12502.253733
-4168.165506 12501.974232
-4160.216684 12501.679205
-4152.234312 12501.368654
-4144.218390 12501.042578
-4136.168918 12500.700976
-4128.085897 12500.343850
-4119.969325 12499.971198
-4111.819203 12499.583022
-4103.635531 12499.179321
-4095.418309 12498.760094
-4087.167538 12498.325343
-4078.910141 12497.883954
-4070.637144 12497.432965
-4062.348547 12496.972376
-4054.044350 12496.502188
-4045.724553 12496.022399
-4037.389156 12495.533010
-4029.038159 12495.034022
-4020.671562 12494.525433
-4012.289365 12494.007244
-4003.891568 12493.479456
-3995.478171 12492.942067
-3987.049174 12492.395079
-3978.604577 12491.838490
-3970.144380 12491.272302
-3961.668583 12490.696513
-3953.177186 12490.111125
-3944.670188 12489.516137
-3936.147591 12488.911548
-3927.609394 12488.297360
-3919.055596 12487.673572
-3910.486199 12487.040183
-3901.901202 12486.397195
-3893.300604 12485.744607
-3884.684407 12485.082419
-3876.052610 12484.410631
-3867.405212 12483.729243
-3858.742215 12483.038255
-3850.063617 12482.337667
-3841.369420 12481.627479
-3832.659622 12480.907691
-3823.934224 12480.178303
-3815.193227 12479.439315
-3806.436629 12478.690727
-3797.664431 12477.932539
-3788.876634 12477.164752
-3780.073236 12476.387364
-3771.254238 12475.600376
-3762.419641 12474.803788
-3753.569443 12473.997601
-3744.703645 12473.181813
-3735.818685 12472.358075
-3726.915749 12471.525838
-3717.994839 12470.685100
-3709.055954 12469.835862
-3700.099094 12468.978125
-3691.124259 12468.111887
-3682.131448 12467.237149
-3673.120663 12466.353911
-3664.091903 12465.462173
-3655.045168 12464.561936
-3645.980458 12463.653198
-3636.897773 12462.735960
-3627.797113 12461.810222
-3618.678478 12460.875984
-3609.541868 12459.933246
-3600.387283 12458.982008
-3591.214723 12458.022270
-3582.024188 12457.054032
-3572.815678 12456.077294
-3563.589193 12455.092056
-3554.344733 12454.098318
-3545.082298 12453.096080
-3535.801889 12452.085342
-3526.503504 12451.066104
-3517.187144 12450.038366
-3507.852809 12449.002128
-3498.500499 12447.957390
-3489.130215 12446.904152
-3479.741955 12445.842413
-3470.335720 12444.772175
-3460.911511 12443.693437
-3451.469326 12442.606199
-3442.009166 12441.510461
-3432.531032 12440.406222
-3423.034922 12439.293484
-3413.520838 12438.172246
-3403.988778 12437.042508
-3394.438743 12435.904269
-3384.870734 12434.757531
-3375.284749 12433.602293
-3365.684277 12432.443692
-3356.068155 12431.280016
-3346.436383 12430.111265
-3336.788961 12428.937440
-3327.125889 12427.758539
-3317.447167 12426.574564
-3307.752795 12425.385514
-3298.042773 12424.191388
-3288.317101 12422.992188
-3278.575779 12421.787913
-3268.818807 12420.578563
-3259.046185 12419.364137
-3249.257913 12418.144637
-3239.453991 12416.920062
-3229.634419 12415.690413
-3219.799197 12414.455688
-3209.948325 12413.215888
-3200.081802 12411.971013
-3190.199630 12410.721063
-3180.301808 12409.466039
-3170.388336 12408.205939
-3160.459214 12406.940765
-3150.514442 12405.670515
-3140.554020 12404.395191
-3130.577948 12403.114792
-3120.586226 12401.829317
-3110.578853 12400.538768
-3100.555831 12399.243144
-3090.517159 12397.942445
-3080.462837 12396.636671
-3070.392865 12395.325822
-3060.307243 12394.009898
-3050.205971 12392.688899
-3040.089048 12391.362825
-3029.956476 12390.031677
-3019.808254 12388.695453
-3009.644382 12387.354154
-2999.464860 12386.007781
-2989.269688 12384.656332
-2979.058865 12383.299809
-2968.834456 12381.934048
-2958.595771 12380.560437
-2948.342811 12379.178976
-2938.075576 12377.789665
-2927.794067 12376.392505
-2917.498282 12374.987494
-2907.188222 12373.574633
-2896.863887 12372.153922
-2886.525277 12370.725362
-2876.172392 12369.288951
-2865.805232 12367.844690
-2855.423797 12366.392580
-2845.028088 12364.932619
-2834.618103 12363.464809
-2824.193843 12361.989148
-2813.755307 12360.505638
-2803.302497 12359.014277
-2792.835412 12357.515067
-2782.354052 12356.008007
-2771.858417 12354.493096
-2761.348507 12352.970336
-2750.824322 12351.439726
-2740.285862 12349.901266
-2729.733126 12348.354955
-2719.166116 12346.800795
-2708.584831 12345.238785
-2697.989271 12343.668925
-2687.379435 12342.091215
-2676.755325 12340.505655
-2666.116940 12338.912245
-2655.464279 12337.310985
-2644.797344 12335.701875
-2634.116133 12334.084915
-2623.420648 12332.460105
-2612.710888 12330.827445
-2601.986852 12329.186935
-2591.248542 12327.538575
-2580.495956 12325.882366
-2569.729096 12324.218306
-2558.947960 12322.546396
-2548.168037 12320.868887
-2537.384164 12319.185027
-2526.596341 12317.494817
-2515.804568 12315.798257
-2505.008845 12314.095348
-2494.209172 12312.386088
-2483.405548 12310.670479
-2472.597975 12308.948519
-2461.786452 12307.220209
-2450.970979 12305.485550
-2440.151556 12303.744540
-2429.328183 12301.997181
-2418.500860 12300.243471
-2407.669586 12298.483411
-2396.834363 12296.717002
-2385.995190 12294.944242
-2375.152067 12293.165133
-2364.304994 12291.379673
-2353.453971 12289.587864
-2342.598997 12287.789704
-2331.740074 12285.985195
-2320.877201 12284.174335
-2310.010378 12282.357126
-2299.139604 12280.533567
-2288.264881 12278.703657
-2277.386208 12276.867398
-2266.503585 12275.024788
-2255.617011 12273.175829
-2244.726488 12271.320520
-2233.832015 12269.458860
-2222.933592 12267.590851
-2212.031218 12265.716491
-2201.124895 12263.835782
-2190.214622 12261.948723
-2179.300398 12260.055314
-2168.382225 12258.155554
-2157.460102 12256.249445
-2146.534029 12254.336986
-2135.604005 12252.418176
-2124.670032 12250.493017
-2113.746321 12248.557683
-2102.828135 12246.613449
-2091.915474 12244.660315
-2081.008339 12242.698281
-2070.106728 12240.727346
-2059.210642 12238.747512
-2048.320082 12236.758778
-2037.435046 12234.761145
-2026.555535 12232.754611
-2015.681550 12230.739177
-2004.813089 12228.714843
-1993.950154 12226.681609
-1983.092743 12224.639475
-1972.240858 12222.588442
-1961.394497 12220.528508
-1950.553662 12218.459674
-1939.718351 12216.381941
-1928.888566 12214.295307
-1918.064305 12212.199773
-1907.245570 12210.095340
-1896.432360 12207.982006
-1885.624674 12205.859773
-1874.822514 12203.728640
-1864.025879 12201.588606
-1853.234768 12199.439673
-1842.449183 12197.281839
-1831.669123 12195.115106
-1820.894588 12192.939473
-1810.125578 12190.754940
-1799.362092 12188.561507
-1788.604132 12186.359173
-1777.851697 12184.147940
-1767.104787 12181.927807
-1756.363402 12179.698774
-1745.627542 12177.460841
-1734.897207 12175.214008
-1724.172397 12172.958275
-1713.453112 12170.693642
-1702.739352 12168.420110
-1692.031117 12166.137677
-1681.324282 12163.837007
-1670.620222 12161.521211
-1659.918938 12159.190291
-1649.220428 12156.844246
-1638.524693 12154.483076
-1627.831733 12152.106780
-1617.141548 12149.715360
-1606.454138 12147.308815
-1595.769504 12144.887145
-1585.087644 12142.450350
-1574.408559 12139.998430
-1563.732249 12137.531385
-1553.058714 12135.049215
-1542.387955 12132.551920
-1531.719970 12130.039500
-1521.054760 12127.511955
-1510.392326 12124.969285
-1499.732666 12122.411490
-1489.075781 12119.838570
-1478.421672 12117.250525
-1467.770337 12114.647356
-1457.121777 12112.029061
-1446.475993 12109.395641
-1435.832983 12106.747096
-1425.192748 12104.083426
-1414.555289 12101.404632
-1403.920604 12098.710712
-1393.288695 12096.001667
-1382.659560 12093.277498
-1372.033201 12090.538203
-1361.409616 12087.783784
-1350.788807 12085.014239
-1340.170772 12082.229569
-1329.555513 12079.429775
-1318.943028 12076.614855
-1308.333319 12073.784811
-1297.726384 12070.939641
-1287.122225 12068.079347
-1276.520841 12065.203928
-1265.922231 12062.313383
-1255.331759 12059.412139
-1244.747638 12056.498719
-1234.169866 12053.573125
-1223.598444 12050.635356
-1213.033372 12047.685411
-1202.474650 12044.723292
-1191.922279 12041.748998
-1181.376257 12038.762528
-1170.836585 12035.763884
-1160.303263 12032.753065
-1149.776292 12029.730070
-1139.255670 12026.694901
-1128.741398 12023.647557
-1118.233477 12020.588037
-1107.731905 12017.516343
-1097.236684 12014.432474
-1086.747812 12011.336429
-1076.265290 12008.228210
-1065.789119 12005.107816
-1055.319297 12001.975247
-1044.855826 11998.830502
-1034.398704 11995.673583
-1023.947933 11992.504489
-1013.503511 11989.323220
-1003.065440 11986.129775
-992.633719 11982.924156
-982.208347 11979.706362
-971.789326 11976.476393
-961.376654 11973.234249
-950.970333 11969.979929
-940.570362 11966.713435
-930.176740 11963.434766
-919.789469 11960.143922
-909.408548 11956.840903
-899.033977 11953.525708
-888.665755 11950.198339
-878.303884 11946.858795
-867.948363 11943.507076
-857.599192 11940.143182
-847.256371 11936.767113
-836.923537 11933.374068
-826.599478 11929.965649
-816.284194 11926.541855
-805.977686 11923.102686
-795.679952 11919.648142
-785.390993 11916.178223
-775.110809 11912.692929
-764.839400 11909.192260
-754.576766 11905.676216
-744.322907 11902.144797
-734.077823 11898.598003
-723.841514 11895.035834
-713.613980 11891.458290
-703.395221 11887.865371
-693.185237 11884.257077
-682.984028 11880.633408
-672.791594 11876.994364
-662.607935 11873.339945
-652.433051 11869.670151
-642.266941 11865.984982
-632.109607 11862.284438
-621.961048 11858.568519
-611.821264 11854.837226
-601.690254 11851.090557
-591.568020 11847.328513
-581.454561 11843.551094
-571.349876 11839.758300
-561.253967 11835.950131
-551.166832 11832.126588
-541.088473 11828.287669
-531.018888 11824.433375
-520.958079 11820.563706
-510.906044 11816.678663
-500.862785 11812.778244
-490.828300 11808.862450
-480.802590 11804.931281
-470.785656 11800.984738
-460.777496 11797.022819
-450.778111 11793.045525
-440.787501 11789.052857
-430.804767 11785.058388
-420.830207 11781.057594
-410.863822 11777.050476
-400.905613 11773.037032
-390.955578 11769.017263
-381.013718 11764.991170
-371.080033 11760.958751
-361.154524 11756.920007
-351.237189 11752.874939
-341.328029 11748.823545
-331.427044 11744.765827
-321.534235 11740.701783
-311.649600 11736.631415
-301.773140 11732.554721
-291.904856 11728.471702
-282.044746 11724.382359
-272.192811 11720.286690
-262.349051 11716.184697
-252.513467 11712.076378
-242.686057 11707.961735
-232.866822 11703.840766
-223.055762 11699.713473
-213.252878 11695.579854
-203.458168 11691.439911
-193.671633 11687.293642
-183.893274 11683.141049
-174.123089 11678.982131
-164.361079 11674.816887
-154.607244 11670.645319
-144.861585 11666.467425
-135.124100 11662.283207
-125.394790 11658.092663
-115.673656 11653.895795
-105.960696 11649.692602
-96.255911 11645.483083
-86.559301 11641.267240
-76.870867 11637.045072
-67.190607 11632.816578
-57.518522 11628.581760
-47.854613 11624.340616
-38.183278 11620.075523
-28.509718 11615.792355
-18.833934 11611.491112
-9.155924 11607.171794
0.524311 11602.834400
10.206771 11598.478932
19.891455 11594.105389
29.578365 11589.713771
39.267500 11585.304078
48.958859 11580.876310
58.652444 11576.430468
68.348254 11571.966550
78.046288 11567.484557
87.746548 11562.984489
97.449033 11558.466346
107.153742 11553.930129
116.860677 11549.375836
126.569837 11544.803469
136.281221 11540.213026
145.994831 11535.604509
155.710666 11530.977916
165.428725 11526.333249
175.149010 11521.670506
184.871519 11516.989689
194.596254 11512.290797
204.323214 11507.573829
214.052398 11502.838787
223.783808 11498.085670
233.517443 11493.314478
243.253302 11488.525211
252.991387 11483.717869
262.731696 11478.892452
272.474231 11474.048960
282.218991 11469.187393
291.965975 11464.307751
301.715185 11459.410034
311.466619 11454.494242
321.220279 11449.560375
330.976163 11444.608433
340.734273 11439.638417
350.477658 11434.656588
360.211967 11429.660858
369.937202 11424.651229
379.653361 11419.627700
389.360446 11414.590271
399.058455 11409.538942
408.747390 11404.473713
418.427249 11399.394584
428.098033 11394.301555
437.759743 11389.194627
447.412377 11384.073798
457.055937 11378.939069
466.690421 11373.790440
476.315830 11368.627911
485.932165 11363.451483
495.539424 11358.261154
505.137608 11353.056925
514.726718 11347.838797
524.306752 11342.606768
533.877711 11337.360840
543.439595 11332.101011
552.992405 11326.827283
562.536139 11321.539654
572.070798 11316.238126
581.596382 11310.922697
591.112891 11305.593369
600.620325 11300.250141
610.118685 11294.893012
619.607969 11289.521984
629.088178 11284.137056
638.559312 11278.738228
648.021371 11273.325500
657.474355 11267.898871
666.918264 11262.458343
676.353098 11257.003915
685.778857 11251.535587
695.195541 11246.053359
704.603150 11240.557231
714.001684 11235.047203
723.391143 11229.523275
732.788514 11223.998760
742.188136 11218.469220
751.590007 11212.934654
760.994129 11207.395064
770.400500 11201.850449
779.809121 11196.300808
789.219993 11190.746143
798.633114 11185.186453
808.048485 11179.621738
817.466107 11174.051997
826.885978 11168.477232
836.308099 11162.897442
845.732470 11157.312627
855.159092 11151.722787
864.587963 11146.127921
874.019084 11140.528031
883.452455 11134.923116
892.888076 11129.313176
902.325948 11123.698211
911.766069 11118.078221
921.208440 11112.453206
930.653061 11106.823166
940.099932 11101.188101
949.549053 11095.548011
959.000424 11089.902896
968.454045 11084.252756
977.909917 11078.597591
987.368038 11072.937401
996.828409 11067.272186
1006.291030 11061.601946
1015.755901 11055.926681
1025.223022 11050.246391
1034.692393 11044.561076
1044.164014 11038.870736
1053.637884 11033.175371
1063.114005 11027.474981
1072.592376 11021.769567
1082.072997 11016.059127
1091.555868 11010.343662
1101.040989 11004.623172
1110.521572 10998.883707
1119.999881 10993.129918
1129.475914 10987.361803
1138.949672 10981.579363
1148.421156 10975.782598
1157.890364 10969.971509
1167.357297 10964.146094
1176.821955 10958.306354
1186.284338 10952.452289
1195.744447 10946.583899
1205.202280 10940.701185
1214.657838 10934.804145
1224.111121 10928.892780
1233.562129 10922.967090
1243.010862 10917.027075
1252.457320 10911.072736
1261.901503 10905.104071
1271.343411 10899.121081
1280.783044 10893.123766
1290.220402 10887.112126
1299.655485 10881.086162
1309.088293 10875.045872
1318.518826 10868.991257
1327.947084 10862.922317
1337.373067 10856.839053
1346.796775 10850.741463
1356.218208 10844.629548
1365.637365 10838.503308
1375.054248 10832.362743
1384.468856 10826.207854
1393.881189 10820.038639
1403.291247 10813.855099
1412.699029 10807.657234
1422.104537 10801.445044
1431.507770 10795.218530
1440.908727 10788.977690
1450.307410 10782.722525
1459.703818 10776.453035
1469.097950 10770.169220
1478.489808 10763.871081
1487.875640 10757.552653
1497.256698 10751.215926
1506.632980 10744.860899
1516.004488 10738.487571
1525.371221 10732.095944
1534.733178 10725.686017
1544.090361 10719.257789
1553.442769 10712.811262
1562.790401 10706.346435
1572.133259 10699.863307
1581.471342 10693.361880
1590.804649 10686.842153
1600.133182 10680.304125
1609.456939 10673.747798
1618.775922 10667.173171
1628.090130 10660.580243
1637.399562 10653.969016
1646.704220 10647.339488
1656.004103 10640.691661
1665.299211 10634.025534
1674.589543 10627.341106
1683.875101 10620.638379
1693.155884 10613.917351
1702.431891 10607.178024
1711.703124 10600.420397
1720.969582 10593.644469
1730.231265 10586.850242
1739.488172 10580.037714
1748.740305 10573.206887
1757.987663 10566.357760
1767.230245 10559.490332
1776.468053 10552.604605
1785.701086 10545.700577
1794.929344 10538.778250
1804.152826 10531.837622
1813.371534 10524.878695
1822.585467 10517.901467
1831.794625 10510.905940
1840.999008 10503.892112
1850.198615 10496.859985
1859.387186 10489.818183
1868.566806 10482.763830
1877.737476 10475.696928
1886.899197 10468.617476
1896.051967 10461.525473
1905.195787 10454.420921
1914.330658 10447.303819
1923.456578 10440.174167
1932.573549 10433.031965
1941.681569 10425.877213
1950.780639 10418.709911
1959.870760 10411.530059
1968.951930 10404.337657
1978.024151 10397.132705
1987.087421 10389.915203
1996.141742 10382.685151
2005.187112 10375.442550
2014.223533 10368.187398
2023.251003 10360.919696
2032.269524 10353.639445
2041.279094 10346.346643
2050.279715 10339.041291
2059.271385 10331.723390
2068.254106 10324.392938
2077.227877 10317.049937
2086.192697 10309.694386
2095.148568 10302.326284
2104.095488 10294.945633
2113.033459 10287.552432
2121.962480 10280.146680
2130.882550 10272.728379
2139.793671 10265.297528
2148.695842 10257.854127
2157.589063 10250.398176
2166.473333 10242.929675
2175.348654 10235.448624
2184.215025 10227.955023
2193.072446 10220.448872
2201.920916 10212.930171
2210.760437 10205.398920
2219.584333 10197.844357
2228.394829 10190.270069
2237.191925 10182.676055
2245.975620 10175.062317
2254.745916 10167.428854
2263.502812 10159.775665
2272.246308 10152.102752
2280.976404 10144.410114
2289.693100 10136.697750
2298.396396 10128.965662
2307.086292 10121.213849
2315.762787 10113.442310
2324.425883 10105.651047
2333.075579 10097.840059
2341.711875 10090.009345
2350.334771 10082.158907
2358.944267 10074.288743
2367.540363 10066.398855
2376.123059 10058.489242
2384.692355 10050.559903
2393.248251 10042.610840
2401.790747 10034.642051
2410.319843 10026.653538
2418.835539 10018.645300
2427.337836 10010.617336
2435.826732 10002.569648
2444.302228 9994.502234
2452.764324 9986.415096
2461.213020 9978.308233
2469.648316 9970.181644
2478.070212 9962.035331
2486.478708 9953.869292
2494.873805 9945.683529
2503.255501 9937.478041
2511.623797 9929.252827
2519.978693 9921.007889
2528.320189 9912.743225
2536.648286 9904.458837
2544.962982 9896.154723
2553.264278 9887.830885
2561.534662 9879.471009
2569.779971 9871.080533
2578.000204 9862.659457
2586.195363 9854.207782
2594.365447 9845.725506
2602.510456 9837.212630
2610.630389 9828.669154
2618.725248 9820.095078
2626.795032 9811.490403
2634.839741 9802.855127
2642.859374 9794.189251
2650.853933 9785.492775
2658.823417 9776.765700
2666.767826 9768.008024
2674.687160 9759.219748
2682.581418 9750.400873
2690.450602 9741.551397
2698.294711 9732.671322
2706.113745 9723.760646
2713.907704 9714.819371
2721.676588 9705.847495
2729.420396 9696.845019
2737.139130 9687.811944
2744.832789 9678.748268
2752.501373 9669.653993
2760.144882 9660.529118
2767.763316 9651.373642
2775.356674 9642.187567
2782.924958 9632.970891
2790.468167 9623.723616
2797.986301 9614.445741
2805.479360 9605.137265
2812.947344 9595.798190
2820.390253 9586.428515
2827.808087 9577.028239
2835.200845 9567.597364
2842.568529 9558.135889
2849.911138 9548.643814
2857.228672 9539.121139
2864.521131 9529.567863
2871.790428 9519.999438
2879.035924 9510.410713
2886.257620 9500.801688
2893.455517 9491.172362
2900.629613 9481.522737
2907.779910 9471.852812
2914.906407 9462.162587
2922.009103 9452.452061
2929.088000 9442.721236
2936.143096 9432.970111
2943.174393 9423.198686
2950.181890 9413.406960
2957.165586 9403.594935
2964.125483 9393.762610
2971.061580 9383.909984
2977.973877 9374.037059
2984.862373 9364.143834
2991.727070 9354.230308
2998.567967 9344.296483
3005.385064 9334.342358
3012.178361 9324.367932
3018.947858 9314.373207
3025.693555 9304.358182
3032.415451 9294.322856
3039.113548 9284.267231
3045.787845 9274.191305
3052.438342 9264.095080
3059.065039 9253.978554
3065.667937 9243.841729
3072.247034 9233.684604
3078.802331 9223.507178
3085.333828 9213.309453
3091.841525 9203.091427
3098.325422 9192.853102
3104.785519 9182.594476
3111.221816 9172.315551
3117.634314 9162.016325
3124.023011 9151.696800
3130.387908 9141.356974
3136.729005 9130.996849
3143.047503 9120.616723
3149.343000 9110.216498
3155.615497 9099.796172
3161.864994 9089.355746
3168.091491 9078.895221
3174.294989 9068.414595
3180.475486 9057.913870
3186.632983 9047.393044
3192.767480 9036.852119
3198.878977 9026.291093
3204.967474 9015.709967
3211.032971 9005.108742
3217.075468 8994.487416
3223.094965 8983.845991
3229.091462 8973.184465
3235.064959 8962.502840
3241.015456 8951.801114
3246.942953 8941.079288
3252.847450 8930.337363
3258.728947 8919.575337
3264.587444 8908.793211
3270.422941 8897.990986
3276.235438 8887.168660
3282.024935 8876.326234
3287.791432 8865.463709
3293.534928 8854.581083
3299.255425 8843.678357
3304.952922 8832.755532
3310.627419 8821.812606
3316.278916 8810.849580
3321.907412 8799.866455
3327.512909 8788.863229
3333.095406 8777.839903
3338.654902 8766.796478
3344.191399 8755.732952
3349.704896 8744.649326
3355.195392 8733.545601
3360.662889 8722.421775
3366.107386 8711.277849
3371.528882 8700.113823
3376.930004 8688.920623
3382.309876 8677.701272
3387.668497 8666.455771
3393.005869 8655.184121
3398.321991 8643.886320
3403.616863 8632.562370
3408.890484 8621.212269
3414.142856 8609.836018
3419.373978 8598.433618
3424.583850 8587.005067
3429.772472 8575.550367
3434.939844 8564.069516
3440.085966 8552.562516
3445.210838 8541.029365
3450.314460 8529.470065
3455.396832 8517.884615
3460.457954 8506.273014
3465.497826 8494.635264
3470.516448 8482.971363
3475.513820 8471.281313
3480.489943 8459.565113
3485.444815 8447.822763
3490.378437 8436.054262
3495.290809 8424.259612
3500.181932 8412.438812
3505.051804 8400.591862
3509.900426 8388.718761
3514.727799 8376.819511
3519.533921 8364.894111
3524.318794 8352.942561
3529.082416 8340.964861
3533.824789 8328.961011
3538.545911 8316.931011
3543.245784 8304.874861
3547.924406 8292.792561
3552.581779 8280.684110
3557.217901 8268.549510
3561.832774 8256.388761
3566.426397 8244.201861
3570.998770 8231.988811
3575.565230 8219.743873
3580.120665 8207.468961
3584.665075 8195.164073
3589.198461 8182.829211
3593.720821 8170.464374
3598.232157 8158.069561
3602.732467 8145.644774
3607.221753 8133.190011
3611.700013 8120.705274
3616.167249 8108.190562
3620.623459 8095.645874
3625.068645 8083.071212
3629.502806 8070.466575
3633.925941 8057.831962
3638.338052 8045.167375
3642.739138 8032.472813
3647.129198 8019.748276
3651.508234 8006.993763
3655.876245 7994.209276
3660.233231 7981.394814
3664.579192 7968.550377
3668.914128 7955.675964
3673.238039 7942.771577
3677.550925 7929.837215
3681.852786 7916.872878
3686.143622 7903.878566
3690.423433 7890.854278
3694.692219 7877.800016
3698.949981 7864.715779
3703.196717 7851.601567
3707.432428 7838.457380
3711.657114 7825.283218
3715.870776 7812.079081
3720.073412 7798.844969
3724.265023 7785.580881
3728.445610 7772.286819
3732.615171 7758.962782
3736.773708 7745.608770
3740.921219 7732.224783
3745.057706 7718.810821
3749.115105 7705.408772
3753.116104 7692.004672
3757.060703 7678.598523
3760.948901 7665.190323
3764.780700 7651.780074
3768.556099 7638.367774
3772.275098 7624.953425
3775.937696 7611.537025
3779.543895 7598.118576
3783.093693 7584.698076
3786.587092 7571.275527
3790.024090 7557.850928
3793.404689 7544.424278
3796.728887 7530.995579
3799.996685 7517.564829
3803.208084 7504.132030
3806.363082 7490.697181
3809.461680 7477.260281
3812.503878 7463.821332
3815.489676 7450.380333
3818.419074 7436.937283
3821.292073 7423.492184
3824.108670 7410.045035
3826.868868 7396.595835
3829.572666 7383.144586
3832.220064 7369.691287
3834.811062 7356.235938
3837.345660 7342.778538
3839.823857 7329.319089
3842.245655 7315.857590
3844.611053 7302.394041
3846.920050 7288.928441
3849.172648 7275.460792
3851.368845 7261.991093
3853.508642 7248.519344
3855.592040 7235.045545
3857.619037 7221.569695
3859.589634 7208.091796
3861.503832 7194.611847
3863.361629 7181.129848
3865.287076 7167.602036
3867.238823 7154.043000
3869.216871 7140.452738
3871.221218 7126.831251
3873.251865 7113.178540
3875.308813 7099.494603
3877.392060 7085.779441
3879.501608 7072.033055
3881.637455 7058.255443
3883.799603 7044.446606
3885.988050 7030.606545
3888.202798 7016.735258
3890.443845 7002.832746
3892.711193 6988.899010
3895.004840 6974.934048
3897.324788 6960.937861
3899.671036 6946.910450
3902.043584 6932.851813
3904.442431 6918.761951
3906.867579 6904.640865
3909.319027 6890.488553
3911.796775 6876.305016
3914.300823 6862.090254
3916.831170 6847.844268
3919.387818 6833.567056
3921.970766 6819.258619
3924.580014 6804.918958
3927.215562 6790.548071
3929.877410 6776.145959
3932.565558 6761.712622
3935.280006 6747.248061
3938.020755 6732.752274
3940.787803 6718.225262
3943.581151 6703.667025
3946.400799 6689.077564
3949.246747 6674.456877
3952.118996 6659.804965
3955.017544 6645.121828
3957.942392 6630.407467
3960.893541 6615.661880
3963.919889 6600.904081
3967.005137 6586.127731
3970.149285 6571.332832
3973.352334 6556.519383
3976.614282 6541.687384
3979.935130 6526.836834
3983.314879 6511.967735
3986.753527 6497.080086
3990.251075 6482.173887
3993.807524 6467.249138
3997.422872 6452.305839
4001.097120 6437.343990
4004.830269 6422.363591
4008.622317 6407.364642
4012.473265 6392.347142
4016.383114 6377.311093
4020.351862 6362.256494
4024.379510 6347.183345
4028.466058 6332.091646
4032.611507 6316.981397
4036.815855 6301.852598
4041.079103 6286.705249
4045.401252 6271.539351
4049.782300 6256.354902
4054.222248 6241.151903
4058.721096 6225.930354
4063.278845 6210.690255
4067.895493 6195.431606
4072.571041 6180.154407
4077.305490 6164.858658
4082.098838 6149.544359
4086.951086 6134.211511
4091.862234 6118.860112
4096.832283 6103.490163
4101.861231 6088.101664
4106.949079 6072.694616
4112.095828 6057.269017
4117.301476 6041.824868
4122.566024 6026.362169
4127.889472 6010.880921
4133.253633 5995.386034
4138.664569 5979.875873
4144.122280 5964.350437
4149.626765 5948.809726
4155.178026 5933.253740
4160.776062 5917.682479
4166.420873 5902.095943
4172.112458 5886.494132
4177.850819 5870.877046
4183.635955 5855.244686
4189.467866 5839.597050
4195.346552 5823.934139
4201.272012 5808.255953
4207.244248 5792.562493
4213.263259 5776.853757
4219.329044 5761.129746
4225.441605 5745.390461
4231.600941 5729.635900
4237.807052 5713.866065
4244.059937 5698.080954
4250.359598 5682.280569
4256.706034 5666.464908
4263.099245 5650.633973
4269.539230 5634.787763
4276.025991 5618.926277
4282.559527 5603.049517
4289.139838 5587.157482
4295.766923 5571.250172
4302.440784 5555.327586
4309.161420 5539.389726
4315.928830 5523.436591
4322.743016 5507.468181
4329.603977 5491.484496
4336.511713 5475.485536
4343.466223 5459.471301
4350.467509 5443.441791
4357.515570 5427.397006
4364.610405 5411.336946
4371.752016 5395.261612
4378.940402 5379.171002
4386.143613 5363.046030
4393.372298 5346.893057
4400.626459 5330.712085
4407.906095 5314.503113
4415.211206 5298.266141
4422.541792 5282.001169
4429.897853 5265.708196
4437.279389 5249.387224
4444.686400 5233.038252
4452.118886 5216.661280
4459.576848 5200.256308
4467.060284 5183.823336
4474.569195 5167.362364
4482.103582 5150.873392
4489.663443 5134.356420
4497.248779 5117.811448
4504.859591 5101.238476
4512.495877 5084.637504
4520.157639 5068.008532
4527.844876 5051.351560
4535.557587 5034.666588
4543.295774 5017.953616
4551.059436 5001.212644
4558.848572 4984.443673
4566.663184 4967.646701
4574.503271 4950.821729
4582.368833 4933.968757
4590.259870 4917.087785
4598.176382 4900.178814
4606.118369 4883.241842
4614.085831 4866.276870
4622.078768 4849.283898
4630.097180 4832.262927
4638.141068 4815.213955
4646.210430 4798.136983
4654.305267 4781.032012
4662.425579 4763.899040
4670.571367 4746.738068
4678.742629 4729.549097
4686.939367 4712.332125
4695.119692 4695.114829
4703.297567 4677.887982
4711.472992 4660.651586
4719.645967 4643.405639
4727.816492 4626.150143
4735.984567 4608.885097
4744.150192 4591.610500
4752.313367 4574.326354
4760.474093 4557.032658
4768.632368 4539.729411
4776.788193 4522.416615
4784.941568 4505.094269
4793.092494 4487.762373
4801.240969 4470.420927
4809.386994 4453.069931
4817.530570 4435.709385
4825.671695 4418.339289
4833.810371 4400.959643
4841.946596 4383.570447
4850.080371 4366.171701
4858.211697 4348.763405
4866.340573 4331.345559
4874.466998 4313.918163
4882.590974 4296.481217
4890.712499 4279.034722
4898.831575 4261.578676
4906.948201 4244.113080
4915.062376 4226.637935
4923.174102 4209.153239
4931.283378 4191.658993
4939.390203 4174.155198
4947.494579 4156.641852
4955.596505 4139.118957
4963.695981 4121.586511
4971.793007 4104.044516
4979.887583 4086.492970
4987.979709 4068.931875
4996.069385 4051.361230
5004.156610 4033.781034
5012.241386 4016.191289
5020.376737 3998.590419
5028.544988 3980.978949
5036.746139 3963.356879
5044.980190 3945.724209
5053.247141 3928.080939
5061.546992 3910.427069
5069.879743 3892.762599
5078.245394 3875.087529
5086.643945 3857.401859
5095.075395 3839.705589
5103.539746 3821.998720
5112.036997 3804.281250
5120.567148 3786.553180
5129.130199 3768.814511
5137.726149 3751.065241
5146.355000 3733.305372
5155.016751 3715.534902
5163.711402 3697.753833
5172.438952 3679.962164
5181.199403 3662.159895
5189.992754 3644.347025
5198.819005 3626.523556
5207.678155 3608.689487
5216.570206 3590.844818
5225.495157 3572.989549
5234.453007 3555.123680
5243.443758 3537.247211
5252.467408 3519.360142
5261.523959 3501.462474
5270.613410 3483.554205
5279.735760 3465.635336
5288.891011 3447.705868
5298.079161 3429.765799
5307.300212 3411.815131
5316.554162 3393.853862
5325.841013 3375.881994
5335.160763 3357.899525
5344.513414 3339.906457
5353.898964 3321.902789
5363.317415 3303.888521
5372.748965 3285.859677
5382.200216 3267.817584
5391.671166 3249.762241
5401.161816 3231.693648
5410.672167 3213.611804
5420.202217 3195.516711
5429.751967 3177.408368
5439.321418 3159.286774
5448.910568 3141.151931
5458.519418 3123.003838
5468.147969 3104.842494
5477.796219 3086.667901
5487.464169 3068.480058
5497.151820 3050.278964
5506.859170 3032.064621
5516.586220 3013.837028
5526.332970 2995.596184
5536.099421 2977.342091
5545.885571 2959.074748
5555.691421 2940.794154
5565.516971 2922.500311
5575.362221 2904.193217
5585.227171 2885.872874
5595.111822 2867.539280
5605.016172 2849.192437
5614.940222 2830.832344
5624.883972 2812.459000
5634.847422 2794.072407
5644.830572 2775.672563
5654.833422 2757.259470
5664.855972 2738.833126
5674.898222 2720.393533
5684.960172 2701.940689
5695.041822 2683.474596
5705.143172 2664.995252
5715.264222 2646.502659
5725.404972 2627.996815
5735.565422 2609.477721
5745.745572 2590.945378
5755.945422 2572.399784
5766.146522 2553.827853
5776.355022 2535.233947
5786.570922 2516.618066
5796.794222 2497.980210
5807.024922 2479.320379
5817.263021 2460.638573
5827.508521 2441.934792
5837.761421 2423.209035
5848.021721 2404.461304
5858.289421 2385.691598
5868.564521 2366.899917
5878.847021 2348.086261
5889.136920 2329.250629
5899.434220 2310.393023
5909.738920 2291.513442
5920.051020 2272.611886
5930.370520 2253.688355
5940.697419 2234.742848
5951.031719 2215.775367
5961.373419 2196.785911
5971.722519 2177.774479
5982.079018 2158.741073
5992.442918 2139.685692
6002.814218 2120.608335
6013.192918 2101.509004
6023.579017 2082.387698
6033.972517 2063.244416
6044.373417 2044.079160
6054.781716 2024.891929
6065.197416 2005.682722
6075.620516 1986.451541
6086.051015 1967.198385
6096.488915 1947.923253
6106.934215 1928.626147
6117.386914 1909.307065
6127.847014 1889.966009
6138.314513 1870.602977
6148.789413 1851.217971
6159.271713 1831.810989
6169.761412 1812.382033
6180.244149 1792.944076
6190.724711 1773.492795
6201.203098 1754.028188
6211.679310 1734.550257
6222.153348 1715.059001
6232.625210 1695.554419
6243.094897 1676.036513
6253.562409 1656.505281
6264.027746 1636.960725
6274.490908 1617.402844
6284.951895 1597.831637
6295.410707 1578.247106
6305.867344 1558.649249
6316.321806 1539.038068
6326.774093 1519.413562
6337.224205 1499.775730
6347.672142 1480.124574
6358.117904 1460.460093
6368.561491 1440.782286
6379.002903 1421.091155
6389.442140 1401.386699
6399.879202 1381.668918
6410.314089 1361.937811
6420.746801 1342.193380
6431.177338 1322.435624
6441.605700 1302.664542
6452.031887 1282.880136
6462.455899 1263.082405
6472.877736 1243.271349
6483.297398 1223.446968
6493.714885 1203.609261
6504.130197 1183.758230
6514.543334 1163.893874
6524.954296 1144.016193
6535.363083 1124.125187
6545.769695 1104.220856
6556.174132 1084.303199
6566.576394 1064.372218
6576.976481 1044.427912
6587.374393 1024.470281
6597.788917 1004.485825
6608.213792 984.479044
6618.649016 964.449938
6629.094591 944.398507
6639.550515 924.324751
6650.016790 904.228670
6660.493415 884.110264
6670.980389 863.969533
6681.477714 843.806477
6691.985388 823.621096
6702.503413 803.413390
6713.031788 783.183359
6723.570512 762.931003
6734.119587 742.656322
6744.679012 722.359316
6755.248787 702.039985
6765.828911 681.698329
6776.419386 661.334348
6787.020211 640.948042
6797.631386 620.539411
6808.252911 600.108456
6818.884786 579.655175
6829.527011 559.179569
6840.179585 538.681638
6850.842510 518.161382
6861.515785 497.618802
6872.199410 477.053896
6882.893385 456.466665
6893.597710 435.857109
6904.312385 415.225229
6915.037410 394.571023
6925.772785 373.894492
6936.518511 353.195637
6947.274586 332.474456
6958.041011 311.730950
6968.817786 290.965120
6979.604911 270.176964
6990.402386 249.366483
7001.210211 228.533678
7012.028387 207.678547
7022.927224 186.795279
7033.883287 165.885811
7044.896575 144.950143
7055.967087 123.988275
7067.094825 103.000207
7078.279788 81.985939
7089.521976 60.945471
7100.821388 39.878803
7112.178026 18.785935
7123.591889 -2.333134
7135.062977 -23.478402
7146.591289 -44.649870
7158.176827 -65.847538
7169.819590 -87.071406
7181.519578 -108.321474
7193.276790 -129.597742
7205.091228 -150.900210
7216.962891 -172.228878
7228.891779 -193.583746
7240.877891 -214.964814
7252.921229 -236.372082
7265.021792 -257.805550
7277.179580 -279.265218
7289.394593 -300.751086
7301.666830 -322.263154
7313.996293 -343.801422
7326.382981 -365.365890
7338.826894 -386.956558
7351.328032 -408.573426
7363.886395 -430.216494
7376.501982 -451.885762
7389.174795 -473.581230
7401.904833 -495.302898
7414.692096 -517.050766
7427.536584 -538.824834
7440.438296 -560.625102
7453.397234 -582.451570
7466.413397 -604.304238
7479.486785 -626.183106
7492.617398 -648.088174
7505.842211 -670.019892
7519.148899 -691.978109
7532.537461 -713.962827
7546.007899 -735.974045
7559.560212 -758.011763
7573.194400 -780.075981
7586.910463 -802.166699
7600.708401 -824.283917
7614.588213 -846.427635
7628.549901 -868.597853
7642.593464 -890.794571
7656.718902 -913.017789
7670.926215 -935.267507
7685.215402 -957.543725
7699.586465 -979.846443
7714.039403 -1002.175661
7728.574216 -1024.531379
7743.190904 -1046.913597
7757.889466 -1069.322315
7772.669904 -1091.757533
7787.532217 -1114.219251
7802.476405 -1136.707469
7817.502468 -1159.222187
7832.610405 -1181.763405
7847.800218 -1204.331123
7863.071906 -1226.925341
7878.425469 -1249.546059
7893.860906 -1272.193277
7909.378219 -1294.866995
7924.977407 -1317.567213
7940.658470 -1340.293931
7956.421407 -1363.047149
7972.266220 -1385.826867
7988.192908 -1408.633085
8004.201471 -1431.465803
8020.291908 -1454.325021
8036.464221 -1477.210739
8052.718409 -1500.122957
8069.054471 -1523.061675
8085.472409 -1546.026893
8101.922197 -1568.990748
8118.420510 -1591.962529
8134.967347 -1614.942234
8151.562710 -1637.929865
8168.206598 -1660.925420
8184.899011 -1683.928901
8201.639949 -1706.940306
8218.429412 -1729.959637
8235.267400 -1752.986892
8252.153912 -1776.022072
8269.088950 -1799.065178
8286.072513 -1822.116208
8303.104601 -1845.175164
8320.185214 -1868.242044
8337.314352 -1891.316849
8354.492015 -1914.399580
8371.718204 -1937.490235
8388.992917 -1960.588815
8406.316155 -1983.695321
8423.687918 -2006.809751
8441.108206 -2029.932106
8458.577019 -2053.062386
8476.094357 -2076.200592
8493.660221 -2099.346722
8511.274609 -2122.500777
8528.937522 -2145.662757
8546.648960 -2168.832662
8564.408924 -2192.010493
8582.217412 -2215.196248
8600.074425 -2238.389928
8617.979964 -2261.591533
8635.934027 -2284.801063
8653.936615 -2308.018519
8671.987729 -2331.243899
8690.087367 -2354.477204
8708.235531 -2377.718434
8726.432219 -2400.967589
8744.677433 -2424.224669
8762.971171 -2447.489674
8781.313435 -2470.762604
8799.735386 -2494.041472
8818.226637 -2517.326939
8836.787188 -2540.619006
8855.417039 -2563.917674
8874.116190 -2587.222941
8892.884641 -2610.534808
8911.722392 -2633.853276
8930.629443 -2657.178343
8949.605794 -2680.510010
8968.651445 -2703.848277
8987.766396 -2727.193144
9006.950647 -2750.544611
9026.204198 -2773.902677
9045.527049 -2797.267344
9064.919200 -2820.638611
9084.380651 -2844.016478
9103.911402 -2867.400944
9123.511453 -2890.792011
9143.180804 -2914.189678
9162.919455 -2937.593944
9182.727406 -2961.004811
9202.604656 -2984.422277
9222.551207 -3007.846343
9242.567058 -3031.277010
9262.652209 -3054.714276
9282.806660 -3078.158142
9303.030411 -3101.608608
9323.323462 -3125.065674
9343.685813 -3148.529340
9364.117464 -3171.999606
9384.618415 -3195.476472
9405.188666 -3218.959938
9425.828217 -3242.450004
9446.537067 -3265.946670
9467.315218 -3289.449935
9488.162669 -3312.959801
9509.079420 -3336.476267
9530.065471 -3359.999332
9551.120822 -3383.528998
9572.245473 -3407.065263
9593.435336 -3430.637041
9614.691774 -3454.234694
9636.014788 -3477.858222
9657.404376 -3501.507625
9678.860539 -3525.182903
9700.383278 -3548.884056
9721.972591 -3572.611084
9743.628480 -3596.363986
9765.350943 -3620.142764
9787.139981 -3643.947417
9808.995595 -3667.777945
9830.917783 -3691.634348
9852.906546 -3715.516626
9874.961885 -3739.424778
9897.083798 -3763.358806
9919.272286 -3787.318709
9941.527350 -3811.304487
9963.848988 -3835.316139
9986.237201 -3859.353667
10008.691990 -3883.417070
10031.213353 -3907.506348
10053.801291 -3931.621500
10076.455805 -3955.762528
10099.176893 -3979.929431
10121.964556 -4004.122208
10144.818795 -4028.340861
10167.739608 -4052.585389
10190.726996 -4076.855791
10213.780960 -4101.152069
10236.901498 -4125.474221
10260.088611 -4149.822249
10283.342299 -4174.196152
10306.662563 -4198.595929
10330.049401 -4223.021582
10353.502814 -4247.473109
10377.022803 -4271.950512
10400.609366 -4296.453789
10424.262504 -4320.982942
10447.982218 -4345.537969
10471.768506 -4370.118872
10495.568869 -4394.706337
10519.400807 -4419.306801
10543.264321 -4443.920266
10567.159409 -4468.546731
10591.086072 -4493.186196
10615.044310 -4517.838661
10639.034124 -4542.504125
10663.055512 -4567.182590
10687.108475 -4591.874055
10711.193013 -4616.578519
10735.309126 -4641.295984
10759.456815 -4666.026448
10783.636078 -4690.769913
10807.846916 -4715.526377
10832.089329 -4740.295842
10856.363317 -4765.078306
10880.668880 -4789.873771
10905.006019 -4814.682235
10929.374732 -4839.503699
10953.775020 -4864.338164
10978.206883 -4889.185628
11002.670321 -4914.046092
11027.165334 -4938.919556
11051.691922 -4963.806021
11076.250085 -4988.705485
11100.839823 -5013.617949
11125.461136 -5038.543413
11150.114024 -5063.481877
11174.798487 -5088.433341
11199.514525 -5113.397805
11224.262138 -5138.375269
11249.041326 -5163.365733
11273.852089 -5188.369196
11298.694427 -5213.385660
11323.568340 -5238.415124
11348.473828 -5263.457588
11373.410891 -5288.513052
11398.379529 -5313.581515
11423.379742 -5338.662979
11448.411530 -5363.757443
11473.488805 -5388.868806
11498.606931 -5413.995770
11523.765906 -5439.138333
11548.965731 -5464.296497
11574.206407 -5489.470260
11599.487932 -5514.659623
11624.810307 -5539.864587
11650.173533 -5565.085150
11675.577608 -5590.321313
11701.022533 -5615.573076
11726.508309 -5640.840440
11752.034934 -5666.123403
11777.602409 -5691.421966
11803.210735 -5716.736129
11828.859910 -5742.065892
11854.549935 -5767.411255
11880.280811 -5792.772218
11906.052536 -5818.148781
11931.865111 -5843.540943
11957.718536 -5868.948706
11983.612811 -5894.372069
12009.547937 -5919.811032
12035.523912 -5945.265594
12061.540737 -5970.735757
12087.598412 -5996.221520
12113.696938 -6021.722882
12139.836313 -6047.239845
12166.016538 -6072.772407
12192.237613 -6098.320570
12218.499538 -6123.884332
12244.802313 -6149.463694
12271.145938 -6175.058657
12297.530414 -6200.669219
12323.955739 -6226.295381
12350.421914 -6251.937143
12376.928939 -6277.594505
12403.476814 -6303.267467
12430.065539 -6328.956029
12456.695114 -6354.660191
12483.365539 -6380.379953
12510.051427 -6406.100690
12536.761239 -6431.827277
12563.494977 -6457.559714
12590.252640 -6483.298001
12617.034227 -6509.042138
12643.839740 -6534.792125
12670.669178 -6560.547962
12697.522540 -6586.309648
12724.399828 -6612.077185
12751.301041 -6637.850572
12778.226178 -6663.629809
12805.175241 -6689.414896
12832.148229 -6715.205832
12859.145142 -6741.002619
12886.165979 -6766.805256
12913.210742 -6792.613742
12940.279430 -6818.428079
12967.372043 -6844.248265
12994.488581 -6870.074302
13021.629044 -6895.906189
13048.793431 -6921.743925
13075.981744 -6947.587512
13103.193982 -6973.436948
13130.430145 -6999.292235
13157.690233 -7025.153371
13184.974246 -7051.020358
13212.282184 -7076.893194
13239.614047 -7102.771880
13266.969835 -7128.656417
13294.349548 -7154.546803
13321.753186 -7180.443040
13349.180749 -7206.345126
13376.632237 -7232.253062
13404.107650 -7258.166849
13431.606988 -7284.086485
13459.130251 -7310.011971
13486.677439 -7335.943307
13514.248552 -7361.880493
13541.843590 -7387.823530
13569.462553 -7413.772416
13597.116579 -7439.740277
13624.801955 -7465.722738
13652.518680 -7491.719799
13680.266756 -7517.731460
13708.046182 -7543.757722
13735.856958 -7569.798583
13763.699083 -7595.854044
13791.572559 -7621.924105
13819.477385 -7648.008766
13847.413561 -7674.108027
13875.381087 -7700.221888
13903.379963 -7726.350349
13931.410188 -7752.493411
13959.471764 -7778.651072
13987.564690 -7804.823333
14015.688966 -7831.010194
14043.844592 -7857.211655
14072.031568 -7883.427716
14100.249894 -7909.658377
14128.499570 -7935.903638
14156.780596 -7962.163499
14185.092972 -7988.437960
14213.436698 -8014.727021
14241.811775 -8041.030682
14270.218201 -8067.348943
14298.655977 -8093.681804
14327.125103 -8120.029265
14355.625579 -8146.391326
14384.157406 -8172.767987
14412.720582 -8199.159248
14441.315108 -8225.565109
14469.940984 -8251.985570
14498.598211 -8278.420631
14527.286787 -8304.870292
14556.006713 -8331.334553
14584.757990 -8357.813414
14613.540616 -8384.306875
14642.354592 -8410.814936
14671.199919 -8437.337597
14700.076595 -8463.874858
14728.975997 -8490.428556
14757.900998 -8516.998080
14786.851600 -8543.583428
14815.827801 -8570.184602
14844.829603 -8596.801600
14873.857004 -8623.434424
14902.910006 -8650.083072
14931.988607 -8676.747546
14961.092809 -8703.427844
14990.222610 -8730.123968
15019.378012 -8756.835916
15048.559013 -8783.563690
15077.765615 -8810.307288
15106.997817 -8837.066712
15136.255618 -8863.841961
15165.539020 -8890.633034
15194.848022 -8917.439933
15224.182623 -8944.262656
15253.542825 -8971.101205
15282.928627 -8997.955579
15312.340028 -9024.825777
15341.777030 -9051.711801
15371.239632 -9078.613650
15400.727833 -9105.531323
15430.241635 -9132.464822
15459.781037 -9159.414146
15489.346039 -9186.379295
15518.936641 -9213.360268
15548.552842 -9240.357067
15578.194644 -9267.369691
15607.862046 -9294.398140
15637.555048 -9321.442413
15667.273650 -9348.502512
15697.017852 -9375.578436
15726.787653 -9402.670185
15756.583055 -9429.777759
15786.404057 -9456.901157
15816.250659 -9484.040381
15846.122861 -9511.195430
15876.020663 -9538.366304
15905.948115 -9565.556078
15935.903867 -9592.763727
15965.887919 -9619.989250
15995.900271 -9647.232649
16025.940923 -9674.493923
16056.009875 -9701.773072
16086.107127 -9729.070095
16116.232679 -9756.384994
16146.386531 -9783.717767
16176.568683 -9811.068416
16206.779135 -9838.436939
16237.017888 -9865.823338
16267.284940 -9893.227611
16297.580292 -9920.649760
16327.903944 -9948.089783
16358.255896 -9975.547682
16388.636148 -10003.023455
16419.044701 -10030.517103
16449.481553 -10058.028627
16479.946705 -10085.558025
16510.440158 -10113.105298
16540.961910 -10140.670446
16571.511962 -10168.253470
16602.090315 -10195.854368
16632.696967 -10223.473141
16663.331919 -10251.109789
16693.995172 -10278.764312
16724.686724 -10306.436710
16755.406577 -10334.126983
16786.154729 -10361.835131
16816.931181 -10389.561154
16847.735934 -10417.305052
16878.568986 -10445.066825
16909.430339 -10472.846473
16940.319991 -10500.643996
16971.237944 -10528.459393
17002.184197 -10556.292666
17033.158749 -10584.143814
17064.161602 -10612.012837
17095.192754 -10639.899734
17126.249395 -10667.803982
17157.332460 -10695.725755
17188.441950 -10723.665052
17219.577865 -10751.621875
17250.740205 -10779.596222
17281.928970 -10807.588095
17313.144160 -10835.597493
17344.385776 -10863.624415
17375.653816 -10891.668863
17406.948281 -10919.730835
17438.269171 -10947.810333
17469.616486 -10975.907355
17500.990227 -11004.021902
17532.390392 -11032.153975
17563.816982 -11060.303572
17595.269997 -11088.470695
17626.749438 -11116.655342
17658.255303 -11144.857514
17689.787593 -11173.077212
17721.346308 -11201.314434
17752.931449 -11229.569181
17784.543014 -11257.841453
17816.181004 -11286.131251
17847.845420 -11314.438573
17879.536260 -11342.763420
17911.253525 -11371.105792
17942.997215 -11399.465689
17974.767331 -11427.843112
18006.563871 -11456.238059
18038.386836 -11484.650531
18070.236227 -11513.080528
18102.112042 -11541.528050
18134.014283 -11569.993097
18165.942948 -11598.475669
18197.898038 -11626.975766
18229.879554 -11655.493388
18261.887494 -11684.028535
18293.921860 -11712.581207
18325.982650 -11741.151404
18358.069865 -11769.739126
18390.177806 -11798.344335
18422.308371 -11826.967044
18454.461562 -11855.607254
18486.637377 -11884.264963
18518.835817 -11912.940173
18551.056883 -11941.632882
18583.300573 -11970.343091
18615.566889 -11999.070801
18647.855829 -12027.816010
18680.167394 -12056.578719
18712.501585 -12085.358928
18744.858400 -12114.156638
18777.237840 -12142.971847
18809.639906 -12171.804556
18842.064596 -12200.654766
18874.511912 -12229.522475
18906.981852 -12258.407684
18939.474417 -12287.310393
18971.989608 -12316.230603
19004.527423 -12345.168312
19037.087863 -12374.123521
19069.670929 -12403.096230
19102.276619 -12432.086439
19134.904934 -12461.094149
19167.555874 -12490.119358
19200.229440 -12519.162067
19232.925630 -12548.222276
19265.644445 -12577.299985
19298.385886 -12606.395194
19331.149951 -12635.507903
19363.936641 -12664.638113
19396.745956 -12693.785822
19429.577897 -12722.951031
19462.432462 -12752.133740
19495.309652 -12781.333949
19528.209468 -12810.551658
19561.131908 -12839.786867
19594.076973 -12869.039576
19627.044663 -12898.309785
19660.034979 -12927.597494
19693.043419 -12956.904166
19726.071484 -12986.229312
19759.119174 -13015.572933
19792.186489 -13044.935030
19825.273429 -13074.315601
19858.379994 -13103.714648
19891.506184 -13133.132169
19924.651999 -13162.568165
19957.817439 -13192.022636
19991.002504 -13221.495582
20024.207194 -13250.987004
20057.431509 -13280.496900
20090.675449 -13310.025271
20123.939014 -13339.572117
20157.222204 -13369.137438
20190.525019 -13398.721234
20223.847459 -13428.323505
20257.189523 -13457.944251
20290.551213 -13487.583472
20323.932528 -13517.241167
20357.333468 -13546.917338
20390.754032 -13576.611984
20424.194222 -13606.325105
20457.654036 -13636.056700
20491.133476 -13665.806771
20524.632541 -13695.575317
20558.151230 -13725.362337
20591.689545 -13755.167833
20625.247484 -13784.991804
20658.825049 -13814.834249
20692.422238 -13844.695169
20726.039053 -13874.574565
20759.675492 -13904.472435
20793.331556 -13934.388781
20827.007246 -13964.323601
20860.702560 -13994.276896
20894.417499 -14024.248667
20928.152063 -14054.238912
20961.906253 -14084.247632
20995.680067 -14114.274827
21029.476394 -14144.323160
21063.294270 -14174.391743
21097.133697 -14204.480575
21130.994674 -14234.589658
21164.877201 -14264.718991
21198.781277 -14294.868573
21232.706904 -14325.038406
21266.654081 -14355.228488
21300.622808 -14385.438821
21334.613085 -14415.669404
21368.624911 -14445.920236
21402.658288 -14476.191319
21436.713215 -14506.482651
21470.789692 -14536.794234
21504.887719 -14567.126067
21539.007296 -14597.478149
21573.148422 -14627.850482
21607.311099 -14658.243064
21641.495326 -14688.655897
21675.701103 -14719.088979
21709.928430 -14749.542312
21744.177307 -14780.015894
21778.447734 -14810.509727
21812.739711 -14841.023809
21847.053238 -14871.558142
21881.388314 -14902.112724
21915.744941 -14932.687557
21950.123118 -14963.282639
21984.522845 -14993.897972
22018.944122 -15024.533554
22053.386949 -15055.189387
22087.851326 -15085.865469
22122.337253 -15116.561802
22156.844730 -15147.278384
22191.373757 -15178.015217
22225.924334 -15208.772299
22260.496461 -15239.549631
22295.090138 -15270.347214
22329.705365 -15301.165046
22364.342142 -15332.003129
22399.008907 -15362.868173
22433.702846 -15393.757943
22468.423961 -15424.672438
22503.172250 -15455.611658
22537.947714 -15486.575603
22572.750354 -15517.564273
22607.580168 -15548.577667
22642.437158 -15579.615787
22677.321322 -15610.678632
22712.232662 -15641.766202
22747.171176 -15672.878497
22782.136865 -15704.015516
22817.129730 -15735.177261
22852.149769 -15766.363731
22887.196984 -15797.574926
22922.271373 -15828.810845
22957.372937 -15860.071490
22992.501677 -15891.356860
23027.657591 -15922.666955
23062.840680 -15954.001774
23098.050945 -15985.361319
23133.288384 -16016.745589
23168.552998 -16048.154583
23203.844787 -16079.588303
23239.163752 -16111.046747
23274.509891 -16142.529917
23309.883205 -16174.037812
23345.283694 -16205.570431
23380.711359 -16237.127776
23416.166198 -16268.709846
23451.648212 -16300.316640
23487.157401 -16331.948160
23522.693766 -16363.604404
23558.257305 -16395.285374
23593.848019 -16426.991068
23629.465908 -16458.721488
23665.110972 -16490.476632
23700.783211 -16522.256502
23736.482626 -16554.061096
23772.209215 -16585.890416
23807.959004 -16617.743223
23843.733318 -16649.619930
23879.532157 -16681.520537
23915.355521 -16713.445044
23951.203410 -16745.393451
23987.075824 -16777.365758
24022.972764 -16809.361965
24058.894228 -16841.382072
24094.840217 -16873.426079
24130.810731 -16905.493986
24166.805770 -16937.585793
24202.825334 -16969.701499
24238.869423 -17001.841106
24274.938037 -17034.004613
24311.031177 -17066.192020
24347.148841 -17098.403327
24383.291030 -17130.638534
24419.457744 -17162.897641
24455.648983 -17195.180648
24491.864747 -17227.487555
24528.105036 -17259.818362
24564.369850 -17292.173068
24600.659189 -17324.551675
24636.973053 -17356.954182
24673.311442 -17389.380589
24709.674357 -17421.830896
24746.061796 -17454.305103
24782.473760 -17486.803210
24818.910249 -17519.325216
24855.371263 -17551.871123
24891.856802 -17584.440930
24928.366866 -17617.034637
24964.901455 -17649.652244
25001.460569 -17682.293751
25038.044208 -17714.959157
25074.652372 -17747.648464
25111.285061 -17780.361671
25147.942275 -17813.098778
25184.624014 -17845.859785
25221.330279 -17878.644691
