-0.049637 0.034675
-0.131700 0.092800
-0.246187 0.174375
-0.393100 0.279400
-0.572437 0.407875
-0.784200 0.559800
-1.028387 0.735175
-1.305000 0.934000
-1.614037 1.156275
-1.955499 1.402000
-2.329387 1.671175
-2.735699 1.963800
-3.174437 2.279875
-3.645599 2.619400
-4.149186 2.982375
-4.685198 3.368800
-5.253635 3.778675
-5.854498 4.211999
-6.487785 4.668774
-7.153498 5.148999
-7.851635 5.652674
-8.582197 6.179799
-9.345184 6.730374
-10.140596 7.304399
-10.968433 7.901874
-11.828695 8.522799
-12.721382 9.167173
-13.646494 9.834998
-14.604031 10.526273
-15.593993 11.240997
-16.616381 11.979173
-17.671192 12.740798
-18.758429 13.525873
-19.878090 14.334398
-21.030178 15.166373
-22.214691 16.021799
-23.431629 16.900675
-24.680992 17.802999
-25.962780 18.728775
-27.276993 19.677999
-28.622656 20.651724
-30.000093 21.649599
-31.409306 22.671623
-32.850292 23.717798
-34.323055 24.788124
-35.827591 25.882599
-37.363903 27.001225
-38.931992 28.143999
-40.531853 29.310925
-42.163490 30.501999
-43.826904 31.717224
-45.522091 32.956600
-47.249054 34.220127
-49.007790 35.507801
-50.798302 36.819626
-52.620590 38.155602
-54.474651 39.515728
-56.360489 40.900002
-58.278103 42.308426
-60.227489 43.741001
-62.208652 45.197727
-64.221588 46.678604
-66.266304 48.183628
-68.342789 49.712803
-70.451050 51.266129
-72.591087 52.843605
-74.762901 54.445229
-76.966492 56.071003
-79.201851 57.720928
-81.468987 59.395004
-83.767899 61.093231
-86.098587 62.815605
-88.461052 64.562134
-90.855286 66.332809
-93.281296 68.127632
-95.739082 69.946609
-98.228645 71.789734
-100.749985 73.657013
-103.303101 75.548439
-105.887985 77.464012
-108.500977 79.407303
-111.143288 81.377113
-113.814926 83.373451
-116.515892 85.396317
-119.246178 87.445702
-122.005791 89.521614
-124.794731 91.624054
-127.612991 93.753014
-130.460571 95.908501
-133.337479 98.090515
-136.243713 100.299057
-139.179276 102.534119
-142.144165 104.795708
-145.138382 107.083824
-148.161926 109.398460
-151.214783 111.739624
-154.296967 114.107315
-157.408478 116.501526
-160.549316 118.922264
-163.719482 121.369530
-166.918976 123.843315
-170.147781 126.343628
-173.405914 128.870468
-176.693375 131.423828
-180.010162 134.003723
-183.356277 136.610138
-186.731720 139.243073
-190.136490 141.902542
-193.570572 144.588531
-197.033981 147.301041
-200.526718 150.040085
-204.048782 152.805649
-207.600174 155.597733
-211.180893 158.416351
-214.790924 161.261490
-218.430283 164.133148
-222.098969 167.031342
-225.796982 169.956055
-229.524323 172.907288
-233.280991 175.885056
-237.054337 178.853455
-240.848587 181.824463
-244.663742 184.798065
-248.499786 187.774261
-252.356735 190.753067
-256.234589 193.734467
-260.133331 196.718460
-264.052979 199.705063
-267.993530 202.694260
-271.954987 205.686066
-275.937347 208.680466
-279.940613 211.677460
-283.964752 214.677063
-288.009796 217.679260
-292.075745 220.684067
-296.162598 223.691467
-300.270355 226.701462
-304.399017 229.714066
-308.548584 232.729263
-312.719025 235.747070
-316.910370 238.767471
-321.122620 241.790466
-325.355774 244.816071
-329.609833 247.844269
-333.884796 250.875076
-338.180664 253.908478
-342.497406 256.944489
-346.835052 259.983093
-351.193604 263.024292
-355.573059 266.068085
-359.973419 269.114471
-364.394684 272.163483
-368.836853 275.215088
-373.299896 278.269287
-377.783844 281.326080
-382.288696 284.385468
-386.814453 287.447479
-391.361115 290.512085
-395.928680 293.579285
-400.517151 296.649078
-405.111023 299.707947
-409.715454 302.760376
-414.330475 305.806396
-418.956055 308.845978
-423.592224 311.879150
-428.238953 314.905884
-432.896271 317.926208
-437.564178 320.940094
-442.242645 323.947571
-446.931702 326.948608
-451.631317 329.943207
-456.341522 332.931396
-461.062286 335.913147
-465.793640 338.888489
-470.535553 341.857391
-475.288055 344.819885
-480.051117 347.775940
-484.824768 350.725586
-489.608978 353.668793
-494.403778 356.605591
-499.209137 359.535950
-504.025085 362.459900
-508.851593 365.377411
-513.688660 368.288513
-518.536316 371.193176
-523.394531 374.091431
-528.263367 376.983246
-533.142761 379.868622
-538.032715 382.747589
-542.933228 385.620117
-547.844360 388.486237
-552.766052 391.345917
-557.698303 394.199188
-562.641113 397.046021
-567.594543 399.886444
-572.558533 402.720428
-577.533081 405.548004
-582.518188 408.369141
-587.513916 411.183868
-592.520203 413.992157
-597.526855 416.842346
-602.537231 419.718353
-607.551331 422.620148
-612.569214 425.547760
-617.590820 428.501160
-622.616211 431.480377
-627.645325 434.485382
-632.678223 437.516174
-637.714844 440.572784
-642.755188 443.655182
-647.799316 446.763397
-652.847168 449.897400
-657.898804 453.057190
-662.954163 456.242798
-668.013306 459.454193
-673.076172 462.691406
-678.142822 465.954407
-683.213196 469.243225
-688.287292 472.557831
-693.365173 475.898224
-698.446777 479.264435
-703.532166 482.656433
-708.621277 486.074249
-713.714172 489.517853
-718.810791 492.987244
-723.911133 496.482452
-729.015259 500.003448
-734.123108 503.550262
-739.234741 507.122864
-744.350098 510.721252
-749.469238 514.345459
-754.592102 517.995483
-759.718750 521.671265
-764.849121 525.372864
-769.983215 529.100281
-775.121094 532.853455
-780.262695 536.632446
-785.408081 540.437256
-790.557190 544.267883
-795.710083 548.124268
-800.845215 552.007019
-805.969788 555.915955
-811.083740 559.851074
-816.187134 563.812378
-821.279968 567.799866
-826.362244 571.813477
-831.433899 575.853271
-836.494995 579.919250
-841.545532 584.011414
-846.585510 588.129761
-851.614868 592.274292
-856.633667 596.445007
-861.641907 600.641846
-866.639587 604.864868
-871.626648 609.114075
-876.603149 613.389465
-881.569092 617.691040
-886.524475 622.018799
-891.469238 626.372742
-896.403442 630.752808
-901.327087 635.159058
-906.240173 639.591492
-911.142639 644.050110
-916.034546 648.534912
-920.915894 653.045898
-925.786682 657.583069
-930.646851 662.146362
-935.496460 666.735840
-940.335510 671.351501
-945.164001 675.993347
-949.981873 680.661377
-954.789185 685.355591
-959.585938 690.075928
-964.372070 694.822449
-969.147644 699.595154
-973.912659 704.394043
-978.667114 709.219116
-983.410950 714.070374
-988.144226 718.947815
-992.866943 723.851379
-997.594177 728.802185
-1002.320923 733.793213
-1007.047180 738.824402
-1011.772949 743.895813
-1016.498169 749.007385
-1021.222900 754.159180
-1025.947144 759.351196
-1030.670898 764.583374
-1035.394165 769.855774
-1040.116943 775.168396
-1044.839233 780.521179
-1049.561035 785.914185
-1054.282227 791.347412
-1059.002930 796.820801
-1063.723145 802.334412
-1068.442871 807.888184
-1073.162109 813.482178
-1077.880859 819.116394
-1082.599121 824.790771
-1087.316895 830.505371
-1092.034180 836.260193
-1096.750977 842.055176
-1101.467163 847.890381
-1106.182861 853.765808
-1110.898071 859.681396
-1115.612793 865.637207
-1120.327026 871.633179
-1125.040771 877.669373
-1129.754028 883.745789
-1134.466797 889.862366
-1139.179077 896.019165
-1143.890869 902.216187
-1148.602173 908.453369
-1153.312866 914.730774
-1158.023071 921.048340
-1162.732788 927.406128
-1167.442017 933.804138
-1172.150757 940.242310
-1176.859009 946.720703
-1181.566772 953.239319
-1186.266479 959.810852
-1190.960693 966.431030
-1195.649292 973.099915
-1200.332397 979.817444
-1205.010010 986.583679
-1209.682129 993.398560
-1214.348633 1000.262146
-1219.009644 1007.174377
-1223.665161 1014.135254
-1228.315186 1021.144836
-1232.959595 1028.203125
-1237.598511 1035.310059
-1242.231934 1042.465698
-1246.859863 1049.669922
-1251.482178 1056.922852
-1256.098999 1064.224487
-1260.710327 1071.574829
-1265.316162 1078.973755
-1269.916382 1086.421387
-1274.511108 1093.917725
-1279.100342 1101.462769
-1283.683960 1109.056396
-1288.262085 1116.698730
-1292.834717 1124.389771
-1297.401855 1132.129517
-1301.963379 1139.917847
-1306.519409 1147.754883
-1311.069946 1155.640625
-1315.614990 1163.575073
-1320.154419 1171.558105
-1324.688354 1179.589844
-1329.216797 1187.670288
-1333.739746 1195.799438
-1338.257080 1203.977173
-1342.768921 1212.203613
-1347.275269 1220.478760
-1351.776123 1228.802612
-1356.271362 1237.175049
-1360.761108 1245.596191
-1365.245361 1254.066040
-1369.713989 1262.539673
-1374.170410 1271.031982
-1378.614624 1279.542969
-1383.046631 1288.072754
-1387.466431 1296.621216
-1391.873901 1305.188477
-1396.269165 1313.774414
-1400.652222 1322.379028
-1405.023071 1331.002441
-1409.381714 1339.644531
-1413.728149 1348.305420
-1418.062378 1356.984985
-1422.384277 1365.683228
-1426.693970 1374.400269
-1430.991455 1383.135986
-1435.276733 1391.890503
-1439.549805 1400.663696
-1443.810669 1409.455566
-1448.059326 1418.266235
-1452.295654 1427.095581
-1456.519775 1435.943726
-1460.731689 1444.810547
-1464.931396 1453.696045
-1469.118896 1462.600342
-1473.294189 1471.523315
-1477.457153 1480.465088
-1481.607910 1489.425537
-1485.746460 1498.404663
-1489.872803 1507.402588
-1493.986938 1516.419189
-1498.088867 1525.454590
-1502.178589 1534.508667
-1506.255981 1543.581421
-1510.321167 1552.672974
-1514.374146 1561.783203
-1518.414917 1570.912231
-1522.443481 1580.059937
-1526.459839 1589.226318
-1530.463989 1598.411499
-1534.455811 1607.615356
-1538.465698 1616.827881
-1542.483521 1626.052368
-1546.509277 1635.288818
-1550.542969 1644.537354
-1554.584595 1653.797852
-1558.634033 1663.070312
-1562.691406 1672.354858
-1566.756714 1681.651367
-1570.829956 1690.959839
-1574.911133 1700.280396
-1579.000244 1709.612915
-1583.097290 1718.957397
-1587.202271 1728.313965
-1591.315186 1737.682495
-1595.436035 1747.062988
-1599.564819 1756.455444
-1603.701538 1765.859985
-1607.846191 1775.276489
-1611.998657 1784.704956
-1616.159058 1794.145508
-1620.327393 1803.598022
-1624.503662 1813.062500
-1628.687866 1822.539062
-1632.880005 1832.027588
-1637.080078 1841.528076
-1641.288086 1851.040527
-1645.504028 1860.565063
-1649.727905 1870.101562
-1653.959717 1879.650024
-1658.199463 1889.210571
-1662.447144 1898.783081
-1666.702637 1908.367554
-1670.966064 1917.964111
-1675.237427 1927.572632
-1679.516724 1937.193115
-1683.803955 1946.825684
-1688.099121 1956.470215
-1692.402222 1966.126709
-1696.713257 1975.795166
-1701.032227 1985.475708
-1705.363892 1995.194214
-1709.706665 2004.942139
-1714.060547 2014.719360
-1718.425537 2024.526001
-1722.801758 2034.361938
-1727.189087 2044.227173
-1731.587524 2054.121826
-1735.997070 2064.045898
-1740.417725 2073.999268
-1744.849487 2083.981934
-1749.292358 2093.993896
-1753.746460 2104.035400
-1758.211670 2114.106201
-1762.687988 2124.206299
-1767.175415 2134.335693
-1771.673950 2144.494385
-1776.183594 2154.682617
-1780.704346 2164.900146
-1785.236328 2175.146973
-1789.779419 2185.423096
-1794.333618 2195.728516
-1798.898926 2206.063477
-1803.475342 2216.427734
-1808.062866 2226.821289
-1812.661499 2237.244141
-1817.271240 2247.696533
-1821.892212 2258.178223
-1826.524292 2268.689209
-1831.167480 2279.229492
-1835.821777 2289.799072
-1840.487183 2300.398193
-1845.163696 2311.026611
-1849.851318 2321.684326
-1854.550171 2332.371338
-1859.260132 2343.087891
-1863.981201 2353.833740
-1868.713379 2364.608887
-1873.456665 2375.413330
-1878.211060 2386.247070
-1882.976562 2397.110352
-1887.721802 2407.988037
-1892.457275 2418.885254
-1897.182983 2429.801758
-1901.898926 2440.737793
-1906.604980 2451.693359
-1911.301270 2462.668213
-1915.987793 2473.662598
-1920.664429 2484.676514
-1925.331299 2495.709717
-1929.988403 2506.762451
-1934.635742 2517.834717
-1939.273193 2528.926270
-1943.900879 2540.037354
-1948.518799 2551.167969
-1953.126831 2562.317871
-1957.725098 2573.487305
-1962.313599 2584.676270
-1966.892334 2595.884521
-1971.461182 2607.112305
-1976.020264 2618.359619
-1980.569580 2629.626221
-1985.109009 2640.912354
-1989.638672 2652.218018
-1994.158569 2663.542969
-1998.668701 2674.887451
-2003.168945 2686.251465
-2007.659424 2697.634766
-2012.140137 2709.037598
-2016.611084 2720.459961
-2021.072144 2731.901611
-2025.523438 2743.362793
-2029.964966 2754.843506
-2034.396606 2766.343506
-2038.818481 2777.863037
-2043.230591 2789.402100
-2047.632935 2800.960449
-2052.025391 2812.538330
-2056.407959 2824.135742
-2060.780762 2835.752441
-2065.143799 2847.388672
-2069.505859 2859.024170
-2073.864014 2870.665771
-2078.218262 2882.313232
-2082.568359 2893.966797
-2086.914551 2905.626221
-2091.256836 2917.291748
-2095.595215 2928.963379
-2099.929688 2940.640869
-2104.260254 2952.324463
-2108.586670 2964.013916
-2112.909180 2975.709473
-2117.227783 2987.410889
-2121.542480 2999.118408
-2125.853271 3010.832031
-2130.159912 3022.551514
-2134.462646 3034.277100
-2138.761475 3046.008545
-2143.056396 3057.746094
-2147.347412 3069.489502
-2151.634521 3081.239014
-2155.917480 3092.994629
-2160.196533 3104.756104
-2164.471680 3116.523682
-2168.742920 3128.297119
-2173.010254 3140.076660
-2177.273682 3151.862061
-2181.532959 3163.653564
-2185.788330 3175.451172
-2190.039795 3187.254639
-2194.287354 3199.064209
-2198.531006 3210.879639
-2202.770508 3222.701172
-2207.006104 3234.528809
-2211.237793 3246.362305
-2215.465576 3258.201904
-2219.689453 3270.047363
-2223.909424 3281.898926
-2228.125244 3293.756348
-2232.337158 3305.619873
-2236.545166 3317.489502
-2240.763672 3329.380127
-2244.987793 3341.287109
-2249.217529 3353.210205
-2253.452881 3365.149414
-2257.693848 3377.104736
-2261.940674 3389.076172
-2266.193115 3401.063721
-2270.451172 3413.067383
-2274.714844 3425.087402
-2278.984131 3437.123535
-2283.259033 3449.175781
-2287.539551 3461.244141
-2291.825928 3473.328613
-2296.117920 3485.429199
-2300.415527 3497.546143
-2304.718750 3509.679199
-2309.027588 3521.828369
-2313.342041 3533.993652
-2317.662109 3546.175049
-2321.988037 3558.372559
-2326.319580 3570.586182
-2330.656738 3582.816162
-2334.999512 3595.062256
-2339.347900 3607.324463
-2343.701904 3619.602783
-2348.061523 3631.897217
-2352.427002 3644.207764
-2356.798096 3656.534424
-2361.174805 3668.877441
-2365.557129 3681.236572
-2369.945068 3693.611816
-2374.338623 3706.003174
-2378.737793 3718.410645
-2383.142822 3730.834229
-2387.553467 3743.274170
-2391.969727 3755.730225
-2396.391602 3768.202393
-2400.819092 3780.690674
-2405.252197 3793.195068
-2409.690918 3805.715576
-2414.115234 3818.230469
-2418.531738 3830.746826
-2422.940430 3843.264648
-2427.341309 3855.784180
-2431.734619 3868.305176
-2436.120117 3880.827637
-2440.497803 3893.351807
-2444.867676 3905.877441
-2449.229736 3918.404541
-2453.583984 3930.933350
-2457.930664 3943.463623
-2462.269531 3955.995605
-2466.600586 3968.529053
-2470.923828 3981.063965
-2475.239258 3993.600586
-2479.546875 4006.138672
-2483.846680 4018.678223
-2488.138916 4031.219482
-2492.423340 4043.762207
-2496.699951 4056.306396
-2500.968750 4068.852295
-2505.229736 4081.399658
-2509.482910 4093.948486
-2513.728516 4106.499023
-2517.966309 4119.051270
-2522.196289 4131.604980
-2526.418457 4144.160156
-2530.632812 4156.716797
-2534.839355 4169.274902
-2539.038330 4181.834473
-2543.229492 4194.395996
-2547.412842 4206.958984
-2551.588379 4219.523438
-2555.756104 4232.089355
-2559.916016 4244.656738
-2564.068115 4257.225586
-2568.212646 4269.796387
-2572.349365 4282.368652
-2576.478271 4294.942383
-2580.599365 4307.517578
-2584.719238 4320.059082
-2588.835938 4332.578613
-2592.949219 4345.076172
-2597.059082 4357.551758
-2601.165771 4370.005371
-2605.269043 4382.437012
-2609.368896 4394.846680
-2613.465332 4407.234375
-2617.558594 4419.600098
-2621.648438 4431.943848
-2625.734863 4444.265625
-2629.817871 4456.565430
-2633.897705 4468.843262
-2637.974121 4481.099121
-2642.047119 4493.333008
-2646.116943 4505.544922
-2650.183350 4517.734863
-2654.246338 4529.902832
-2658.305908 4542.048828
-2662.362305 4554.172852
-2666.415283 4566.274902
-2670.464844 4578.354980
-2674.511230 4590.413086
-2678.554199 4602.449219
-2682.593750 4614.463379
-2686.629883 4626.455566
-2690.662842 4638.425781
-2694.692383 4650.374023
-2698.718506 4662.300293
-2702.741211 4674.204590
-2706.760742 4686.086914
-2710.776855 4697.947266
-2714.789551 4709.785645
-2718.799072 4721.602051
-2722.805176 4733.396484
-2726.807861 4745.168945
-2730.807129 4756.919434
-2734.803223 4768.647949
-2738.795898 4780.354492
-2742.785156 4792.039062
-2746.784668 4803.749512
-2750.789795 4815.470215
-2754.800537 4827.201172
-2758.816895 4838.941895
-2762.838867 4850.692871
-2766.866699 4862.453613
-2770.900146 4874.224609
-2774.939209 4886.005859
-2778.983887 4897.796875
-2783.034180 4909.598145
-2787.090088 4921.409668
-2791.151611 4933.230957
-2795.218994 4945.062500
-2799.291992 4956.904297
-2803.370605 4968.755859
-2807.454834 4980.617676
-2811.544678 4992.489258
-2815.640137 5004.371094
-2819.741211 5016.263184
-2823.848145 5028.165039
-2827.960693 5040.077148
-2832.078857 5051.999512
-2836.202637 5063.931641
-2840.332031 5075.874023
-2844.467041 5087.826660
-2848.607666 5099.789062
-2852.754150 5111.761719
-2856.906250 5123.744141
-2861.063965 5135.736816
-2865.227295 5147.739746
-2869.396240 5159.752441
-2873.570801 5171.775391
-2877.750977 5183.808594
-2881.937012 5195.851562
-2886.128662 5207.904785
-2890.325928 5219.967773
-2894.528809 5232.041016
-2898.737305 5244.124512
-2902.951416 5256.217773
-2907.171143 5268.321289
-2911.372070 5280.429199
-2915.562256 5292.542969
-2919.741455 5304.663086
-2923.909912 5316.789551
-2928.067627 5328.921875
-2932.214600 5341.060547
-2936.350830 5353.205566
-2940.476318 5365.356445
-2944.591064 5377.513672
-2948.694824 5389.676758
-2952.787842 5401.846191
-2956.870117 5414.021973
-2960.941650 5426.203613
-2965.002441 5438.391602
-2969.052490 5450.585938
-2973.091797 5462.786133
-2977.120117 5474.992676
-2981.137695 5487.205566
-2985.144531 5499.424316
-2989.140625 5511.649414
-2993.125977 5523.880859
-2997.100586 5536.118164
-3001.064453 5548.361816
-3005.017578 5560.611816
-3008.959717 5572.867676
-3012.891113 5585.129883
-3016.811768 5597.397949
-3020.721680 5609.672363
-3024.620850 5621.953125
-3028.509277 5634.239746
-3032.386963 5646.532715
-3036.253662 5658.832031
-3040.109619 5671.137207
-3043.954834 5683.448730
-3047.789307 5695.766602
-3051.613037 5708.090332
-3055.426025 5720.420410
-3059.228271 5732.756836
-3063.019775 5745.099121
-3066.800293 5757.447754
-3070.586426 5769.805664
-3074.372803 5782.171875
-3078.159424 5794.546387
-3081.946045 5806.929199
-3085.732910 5819.319824
-3089.519775 5831.718750
-3093.306885 5844.125977
-3097.094238 5856.541504
-3100.881592 5868.965332
-3104.669189 5881.397461
-3108.457031 5893.837891
-3112.244873 5906.286621
-3116.032959 5918.743652
-3119.821045 5931.208984
-3123.609375 5943.682129
-3127.397949 5956.163574
-3131.186523 5968.653320
-3134.975342 5981.151367
-3138.764160 5993.657715
-3142.553223 6006.172363
-3146.342529 6018.695312
-3150.131836 6031.226562
-3153.921387 6043.766113
-3157.711182 6056.313965
-3161.500977 6068.869629
-3165.291016 6081.433594
-3169.081055 6094.005859
-3172.871338 6106.586426
-3176.661865 6119.175293
-3180.452393 6131.772461
-3184.243164 6144.377930
-3188.033936 6156.991699
-3191.824951 6169.613770
-3195.616211 6182.243652
-3199.407471 6194.881836
-3203.198975 6207.528320
-3206.990479 6220.183105
-3210.782227 6232.846191
-3214.574219 6245.517578
-3218.366211 6258.197266
-3222.134033 6270.902832
-3225.885498 6283.627930
-3229.620850 6296.373047
-3233.340088 6309.138184
-3237.043213 6321.923340
-3240.729980 6334.728027
-3244.400635 6347.552734
-3248.055176 6360.397461
-3251.693604 6373.262207
-3255.315674 6386.146484
-3258.921631 6399.050781
-3262.511475 6411.975098
-3266.085205 6424.919434
-3269.642578 6437.883301
-3273.183838 6450.867188
-3276.708984 6463.871094
-3280.218018 6476.895020
-3283.710693 6489.938477
-3287.187256 6503.001953
-3290.647705 6516.085449
-3294.092041 6529.188965
-3297.520020 6542.312012
-3300.931885 6555.455078
-3304.327637 6568.618164
-3307.707275 6581.801270
-3311.070557 6595.003906
-3314.417725 6608.226562
-3317.748779 6621.469238
-3321.063721 6634.731934
-3324.362305 6648.014160
-3327.644775 6661.316406
-3330.911133 6674.638672
-3334.161377 6687.980957
-3337.395264 6701.342773
-3340.613037 6714.724609
-3343.814697 6728.126465
-3347.000244 6741.548340
-3350.169434 6754.990234
-3353.322510 6768.451660
-3356.459473 6781.933105
-3359.594238 6795.435059
-3362.722168 6808.957031
-3365.843262 6822.499023
-3368.957520 6836.061523
-3372.064941 6849.644043
-3375.165527 6863.247070
-3378.259277 6876.870117
-3381.346191 6890.513184
-3384.426270 6904.176758
-3387.499512 6917.860352
-3390.565918 6931.563965
-3393.625488 6945.288086
-3396.678467 6959.032227
-3399.724609 6972.796875
-3402.763916 6986.581543
-3405.796387 7000.386230
-3408.822021 7014.211426
-3411.840820 7028.056641
-3414.852783 7041.921875
-3417.857910 7055.807617
-3420.856201 7069.713379
-3423.847656 7083.639160
-3426.832275 7097.585449
-3429.810059 7111.551758
-3432.781006 7125.538574
-3435.745117 7139.545410
-3438.702393 7153.572266
-3441.652832 7167.619629
-3444.596436 7181.687012
-3447.533203 7195.774414
-3450.463135 7209.882324
-3453.386230 7224.010254
-3456.302490 7238.158691
-3459.211914 7252.327148
-3462.114502 7266.515625
-3465.010498 7280.724609
-3467.899658 7294.953613
-3470.781982 7309.202637
-3473.657471 7323.472168
-3476.526123 7337.761719
-3479.408447 7352.073242
-3482.297852 7366.406250
-3485.194092 7380.760742
-3488.097412 7395.136719
-3491.007568 7409.534180
-3493.924805 7423.953125
-3496.848877 7438.393555
-3499.780029 7452.855469
-3502.718018 7467.338867
-3505.663086 7481.843750
-3508.614990 7496.370117
-3511.573975 7510.917969
-3514.539795 7525.487305
-3517.512451 7540.078125
-3520.492188 7554.690430
-3523.478760 7569.324219
-3526.472412 7583.979492
-3529.472900 7598.656250
-3532.480469 7613.354492
-3535.494873 7628.074219
-3538.516357 7642.815430
-3541.544678 7657.578125
-3544.580078 7672.362305
-3547.622314 7687.167969
-3550.671631 7701.995117
-3553.727783 7716.843750
-3556.791016 7731.713867
-3559.861084 7746.605469
-3562.937988 7761.518555
-3566.021973 7776.453125
-3569.112793 7791.409180
-3572.210693 7806.386719
-3575.315430 7821.385742
-3578.427246 7836.406250
-3581.545898 7851.448242
-3584.671631 7866.511719
-3587.804199 7881.596680
-3590.943848 7896.703125
-3594.090332 7911.831055
-3597.243896 7926.980469
-3600.395996 7942.143555
-3603.549561 7957.322754
-3606.704346 7972.518555
-3609.860596 7987.730469
-3613.018311 8002.958984
-3616.177490 8018.203613
-3619.337891 8033.464844
-3622.499756 8048.742188
-3625.663086 8064.036133
-3628.827881 8079.346191
-3631.993896 8094.672852
-3635.161377 8110.015625
-3638.330322 8125.375000
-3641.500732 8140.750488
-3644.672363 8156.142578
-3647.845459 8171.550781
-3651.020020 8186.975586
-3654.195801 8202.416992
-3657.373047 8217.874023
-3660.551758 8233.347656
-3663.731934 8248.837891
-3666.913330 8264.344727
-3670.096191 8279.867188
-3673.280518 8295.406250
-3676.466309 8310.961914
-3679.653320 8326.533203
-3682.841797 8342.121094
-3686.031738 8357.725586
-3689.223145 8373.346680
-3692.415771 8388.983398
-3695.609863 8404.636719
-3698.805420 8420.306641
-3702.002197 8435.993164
-3705.200439 8451.695312
-3708.400146 8467.414062
-3711.601318 8483.149414
-3714.803711 8498.901367
-3718.007568 8514.668945
-3721.212891 8530.453125
-3724.419678 8546.253906
-3727.641113 8562.056641
-3730.872803 8577.865234
-3734.114746 8593.680664
-3737.366943 8609.502930
-3740.629395 8625.331055
-3743.902100 8641.166016
-3747.185059 8657.007812
-3750.478271 8672.855469
-3753.781982 8688.709961
-3757.095947 8704.571289
-3760.420166 8720.438477
-3763.754639 8736.312500
-3767.099365 8752.193359
-3770.454346 8768.080078
-3773.819580 8783.973633
-3777.195068 8799.874023
-3780.580811 8815.780273
-3783.976807 8831.693359
-3787.383057 8847.613281
-3790.799805 8863.539062
-3794.226807 8879.471680
-3797.664062 8895.411133
-3801.111572 8911.357422
-3804.569336 8927.309570
-3808.037354 8943.268555
-3811.515625 8959.234375
-3815.004150 8975.206055
-3818.502930 8991.184570
-3822.011963 9007.169922
-3825.531250 9023.161133
-3829.060791 9039.159180
-3832.600830 9055.164062
-3836.151123 9071.174805
-3839.711670 9087.192383
-3843.282471 9103.216797
-3846.863525 9119.247070
-3850.454834 9135.284180
-3854.056396 9151.328125
-3857.668213 9167.377930
-3861.290283 9183.434570
-3864.934326 9199.475586
-3868.596436 9215.507812
-3872.276611 9231.531250
-3875.974854 9247.545898
-3879.691162 9263.552734
-3883.425537 9279.550781
-3887.177979 9295.540039
-3890.948486 9311.521484
-3894.737305 9327.494141
-3898.544189 9343.458008
-3902.369141 9359.413086
-3906.212158 9375.360352
-3910.073242 9391.298828
-3913.952393 9407.228516
-3917.849609 9423.149414
-3921.764893 9439.062500
-3925.698242 9454.966797
-3929.649658 9470.862305
-3933.619141 9486.750000
-3937.606689 9502.628906
-3941.612305 9518.499023
-3945.635986 9534.360352
-3949.677734 9550.213867
-3953.737549 9566.058594
-3957.815430 9581.894531
-3961.911377 9597.721680
-3966.025391 9613.541016
-3970.157471 9629.351562
-3974.307617 9645.153320
-3978.475830 9660.947266
-3982.662109 9676.732422
-3986.866455 9692.508789
-3991.088867 9708.276367
-3995.329346 9724.036133
-3999.587891 9739.787109
-4003.864502 9755.529297
-4008.159424 9771.262695
-4012.472412 9786.988281
-4016.803467 9802.705078
-4021.152588 9818.413086
-4025.509766 9834.142578
-4029.878662 9849.883789
-4034.259033 9865.636719
-4038.650879 9881.400391
-4043.054199 9897.175781
-4047.468994 9912.962891
-4051.895508 9928.761719
-4056.333496 9944.571289
-4060.782959 9960.392578
-4065.243896 9976.225586
-4069.716309 9992.069336
-4074.200439 10007.924805
-4078.696045 10023.791992
-4083.203125 10039.670898
-4087.721680 10055.560547
-4092.251953 10071.461914
-4096.793457 10087.375000
-4101.346680 10103.298828
-4105.911621 10119.234375
-4110.487793 10135.181641
-4115.075684 10151.140625
-4119.674805 10167.110352
-4124.285645 10183.091797
-4128.908203 10199.084961
-4133.541992 10215.089844
-4138.187500 10231.105469
-4142.844238 10247.132812
-4147.512695 10263.171875
-4152.192871 10279.221680
-4156.884277 10295.283203
-4161.587402 10311.356445
-4166.301758 10327.441406
-4171.027832 10343.537109
-4175.765625 10359.644531
-4180.514648 10375.763672
-4185.275391 10391.894531
-4190.047363 10408.036133
-4194.831055 10424.189453
-4199.626465 10440.354492
-4204.433105 10456.530273
-4209.217285 10472.714844
-4213.990723 10488.908203
-4218.752930 10505.111328
-4223.503906 10521.323242
-4228.243652 10537.543945
-4232.972656 10553.774414
-4237.690430 10570.013672
-4242.396973 10586.262695
-4247.092285 10602.520508
-4251.776855 10618.787109
-4256.450195 10635.063477
-4261.112305 10651.348633
-4265.763672 10667.643555
-4270.403809 10683.947266
-4275.032715 10700.260742
-4279.650391 10716.583008
-4284.257324 10732.914062
-4288.853027 10749.254883
-4293.437500 10765.604492
-4298.010742 10781.963867
-4302.573242 10798.332031
-4307.124512 10814.709961
-4311.664551 10831.096680
-4316.193359 10847.492188
-4320.711426 10863.897461
-4325.218262 10880.311523
-4329.713867 10896.735352
-4334.198730 10913.167969
-4338.672363 10929.609375
-4343.134766 10946.060547
-4347.585938 10962.520508
-4352.026367 10978.990234
-4356.455566 10995.468750
-4360.873535 11011.957031
-4365.280273 11028.454102
-4369.676270 11044.959961
-4374.061035 11061.475586
-4378.434570 11078.000000
-4382.797363 11094.534180
-4387.148926 11111.077148
-4391.480957 11127.625000
-4395.796387 11144.178711
-4400.094727 11160.739258
-4404.376465 11177.305664
-4408.641602 11193.877930
-4412.890137 11210.457031
-4417.122070 11227.041992
-4421.336914 11243.633789
-4425.535156 11260.231445
-4429.716797 11276.834961
-4433.881836 11293.445312
-4438.030273 11310.061523
-4442.161621 11326.683594
-4446.276367 11343.312500
-4450.374512 11359.947266
-4454.456055 11376.588867
-4458.520996 11393.236328
-4462.568848 11409.889648
-4466.600098 11426.549805
-4470.614746 11443.215820
-4474.612793 11459.887695
-4478.594238 11476.566406
-4482.558594 11493.250977
-4486.506348 11509.942383
-4490.437500 11526.639648
-4494.352051 11543.342773
-4498.250000 11560.052734
-4502.130859 11576.768555
-4505.995117 11593.490234
-4509.842773 11610.218750
-4513.673828 11626.953125
-4517.488281 11643.694336
-4521.285645 11660.441406
-4525.066406 11677.194336
-4528.830566 11693.954102
-4532.578125 11710.719727
-4536.309082 11727.491211
-4540.022949 11744.269531
-4543.720215 11761.053711
-4547.400879 11777.844727
-4551.086914 11794.671875
-4554.770508 11811.525391
-4558.452148 11828.405273
-4562.131836 11845.311523
-4565.809082 11862.244141
-4569.484375 11879.203125
-4573.157715 11896.188477
-4576.829102 11913.200195
-4580.498047 11930.238281
-4584.165039 11947.302734
-4587.830078 11964.393555
-4591.492676 11981.510742
-4595.153320 11998.654297
-4598.812012 12015.824219
-4602.468262 12033.020508
-4606.122559 12050.243164
-4609.774902 12067.492188
-4613.425293 12084.767578
-4617.073242 12102.070312
-4620.719238 12119.399414
-4624.363281 12136.754883
-4628.004883 12154.136719
-4631.644531 12171.544922
-4635.282227 12188.979492
-4638.917480 12206.440430
-4642.550781 12223.927734
-4646.182129 12241.441406
-4649.811523 12258.981445
-4653.438477 12276.547852
-4657.063477 12294.140625
-4660.686523 12311.759766
-4664.307129 12329.405273
-4667.925781 12347.077148
-4671.542480 12364.775391
-4675.156738 12382.500000
-4678.769043 12400.250977
-4682.379395 12418.028320
-4685.987793 12435.832031
-4689.593750 12453.662109
-4693.197754 12471.518555
-4696.805664 12489.373047
-4700.415527 12507.235352
-4704.026855 12525.105469
-4707.640137 12542.982422
-4711.255371 12560.867188
-4714.872559 12578.759766
-4718.491699 12596.659180
-4722.112793 12614.566406
-4725.735840 12632.481445
-4729.360352 12650.404297
-4732.986816 12668.333984
-4736.615234 12686.271484
-4740.245605 12704.216797
-4743.877930 12722.168945
-4747.512207 12740.128906
-4751.147949 12758.096680
-4754.785645 12776.072266
-4758.425293 12794.054688
-4762.066895 12812.044922
-4765.710449 12830.042969
-4769.355957 12848.047852
-4773.002930 12866.060547
-4776.651855 12884.081055
-4780.302734 12902.108398
-4783.955566 12920.143555
-4787.610352 12938.186523
-4791.267090 12956.237305
-4794.925293 12974.294922
-4798.585449 12992.360352
-4802.247559 13010.433594
-4805.911621 13028.513672
-4809.577637 13046.601562
-4813.245605 13064.697266
-4816.915527 13082.800781
-4820.586914 13100.911133
-4824.260254 13119.029297
-4827.935547 13137.155273
-4831.612793 13155.288086
-4835.291992 13173.428711
-4838.973145 13191.577148
-4842.660156 13209.705078
-4846.352051 13227.822266
-4850.048340 13245.928711
-4853.749512 13264.024414
-4857.455566 13282.109375
-4861.166016 13300.183594
-4864.881348 13318.246094
-4868.601074 13336.297852
-4872.325684 13354.338867
-4876.055176 13372.369141
-4879.789062 13390.388672
-4883.527832 13408.397461
-4887.271484 13426.395508
-4891.019531 13444.381836
-4894.772461 13462.357422
-4898.529785 13480.322266
-4902.291992 13498.276367
-4906.059082 13516.219727
-4909.830566 13534.152344
-4913.606934 13552.074219
-4917.388184 13569.984375
-4921.173828 13587.883789
-4924.964355 13605.772461
-4928.759277 13623.650391
-4932.559082 13641.517578
-4936.363770 13659.374023
-4940.172852 13677.219727
-4943.986816 13695.054688
-4947.805664 13712.877930
-4951.628906 13730.690430
-4955.457031 13748.492188
-4959.289551 13766.283203
-4963.126953 13784.063477
-4966.969238 13801.833008
-4970.815918 13819.591797
-4974.667480 13837.338867
-4978.523926 13855.075195
-4982.384766 13872.800781
-4986.250488 13890.515625
-4990.120605 13908.219727
-4994.011230 13925.914062
-4997.917480 13943.598633
-5001.838867 13961.273438
-5005.775391 13978.938477
-5009.727051 13996.594727
-5013.693848 14014.241211
-5017.676270 14031.877930
-5021.673828 14049.504883
-5025.686523 14067.122070
-5029.714355 14084.729492
-5033.757324 14102.327148
-5037.815430 14119.915039
-5041.889160 14137.493164
-5045.978027 14155.061523
-5050.082031 14172.620117
-5054.201172 14190.168945
-5058.335449 14207.708008
-5062.485352 14225.237305
-5066.650391 14242.756836
-5070.830566 14260.266602
-5075.025879 14277.766602
-5079.236328 14295.256836
-5083.461914 14312.737305
-5087.703125 14330.208008
-5091.959473 14347.668945
-5096.230957 14365.120117
-5100.517578 14382.561523
-5104.819336 14399.993164
-5109.136230 14417.415039
-5113.468750 14434.827148
-5117.816406 14452.229492
-5122.179199 14469.622070
-5126.557129 14487.004883
-5130.950195 14504.377930
-5135.358887 14521.741211
-5139.782715 14539.094727
-5144.221680 14556.438477
-5148.675781 14573.772461
-5153.145020 14591.096680
-5157.629395 14608.411133
-5162.125488 14625.692383
-5166.634277 14642.948242
-5171.155762 14660.179688
-5175.689941 14677.385742
-5180.236816 14694.566406
-5184.796387 14711.721680
-5189.368652 14728.851562
-5193.953613 14745.956055
-5198.551270 14763.035156
-5203.161621 14780.089844
-5207.784668 14797.119141
-5212.420410 14814.123047
-5217.068848 14831.101562
-5221.729980 14848.054688
-5226.403809 14864.982422
-5231.090332 14881.884766
-5235.789551 14898.762695
-5240.501465 14915.615234
-5245.226074 14932.442383
-5249.963379 14949.244141
-5254.713379 14966.020508
-5259.476074 14982.771484
-5264.251465 14999.497070
-5269.039551 15016.198242
-5273.840332 15032.874023
-5278.653809 15049.524414
-5283.479980 15066.149414
-5288.318848 15082.749023
-5293.170410 15099.323242
-5298.034668 15115.872070
-5302.911621 15132.396484
-5307.801270 15148.895508
-5312.703613 15165.369141
-5317.618652 15181.817383
-5322.546387 15198.240234
-5327.486816 15214.637695
-5332.439941 15231.009766
-5337.405762 15247.357422
-5342.384277 15263.679688
-5347.375488 15279.976562
-5352.403320 15296.281250
-5357.459473 15312.583008
-5362.544434 15328.881836
-5367.657715 15345.177734
-5372.799805 15361.470703
-5377.970215 15377.760742
-5383.169434 15394.047852
-5388.396973 15410.332031
-5393.653320 15426.613281
-5398.937988 15442.891602
-5404.251465 15459.166992
-5409.593262 15475.439453
-5414.963867 15491.708984
-5420.362793 15507.975586
-5425.790527 15524.239258
-5431.246582 15540.500000
-5436.731445 15556.757812
-5442.244629 15573.011719
-5447.786133 15589.262695
-5453.356445 15605.510742
-5458.955078 15621.755859
-5464.582520 15637.998047
-5470.238281 15654.237305
-5475.922852 15670.473633
-5481.635742 15686.707031
-5487.377441 15702.937500
-5493.147461 15719.165039
-5498.946289 15735.389648
-5504.773438 15751.611328
-5510.629395 15767.830078
-5516.513672 15784.045898
-5522.426758 15800.258789
-5528.368164 15816.468750
-5534.338379 15832.675781
-5540.336914 15848.879883
-5546.363770 15865.081055
-5552.419434 15881.279297
-5558.503418 15897.474609
-5564.616211 15913.666016
-5570.757324 15929.854492
-5576.929688 15946.006836
-5583.132324 15962.133789
-5589.365234 15978.235352
-5595.628418 15994.311523
-5601.921875 16010.362305
-5608.245117 16026.387695
-5614.598633 16042.387695
-5620.982422 16058.362305
-5627.396484 16074.311523
-5633.840820 16090.235352
-5640.315430 16106.133789
-5646.820312 16122.006836
-5653.355469 16137.854492
-5659.920898 16153.676758
-5666.516602 16169.473633
-5673.142090 16185.245117
-5679.797852 16200.991211
-5686.483887 16216.711914
-5693.200195 16232.407227
-5699.946777 16248.077148
-5706.723633 16263.721680
-5713.530762 16279.340820
-5720.368164 16294.934570
-5727.235840 16310.502930
-5734.133789 16326.045898
-5741.061523 16341.563477
-5748.019531 16357.055664
-5755.007812 16372.522461
-5762.026367 16387.962891
-5769.075195 16403.378906
-5776.154297 16418.769531
-5783.263672 16434.134766
-5790.403320 16449.474609
-5797.573242 16464.789062
-5804.773438 16480.078125
-5812.003418 16495.341797
-5819.263672 16510.580078
-5826.554199 16525.792969
-5833.875000 16540.980469
-5841.226074 16556.142578
-5848.594238 16571.289062
-5855.983887 16586.417969
-5863.395508 16601.527344
-5870.828613 16616.619141
-5878.283203 16631.691406
-5885.759277 16646.746094
-5893.256836 16661.781250
-5900.775879 16676.798828
-5908.316406 16691.796875
-5915.878906 16706.777344
-5923.462891 16721.738281
-5931.068359 16736.681641
-5938.695312 16751.605469
-5946.343750 16766.511719
-5954.013672 16781.398438
-5961.705078 16796.267578
-5969.417969 16811.119141
-5977.152832 16825.951172
-5984.909180 16840.765625
-5992.687012 16855.560547
-6000.486328 16870.337891
-6008.307129 16885.095703
-6016.149414 16899.835938
-6024.013184 16914.556641
-6031.898926 16929.259766
-6039.806152 16943.943359
-6047.734863 16958.609375
-6055.685059 16973.255859
-6063.656738 16987.884766
-6071.649902 17002.494141
-6079.664551 17017.085938
-6087.701172 17031.658203
-6095.759277 17046.212891
-6103.838867 17060.748047
-6111.939941 17075.265625
-6120.062500 17089.765625
-6128.206543 17104.246094
-6136.372070 17118.708984
-6144.559082 17133.152344
-6152.768066 17147.578125
-6160.996094 17162.001953
-6169.244141 17176.417969
-6177.512207 17190.826172
-6185.800293 17205.226562
-6194.108398 17219.619141
-6202.436523 17234.003906
-6210.784668 17248.380859
-6219.152832 17262.750000
-6227.541016 17277.111328
-6235.949219 17291.464844
-6244.377441 17305.810547
-6252.825684 17320.148438
-6261.293457 17334.480469
-6269.781250 17348.804688
-6278.289062 17363.121094
-6286.816895 17377.429688
-6295.364746 17391.730469
-6303.932617 17406.023438
-6312.520508 17420.308594
-6321.128418 17434.585938
-6329.756348 17448.855469
-6338.404297 17463.117188
-6347.072266 17477.371094
-6355.760254 17491.617188
-6364.468262 17505.857422
-6373.196289 17520.089844
-6381.944336 17534.314453
-6390.712402 17548.531250
-6399.500488 17562.740234
-6408.308594 17576.941406
-6417.136719 17591.134766
-6425.984863 17605.320312
-6434.853027 17619.498047
-6443.741211 17633.667969
-6452.649414 17647.830078
-6461.577637 17661.984375
-6470.525879 17676.132812
-6479.494141 17690.273438
-6488.481934 17704.406250
-6497.489746 17718.531250
-6506.512695 17732.654297
-6515.551758 17746.773438
-6524.607422 17760.888672
-6533.679688 17775.000000
-6542.768555 17789.109375
-6551.874023 17803.214844
-6560.995605 17817.316406
-6570.133789 17831.414062
-6579.288574 17845.507812
-6588.459961 17859.597656
-6597.647949 17873.685547
-6606.852051 17887.769531
-6616.072754 17901.849609
-6625.310059 17915.925781
-6634.563965 17929.998047
-6643.834473 17944.068359
-6653.121094 17958.134766
-6662.424316 17972.197266
-6671.744141 17986.255859
-6681.080566 18000.310547
-6690.433105 18014.361328
-6699.802246 18028.410156
-6709.187988 18042.455078
-6718.590332 18056.496094
-6728.009277 18070.533203
-6737.444336 18084.566406
-6746.895996 18098.595703
-6756.364258 18112.623047
-6765.849121 18126.646484
-6775.350586 18140.666016
-6784.868164 18154.681641
-6794.402344 18168.693359
-6803.953125 18182.701172
-6813.520508 18196.707031
-6823.104492 18210.708984
-6832.704590 18224.707031
-6842.321289 18238.701172
-6851.954590 18252.691406
-6861.604492 18266.677734
-6871.270508 18280.662109
-6880.948242 18294.634766
-6890.639648 18308.599609
-6900.344238 18322.556641
-6910.062012 18336.505859
-6919.792969 18350.445312
-6929.537598 18364.376953
-6939.295410 18378.300781
-6949.066406 18392.216797
-6958.850586 18406.123047
-6968.648438 18420.021484
-6978.459473 18433.912109
-6988.283691 18447.794922
-6998.121094 18461.669922
-7007.972168 18475.535156
-7017.836426 18489.392578
-7027.713867 18503.242188
-7037.604492 18517.083984
-7047.508789 18530.917969
-7057.426270 18544.742188
-7067.356934 18558.558594
-7077.300781 18572.367188
-7087.257812 18586.167969
-7097.228516 18599.960938
-7107.212402 18613.744141
-7117.209473 18627.519531
-7127.219727 18641.287109
-7137.243652 18655.046875
-7147.280762 18668.796875
-7157.331055 18682.539062
-7167.394531 18696.273438
-7177.471680 18710.000000
-7187.562012 18723.718750
-7197.665527 18737.427734
-7207.782227 18751.128906
-7217.912598 18764.822266
-7228.056152 18778.507812
-7238.212891 18792.185547
-7248.382812 18805.853516
-7258.566406 18819.513672
-7268.763184 18833.166016
-7278.876465 18846.816406
-7288.938965 18860.464844
-7298.950195 18874.109375
-7308.910645 18887.750000
-7318.819824 18901.388672
-7328.678223 18915.023438
-7338.485352 18928.654297
-7348.241699 18942.283203
-7357.946777 18955.908203
-7367.601074 18969.529297
-7377.204102 18983.146484
-7386.756348 18996.761719
-7396.257324 19010.373047
-7405.707520 19023.980469
-7415.106445 19037.585938
-7424.454590 19051.187500
-7433.751465 19064.785156
-7442.997559 19078.380859
-7452.192383 19091.972656
-7461.336426 19105.560547
-7470.429199 19119.144531
-7479.471191 19132.726562
-7488.461914 19146.304688
-7497.401855 19159.878906
-7506.290527 19173.451172
-7515.128418 19187.019531
-7523.915039 19200.583984
-7532.650879 19214.146484
-7541.335449 19227.705078
-7549.969238 19241.259766
-7558.551758 19254.810547
-7567.083496 19268.359375
-7575.563965 19281.904297
-7583.993652 19295.445312
-7592.372070 19308.984375
-7600.699707 19322.519531
-7608.976074 19336.050781
-7617.201660 19349.578125
-7625.375977 19363.103516
-7633.499512 19376.625000
-7641.538086 19390.123047
-7649.502930 19403.603516
-7657.394043 19417.068359
-7665.211426 19430.515625
-7672.955078 19443.945312
-7680.625000 19457.359375
-7688.221191 19470.755859
-7695.744141 19484.134766
-7703.193359 19497.498047
-7710.568848 19510.843750
-7717.870605 19524.171875
-7725.098633 19537.484375
-7732.252930 19550.779297
-7739.333496 19564.056641
-7746.340332 19577.318359
-7753.273438 19590.562500
-7760.133301 19603.789062
-7766.919434 19617.000000
-7773.631836 19630.193359
-7780.270508 19643.369141
-7786.835449 19656.529297
-7793.326660 19669.671875
-7799.744141 19682.796875
-7806.087891 19695.906250
-7812.358398 19708.998047
-7818.555176 19722.072266
-7824.678223 19735.130859
-7830.727539 19748.171875
-7836.703125 19761.195312
-7842.604980 19774.203125
-7848.433105 19787.193359
-7854.187500 19800.166016
-7859.868164 19813.123047
-7865.475586 19826.062500
-7871.009277 19838.984375
-7876.469238 19851.890625
-7881.855469 19864.779297
-7887.167969 19877.650391
-7892.406738 19890.505859
-7897.571777 19903.343750
-7902.659668 19916.189453
-7907.671875 19929.037109
-7912.607910 19941.884766
-7917.467773 19954.732422
-7922.251953 19967.580078
-7926.959961 19980.427734
-7931.591797 19993.275391
-7936.147949 20006.123047
-7940.627930 20018.970703
-7945.031738 20031.818359
-7949.359863 20044.666016
-7953.611816 20057.515625
-7957.787598 20070.365234
-7961.887695 20083.214844
-7965.911621 20096.064453
-7969.859375 20108.914062
-7973.731445 20121.763672
-7977.527344 20134.613281
-7981.247559 20147.462891
-7984.891602 20160.312500
-7988.459473 20173.164062
-7991.951660 20186.015625
-7995.367676 20198.867188
-7998.707520 20211.718750
-8001.971680 20224.570312
-8005.159668 20237.421875
-8008.271484 20250.273438
-8011.307617 20263.125000
-8014.267578 20275.976562
-8017.151367 20288.828125
-8019.959473 20301.681641
-8022.691406 20314.535156
-8025.347168 20327.388672
-8027.927246 20340.242188
-8030.431152 20353.095703
-8032.859375 20365.949219
-8035.211426 20378.802734
-8037.487305 20391.656250
-8039.687500 20404.509766
-8041.811523 20417.363281
-8043.905762 20430.185547
-8045.955078 20442.986328
-8047.958984 20455.765625
-8049.917969 20468.521484
-8051.832031 20481.255859
-8053.700684 20493.968750
-8055.524414 20506.660156
-8057.303223 20519.330078
-8059.036621 20531.978516
-8060.725098 20544.605469
-8062.368652 20557.210938
-8063.966797 20569.794922
-8065.520020 20582.357422
-8067.027832 20594.896484
-8068.490723 20607.414062
-8069.908691 20619.910156
-8071.281250 20632.384766
-8072.608887 20644.837891
-8073.891602 20657.269531
-8075.128906 20669.679688
-8076.321289 20682.068359
-8077.468750 20694.435547
-8078.570801 20706.781250
-8079.627930 20719.105469
-8080.639648 20731.406250
-8081.606445 20743.685547
-8082.528320 20755.943359
-8083.404785 20768.179688
-8084.236328 20780.394531
-8085.022949 20792.587891
-8085.764160 20804.759766
-8086.460449 20816.910156
-8087.111816 20829.039062
-8087.717773 20841.146484
-8088.278809 20853.230469
-8088.794434 20865.292969
-8089.265137 20877.333984
-8089.690918 20889.353516
-8090.071289 20901.351562
-8090.406738 20913.328125
-8090.727539 20925.279297
-8091.023926 20937.205078
-8091.295410 20949.105469
-8091.542480 20960.982422
-8091.764648 20972.833984
-8091.962402 20984.662109
-8092.135254 20996.464844
-8092.283691 21008.244141
-8092.407227 21019.998047
-8092.506348 21031.726562
-8092.580566 21043.431641
-8092.629883 21055.111328
-8092.654785 21066.767578
-8092.654785 21078.398438
-8092.630371 21090.003906
-8092.581055 21101.585938
-8092.507324 21113.142578
-8092.408691 21124.675781
-8092.285645 21136.183594
-8092.137695 21147.667969
-8091.965332 21159.126953
-8091.768066 21170.560547
-8091.546387 21181.970703
-8091.299805 21193.355469
-8091.028809 21204.716797
-8090.732910 21216.052734
-8090.412109 21227.363281
-8090.066895 21238.650391
-8089.696777 21249.912109
-8089.302246 21261.150391
-8088.882812 21272.363281
-8088.438965 21283.552734
-8087.970215 21294.716797
-8087.477051 21305.855469
-8086.958984 21316.970703
-8086.416504 21328.060547
-8085.849121 21339.126953
-8085.257324 21350.167969
-8084.640625 21361.183594
-8083.999023 21372.175781
-8083.323242 21383.169922
-8082.616211 21394.158203
-8081.877441 21405.140625
-8081.107422 21416.117188
-8080.306152 21427.085938
-8079.473633 21438.048828
-8078.609863 21449.005859
-8077.714844 21459.957031
-8076.788574 21470.900391
-8075.831055 21481.837891
-8074.842285 21492.769531
-8073.821777 21503.695312
-8072.770020 21514.613281
-8071.687012 21525.525391
-8070.572754 21536.431641
-8069.427246 21547.332031
-8068.250488 21558.226562
-8067.042480 21569.113281
-8065.803223 21579.994141
-8064.532715 21590.869141
-8063.230957 21601.738281
-8061.897461 21612.599609
-8060.532715 21623.455078
-8059.136719 21634.304688
-8057.709473 21645.148438
-8056.250977 21655.984375
-8054.761230 21666.814453
-8053.240234 21677.638672
-8051.687988 21688.457031
-8050.104492 21699.267578
-8048.489746 21710.072266
-8046.843262 21720.871094
-8045.165527 21731.664062
-8043.456543 21742.449219
-8041.716309 21753.228516
-8039.944824 21764.001953
-8038.142090 21774.769531
-8036.308105 21785.531250
-8034.442871 21796.285156
-8032.546387 21807.033203
-8030.618652 21817.775391
-8028.659668 21828.513672
-8026.669434 21839.246094
-8024.647949 21849.972656
-8022.595215 21860.693359
-8020.511230 21871.410156
-8018.395996 21882.121094
-8016.249512 21892.826172
-8014.071777 21903.525391
-8011.862793 21914.218750
-8009.622559 21924.908203
-8007.351074 21935.591797
-8005.048340 21946.269531
-8002.714355 21956.941406
-8000.349121 21967.607422
-7997.952637 21978.269531
-7995.524902 21988.925781
-7993.065918 21999.576172
-7990.575684 22010.220703
-7988.054199 22020.859375
-7985.501465 22031.494141
-7982.917480 22042.123047
-7980.302246 22052.746094
-7977.655762 22063.363281
-7974.978027 22073.976562
-7972.269043 22084.583984
-7969.528809 22095.185547
-7966.757324 22105.781250
-7963.954590 22116.371094
-7961.120605 22126.957031
-7958.255371 22137.537109
-7955.358887 22148.111328
-7952.431152 22158.679688
-7949.472168 22169.242188
-7946.481934 22179.800781
-7943.460449 22190.353516
-7940.407715 22200.900391
-7937.323730 22211.441406
-7934.208496 22221.976562
-7931.062012 22232.507812
-7927.883789 22243.025391
-7924.673828 22253.533203
-7921.432617 22264.031250
-7918.159668 22274.519531
-7914.854980 22284.998047
-7911.519043 22295.466797
-7908.151367 22305.925781
-7904.751953 22316.373047
-7901.321289 22326.810547
-7897.858887 22337.238281
-7894.365234 22347.656250
-7890.839844 22358.064453
-7887.282715 22368.462891
-7883.694336 22378.851562
-7880.074219 22389.228516
-7876.422852 22399.595703
-7872.739746 22409.953125
-7869.024902 22420.300781
-7865.278809 22430.638672
-7861.500977 22440.966797
-7857.691406 22451.285156
-7853.850586 22461.593750
-7849.978027 22471.890625
-7846.074219 22482.177734
-7842.138672 22492.455078
-7838.171387 22502.722656
-7834.172852 22512.980469
-7830.142578 22523.228516
-7826.081055 22533.466797
-7821.987793 22543.695312
-7817.862793 22553.912109
-7813.706543 22564.119141
-7809.518555 22574.316406
-7805.298828 22584.503906
-7801.047852 22594.681641
-7796.765137 22604.849609
-7792.451172 22615.007812
-7788.105469 22625.154297
-7783.728027 22635.291016
-7779.319336 22645.417969
-7774.905762 22655.544922
-7770.478516 22665.666016
-7766.038086 22675.783203
-7761.583984 22685.896484
-7757.116211 22696.005859
-7752.634766 22706.111328
-7748.139648 22716.212891
-7743.630859 22726.310547
-7739.108398 22736.404297
-7734.572754 22746.494141
-7730.023438 22756.580078
-7725.460449 22766.662109
-7720.883789 22776.738281
-7716.293457 22786.810547
-7711.689453 22796.878906
-7707.072266 22806.943359
-7702.441406 22817.003906
-7697.796875 22827.060547
-7693.138672 22837.113281
-7688.466797 22847.162109
-7683.781250 22857.207031
-7679.082031 22867.248047
-7674.369629 22877.283203
-7669.643555 22887.314453
-7664.903809 22897.341797
-7660.150391 22907.365234
-7655.383301 22917.384766
-7650.602539 22927.400391
-7645.808105 22937.412109
-7641.000488 22947.419922
-7636.179199 22957.423828
-7631.344238 22967.423828
-7626.495605 22977.417969
-7621.633301 22987.408203
-7616.757324 22997.394531
-7611.867676 23007.376953
-7606.964844 23017.355469
-7602.048340 23027.330078
-7597.118164 23037.300781
-7592.174316 23047.267578
-7587.213379 23057.230469
-7582.236328 23067.191406
-7577.243164 23077.148438
-7572.234375 23087.103516
-7567.209473 23097.054688
-7562.168457 23107.003906
-7557.111816 23116.949219
-7552.039062 23126.892578
-7546.950195 23136.832031
-7541.845215 23146.769531
-7536.724609 23156.703125
-7531.587891 23166.634766
-7526.435059 23176.562500
-7521.266602 23186.488281
-7516.082031 23196.410156
-7510.881348 23206.328125
-7505.664551 23216.244141
-7500.432129 23226.156250
-7495.183594 23236.066406
-7489.918945 23245.972656
-7484.638672 23255.876953
-7479.342285 23265.777344
-7474.029785 23275.675781
-7468.701172 23285.570312
-7463.356934 23295.462891
-7457.996582 23305.351562
-7452.620117 23315.238281
-7447.228027 23325.121094
-7441.819824 23335.000000
-7436.395508 23344.876953
-7430.955078 23354.750000
-7425.499023 23364.621094
-7420.026855 23374.488281
-7414.538574 23384.353516
-7409.034668 23394.214844
-7403.514648 23404.074219
-7397.978516 23413.929688
-7392.426270 23423.783203
-7386.858398 23433.632812
-7381.274414 23443.480469
-7375.677734 23453.330078
-7370.067383 23463.179688
-7364.443359 23473.029297
-7358.806152 23482.878906
-7353.155273 23492.730469
-7347.490723 23502.582031
-7341.812500 23512.433594
-7336.120605 23522.285156
-7330.415039 23532.136719
-7324.695801 23541.990234
-7318.962891 23551.843750
-7313.216309 23561.697266
-7307.456055 23571.550781
-7301.682129 23581.404297
-7295.894531 23591.259766
-7290.093262 23601.115234
-7284.278320 23610.970703
-7278.449707 23620.826172
-7272.607422 23630.683594
-7266.751465 23640.541016
-7260.881836 23650.398438
-7254.998535 23660.255859
-7249.101562 23670.113281
-7243.190918 23679.972656
-7237.266602 23689.832031
-7231.329102 23699.691406
-7225.377930 23709.550781
-7219.413086 23719.412109
-7213.434570 23729.273438
-7207.442383 23739.134766
-7201.436523 23748.996094
-7195.416992 23758.857422
-7189.383789 23768.720703
-7183.336914 23778.583984
-7177.276367 23788.447266
-7171.202148 23798.310547
-7165.114258 23808.173828
-7159.012695 23818.039062
-7152.897461 23827.904297
-7146.768555 23837.769531
-7140.627930 23847.630859
-7134.475098 23857.490234
-7128.310059 23867.347656
-7122.132812 23877.203125
-7115.943359 23887.054688
-7109.741699 23896.904297
-7103.527832 23906.751953
-7097.301270 23916.597656
-7091.062500 23926.441406
-7084.811523 23936.281250
-7078.548340 23946.119141
-7072.272949 23955.955078
-7065.985352 23965.789062
-7059.685547 23975.621094
-7053.373047 23985.449219
-7047.048340 23995.275391
-7040.711426 24005.099609
-7034.362305 24014.921875
-7028.000977 24024.742188
-7021.627441 24034.558594
-7015.241699 24044.373047
-7008.843262 24054.185547
-7002.432617 24063.996094
-6996.009766 24073.804688
-6989.574707 24083.609375
-6983.127441 24093.412109
-6976.667969 24103.212891
-6970.196289 24113.011719
-6963.711914 24122.808594
-6957.215332 24132.601562
-6950.706543 24142.392578
-6944.185547 24152.181641
-6937.652344 24161.968750
-6931.106934 24171.753906
-6924.549316 24181.535156
-6917.979492 24191.314453
-6911.396973 24201.091797
-6904.802246 24210.867188
-6898.195312 24220.640625
-6891.576172 24230.410156
-6884.960449 24240.179688
-6878.342773 24249.949219
-6871.723145 24259.716797
-6865.101562 24269.484375
-6858.478027 24279.251953
-6851.852539 24289.017578
-6845.225098 24298.783203
-6838.595703 24308.546875
-6831.964355 24318.310547
-6825.331055 24328.072266
-6818.695801 24337.833984
-6812.058594 24347.593750
-6805.419434 24357.353516
-6798.778320 24367.113281
-6792.135254 24376.871094
-6785.490234 24386.628906
-6778.843262 24396.384766
-6772.194336 24406.140625
-6765.543457 24415.894531
-6758.890625 24425.648438
-6752.235840 24435.402344
-6745.579102 24445.154297
-6738.920410 24454.906250
-6732.259766 24464.656250
-6725.597168 24474.406250
-6718.932617 24484.154297
-6712.266113 24493.902344
-6705.597656 24503.650391
-6698.927246 24513.396484
-6692.254883 24523.142578
-6685.580566 24532.886719
-6678.904297 24542.630859
-6672.226074 24552.373047
-6665.545898 24562.115234
-6658.863770 24571.855469
-6652.179688 24581.595703
-6645.493652 24591.335938
-6638.805664 24601.074219
-6632.115723 24610.812500
-6625.423828 24620.548828
-6618.744141 24630.281250
-6612.071777 24640.009766
-6605.407227 24649.734375
-6598.750000 24659.457031
-6592.100586 24669.175781
-6585.458496 24678.890625
-6578.823730 24688.601562
-6572.196777 24698.310547
-6565.577148 24708.015625
-6558.965332 24717.716797
-6552.360840 24727.414062
-6545.763672 24737.109375
-6539.174316 24746.800781
-6532.592285 24756.488281
-6526.018066 24766.173828
-6519.451172 24775.855469
-6512.892090 24785.533203
-6506.340332 24795.207031
-6499.795898 24804.878906
-6493.259277 24814.546875
-6486.729980 24824.210938
-6480.208496 24833.871094
-6473.694336 24843.529297
-6467.187500 24853.183594
-6460.688477 24862.833984
-6454.196777 24872.480469
-6447.712891 24882.125000
-6441.236328 24891.765625
-6434.767090 24901.402344
-6428.305664 24911.035156
-6421.851562 24920.666016
-6415.405273 24930.292969
-6408.966309 24939.916016
-6402.534668 24949.535156
-6396.110840 24959.152344
-6389.694336 24968.765625
-6383.285645 24978.375000
-6376.884277 24987.980469
-6370.490723 24997.583984
-6364.104492 25007.183594
-6357.721680 25016.769531
-6351.343750 25026.347656
-6344.970215 25035.916016
-6338.601562 25045.474609
-6332.237793 25055.023438
-6325.878906 25064.562500
-6319.524902 25074.091797
-6313.175293 25083.611328
-6306.830566 25093.121094
-6300.490723 25102.621094
-6294.155762 25112.111328
-6287.825195 25121.591797
-6281.499512 25131.062500
-6275.178711 25140.523438
-6268.862793 25149.974609
-6262.551758 25159.417969
-6256.245117 25168.851562
-6249.943359 25178.275391
-6243.646484 25187.689453
-6237.354492 25197.093750
-6231.067383 25206.488281
-6224.784668 25215.873047
-6218.506836 25225.248047
-6212.233887 25234.613281
-6205.965820 25243.968750
-6199.702148 25253.314453
-6193.443359 25262.650391
-6187.189453 25271.976562
-6180.940430 25281.294922
-6174.696289 25290.603516
-6168.456543 25299.902344
-6162.221680 25309.191406
-6155.991699 25318.470703
-6149.766602 25327.740234
-6143.545898 25337.000000
-6137.330078 25346.250000
-6131.119141 25355.490234
-6124.913086 25364.720703
-6118.711914 25373.941406
-6112.515137 25383.152344
-6106.328613 25392.359375
-6100.150391 25401.558594
-6093.980469 25410.751953
-6087.818848 25419.937500
-6081.665527 25429.117188
-6075.520996 25438.291016
-6069.384766 25447.457031
-6063.256836 25456.617188
-6057.137207 25465.769531
-6051.025879 25474.916016
-6044.922852 25484.054688
-6038.828125 25493.187500
-6032.741699 25502.314453
-6026.663574 25511.433594
-6020.593750 25520.546875
-6014.532715 25529.652344
-6008.479980 25538.751953
-6002.435547 25547.845703
-5996.399414 25556.931641
-5990.371582 25566.011719
-5984.352051 25575.083984
-5978.340820 25584.150391
-5972.337891 25593.208984
-5966.343262 25602.261719
-5960.356934 25611.308594
-5954.379395 25620.347656
-5948.410156 25629.380859
-5942.449219 25638.406250
-5936.496582 25647.425781
-5930.552246 25656.439453
-5924.616211 25665.445312
-5918.688477 25674.445312
-5912.769043 25683.437500
-5906.857910 25692.423828
-5900.955078 25701.402344
-5895.061035 25710.375000
-5889.175293 25719.341797
-5883.297852 25728.300781
-5877.428711 25737.253906
-5871.567871 25746.199219
-5865.719238 25755.132812
-5859.881348 25764.056641
-5854.054199 25772.970703
-5848.237793 25781.875000
-5842.432129 25790.769531
-5836.637207 25799.654297
-5830.853027 25808.529297
-5825.079590 25817.394531
-5819.316895 25826.250000
-5813.564941 25835.095703
-5807.823730 25843.931641
-5802.093262 25852.757812
-5796.373535 25861.574219
-5790.664551 25870.380859
-5784.966309 25879.177734
-5779.279297 25887.964844
-5773.603027 25896.742188
-5767.937500 25905.509766
-5762.282715 25914.265625
-5756.638672 25923.011719
-5751.005371 25931.748047
-5745.382812 25940.474609
-5739.770996 25949.191406
-5734.169922 25957.898438
-5728.579590 25966.595703
-5723.000000 25975.283203
-5717.431152 25983.960938
-5711.873047 25992.628906
-5706.325684 26001.287109
-5700.789551 26009.935547
-5695.264160 26018.574219
-5689.749512 26027.203125
-5684.245605 26035.822266
-5678.752441 26044.431641
-5673.270020 26053.031250
-5667.798340 26061.621094
-5662.337402 26070.199219
-5656.887207 26078.767578
-5651.447754 26087.326172
-5646.019043 26095.875000
-5640.600098 26104.427734
-5635.191406 26112.980469
-5629.792969 26121.531250
-5624.404785 26130.082031
-5619.026855 26138.630859
-5613.659180 26147.179688
-5608.301270 26155.728516
-5602.953613 26164.275391
-5597.616211 26172.822266
-5592.289062 26181.367188
-5586.972168 26189.912109
-5581.665527 26198.457031
-5576.368652 26207.000000
-5571.082031 26215.542969
-5565.805664 26224.083984
-5560.539551 26232.625000
-5555.283691 26241.164062
-5550.038086 26249.703125
-5544.802246 26258.242188
-5539.576660 26266.779297
-5534.361328 26275.316406
-5529.156250 26283.851562
-5523.961426 26292.386719
-5518.776855 26300.919922
-5513.602539 26309.453125
-5508.437988 26317.986328
-5503.283691 26326.517578
-5498.139648 26335.048828
-5493.005859 26343.578125
-5487.882324 26352.107422
-5482.769043 26360.636719
-5477.665527 26369.164062
-5472.572266 26377.691406
-5467.489258 26386.216797
-5462.416504 26394.742188
-5457.354004 26403.265625
-5452.301758 26411.789062
-5447.259277 26420.312500
-5442.227051 26428.833984
-5437.205078 26437.355469
-5432.177734 26445.857422
-5427.150391 26454.347656
-5422.122559 26462.824219
-5417.094727 26471.289062
-5412.066406 26479.742188
-5407.038086 26488.181641
-5402.009277 26496.609375
-5396.980469 26505.023438
-5391.951172 26513.425781
-5386.921875 26521.814453
-5381.892090 26530.191406
-5376.862305 26538.554688
-5371.832031 26546.906250
-5366.801758 26555.246094
-5361.771484 26563.572266
-5356.740723 26571.886719
-5351.709961 26580.187500
-5346.678711 26588.476562
-5341.647461 26596.751953
-5336.615723 26605.015625
-5331.583984 26613.265625
-5326.551758 26621.503906
-5321.519531 26629.730469
-5316.486816 26637.943359
-5311.454102 26646.144531
-5306.420898 26654.332031
-5301.387695 26662.507812
-5296.354492 26670.669922
-5291.320801 26678.820312
-5286.287109 26686.958984
-5281.252930 26695.083984
-5276.218750 26703.197266
-5271.184082 26711.296875
-5266.149414 26719.384766
-5261.114258 26727.458984
-5256.079102 26735.521484
-5251.043457 26743.570312
-5246.007812 26751.607422
-5240.971680 26759.632812
-5235.935547 26767.644531
-5230.916016 26775.650391
-5225.907715 26783.648438
-5220.910645 26791.636719
-5215.924316 26799.617188
-5210.949219 26807.589844
-5205.985352 26815.552734
-5201.032227 26823.507812
-5196.090332 26831.455078
-5191.159668 26839.394531
-5186.239746 26847.324219
-5181.331055 26855.246094
-5176.433594 26863.160156
-5171.546875 26871.064453
-5166.671387 26878.960938
-5161.807129 26886.849609
-5156.954102 26894.728516
-5152.111816 26902.599609
-5147.280762 26910.462891
-5142.460938 26918.318359
-5137.651855 26926.164062
-5132.854004 26934.001953
-5128.067383 26941.832031
-5123.291504 26949.652344
-5118.526855 26957.464844
-5113.773438 26965.269531
-5109.030762 26973.064453
-5104.299316 26980.851562
-5099.579102 26988.630859
-5094.869629 26996.402344
-5090.171387 27004.164062
-5085.484375 27011.917969
-5080.808105 27019.664062
-5076.143066 27027.400391
-5071.489258 27035.128906
-5066.846191 27042.849609
-5062.214355 27050.560547
-5057.593750 27058.263672
-5052.984375 27065.958984
-5048.385742 27073.644531
-5043.798340 27081.322266
-5039.205078 27089.005859
-5034.611328 27096.689453
-5030.017578 27104.373047
-5025.423340 27112.056641
-5020.829102 27119.742188
-5016.234375 27127.427734
-5011.639648 27135.113281
-5007.044434 27142.798828
-5002.449219 27150.486328
-4997.853516 27158.173828
-4993.257812 27165.861328
-4988.661621 27173.548828
-4984.065430 27181.238281
-4979.468750 27188.927734
-4974.872070 27196.617188
-4970.274902 27204.306641
-4965.677734 27211.998047
-4961.080078 27219.689453
-4956.482422 27227.380859
-4951.884277 27235.072266
-4947.286133 27242.765625
-4942.687500 27250.458984
-4938.088379 27258.152344
-4933.489258 27265.845703
-4928.889648 27273.541016
-4924.290039 27281.236328
-4919.689941 27288.931641
-4915.089844 27296.626953
-4910.489258 27304.324219
-4905.888672 27312.021484
-4901.287598 27319.718750
-4896.686523 27327.416016
-4892.084961 27335.113281
-4887.483398 27342.812500
-4882.881348 27350.511719
-4878.279297 27358.210938
-4873.676758 27365.910156
-4869.074219 27373.611328
-4864.471191 27381.312500
-4859.868164 27389.013672
-4855.271484 27396.701172
-4850.679199 27404.380859
-4846.091309 27412.050781
-4841.507324 27419.712891
-4836.927734 27427.365234
-4832.352539 27435.009766
-4827.781738 27442.644531
-4823.214844 27450.271484
-4818.652344 27457.888672
-4814.094238 27465.498047
-4809.540527 27473.097656
-4804.990723 27480.689453
-4800.445312 27488.271484
-4795.904297 27495.845703
-4791.367676 27503.410156
-4786.835449 27510.966797
-4782.307129 27518.513672
-4777.783203 27526.050781
-4773.263672 27533.580078
-4768.748535 27541.099609
-4764.237305 27548.611328
-4759.730469 27556.113281
-4755.228027 27563.607422
-4750.729980 27571.091797
-4746.235840 27578.568359
-4741.746094 27586.035156
-4737.260742 27593.494141
-4732.779785 27600.943359
-4728.302734 27608.384766
-4723.830078 27615.816406
-4719.361816 27623.240234
-4714.897949 27630.654297
-4710.437988 27638.060547
-4705.982422 27645.457031
-4701.531250 27652.845703
-4697.084473 27660.224609
-4692.641602 27667.595703
-4688.203125 27674.957031
-4683.769043 27682.310547
-4679.339355 27689.654297
-4674.917480 27696.984375
-4670.502441 27704.300781
-4666.094238 27711.603516
-4661.692871 27718.894531
-4657.298340 27726.171875
-4652.910156 27733.437500
-4648.528809 27740.689453
-4644.154297 27747.929688
-4639.786621 27755.156250
-4635.425781 27762.371094
-4631.071777 27769.572266
-4626.724609 27776.759766
-4622.384277 27783.935547
-4618.050293 27791.097656
-4613.723145 27798.248047
-4609.402832 27805.384766
-4605.089355 27812.509766
-4600.782715 27819.621094
-4596.482910 27826.720703
-4592.189941 27833.806641
-4587.903809 27840.878906
-4583.624023 27847.939453
-4579.351074 27854.986328
-4575.084961 27862.021484
-4570.825684 27869.042969
-4566.573242 27876.052734
-4562.327637 27883.048828
-4558.088867 27890.033203
-4553.856934 27897.003906
-4549.631348 27903.960938
-4545.412598 27910.906250
-4541.200684 27917.837891
-4536.995605 27924.757812
-4532.797363 27931.664062
-4528.605957 27938.558594
-4524.421387 27945.439453
-4520.243652 27952.308594
-4516.072266 27959.164062
-4511.907715 27966.005859
-4507.750000 27972.835938
-4503.605469 27979.662109
-4499.471680 27986.480469
-4495.349121 27993.292969
-4491.237305 28000.097656
-4487.136719 28006.894531
-4483.046875 28013.685547
-4478.967773 28020.468750
-4474.899902 28027.246094
-4470.842773 28034.015625
-4466.796875 28040.777344
-4462.761719 28047.533203
-4458.737793 28054.281250
-4454.724609 28061.021484
-4450.722168 28067.755859
-4446.730957 28074.482422
-4442.750488 28081.203125
-4438.781250 28087.916016
-4434.822754 28094.621094
-4430.875488 28101.320312
-4426.938965 28108.011719
-4423.013184 28114.697266
-4419.098633 28121.375000
-4415.194824 28128.044922
-4411.302246 28134.708984
-4407.420410 28141.365234
-4403.549805 28148.015625
-4399.689941 28154.658203
-4395.840820 28161.292969
-4392.002930 28167.921875
-4388.175781 28174.542969
-4384.359863 28181.156250
-4380.554688 28187.763672
-4376.760742 28194.363281
-4372.977539 28200.957031
-4369.205078 28207.542969
-4365.443848 28214.121094
-4361.693359 28220.693359
-4357.954102 28227.257812
-4354.225586 28233.816406
-4350.507812 28240.367188
-4346.808105 28246.900391
-4343.123535 28253.419922
-4339.454590 28259.923828
-4335.800781 28266.414062
-4332.162598 28272.890625
-4328.539551 28279.351562
-4324.932129 28285.798828
-4321.339844 28292.232422
-4317.763184 28298.652344
-4314.201660 28305.056641
-4310.655762 28311.447266
-4307.125488 28317.824219
-4303.610352 28324.185547
-4300.110840 28330.533203
-4296.626465 28336.867188
-4293.157715 28343.187500
-4289.704102 28349.492188
-4286.266113 28355.783203
-4282.843262 28362.060547
-4279.436035 28368.324219
-4276.043945 28374.572266
-4272.667480 28380.806641
-4269.306152 28387.027344
-4265.960449 28393.232422
-4262.630371 28399.423828
-4259.315430 28405.601562
-4256.016113 28411.765625
-4252.731934 28417.914062
-4249.463379 28424.048828
-4246.209961 28430.169922
-4242.972168 28436.275391
-4239.749512 28442.367188
-4236.542480 28448.445312
-4233.350586 28454.509766
-4230.174316 28460.558594
-4227.013184 28466.593750
-4223.867676 28472.615234
-4220.737793 28478.621094
-4217.623047 28484.613281
-4214.523926 28490.591797
-4211.457520 28496.539062
-4208.417969 28502.460938
-4205.405762 28508.359375
-4202.420410 28514.232422
-4199.462402 28520.080078
-4196.531250 28525.902344
-4193.627441 28531.699219
-4190.750488 28537.470703
-4187.900879 28543.216797
-4185.078125 28548.939453
-4182.282715 28554.636719
-4179.514160 28560.308594
-4176.772461 28565.955078
-4174.058105 28571.576172
-4171.370605 28577.171875
-4168.710449 28582.742188
-4166.077148 28588.289062
-4163.471191 28593.810547
-4160.892090 28599.306641
-4158.340332 28604.777344
-4155.815430 28610.222656
-4153.317383 28615.642578
-4150.846680 28621.037109
-4148.402832 28626.408203
-4145.986328 28631.753906
-4143.596680 28637.074219
-4141.234375 28642.369141
-4138.898926 28647.638672
-4136.590820 28652.882812
-4134.309570 28658.103516
-4132.055176 28663.298828
-4129.828125 28668.468750
-4127.627930 28673.613281
-4125.455078 28678.732422
-4123.309082 28683.826172
-4121.190430 28688.894531
-4119.098633 28693.939453
-4117.034180 28698.958984
-4114.996582 28703.953125
-4112.986328 28708.921875
-4111.000977 28713.880859
-4109.041504 28718.824219
-4107.107910 28723.753906
-4105.200195 28728.667969
-4103.317871 28733.568359
-4101.461426 28738.453125
-4099.630859 28743.324219
-4097.826172 28748.179688
-4096.047363 28753.019531
-4094.294189 28757.845703
-4092.566895 28762.656250
-4090.865479 28767.453125
-4089.189697 28772.234375
-4087.539795 28777.001953
-4085.915771 28781.753906
-4084.317383 28786.490234
-4082.744873 28791.212891
-4081.198242 28795.919922
-4079.677246 28800.613281
-4078.182129 28805.291016
-4076.712891 28809.955078
-4075.269287 28814.603516
-4073.851562 28819.236328
-4072.459717 28823.855469
-4071.093506 28828.458984
-4069.753174 28833.048828
-4068.438721 28837.623047
-4067.149902 28842.181641
-4065.886963 28846.726562
-4064.649902 28851.255859
-4063.438477 28855.771484
-4062.252930 28860.271484
-4061.093262 28864.757812
-4059.959229 28869.228516
-4058.851074 28873.683594
-4057.768799 28878.125000
-4056.712402 28882.550781
-4055.681641 28886.962891
-4054.676758 28891.359375
-4053.697754 28895.742188
-4052.743164 28900.109375
-4051.813721 28904.462891
-4050.909180 28908.800781
-4050.029785 28913.125000
-4049.175293 28917.433594
-4048.345703 28921.728516
-4047.541260 28926.007812
-4046.761719 28930.273438
-4046.007324 28934.523438
-4045.277832 28938.759766
-4044.573242 28942.980469
-4043.893799 28947.187500
-4043.239258 28951.378906
-4042.609863 28955.556641
-4042.005371 28959.718750
-4041.425781 28963.867188
-4040.871338 28968.001953
-4040.341797 28972.121094
-4039.837402 28976.226562
-4039.357910 28980.316406
-4038.903320 28984.392578
-4038.473877 28988.453125
-4038.069336 28992.500000
-4037.689941 28996.531250
-4037.335449 29000.548828
-4037.005859 29004.550781
-4036.701416 29008.539062
-4036.421875 29012.511719
-4036.167480 29016.470703
-4035.937988 29020.414062
-4035.733398 29024.343750
-4035.553955 29028.257812
-4035.399414 29032.158203
-4035.270020 29036.042969
-4035.165527 29039.914062
-4035.085938 29043.769531
-4035.031494 29047.611328
-4035.001953 29051.439453
-4034.997559 29055.251953
-4035.018066 29059.050781
-4035.061035 29062.824219
-4035.127197 29066.578125
-4035.216553 29070.310547
-4035.329102 29074.023438
-4035.464844 29077.714844
-4035.624023 29081.386719
-4035.806396 29085.037109
-4036.011963 29088.666016
-4036.240723 29092.275391
-4036.492920 29095.863281
-4036.768311 29099.431641
-4037.066895 29102.978516
-4037.388672 29106.505859
-4037.733887 29110.011719
-4038.102295 29113.496094
-4038.493896 29116.960938
-4038.908691 29120.404297
-4039.346924 29123.828125
-4039.808350 29127.230469
-4040.292969 29130.613281
-4040.800781 29133.974609
-4041.331787 29137.314453
-4041.886230 29140.634766
-4042.463867 29143.933594
-4043.064697 29147.212891
-4043.688721 29150.470703
-4044.336182 29153.708984
-4045.006836 29156.925781
-4045.700684 29160.121094
-4046.417725 29163.296875
-4047.158203 29166.451172
-4047.921875 29169.585938
-4048.708740 29172.699219
-4049.518799 29175.792969
-4050.352051 29178.865234
-4051.208740 29181.916016
-4052.088623 29184.947266
-4052.991699 29187.957031
-4053.917969 29190.947266
-4054.867676 29193.916016
-4055.825195 29196.859375
-4056.795654 29199.777344
-4057.779297 29202.671875
-4058.775879 29205.541016
-4059.785400 29208.384766
-4060.808105 29211.205078
-4061.843750 29214.000000
-4062.892334 29216.771484
-4063.954102 29219.517578
-4065.028809 29222.240234
-4066.116699 29224.937500
-4067.217529 29227.611328
-4068.331299 29230.259766
-4069.458252 29232.884766
-4070.598145 29235.484375
-4071.750977 29238.060547
-4072.916992 29240.611328
-4074.095947 29243.138672
-4075.287842 29245.640625
-4076.492920 29248.119141
-4077.710938 29250.572266
-4078.941895 29253.000000
-4080.186035 29255.404297
-4081.443115 29257.783203
-4082.713135 29260.138672
-4083.996338 29262.468750
-4085.292480 29264.775391
-4086.601562 29267.056641
-4087.923828 29269.314453
-4089.259033 29271.546875
-4090.607422 29273.755859
-4091.968750 29275.939453
-4093.343018 29278.099609
-4094.730469 29280.234375
-4096.130859 29282.345703
-4097.544434 29284.431641
-4098.970703 29286.492188
-4100.410156 29288.529297
-4101.862793 29290.541016
-4103.328125 29292.529297
-4104.874512 29294.535156
-4106.479492 29296.544922
-4108.143066 29298.556641
-4109.864746 29300.572266
-4111.645020 29302.591797
-4113.483398 29304.615234
-4115.380371 29306.640625
-4117.335938 29308.669922
-4119.349609 29310.703125
-4121.421875 29312.740234
-4123.552246 29314.779297
-4125.741211 29316.822266
-4127.988770 29318.869141
-4130.294434 29320.919922
-4132.658691 29322.974609
-4135.081055 29325.031250
-4137.562012 29327.091797
-4140.101562 29329.156250
-4142.699219 29331.224609
-4145.355469 29333.294922
-4148.069824 29335.369141
-4150.842773 29337.447266
-4153.674316 29339.529297
-4156.563965 29341.613281
-4159.512207 29343.701172
-4162.518555 29345.792969
-4165.583496 29347.888672
-4168.707031 29349.988281
-4171.888672 29352.089844
-4175.128906 29354.195312
-4178.427246 29356.304688
-4181.784180 29358.417969
-4185.199707 29360.533203
-4188.673340 29362.652344
-4192.205566 29364.775391
-4195.796387 29366.902344
-4199.445312 29369.031250
-4203.152832 29371.164062
-4206.918457 29373.300781
-4210.742676 29375.441406
-4214.500977 29377.541016
-4218.235352 29379.615234
-4221.945312 29381.664062
-4225.630859 29383.687500
-4229.291992 29385.683594
-4232.929199 29387.654297
-4236.541992 29389.599609
-4240.130371 29391.519531
-4243.694336 29393.414062
-4247.234375 29395.283203
-4250.750000 29397.125000
-4254.241211 29398.941406
-4257.708008 29400.732422
-4261.150879 29402.498047
-4264.569336 29404.238281
-4267.963379 29405.951172
-4271.333008 29407.638672
-4274.678223 29409.300781
-4277.999512 29410.937500
-4281.296387 29412.548828
-4284.568848 29414.134766
-4287.816895 29415.693359
-4291.041016 29417.226562
-4294.240723 29418.734375
-4297.416016 29420.216797
-4300.566895 29421.673828
-4303.693848 29423.105469
-4306.796387 29424.509766
-4309.874512 29425.888672
-4312.928223 29427.242188
-4315.957520 29428.570312
-4318.962891 29429.873047
-4321.943848 29431.150391
-4324.900391 29432.400391
-4327.832520 29433.625000
-4330.740723 29434.824219
-4333.624512 29435.998047
-4336.483887 29437.146484
-4339.318848 29438.269531
-4342.129883 29439.365234
-4344.867676 29440.455078
-4347.548340 29441.531250
-4350.172363 29442.595703
-4352.739258 29443.646484
-4355.249512 29444.683594
-4357.702637 29445.708984
-4360.098633 29446.720703
-4362.437988 29447.718750
-4364.720215 29448.703125
-4366.945801 29449.675781
-4369.114258 29450.634766
-4371.226074 29451.580078
-4373.280762 29452.513672
-4375.278809 29453.433594
-4377.219727 29454.339844
-4379.104004 29455.234375
-4380.931152 29456.115234
-4382.701660 29456.982422
-4384.415039 29457.837891
-4386.071777 29458.679688
-4387.671387 29459.507812
-4389.214355 29460.324219
-4390.700195 29461.126953
-4392.128906 29461.916016
-4393.500977 29462.693359
-4394.815918 29463.457031
-4396.074219 29464.207031
-4397.275391 29464.945312
-4398.419922 29465.669922
-4399.507324 29466.380859
-4400.538086 29467.080078
-4401.511719 29467.765625
-4402.428711 29468.437500
-4403.288574 29469.095703
-4404.091797 29469.742188
-4404.837891 29470.375000
-4405.527344 29470.994141
-4406.159668 29471.601562
-4406.734863 29472.195312
-4407.253418 29472.775391
-4407.733398 29473.347656
-4408.168457 29473.910156
-4408.558594 29474.462891
-4408.904297 29475.005859
-4409.205078 29475.539062
-4409.460938 29476.062500
-4409.671875 29476.576172
-4409.838379 29477.080078
-4409.959961 29477.574219
-4410.036621 29478.058594
-4410.068848 29478.533203
-4410.056152 29478.998047
-4409.998535 29479.453125
-4409.896484 29479.898438
-4409.749512 29480.333984
-4409.557617 29480.759766
-4409.320801 29481.175781
-4409.039551 29481.582031
-4408.713379 29481.978516
-4408.342285 29482.365234
-4407.926758 29482.742188
-4407.466309 29483.109375
-4406.960938 29483.466797
-4406.411133 29483.814453
-4405.816406 29484.152344
-4405.176758 29484.480469
-4404.492188 29484.798828
-4403.763184 29485.107422
-4402.989258 29485.406250
-4402.170410 29485.695312
-4401.307129 29485.974609
-4400.398926 29486.244141
-4399.445801 29486.503906
-4398.448242 29486.753906
-4397.405762 29486.994141
-4396.318359 29487.224609
-4395.186035 29487.445312
-4394.009277 29487.656250
-4392.787598 29487.857422
-4391.520996 29488.048828
-4390.241699 29488.210938
-4388.938965 29488.351562
-4387.612793 29488.468750
-4386.263184 29488.564453
-4384.890137 29488.636719
-4383.493652 29488.687500
-4382.073730 29488.714844
-4380.630371 29488.720703
-4379.163574 29488.703125
-4377.672852 29488.664062
-4376.158691 29488.601562
-4374.621094 29488.517578
-4373.060059 29488.410156
-4371.475586 29488.279297
-4369.867676 29488.126953
-4368.236328 29487.951172
-4366.581543 29487.753906
-4364.903320 29487.533203
-4363.201660 29487.291016
-4361.476562 29487.025391
-4359.728027 29486.738281
-4357.956055 29486.427734
-4356.160156 29486.095703
-4354.340820 29485.740234
-4352.498047 29485.363281
-4350.631836 29484.962891
-4348.742188 29484.541016
-4346.829102 29484.095703
-4344.892578 29483.628906
-4342.932617 29483.138672
-4340.949219 29482.626953
-4338.942383 29482.091797
-4336.912109 29481.535156
-4334.858398 29480.955078
-4332.781250 29480.353516
-4330.680176 29479.728516
-4328.555664 29479.082031
-4326.407715 29478.412109
-4324.236328 29477.718750
-4322.041504 29477.003906
-4319.865234 29476.294922
-4317.693359 29475.582031
-4315.525879 29474.863281
-4313.362793 29474.140625
-4311.204102 29473.414062
-4309.049805 29472.683594
-4306.900391 29471.949219
-4304.755371 29471.210938
-4302.614746 29470.468750
-4300.478516 29469.722656
-4298.346680 29468.972656
-4296.219238 29468.218750
-4294.096191 29467.460938
-4291.977539 29466.699219
-4289.863281 29465.933594
-4287.753906 29465.164062
-4285.648926 29464.388672
-4283.548340 29463.609375
-4281.452148 29462.826172
-4279.360352 29462.039062
-4277.272949 29461.248047
-4275.189941 29460.453125
-4273.111328 29459.654297
-4271.037109 29458.851562
-4268.967773 29458.044922
-4266.902832 29457.234375
-4264.842285 29456.419922
-4262.786133 29455.601562
-4260.734375 29454.779297
-4258.687012 29453.951172
-4256.644043 29453.119141
-4254.605469 29452.283203
-4252.571289 29451.443359
-4250.541992 29450.599609
-4248.517090 29449.751953
-4246.496582 29448.900391
-4244.480469 29448.044922
-4242.468750 29447.185547
-4240.461426 29446.322266
-4238.458496 29445.455078
-4236.407227 29444.582031
-4234.325195 29443.703125
-4232.211914 29442.820312
-4230.067871 29441.931641
-4227.893066 29441.037109
-4225.687012 29440.138672
-4223.450195 29439.234375
-4221.182617 29438.326172
-4218.884277 29437.412109
-4216.554688 29436.492188
-4214.194336 29435.568359
-4211.803223 29434.638672
-4209.380859 29433.705078
-4206.927734 29432.765625
-4204.443848 29431.820312
-4201.929199 29430.871094
-4199.383301 29429.916016
-4196.806641 29428.955078
-4194.199219 29427.990234
-4191.560547 29427.019531
-4188.891113 29426.044922
-4186.190918 29425.064453
-4183.459961 29424.078125
-4180.697754 29423.087891
-4177.904785 29422.091797
-4175.081055 29421.091797
-4172.226074 29420.085938
-4169.340332 29419.074219
-4166.423828 29418.058594
-4163.476562 29417.037109
-4160.498047 29416.011719
-4157.488770 29414.980469
-4154.448730 29413.943359
-4151.377441 29412.902344
-4148.275391 29411.855469
-4145.142578 29410.802734
-4141.979004 29409.746094
-4138.784180 29408.683594
-4135.558594 29407.617188
-4132.302246 29406.544922
-4129.034668 29405.462891
-4125.749512 29404.373047
-4122.446777 29403.275391
-4119.125977 29402.169922
-4115.787598 29401.056641
-4112.431641 29399.937500
-4109.058105 29398.810547
-4105.666504 29397.675781
-4102.257324 29396.533203
-4098.830566 29395.382812
-4095.385986 29394.224609
-4091.923828 29393.058594
-4088.443848 29391.884766
-4084.946289 29390.703125
-4081.430908 29389.513672
-4077.897949 29388.316406
-4074.347168 29387.111328
-4070.778809 29385.898438
-4067.192627 29384.677734
-4063.588867 29383.449219
-4059.967285 29382.212891
-4056.328125 29380.968750
-4052.671143 29379.716797
-4048.996582 29378.457031
-4045.304199 29377.189453
-4041.594238 29375.914062
-4037.866455 29374.630859
-4034.121094 29373.339844
-4030.357910 29372.041016
-4026.577148 29370.734375
-4022.778564 29369.419922
-4018.962402 29368.097656
-4015.128418 29366.767578
-4011.276855 29365.429688
-4007.407471 29364.083984
-4003.520508 29362.730469
-3999.615723 29361.371094
-3995.693359 29360.003906
-3991.753174 29358.628906
-3987.795410 29357.246094
-3983.838379 29355.841797
-3979.875977 29354.421875
-3975.907959 29352.984375
-3971.934570 29351.531250
-3967.955811 29350.060547
-3963.971680 29348.574219
-3959.982178 29347.070312
-3955.987305 29345.550781
-3951.987061 29344.013672
-3947.981445 29342.460938
-3943.970215 29340.892578
-3939.953613 29339.306641
-3935.931641 29337.705078
-3931.904297 29336.085938
-3927.871582 29334.451172
-3923.833496 29332.798828
-3919.790039 29331.130859
-3915.741211 29329.447266
-3911.687012 29327.746094
-3907.627197 29326.029297
-3903.562012 29324.294922
-3899.491455 29322.544922
-3895.415527 29320.777344
-3891.334229 29318.994141
-3887.247559 29317.195312
-3883.155518 29315.378906
-3879.058105 29313.546875
-3874.955078 29311.697266
-3870.846680 29309.832031
-3866.732910 29307.949219
-3862.613770 29306.050781
-3858.489258 29304.134766
-3854.359375 29302.203125
-3850.224121 29300.255859
-3846.083496 29298.291016
-3841.937256 29296.310547
-3837.785645 29294.312500
-3833.628662 29292.298828
-3829.466309 29290.267578
-3825.298584 29288.220703
-3821.139893 29286.169922
-3816.985352 29284.111328
-3812.834961 29282.044922
-3808.688721 29279.970703
-3804.546631 29277.888672
-3800.408691 29275.798828
-3796.274902 29273.701172
-3792.145264 29271.595703
-3788.020020 29269.482422
-3783.898926 29267.361328
-3779.781982 29265.232422
-3775.669189 29263.095703
-3771.560547 29260.951172
-3767.456055 29258.798828
-3763.355713 29256.638672
-3759.259521 29254.470703
-3755.167480 29252.294922
-3751.079590 29250.111328
-3746.996094 29247.919922
-3742.916748 29245.720703
-3738.841553 29243.513672
-3734.770508 29241.298828
-3730.703613 29239.076172
-3726.640869 29236.845703
-3722.582275 29234.607422
-3718.527832 29232.361328
-3714.477539 29230.107422
-3710.431396 29227.845703
-3706.389648 29225.576172
-3702.352051 29223.298828
-3698.318604 29221.013672
-3694.289307 29218.720703
-3690.264160 29216.419922
-3686.243164 29214.111328
-3682.226318 29211.794922
-3678.213623 29209.470703
-3674.205078 29207.138672
-3670.200684 29204.798828
-3666.200684 29202.451172
-3662.204834 29200.095703
-3658.194336 29197.718750
-3654.175537 29195.324219
-3650.148193 29192.914062
-3646.112549 29190.486328
-3642.068604 29188.042969
-3638.016357 29185.582031
-3633.955811 29183.103516
-3629.886719 29180.609375
-3625.809326 29178.097656
-3621.723633 29175.568359
-3617.629639 29173.023438
-3613.527344 29170.460938
-3609.416504 29167.882812
-3605.297363 29165.287109
-3601.169922 29162.673828
-3597.034180 29160.044922
-3592.890137 29157.398438
-3588.737549 29154.736328
-3584.576660 29152.056641
-3580.407471 29149.359375
-3576.229980 29146.646484
-3572.044189 29143.916016
-3567.849854 29141.167969
-3563.647217 29138.404297
-3559.436279 29135.623047
-3555.217041 29132.826172
-3550.989502 29130.011719
-3546.753418 29127.179688
-3542.509033 29124.332031
-3538.256348 29121.466797
-3533.995361 29118.585938
-3529.726074 29115.687500
-3525.448242 29112.771484
-3521.162109 29109.839844
-3516.867676 29106.890625
-3512.564941 29103.925781
-3508.253906 29100.943359
-3503.934326 29097.943359
-3499.606445 29094.927734
-3495.270264 29091.894531
-3490.855469 29088.837891
-3486.385498 29085.761719
-3481.860107 29082.664062
-3477.279541 29079.546875
-3472.643799 29076.408203
-3467.952881 29073.248047
-3463.206787 29070.068359
-3458.405273 29066.867188
-3453.548584 29063.646484
-3448.636719 29060.404297
-3443.669678 29057.140625
-3438.647461 29053.857422
-3433.569824 29050.552734
-3428.437012 29047.228516
-3423.249023 29043.882812
-3418.005859 29040.515625
-3412.707520 29037.128906
-3407.353760 29033.720703
-3401.944824 29030.292969
-3396.480713 29026.843750
-3390.961426 29023.373047
-3385.386963 29019.882812
-3379.757080 29016.371094
-3374.072021 29012.839844
-3368.331787 29009.287109
-3362.536377 29005.714844
-3356.685791 29002.121094
-3350.779785 28998.505859
-3344.818604 28994.871094
-3338.802246 28991.214844
-3332.730713 28987.539062
-3326.604004 28983.841797
-3320.421875 28980.123047
-3314.184570 28976.384766
-3307.892090 28972.625000
-3301.544434 28968.845703
-3295.141602 28965.044922
-3288.683350 28961.222656
-3282.169922 28957.380859
-3275.601318 28953.517578
-3268.940430 28949.632812
-3262.199707 28945.728516
-3255.379150 28941.802734
-3248.478760 28937.855469
-3241.498535 28933.886719
-3234.438232 28929.898438
-3227.298096 28925.888672
-3220.078125 28921.857422
-3212.778320 28917.804688
-3205.398682 28913.732422
-3197.939209 28909.638672
-3190.399658 28905.523438
-3182.780273 28901.386719
-3175.081055 28897.230469
-3167.302002 28893.052734
-3159.443115 28888.853516
-3151.504395 28884.632812
-3143.485596 28880.392578
-3135.386963 28876.130859
-3127.208496 28871.847656
-3118.950195 28867.542969
-3110.612061 28863.218750
-3102.194092 28858.873047
-3093.696045 28854.505859
-3085.118164 28850.117188
-3076.460449 28845.707031
-3067.722900 28841.277344
-3058.905518 28836.826172
-3050.008301 28832.353516
-3041.031006 28827.859375
-3031.973877 28823.345703
-3022.836914 28818.810547
-3013.620117 28814.253906
-3004.323486 28809.675781
-2994.947021 28805.078125
-2985.490479 28800.458984
-2975.954102 28795.818359
-2966.337891 28791.156250
-2956.641846 28786.474609
-2946.865967 28781.771484
-2937.060059 28777.074219
-2927.207764 28772.375000
-2917.308838 28767.673828
-2907.363525 28762.970703
-2897.371582 28758.265625
-2887.333252 28753.556641
-2877.248291 28748.845703
-2867.116699 28744.132812
-2856.938721 28739.417969
-2846.714111 28734.699219
-2836.443115 28729.978516
-2826.125488 28725.255859
-2815.761475 28720.531250
-2805.350830 28715.802734
-2794.893799 28711.072266
-2784.390137 28706.339844
-2773.839844 28701.605469
-2763.243164 28696.867188
-2752.599854 28692.126953
-2741.910156 28687.384766
-2731.173828 28682.640625
-2720.391113 28677.892578
-2709.561768 28673.142578
-2698.685791 28668.390625
-2687.763428 28663.636719
-2676.794434 28658.878906
-2665.779053 28654.119141
-2654.717041 28649.357422
-2643.608643 28644.593750
-2632.453613 28639.826172
-2621.251953 28635.056641
-2610.003906 28630.285156
-2598.709229 28625.511719
-2587.368164 28620.736328
-2575.980469 28615.957031
-2564.546387 28611.175781
-2553.065674 28606.392578
-2541.538330 28601.607422
-2529.964600 28596.818359
-2518.344238 28592.027344
-2506.646240 28587.236328
-2494.880859 28582.443359
-2483.048340 28577.650391
-2471.148438 28572.855469
-2459.181396 28568.060547
-2447.146973 28563.263672
-2435.045166 28558.464844
-2422.876221 28553.666016
-2410.639893 28548.865234
-2398.336182 28544.064453
-2385.965332 28539.261719
-2373.527100 28534.458984
-2361.021484 28529.654297
-2348.448730 28524.849609
-2335.808594 28520.042969
-2323.101074 28515.234375
-2310.326416 28510.425781
-2297.484375 28505.615234
-2284.574951 28500.804688
-2271.598389 28495.992188
-2258.554443 28491.179688
-2245.443115 28486.365234
-2232.264648 28481.548828
-2219.018799 28476.732422
-2205.705566 28471.914062
-2192.325195 28467.095703
-2178.877441 28462.275391
-2165.362305 28457.455078
-2151.780029 28452.632812
-2138.130371 28447.810547
-2124.413330 28442.986328
-2110.629150 28438.160156
-2096.777588 28433.333984
-2082.858643 28428.505859
-2068.872559 28423.677734
-2054.819092 28418.847656
-2040.698364 28414.017578
-2026.510254 28409.185547
-2012.254883 28404.351562
-1997.932251 28399.517578
-1983.546387 28394.654297
-1969.095947 28389.769531
-1954.580933 28384.865234
-1940.001343 28379.939453
-1925.357178 28374.994141
-1910.648438 28370.027344
-1895.875122 28365.041016
-1881.037231 28360.033203
-1866.134766 28355.005859
-1851.167725 28349.958984
-1836.136108 28344.890625
-1821.039917 28339.802734
-1805.879150 28334.693359
-1790.653809 28329.564453
-1775.363892 28324.414062
-1760.009399 28319.244141
-1744.590332 28314.054688
-1729.106689 28308.843750
-1713.558472 28303.613281
-1697.945679 28298.361328
-1682.268311 28293.089844
-1666.526367 28287.796875
-1650.719849 28282.484375
-1634.848755 28277.152344
-1618.913086 28271.798828
-1602.912842 28266.425781
-1586.848022 28261.031250
-1570.718628 28255.617188
-1554.524658 28250.181641
-1538.266113 28244.726562
-1521.942993 28239.251953
-1505.555298 28233.755859
-1489.103027 28228.240234
-1472.586182 28222.703125
-1456.004761 28217.146484
-1439.358765 28211.568359
-1422.648193 28205.970703
-1405.873047 28200.353516
-1389.033325 28194.714844
-1372.129028 28189.056641
-1355.212646 28183.396484
-1338.266724 28177.728516
-1321.291260 28172.052734
-1304.286133 28166.371094
-1287.251465 28160.681641
-1270.187256 28154.984375
-1253.093384 28149.279297
-1235.969971 28143.566406
-1218.817017 28137.845703
-1201.634521 28132.119141
-1184.422363 28126.384766
-1167.180664 28120.642578
-1149.909424 28114.892578
-1132.608521 28109.134766
-1115.278076 28103.369141
-1097.918091 28097.597656
-1080.528564 28091.818359
-1063.109375 28086.031250
-1045.660645 28080.236328
-1028.182373 28074.433594
-1010.674500 28068.623047
-993.137024 28062.804688
-975.570007 28056.980469
-957.973389 28051.148438
-940.347229 28045.308594
-922.691467 28039.460938
-905.006104 28033.605469
-887.291199 28027.742188
-869.546692 28021.873047
-851.772644 28015.996094
-833.968994 28010.111328
-816.135803 28004.218750
-798.273010 27998.318359
-780.380676 27992.410156
-762.458740 27986.496094
-744.507202 27980.574219
-726.526123 27974.644531
-708.515442 27968.707031
-690.475220 27962.761719
-672.405396 27956.808594
-654.292114 27950.845703
-636.139954 27944.871094
-617.948975 27938.886719
-599.719116 27932.892578
-581.450439 27926.888672
-563.142883 27920.875000
-544.796509 27914.849609
-526.411255 27908.814453
-507.987152 27902.769531
-489.524200 27896.714844
-471.022400 27890.650391
-452.481750 27884.576172
-433.902252 27878.490234
-415.283905 27872.394531
-396.626709 27866.289062
-377.930634 27860.173828
-359.195709 27854.048828
-340.421936 27847.914062
-321.609314 27841.767578
-302.757843 27835.611328
-283.867523 27829.445312
-264.938354 27823.269531
-245.970337 27817.083984
-226.963470 27810.888672
-207.917755 27804.681641
-188.833191 27798.464844
-169.709778 27792.238281
-150.547501 27786.001953
-131.346375 27779.755859
-112.106400 27773.500000
-92.827576 27767.232422
-73.509903 27760.955078
-54.153378 27754.667969
-34.758003 27748.371094
-15.323776 27742.064453
4.149302 27735.748047
23.661230 27729.419922
43.212009 27723.082031
62.801640 27716.734375
82.430122 27710.376953
102.072067 27704.023438
121.735931 27697.669922
141.421722 27691.316406
161.129440 27684.962891
180.859085 27678.607422
200.610657 27672.251953
220.384155 27665.896484
240.179565 27659.541016
259.996918 27653.185547
279.836182 27646.830078
299.697388 27640.472656
319.580505 27634.115234
339.485535 27627.757812
359.412506 27621.400391
379.361389 27615.042969
399.332214 27608.683594
419.324951 27602.324219
439.339630 27595.964844
459.376221 27589.605469
479.434753 27583.246094
499.515198 27576.886719
519.617554 27570.525391
539.741821 27564.164062
559.888062 27557.802734
580.056213 27551.441406
600.246277 27545.080078
620.458252 27538.716797
640.692139 27532.353516
660.947998 27525.990234
681.225769 27519.626953
701.525452 27513.263672
721.847046 27506.900391
742.190613 27500.535156
762.556091 27494.169922
782.943481 27487.804688
803.352783 27481.439453
823.783997 27475.074219
844.237183 27468.708984
864.712280 27462.341797
885.209290 27455.974609
905.739380 27449.593750
926.298828 27443.205078
946.887634 27436.806641
967.505737 27430.398438
988.153198 27423.982422
1008.830017 27417.556641
1029.536255 27411.121094
1050.271729 27404.677734
1071.036621 27398.224609
1091.830811 27391.761719
1112.654419 27385.291016
1133.507324 27378.810547
1154.389648 27372.320312
1175.301270 27365.822266
1196.242310 27359.314453
1217.212646 27352.796875
1238.212280 27346.271484
1259.241333 27339.736328
1280.299683 27333.191406
1301.387451 27326.638672
1322.504517 27320.076172
1343.651001 27313.503906
1364.826782 27306.923828
1386.031860 27300.333984
1407.266357 27293.734375
1428.530151 27287.126953
1449.823364 27280.509766
1471.145874 27273.882812
1492.497803 27267.248047
1513.879028 27260.603516
1535.289673 27253.949219
1556.729614 27247.287109
1578.198853 27240.615234
1599.697510 27233.935547
1621.225464 27227.246094
1642.782837 27220.546875
1664.369507 27213.839844
1685.985596 27207.123047
1707.630981 27200.396484
1729.305664 27193.662109
1751.001099 27186.916016
1772.720215 27180.160156
1794.462891 27173.392578
1816.229126 27166.615234
1838.019043 27159.828125
1859.832520 27153.031250
1881.669556 27146.222656
1903.530273 27139.404297
1925.414551 27132.576172
1947.322388 27125.736328
1969.253906 27118.886719
1991.208984 27112.027344
2013.187622 27105.158203
2035.189941 27098.277344
2057.215820 27091.386719
2079.265381 27084.486328
2101.338379 27077.574219
2123.435059 27070.652344
2145.555420 27063.720703
2167.699219 27056.779297
2189.866699 27049.826172
2212.057861 27042.863281
2234.272461 27035.890625
2256.510742 27028.906250
2278.772705 27021.912109
2301.058105 27014.908203
2323.367188 27007.894531
2345.699951 27000.869141
2368.056152 26993.833984
2390.436035 26986.789062
2412.839600 26979.732422
2435.266602 26972.666016
2457.717285 26965.589844
2480.191650 26958.503906
2502.689453 26951.406250
2525.210938 26944.298828
2547.756104 26937.181641
2570.324707 26930.052734
2592.916992 26922.914062
2615.532959 26915.765625
2638.176514 26908.603516
2660.846436 26901.429688
2683.542480 26894.242188
2706.264893 26887.042969
2729.013672 26879.832031
2751.788574 26872.607422
2774.589844 26865.371094
2797.417480 26858.123047
2820.271484 26850.861328
2843.151611 26843.587891
2866.058105 26836.302734
2888.990967 26829.003906
2911.950195 26821.693359
2934.935547 26814.371094
2957.947266 26807.035156
2980.985352 26799.687500
3004.049561 26792.328125
3027.140137 26784.955078
3050.257080 26777.570312
3073.400391 26770.173828
3096.569824 26762.763672
3119.765625 26755.341797
3142.987793 26747.908203
3166.236084 26740.460938
3189.510742 26733.001953
3212.811768 26725.531250
3236.139160 26718.046875
3259.492676 26710.550781
3282.872559 26703.042969
3306.278809 26695.521484
3329.711426 26687.988281
3353.170166 26680.443359
3376.655273 26672.884766
3400.166748 26665.314453
3423.704346 26657.732422
3447.268311 26650.136719
3470.858643 26642.529297
3494.475342 26634.910156
3518.118164 26627.277344
3541.787354 26619.632812
3565.479980 26611.976562
3589.197021 26604.308594
3612.938477 26596.626953
3636.704346 26588.933594
3660.494873 26581.228516
3684.309814 26573.511719
3708.149170 26565.783203
3732.012939 26558.042969
3755.901123 26550.291016
3779.813721 26542.525391
3803.750732 26534.748047
3827.712158 26526.958984
3851.697998 26519.158203
3875.708252 26511.345703
3899.742920 26503.521484
3923.802002 26495.683594
3947.885498 26487.833984
3971.993408 26479.972656
3996.125732 26472.099609
4020.282471 26464.214844
4044.463623 26456.318359
4068.669189 26448.408203
4092.899170 26440.486328
4117.153809 26432.552734
4141.432617 26424.607422
4165.735840 26416.650391
4190.063477 26408.681641
4214.415527 26400.701172
4238.791992 26392.707031
4263.192871 26384.701172
4287.618164 26376.683594
4312.067871 26368.654297
4336.541992 26360.613281
4361.040527 26352.560547
4385.563477 26344.494141
4410.110840 26336.416016
4434.683105 26328.326172
4459.279785 26320.224609
4483.900879 26312.111328
4508.546387 26303.986328
4533.210449 26295.849609
4557.895020 26287.699219
4582.600098 26279.537109
4607.326172 26271.363281
4632.072754 26263.177734
4656.839844 26254.980469
4681.627441 26246.771484
4706.436035 26238.550781
4731.265137 26230.316406
4756.114746 26222.070312
4780.984863 26213.812500
4805.875977 26205.542969
4830.787598 26197.261719
4855.719727 26188.968750
4880.672363 26180.662109
4905.645508 26172.343750
4930.639648 26164.013672
4955.654297 26155.671875
4980.689453 26147.318359
5005.745117 26138.953125
5030.821777 26130.576172
5055.918945 26122.185547
5081.036621 26113.783203
5106.174805 26105.369141
5131.333984 26096.943359
5156.513672 26088.505859
5181.713867 26080.056641
5206.934570 26071.595703
5232.176270 26063.121094
5257.438477 26054.634766
5282.721191 26046.136719
5308.024414 26037.626953
5333.348633 26029.105469
5358.693359 26020.572266
5384.058594 26012.027344
5409.444336 26003.468750
5434.850586 25994.898438
5460.277832 25986.316406
5485.725586 25977.722656
5511.193848 25969.117188
5536.678223 25960.498047
5562.180176 25951.865234
5587.699707 25943.220703
5613.237305 25934.562500
5638.792480 25925.890625
5664.365234 25917.207031
5689.955566 25908.509766
5715.563477 25899.800781
5741.188965 25891.078125
5766.832031 25882.341797
5792.492676 25873.593750
5818.170898 25864.832031
5843.866699 25856.056641
5869.580566 25847.269531
5895.312012 25838.468750
5921.061035 25829.654297
5946.827637 25820.828125
5972.611816 25811.988281
5998.413574 25803.134766
6024.232910 25794.269531
6050.069824 25785.390625
6075.924316 25776.498047
6101.796387 25767.593750
6127.686035 25758.675781
6153.593750 25749.746094
6179.519043 25740.802734
6205.461914 25731.845703
6231.422363 25722.876953
6257.400391 25713.894531
6283.395996 25704.898438
6309.409180 25695.890625
6335.439941 25686.869141
6361.488281 25677.833984
6387.554199 25668.787109
6413.638184 25659.726562
6439.739746 25650.652344
6465.858887 25641.566406
6491.995605 25632.466797
6518.149902 25623.355469
6544.321777 25614.230469
6570.514160 25605.089844
6596.726074 25595.933594
6622.957520 25586.763672
6649.208496 25577.578125
6675.479004 25568.378906
6701.769043 25559.164062
6728.078613 25549.935547
6754.407715 25540.691406
6780.756348 25531.433594
6807.124512 25522.160156
6833.512207 25512.871094
6859.919434 25503.568359
6886.346680 25494.250000
6912.793457 25484.917969
6939.259766 25475.570312
6965.745605 25466.208984
6992.250977 25456.832031
7018.775879 25447.441406
7045.320312 25438.035156
7071.884277 25428.613281
7098.467773 25419.177734
7125.070801 25409.726562
7151.693359 25400.261719
7178.335449 25390.781250
7204.997070 25381.287109
7231.678223 25371.777344
7258.378906 25362.253906
7285.099121 25352.714844
7311.838867 25343.160156
7338.598145 25333.591797
7365.376953 25324.007812
7392.175293 25314.410156
7418.993164 25304.796875
7445.830566 25295.169922
7472.687500 25285.527344
7499.563965 25275.871094
7526.459961 25266.199219
7553.375977 25256.513672
7580.311523 25246.812500
7607.266602 25237.095703
7634.249512 25227.357422
7661.257324 25217.601562
7688.290527 25207.826172
7715.349121 25198.031250
7742.432617 25188.216797
7769.541504 25178.382812
7796.675293 25168.529297
7823.834473 25158.658203
7851.018555 25148.767578
7878.228027 25138.857422
7905.462402 25128.927734
7932.722168 25118.978516
7960.007324 25109.009766
7987.317383 25099.021484
8014.652832 25089.015625
8042.013184 25078.990234
8069.398926 25068.945312
8096.809570 25058.880859
8124.245605 25048.796875
8151.707031 25038.693359
8179.193359 25028.572266
8206.705078 25018.431641
8234.242188 25008.271484
8261.803711 24998.091797
8289.390625 24987.892578
8317.002930 24977.673828
8344.640625 24967.435547
8372.302734 24957.179688
8399.990234 24946.904297
8427.703125 24936.609375
8455.441406 24926.294922
8483.205078 24915.960938
8510.993164 24905.607422
8538.806641 24895.236328
8566.645508 24884.845703
8594.509766 24874.435547
8622.399414 24864.005859
8650.313477 24853.556641
8678.252930 24843.087891
8706.217773 24832.601562
8734.204102 24822.095703
8762.212891 24811.572266
8790.244141 24801.029297
8818.297852 24790.468750
8846.374023 24779.890625
8874.472656 24769.292969
8902.593750 24758.677734
8930.737305 24748.042969
8958.903320 24737.390625
8987.091797 24726.720703
9015.302734 24716.031250
9043.536133 24705.324219
9071.791992 24694.597656
9100.070312 24683.853516
9128.371094 24673.089844
9156.695312 24662.308594
9185.041992 24651.509766
9213.411133 24640.691406
9241.802734 24629.855469
9270.216797 24619.000000
9298.653320 24608.126953
9327.112305 24597.234375
9355.593750 24586.324219
9384.097656 24575.396484
9412.624023 24564.449219
9441.172852 24553.484375
9469.744141 24542.500000
9498.337891 24531.498047
9526.954102 24520.478516
9555.592773 24509.439453
9584.254883 24498.382812
9612.939453 24487.306641
9641.646484 24476.212891
9670.375977 24465.099609
9699.127930 24453.968750
9727.902344 24442.820312
9756.699219 24431.652344
9785.518555 24420.466797
9814.360352 24409.261719
9843.224609 24398.039062
