-0.045637 0.029925
-0.121700 0.079800
-0.228187 0.149625
-0.365100 0.239400
-0.532437 0.349125
-0.730200 0.478800
-0.958387 0.628425
-1.216999 0.798000
-1.506037 0.987525
-1.825499 1.197000
-2.175386 1.426425
-2.555699 1.675800
-2.966436 1.945125
-3.407598 2.234400
-3.879185 2.543625
-4.381197 2.872800
-4.913635 3.221925
-5.476497 3.591000
-6.069784 3.980025
-6.693496 4.389001
-7.347633 4.817926
-8.032195 5.266801
-8.747182 5.735626
-9.492594 6.224401
-10.268432 6.733126
-11.074694 7.261801
-11.911381 7.810426
-12.778493 8.379001
-13.676030 8.967526
-14.603992 9.576001
-15.562378 10.204426
-16.551190 10.852801
-17.570427 11.521126
-18.620089 12.209401
-19.700176 12.917627
-20.810688 13.645802
-21.951625 14.393927
-23.122987 15.162002
-24.324773 15.950027
-25.556985 16.758002
-26.818647 17.586977
-28.110084 18.436602
-29.431295 19.306877
-30.782282 20.197803
-32.163044 21.109378
-33.573581 22.041603
-35.013892 22.994478
-36.483979 23.968004
-37.983841 24.962179
-39.513477 25.977004
-41.072889 27.012479
-42.662075 28.068605
-44.281037 29.145380
-45.929774 30.242805
-47.608285 31.360881
-49.316572 32.499606
-51.054633 33.658982
-52.822470 34.839007
-54.620081 36.039682
-56.447468 37.261008
-58.304629 38.502983
-60.191566 39.765609
-62.108277 41.048884
-64.054764 42.352810
-66.031025 43.677386
-68.037062 45.022611
-70.072873 46.388487
-72.138460 47.775012
-74.233821 49.182188
-76.358957 50.610014
-78.513869 52.058489
-80.698555 53.527615
-82.913016 55.017391
-85.157253 56.527816
-87.431264 58.058892
-89.735050 59.610618
-92.068612 61.182994
-94.431948 62.776019
-96.825059 64.389695
-99.247945 66.024021
-101.696931 67.682559
-104.173243 69.364123
-106.676879 71.068711
-109.207840 72.796324
-111.766126 74.546962
-114.351737 76.320626
-116.964673 78.117314
-119.604934 79.937027
-122.272520 81.779765
-124.967431 83.645528
-127.689667 85.534316
-130.439228 87.446130
-133.216114 89.380968
-136.020325 91.338831
-138.851861 93.319719
-141.710721 95.323632
-144.596907 97.350570
-147.510418 99.400533
-150.451254 101.473521
-153.419414 103.569534
-156.414900 105.688572
-159.437711 107.830635
-162.487846 109.995723
-165.565307 112.183836
-168.670093 114.394973
-171.802203 116.629136
-174.961639 118.886324
-178.148399 121.166537
-181.362485 123.469775
-184.603895 125.796038
-187.872631 128.145326
-191.168691 130.517638
-194.492076 132.912976
-197.842787 135.331339
-201.220822 137.772727
-204.626182 140.237139
-208.058868 142.724577
-211.518878 145.235040
-215.006213 147.768527
-218.520873 150.325040
-222.050221 152.868690
-225.598469 155.411440
-229.165617 157.953290
-232.751665 160.494241
-236.356612 163.034291
-239.980460 165.573441
-243.623208 168.111691
-247.284856 170.649041
-250.965404 173.185491
-254.664852 175.721041
-258.383200 178.255691
-262.120448 180.789441
-265.876596 183.322291
-269.651644 185.854241
-273.445592 188.385291
-277.258440 190.915441
-281.090188 193.444690
-284.940836 195.973040
-288.810385 198.500490
-292.698833 201.027040
-296.606181 203.552690
-300.532429 206.077440
-304.477577 208.601290
-308.441626 211.124239
-312.424574 213.646289
-316.426422 216.167439
-320.447171 218.687689
-324.486819 221.207038
-328.545367 223.725488
-332.622816 226.243038
-336.719164 228.759687
-340.834413 231.275437
-344.968561 233.790287
-349.121609 236.304236
-353.293558 238.817286
-357.484406 241.329436
-361.694155 243.840685
-365.922804 246.351035
-370.170352 248.860484
-374.436801 251.369034
-378.706662 253.863146
-382.985098 256.347333
-387.272109 258.821595
-391.567695 261.285933
-395.871857 263.740345
-400.184593 266.184832
-404.505904 268.619394
-408.835790 271.044032
-413.174251 273.458744
-417.521288 275.863532
-421.876899 278.258394
-426.241085 280.643332
-430.613846 283.018344
-434.995183 285.383432
-439.385094 287.738594
-443.783580 290.083832
-448.190642 292.419145
-452.606278 294.744533
-457.030490 297.059995
-461.463276 299.365533
-465.904637 301.661146
-470.354574 303.946834
-474.813085 306.222597
-479.280172 308.488435
-483.755833 310.744348
-488.240070 312.990336
-492.732881 315.226399
-497.234268 317.452537
-501.744229 319.668750
-506.262766 321.875038
-510.789877 324.071402
-515.325564 326.257840
-519.869826 328.434353
-524.422662 330.600941
-528.984074 332.757605
-533.554060 334.904343
-538.132622 337.041157
-542.719759 339.168045
-547.315470 341.285009
-551.919757 343.392047
-556.522381 345.537498
-561.126756 347.705249
-565.732880 349.895300
-570.340754 352.107651
-574.950378 354.342302
-579.561753 356.599253
-584.174877 358.878504
-588.789752 361.180055
-593.406376 363.503906
-598.024750 365.850058
-602.644875 368.218509
-607.266749 370.609260
-611.890374 373.022311
-616.515748 375.457662
-621.142873 377.915313
-625.771747 380.395264
-630.402372 382.897515
-635.034747 385.422066
-639.668871 387.968917
-644.304746 390.538068
-648.942370 393.129519
-653.581745 395.743270
-658.222870 398.379321
-662.865745 401.037672
-667.510369 403.718323
-672.156744 406.421274
-676.804869 409.146525
-681.454744 411.894077
-686.106369 414.663928
-690.759743 417.456079
-695.414868 420.270530
-700.071743 423.107281
-704.730368 425.966332
-709.390743 428.847683
-714.052868 431.751334
-718.716743 434.677285
-723.382368 437.625536
-728.049743 440.596087
-732.718868 443.588938
-737.389743 446.604089
-742.040881 449.642103
-746.679443 452.702792
-751.305431 455.786155
-755.918843 458.892194
-760.519681 462.020907
-765.107943 465.172296
-769.683631 468.346359
-774.246743 471.543097
-778.797280 474.762511
-783.335243 478.004599
-787.860630 481.269363
-792.373442 484.556801
-796.873680 487.866915
-801.361342 491.199703
-805.836429 494.555166
-810.298941 497.933305
-814.748878 501.334118
-819.186241 504.757606
-823.611028 508.203770
-828.023240 511.672608
-832.422877 515.164121
-836.809939 518.678309
-841.184426 522.215173
-845.546338 525.774711
-849.895675 529.356924
-854.232437 532.961812
-858.556624 536.589375
-862.868236 540.239614
-867.167273 543.912527
-871.453735 547.608115
-875.727621 551.326378
-879.988933 555.067316
-884.237670 558.830929
-888.473832 562.617217
-892.697419 566.426180
-896.908430 570.257818
-901.106867 574.112131
-905.292729 577.989119
-909.466016 581.888782
-913.626727 585.811120
-917.789976 589.777171
-921.950725 593.779921
-926.108975 597.819372
-930.264724 601.895522
-934.417973 606.008373
-938.568722 610.157923
-942.716971 614.344173
-946.862721 618.567124
-951.005970 622.826774
-955.146719 627.123124
-959.284968 631.456175
-963.420717 635.825925
-967.553966 640.232375
-971.684716 644.675526
-975.812965 649.155376
-979.938714 653.671926
-984.061963 658.225177
-988.182712 662.815127
-992.300962 667.441777
-996.416711 672.105127
-1000.529960 676.805178
-1004.640709 681.541928
-1008.748959 686.315378
-1012.854708 691.125528
-1016.957957 695.972378
-1021.058706 700.855929
-1025.156955 705.776179
-1029.252705 710.733129
-1033.345954 715.726779
-1037.436703 720.757129
-1041.524952 725.824179
-1045.610702 730.927929
-1049.693951 736.068379
-1053.774700 741.245530
-1057.852949 746.459380
-1061.928699 751.709930
-1066.001948 756.997180
-1070.072697 762.321130
-1074.140946 767.681780
-1078.206696 773.079130
-1082.262407 778.525892
-1086.310594 784.017830
-1090.351256 789.554943
-1094.384392 795.137230
-1098.410004 800.764693
-1102.428091 806.437331
-1106.438653 812.155144
-1110.441689 817.918131
-1114.437201 823.726294
-1118.425187 829.579632
-1122.405649 835.478145
-1126.378586 841.421833
-1130.343997 847.410696
-1134.301884 853.444734
-1138.252245 859.523947
-1142.195082 865.648335
-1146.130394 871.817899
-1150.058180 878.032637
-1153.978442 884.292550
-1157.891178 890.597638
-1161.796390 896.947902
-1165.694076 903.343340
-1169.584238 909.783953
-1173.466874 916.269742
-1177.341986 922.800705
-1181.209572 929.376844
-1185.069633 935.998157
-1188.922170 942.664646
-1192.767181 949.376310
-1196.604668 956.133148
-1200.434629 962.935162
-1204.257065 969.782351
-1208.071977 976.674715
-1211.879363 983.612253
-1215.679224 990.594967
-1219.471561 997.622856
-1223.256372 1004.695920
-1227.033658 1011.814159
-1230.803420 1018.977573
-1234.565656 1026.186162
-1238.310317 1033.395001
-1242.040754 1040.619065
-1245.756965 1047.858354
-1249.458951 1055.112868
-1253.146713 1062.382608
-1256.820249 1069.667572
-1260.479560 1076.967761
-1264.124647 1084.283175
-1267.755508 1091.613814
-1271.372145 1098.959678
-1274.974556 1106.320767
-1278.562743 1113.697081
-1282.136704 1121.088621
-1285.696441 1128.495385
-1289.241953 1135.917374
-1292.773239 1143.354588
-1296.290301 1150.807027
-1299.793138 1158.274691
-1303.281749 1165.757581
-1306.756136 1173.255695
-1310.216298 1180.769034
-1313.662234 1188.297598
-1317.093946 1195.841387
-1320.511433 1203.400402
-1323.914695 1210.974641
-1327.303731 1218.564105
-1330.678543 1226.168794
-1334.039130 1233.788709
-1337.385492 1241.423848
-1340.717629 1249.074212
-1344.035541 1256.739802
-1347.339228 1264.420616
-1350.628690 1272.116655
-1353.903927 1279.827920
-1357.164939 1287.554409
-1360.411726 1295.296123
-1363.644288 1303.053063
-1366.862625 1310.825227
-1370.066737 1318.612616
-1373.256624 1326.415231
-1376.462511 1334.222983
-1379.674323 1342.039234
-1382.892060 1349.863986
-1386.115722 1357.697238
-1389.345309 1365.538990
-1392.580821 1373.389242
-1395.822258 1381.247994
-1399.069620 1389.115246
-1402.322907 1396.990998
-1405.582119 1404.875250
-1408.847256 1412.768002
-1412.118318 1420.669254
-1415.395305 1428.579007
-1418.678217 1436.497259
-1421.967054 1444.424011
-1425.261816 1452.359263
-1428.562503 1460.303015
-1431.869115 1468.255267
-1435.181652 1476.216019
-1438.500114 1484.185272
-1441.824501 1492.163024
-1445.154813 1500.149276
-1448.491050 1508.144028
-1451.833211 1516.147281
-1455.181298 1524.159033
-1458.535310 1532.179285
-1461.895247 1540.208038
-1465.261109 1548.245290
-1468.632896 1556.291042
-1472.010608 1564.345295
-1475.394244 1572.408047
-1478.783806 1580.479300
-1482.179293 1588.559052
-1485.580705 1596.647305
-1488.988042 1604.744057
-1492.401303 1612.849310
-1495.820490 1620.963062
-1499.245602 1629.085315
-1502.676639 1637.216067
-1506.113601 1645.355320
-1509.561287 1653.529097
-1513.018099 1661.728725
-1516.484036 1669.954202
-1519.959097 1678.205530
-1523.443284 1686.482708
-1526.936596 1694.785735
-1530.439032 1703.114613
-1533.950594 1711.469340
-1537.471280 1719.849918
-1541.001092 1728.256346
-1544.540028 1736.688623
-1548.088089 1745.146751
-1551.645276 1753.630729
-1555.211587 1762.140556
-1558.787024 1770.676234
-1562.371585 1779.237762
-1565.965271 1787.825140
-1569.568082 1796.438367
-1573.180019 1805.077445
-1576.801080 1813.742373
-1580.431266 1822.433151
-1584.070577 1831.149778
-1587.719013 1839.892256
-1591.376574 1848.660584
-1595.043260 1857.454762
-1598.719071 1866.274789
-1602.404007 1875.120667
-1606.098068 1883.992395
-1609.801254 1892.889973
-1613.513565 1901.813401
-1617.235001 1910.762679
-1620.965562 1919.737806
-1624.705248 1928.738784
-1628.454059 1937.765612
-1632.211994 1946.818290
-1635.979055 1955.896818
-1639.755241 1965.001196
-1643.540552 1974.131424
-1647.334987 1983.287502
-1651.138548 1992.469430
-1654.919846 2001.662357
-1658.689344 2010.871235
-1662.447042 2020.096063
-1666.192940 2029.336841
-1669.927038 2038.593569
-1673.649337 2047.866247
-1677.359835 2057.154875
-1681.058533 2066.459453
-1684.745431 2075.779981
-1688.420529 2085.116459
-1692.083827 2094.468887
-1695.735325 2103.837265
-1699.375023 2113.221593
-1703.002921 2122.621871
-1706.619019 2132.038099
-1710.223317 2141.470277
-1713.815815 2150.918404
-1717.396513 2160.382482
-1720.965411 2169.862510
-1724.522509 2179.358488
-1728.067807 2188.870416
-1731.601305 2198.398294
-1735.123003 2207.942122
-1738.632901 2217.501900
-1742.130999 2227.077628
-1745.617297 2236.669306
-1749.091795 2246.276934
-1752.554493 2255.900512
-1756.005391 2265.540040
-1759.444489 2275.195518
-1762.871787 2284.866946
-1766.287285 2294.554324
-1769.690983 2304.257652
-1773.082881 2313.976930
-1776.462979 2323.712158
-1779.831277 2333.463336
-1783.187775 2343.230464
-1786.532473 2353.013542
-1789.865371 2362.812570
-1793.186469 2372.627548
-1796.504542 2382.438301
-1799.816664 2392.251554
-1803.122837 2402.067307
-1806.423060 2411.885560
-1809.717333 2421.706313
-1813.005656 2431.529566
-1816.288029 2441.355319
-1819.564452 2451.183572
-1822.834925 2461.014325
-1826.099448 2470.847578
-1829.358021 2480.683331
-1832.610644 2490.521584
-1835.857317 2500.362337
-1839.098040 2510.205590
-1842.332813 2520.051343
-1845.561636 2529.899596
-1848.784509 2539.750350
-1852.001432 2549.603603
-1855.212405 2559.459356
-1858.417428 2569.317609
-1861.616501 2579.178362
-1864.809624 2589.041615
-1867.996796 2598.907368
-1871.178019 2608.775621
-1874.353292 2618.646374
-1877.522615 2628.519627
-1880.685988 2638.395381
-1883.843412 2648.273634
-1886.994885 2658.154387
-1890.140408 2668.037640
-1893.279981 2677.923393
-1896.413604 2687.811646
-1899.541277 2697.702399
-1902.663000 2707.595653
-1905.778773 2717.491406
-1908.888596 2727.389659
-1911.992469 2737.290412
-1915.090392 2747.193665
-1918.182365 2757.099419
-1921.268388 2767.007672
-1924.362861 2776.933650
-1927.460984 2786.872278
-1930.562757 2796.823556
-1933.668180 2806.787484
-1936.777253 2816.764063
-1939.889976 2826.753291
-1943.006349 2836.755169
-1946.126372 2846.769697
-1949.250045 2856.796875
-1952.377368 2866.836704
-1955.508341 2876.889182
-1958.642963 2886.954310
-1961.781236 2897.032088
-1964.923159 2907.122516
-1968.068732 2917.225594
-1971.217955 2927.341323
-1974.370828 2937.469701
-1977.527350 2947.610729
-1980.687523 2957.764407
-1983.851346 2967.930735
-1987.018819 2978.109713
-1990.189942 2988.301342
-1993.364714 2998.505620
-1996.543137 3008.722548
-1999.725210 3018.952126
-2002.910933 3029.194354
-2006.100305 3039.449232
-2009.293328 3049.716760
-2012.490001 3059.996939
-2015.690323 3070.289767
-2018.894296 3080.595245
-2022.101919 3090.913373
-2025.313191 3101.244151
-2028.528114 3111.587579
-2031.746686 3121.943657
-2034.968909 3132.312385
-2038.194782 3142.693764
-2041.424304 3153.087792
-2044.657477 3163.494470
-2047.894299 3173.913798
-2051.114634 3184.323876
-2054.325194 3194.732004
-2057.525979 3205.138182
-2060.716990 3215.542410
-2063.898225 3225.944689
-2067.069685 3236.345017
-2070.231370 3246.743395
-2073.383280 3257.139823
-2076.525416 3267.534301
-2079.657776 3277.926829
-2082.780361 3288.317407
-2085.893172 3298.706036
-2088.996207 3309.092714
-2092.089467 3319.477442
-2095.172953 3329.860220
-2098.246663 3340.241048
-2101.310599 3350.619927
-2104.364759 3360.996855
-2107.409145 3371.371833
-2110.443755 3381.744861
-2113.468591 3392.115939
-2116.483652 3402.485068
-2119.488937 3412.852246
-2122.484448 3423.217474
-2125.470183 3433.580752
-2128.446144 3443.942080
-2131.412330 3454.301459
-2134.368741 3464.658887
-2137.315376 3475.014365
-2140.252237 3485.367893
-2143.179323 3495.719472
-2146.096634 3506.069100
-2149.004170 3516.416778
-2151.901931 3526.762506
-2154.789916 3537.106285
-2157.668127 3547.448113
-2160.536563 3557.787991
-2163.395224 3568.125920
-2166.244110 3578.461898
-2169.083221 3588.795926
-2171.919195 3599.092717
-2174.749819 3609.364033
-2177.575092 3619.609874
-2180.395016 3629.830239
-2183.209590 3640.025130
-2186.018813 3650.194546
-2188.822687 3660.338487
-2191.621211 3670.456953
-2194.414385 3680.549944
-2197.202209 3690.617460
-2199.984683 3700.659501
-2202.761807 3710.676067
-2205.533581 3720.667158
-2208.300005 3730.632773
-2211.061079 3740.572914
-2213.816803 3750.487580
-2216.567177 3760.376771
-2219.312201 3770.240487
-2222.051876 3780.078728
-2224.786200 3789.891495
-2227.515174 3799.678786
-2230.238798 3809.440602
-2232.957073 3819.176943
-2235.669997 3828.887809
-2238.377572 3838.573200
-2241.079796 3848.233116
-2243.776671 3857.867557
-2246.468195 3867.476523
-2249.154370 3877.060014
-2251.835194 3886.618031
-2254.510669 3896.150572
-2257.180794 3905.657638
-2259.845568 3915.139229
-2262.504993 3924.595345
-2265.159068 3934.025986
-2267.807793 3943.431153
-2270.451168 3952.810844
-2273.089193 3962.165060
-2275.721868 3971.493801
-2278.349193 3980.797068
-2280.984668 3990.122934
-2283.623792 3999.455375
-2286.266567 4008.794392
-2288.912992 4018.139983
-2291.563067 4027.492149
-2294.216792 4036.850890
-2296.874167 4046.216207
-2299.535192 4055.588098
-2302.199867 4064.966564
-2304.868191 4074.351606
-2307.540166 4083.743222
-2310.215791 4093.141413
-2312.895066 4102.546180
-2315.577991 4111.957521
-2318.264565 4121.375437
-2320.954790 4130.799929
-2323.648665 4140.230995
-2326.346190 4149.668636
-2329.047364 4159.112853
-2331.752189 4168.563644
-2334.460664 4178.021010
-2337.172788 4187.484952
-2339.888563 4196.955468
-2342.607988 4206.432559
-2345.331062 4215.916226
-2348.057787 4225.406467
-2350.788162 4234.903283
-2353.522186 4244.406675
-2356.259861 4253.916641
-2359.001185 4263.433182
-2361.746160 4272.956299
-2364.494785 4282.485990
-2367.247059 4292.022257
-2370.002984 4301.565098
-2372.762558 4311.114514
-2375.525783 4320.670506
-2378.292657 4330.233072
-2381.063182 4339.802213
-2383.837356 4349.377930
-2386.615181 4358.960221
-2389.372017 4368.543238
-2392.116079 4378.128929
-2394.847366 4387.717296
-2397.565878 4397.308337
-2400.271615 4406.902054
-2402.964578 4416.498445
-2405.644765 4426.097512
-2408.312177 4435.699254
-2410.966814 4445.303671
-2413.608676 4454.910762
-2416.237763 4464.520529
-2418.854075 4474.132971
-2421.457612 4483.748088
-2424.048374 4493.365880
-2426.626361 4502.986347
-2429.191573 4512.609489
-2431.744011 4522.235306
-2434.283673 4531.863798
-2436.810560 4541.494965
-2439.324672 4551.128807
-2441.826009 4560.765324
-2444.314571 4570.404516
-2446.790359 4580.046383
-2449.253371 4589.690926
-2451.703608 4599.338143
-2454.141070 4608.988035
-2456.565758 4618.640602
-2458.977670 4628.295845
-2461.376807 4637.953762
-2463.763169 4647.614355
-2466.136757 4657.277622
-2468.497569 4666.943565
-2470.845606 4676.612182
-2473.180869 4686.283475
-2475.503356 4695.957442
-2477.813068 4705.634085
-2480.110006 4715.313403
-2482.394168 4724.995395
-2484.665556 4734.680063
-2486.924168 4744.367406
-2489.186393 4754.060536
-2491.446768 4763.758416
-2493.705293 4773.461047
-2495.961968 4783.168427
-2498.216792 4792.880557
-2500.469767 4802.597437
-2502.720892 4812.319067
-2504.970167 4822.045448
-2507.217592 4831.776578
-2509.463167 4841.512458
-2511.706892 4851.253088
-2513.948767 4860.998468
-2516.188792 4870.748598
-2518.426966 4880.503479
-2520.663291 4890.263109
-2522.897766 4900.027489
-2525.130391 4909.796619
-2527.361166 4919.570499
-2529.590091 4929.349129
-2531.817166 4939.132509
-2534.042390 4948.920639
-2536.265765 4958.713519
-2538.487290 4968.511149
-2540.706965 4978.313529
-2542.924790 4988.120659
-2545.140765 4997.932540
-2547.354890 5007.749170
-2549.567164 5017.570550
-2551.777589 5027.396680
-2553.986164 5037.227560
-2556.192889 5047.063190
-2558.397764 5056.903569
-2560.600789 5066.748699
-2562.801964 5076.598579
-2565.001288 5086.453209
-2567.198763 5096.312589
-2569.394388 5106.176719
-2571.588163 5116.045599
-2573.780088 5125.919229
-2575.970163 5135.797609
-2578.133900 5145.698214
-2580.279462 5155.615219
-2582.406850 5165.548624
-2584.516062 5175.498429
-2586.607099 5185.464634
-2588.679961 5195.447239
-2590.734649 5205.446244
-2592.771161 5215.461649
-2594.789498 5225.493454
-2596.789660 5235.541659
-2598.771647 5245.606264
-2600.735460 5255.687269
-2602.681097 5265.784674
-2604.608559 5275.898479
-2606.517846 5286.028685
-2608.408958 5296.175290
-2610.281895 5306.338295
-2612.136657 5316.517700
-2613.973244 5326.713505
-2615.791656 5336.925711
-2617.591893 5347.154316
-2619.373955 5357.399321
-2621.137842 5367.660727
-2622.883554 5377.938532
-2624.611091 5388.232737
-2626.320453 5398.543343
-2628.011640 5408.870348
-2629.684652 5419.213753
-2631.339489 5429.573559
-2632.976151 5439.949764
-2634.594638 5450.342370
-2636.194950 5460.751375
-2637.777087 5471.176781
-2639.341049 5481.618586
-2640.886836 5492.076792
-2642.414448 5502.551397
-2643.923884 5513.042403
-2645.415146 5523.549808
-2646.888233 5534.073614
-2648.343145 5544.613819
-2649.793907 5555.170875
-2651.235843 5565.744630
-2652.668955 5576.335086
-2654.093242 5586.942242
-2655.508704 5597.566097
-2656.915341 5608.206653
-2658.313153 5618.863909
-2659.702140 5629.537864
-2661.082302 5640.228520
-2662.453638 5650.935875
-2663.816150 5661.659931
-2665.169837 5672.400687
-2666.514699 5683.158142
-2667.850736 5693.932298
-2669.177948 5704.723154
-2670.496335 5715.530710
-2671.805897 5726.354965
-2673.106634 5737.195921
-2674.398546 5748.053577
-2675.681633 5758.927932
-2676.955895 5769.818988
-2678.221332 5780.726744
-2679.477944 5791.651200
-2680.725731 5802.592355
-2681.964693 5813.550211
-2683.194831 5824.524767
-2684.416143 5835.516023
-2685.628630 5846.523978
-2686.832292 5857.548634
-2688.027129 5868.589990
-2689.213141 5879.648046
-2690.390328 5890.722802
-2691.558690 5901.814257
-2692.718228 5912.922413
-2693.868940 5924.047269
-2695.010827 5935.188825
-2696.143889 5946.347081
-2697.268126 5957.522037
-2698.383539 5968.713692
-2699.490126 5979.922048
-2700.608551 5991.149017
-2701.731925 6002.393960
-2702.860250 6013.656878
-2703.993525 6024.937772
-2705.131750 6036.236640
-2706.274924 6047.553483
-2707.423049 6058.888302
-2708.576124 6070.241095
-2709.734149 6081.611863
-2710.897123 6093.000607
-2712.065048 6104.407325
-2713.237923 6115.832019
-2714.415748 6127.274687
-2715.598522 6138.735330
-2716.786247 6150.213949
-2717.978922 6161.710542
-2719.176547 6173.225110
-2720.379121 6184.757654
-2721.586646 6196.308172
-2722.799121 6207.876665
-2724.016546 6219.463134
-2725.238921 6231.067577
-2726.466245 6242.689995
-2727.698520 6254.330389
-2728.935745 6265.988757
-2730.177920 6277.665100
-2731.425044 6289.359419
-2732.677119 6301.071712
-2733.934144 6312.801980
-2735.196119 6324.550223
-2736.463044 6336.316442
-2737.734918 6348.100635
-2739.011743 6359.902803
-2740.293518 6371.722947
-2741.580243 6383.561065
-2742.871918 6395.417158
-2744.168542 6407.291227
-2745.470117 6419.183270
-2746.776642 6431.093288
-2748.088117 6443.021282
-2749.396217 6454.959562
-2750.703717 6466.910693
-2752.010616 6478.874674
-2753.316916 6490.851505
-2754.622616 6502.841185
-2755.927716 6514.843716
-2757.232216 6526.859097
-2758.536116 6538.887328
-2759.839416 6550.928408
-2761.142116 6562.982339
-2762.444217 6575.049120
-2763.745717 6587.128750
-2765.046617 6599.221231
-2766.346917 6611.326562
-2767.646617 6623.444742
-2768.945718 6635.575773
-2770.244218 6647.719653
-2771.542118 6659.876384
-2772.839419 6672.045964
-2774.136119 6684.228395
-2775.432219 6696.423675
-2776.727720 6708.631806
-2778.022620 6720.852786
-2779.316921 6733.086617
-2780.610621 6745.333297
-2781.903722 6757.592828
-2783.196222 6769.865208
-2784.488123 6782.150439
-2785.779423 6794.448519
-2787.070124 6806.759450
-2788.360225 6819.083230
-2789.649725 6831.419860
-2790.938626 6843.769341
-2792.226927 6856.131671
-2793.514628 6868.506851
-2794.801728 6880.894882
-2796.088229 6893.295762
-2797.374130 6905.709492
-2798.659431 6918.136073
-2799.944132 6930.575503
-2801.241545 6943.013046
-2802.547234 6955.453613
-2803.861197 6967.897206
-2805.183435 6980.343824
-2806.513949 6992.793467
-2807.852737 7005.246135
-2809.199801 7017.701827
-2810.555139 7030.160545
-2811.918752 7042.622288
-2813.290641 7055.087056
-2814.670804 7067.554849
-2816.059243 7080.025666
-2817.455956 7092.499509
-2818.860945 7104.976377
-2820.274208 7117.456270
-2821.695746 7129.939188
-2823.125560 7142.425130
-2824.563648 7154.914098
-2826.010012 7167.406091
-2827.464650 7179.901109
-2828.927564 7192.399152
-2830.398752 7204.900220
-2831.878215 7217.404312
-2833.365954 7229.911430
-2834.861967 7242.421573
-2836.366256 7254.934741
-2837.878819 7267.450934
-2839.399658 7279.970152
-2840.928771 7292.492394
-2842.466160 7305.017662
-2844.011823 7317.545955
-2845.565762 7330.077273
-2847.127975 7342.611616
-2848.698463 7355.148984
-2850.277227 7367.689377
-2851.864265 7380.232795
-2853.459579 7392.779237
-2855.063167 7405.328705
-2856.675031 7417.881198
-2858.295169 7430.436716
-2859.935283 7442.972684
-2861.591471 7455.496627
-2863.263735 7468.008545
-2864.952073 7480.508438
-2866.656487 7492.996306
-2868.376976 7505.472149
-2870.113539 7517.935967
-2871.866178 7530.387761
-2873.634891 7542.827529
-2875.419680 7555.255272
-2877.220544 7567.670991
-2879.037482 7580.074684
-2880.870496 7592.466352
-2882.719585 7604.845996
-2884.584748 7617.213614
-2886.465987 7629.569208
-2888.363301 7641.912776
-2890.276690 7654.244320
-2892.206153 7666.563839
-2894.151692 7678.871332
-2896.113306 7691.166801
-2898.090995 7703.450245
-2900.084759 7715.721664
-2902.094598 7727.981057
-2904.120511 7740.228426
-2906.162500 7752.463770
-2908.220564 7764.687089
-2910.294703 7776.898383
-2912.384917 7789.097652
-2914.491206 7801.284896
-2916.613570 7813.460115
-2918.752009 7825.623309
-2920.906523 7837.774479
-2923.077112 7849.913623
-2925.263776 7862.040742
-2927.466515 7874.155836
-2929.685329 7886.258906
-2931.920218 7898.349950
-2934.171182 7910.428969
-2936.438221 7922.495964
-2938.711510 7934.580896
-2940.994324 7946.673778
-2943.286664 7958.774610
-2945.588528 7970.883392
-2947.899917 7983.000124
-2950.220831 7995.124806
-2952.551271 8007.257438
-2954.891235 8019.398020
-2957.240724 8031.546552
-2959.599739 8043.703035
-2961.968278 8055.867467
-2964.346343 8068.039849
-2966.733932 8080.220181
-2969.131047 8092.408463
-2971.537686 8104.604696
-2973.953851 8116.808878
-2976.379541 8129.021010
-2978.814755 8141.241093
-2981.259495 8153.469125
-2983.713760 8165.705107
-2986.177549 8177.949040
-2988.650864 8190.200922
-2991.133704 8202.460755
-2993.626069 8214.728537
-2996.127959 8227.004270
-2998.639374 8239.287952
-3001.160314 8251.579585
-3003.690778 8263.879167
-3006.230768 8276.186700
-3008.780283 8288.502183
-3011.339324 8300.825615
-3013.907889 8313.156998
-3016.485979 8325.496331
-3019.073594 8337.843613
-3021.670734 8350.198846
-3024.277399 8362.562029
-3026.893590 8374.933162
-3029.519305 8387.312244
-3032.154545 8399.699277
-3034.799310 8412.094260
-3037.419663 8424.493818
-3040.026916 8436.899076
-3042.621069 8449.310034
-3045.202122 8461.726692
-3047.770074 8474.149049
-3050.324927 8486.577107
-3052.866680 8499.010865
-3055.395333 8511.450323
-3057.910885 8523.895481
-3060.413338 8536.346339
-3062.902691 8548.802897
-3065.378944 8561.265155
-3067.842096 8573.733113
-3070.292149 8586.206771
-3072.729102 8598.686129
-3075.152955 8611.171187
-3077.563707 8623.661945
-3079.961360 8636.158403
-3082.345913 8648.660561
-3084.717366 8661.168419
-3087.075718 8673.681977
-3089.420971 8686.201235
-3091.753124 8698.726193
-3094.072176 8711.256851
-3096.378129 8723.793209
-3098.670982 8736.335267
-3100.950734 8748.883025
-3103.217387 8761.436483
-3105.470940 8773.995641
-3107.711392 8786.560499
-3109.938745 8799.131057
-3112.152997 8811.707315
-3114.354150 8824.289273
-3116.542203 8836.876931
-3118.717155 8849.470289
-3120.879008 8862.069347
-3123.027761 8874.674105
-3125.163413 8887.284563
-3127.285966 8899.900722
-3129.395418 8912.522580
-3131.483371 8925.145675
-3133.552624 8937.771496
-3135.603176 8950.400042
-3137.635029 8963.031312
-3139.648182 8975.665308
-3141.642634 8988.302028
-3143.618387 9000.941474
-3145.575440 9013.583645
-3147.513792 9026.228540
-3149.433445 9038.876161
-3151.334398 9051.526506
-3153.216651 9064.179577
-3155.080203 9076.835373
-3156.925056 9089.493893
-3158.751209 9102.155139
-3160.558662 9114.819109
-3162.347415 9127.485805
-3164.117468 9140.155226
-3165.868821 9152.827371
-3167.601473 9165.502242
-3169.315426 9178.179837
-3171.010679 9190.860158
-3172.687232 9203.543203
-3174.345085 9216.228974
-3175.984238 9228.917470
-3177.604691 9241.608690
-3179.206444 9254.302636
-3180.789497 9266.999306
-3182.353850 9279.698702
-3183.899503 9292.400822
-3185.426456 9305.105668
-3186.934709 9317.813238
-3188.424262 9330.523534
-3189.895116 9343.236555
-3191.347269 9355.952300
-3192.780722 9368.670771
-3194.195475 9381.391966
-3195.591528 9394.115887
-3196.968881 9406.842532
-3198.327534 9419.571903
-3199.689388 9432.334261
-3201.047141 9445.119519
-3202.400794 9457.927677
-3203.750347 9470.758735
-3205.095800 9483.612693
-3206.437154 9496.489551
-3207.774407 9509.389310
-3209.107560 9522.311968
-3210.436613 9535.257526
-3211.761566 9548.225984
-3213.082419 9561.217343
-3214.399173 9574.231601
-3215.711826 9587.268759
-3217.020379 9600.328818
-3218.324832 9613.411776
-3219.625185 9626.517635
-3220.921438 9639.646393
-3222.213591 9652.798051
-3223.501645 9665.972610
-3224.785598 9679.170068
-3226.065451 9692.390427
-3227.341204 9705.633685
-3228.612857 9718.899844
-3229.880410 9732.188903
-3231.143863 9745.500861
-3232.403217 9758.835720
-3233.658470 9772.193478
-3234.909623 9785.574137
-3236.156676 9798.977696
-3237.399629 9812.404155
-3238.638482 9825.853513
-3239.873235 9839.325772
-3241.103888 9852.820931
-3242.330442 9866.338990
-3243.552895 9879.879948
-3244.771248 9893.443807
-3245.985501 9907.030566
-3247.195654 9920.640225
-3248.401707 9934.272784
-3249.603660 9947.928243
-3250.807476 9961.578289
-3252.011166 9975.232361
-3253.214732 9988.890457
-3254.418173 10002.552579
-3255.621488 10016.218725
-3256.824679 10029.888896
-3258.027745 10043.563092
-3259.230686 10057.241314
-3260.433501 10070.923560
-3261.636192 10084.609831
-3262.838758 10098.300128
-3264.041199 10111.994449
-3265.243514 10125.692795
-3266.445705 10139.395166
-3267.647771 10153.101562
-3268.849712 10166.811983
-3270.051528 10180.526430
-3271.253219 10194.244901
-3272.454785 10207.967397
-3273.656226 10221.693918
-3274.857542 10235.424464
-3276.058733 10249.159035
-3277.259799 10262.897631
-3278.460740 10276.640252
-3279.661556 10290.386898
-3280.862247 10304.137569
-3282.062813 10317.892265
-3283.263254 10331.650986
-3284.463570 10345.413732
-3285.663761 10359.180503
-3286.863827 10372.951298
-3288.063768 10386.726119
-3289.263584 10400.504965
-3290.463275 10414.287836
-3291.662842 10428.074732
-3292.862283 10441.865653
-3294.061599 10455.660598
-3295.260790 10469.459569
-3296.459857 10483.262565
-3297.658798 10497.069586
-3298.861852 10510.853031
-3300.067605 10524.622102
-3301.276059 10538.376798
-3302.487213 10552.117118
-3303.701066 10565.843064
-3304.917620 10579.554635
-3306.136874 10593.251830
-3307.358827 10606.934651
-3308.583481 10620.603096
-3309.810835 10634.257167
-3311.040888 10647.896863
-3312.273642 10661.522183
-3313.509095 10675.133129
-3314.747249 10688.729699
-3315.988102 10702.311895
-3317.231656 10715.879715
-3318.477909 10729.433160
-3319.726863 10742.972231
-3320.978516 10756.496926
-3322.232870 10770.007247
-3323.489923 10783.503192
-3324.749677 10796.984762
-3326.012130 10810.451958
-3327.277284 10823.904778
-3328.545137 10837.343224
-3329.815690 10850.767294
-3331.088944 10864.176989
-3332.364897 10877.572309
-3333.643550 10890.953255
-3334.924904 10904.319825
-3336.208957 10917.672020
-3337.495710 10931.009840
-3338.785164 10944.333286
-3340.077317 10957.642356
-3341.372170 10970.937051
-3342.669724 10984.217371
-3343.969977 10997.483316
-3345.272930 11010.734886
-3346.578583 11023.972081
-3347.886936 11037.194901
-3349.213777 11050.405034
-3350.553843 11063.601916
-3351.907133 11076.785549
-3353.273649 11089.955931
-3354.653390 11103.113064
-3356.046355 11116.256946
-3357.452546 11129.387579
-3358.871962 11142.504961
-3360.304603 11155.609094
-3361.750468 11168.699976
-3363.209559 11181.777608
-3364.681874 11194.841991
-3366.167415 11207.893123
-3367.666181 11220.931005
-3369.178171 11233.955637
-3370.703387 11246.967019
-3372.241828 11259.965152
-3373.793493 11272.950034
-3375.358384 11285.921666
-3376.936500 11298.880048
-3378.527840 11311.825180
-3380.132406 11324.757062
-3381.750196 11337.675694
-3383.381212 11350.581076
-3385.025453 11363.473208
-3386.682918 11376.352090
-3388.353609 11389.217722
-3390.037525 11402.070104
-3391.734665 11414.909236
-3393.445031 11427.735118
-3395.168621 11440.547750
-3396.905437 11453.347132
-3398.655478 11466.133263
-3400.418743 11478.906145
-3402.195234 11491.665777
-3403.984949 11504.412159
-3405.787890 11517.145291
-3407.604055 11529.865172
-3409.433446 11542.571804
-3411.276062 11555.265186
-3413.128115 11567.922067
-3414.990868 11580.550199
-3416.864321 11593.149581
-3418.748474 11605.720212
-3420.643327 11618.262094
-3422.548880 11630.775226
-3424.465134 11643.259608
-3426.392087 11655.715239
-3428.329740 11668.142121
-3430.278093 11680.540253
-3432.237146 11692.909635
-3434.206900 11705.250267
-3436.187353 11717.562148
-3438.178506 11729.845280
-3440.180360 11742.099662
-3442.192913 11754.325294
-3444.216166 11766.522176
-3446.250120 11778.690308
-3448.294773 11790.829690
-3450.350127 11802.940322
-3452.416180 11815.022203
-3454.492934 11827.075335
-3456.580387 11839.099717
-3458.678540 11851.095349
-3460.787394 11863.062231
-3462.906947 11875.000363
-3465.037201 11886.909745
-3467.178155 11898.790377
-3469.329808 11910.642259
-3471.492162 11922.465391
-3473.665215 11934.259774
-3475.848969 11946.025406
-3478.043423 11957.762288
-3480.248576 11969.470420
-3482.464430 11981.149802
-3484.690984 11992.800434
-3486.928237 12004.422316
-3489.176191 12016.015448
-3491.434845 12027.579830
-3493.704199 12039.115463
-3496.008027 12050.655757
-3498.338406 12062.189577
-3500.695335 12073.716922
-3503.078814 12085.237791
-3505.488842 12096.752186
-3507.925421 12108.260106
-3510.388550 12119.761550
-3512.878228 12131.256520
-3515.394457 12142.745015
-3517.937236 12154.227034
-3520.506565 12165.702579
-3523.102443 12177.171648
-3525.724872 12188.634243
-3528.373851 12200.090363
-3531.049379 12211.540007
-3533.751458 12222.983177
-3536.480087 12234.419872
-3539.235265 12245.850091
-3542.016994 12257.273836
-3544.825273 12268.691106
-3547.660101 12280.101900
-3550.521480 12291.506220
-3553.409408 12302.904064
-3556.323887 12314.295434
-3559.264916 12325.680329
-3562.232494 12337.058748
-3565.226623 12348.430693
-3568.247302 12359.796163
-3571.294530 12371.155157
-3574.368309 12382.507677
-3577.468637 12393.853721
-3580.595516 12405.193291
-3583.748945 12416.526386
-3586.928923 12427.853005
-3590.135452 12439.173150
-3593.368530 12450.486819
-3596.628159 12461.794014
-3599.914337 12473.094734
-3603.227066 12484.388978
-3606.566344 12495.676748
-3609.934686 12506.924405
-3613.331252 12518.143162
-3616.756042 12529.333019
-3620.209058 12540.493976
-3623.690299 12551.626034
-3627.199765 12562.729191
-3630.737456 12573.803448
-3634.303372 12584.848805
-3637.897513 12595.865262
-3641.519879 12606.852819
-3645.170469 12617.811477
-3648.849285 12628.741234
-3652.556326 12639.642091
-3656.291591 12650.514048
-3660.055082 12661.357106
-3663.846798 12672.171263
-3667.666738 12682.956520
-3671.514904 12693.712877
-3675.391294 12704.440335
-3679.295910 12715.138892
-3683.228751 12725.808549
-3687.189816 12736.449307
-3691.179106 12747.061164
-3695.196622 12757.644121
-3699.242362 12768.198179
-3703.316328 12778.723336
-3707.418518 12789.219594
-3711.548933 12799.686951
-3715.707574 12810.125408
-3719.894439 12820.534966
-3724.109529 12830.915623
-3728.352844 12841.267381
-3732.624385 12851.590238
-3736.924150 12861.884195
-3741.252140 12872.149253
-3745.608355 12882.385410
-3749.992795 12892.592668
-3754.405460 12902.771025
-3758.846350 12912.920483
-3763.315465 12923.041040
-3767.799793 12933.143048
-3772.303670 12943.223055
-3776.827098 12953.281063
-3781.370075 12963.317070
-3785.932603 12973.331078
-3790.514680 12983.323085
-3795.116307 12993.293092
-3799.737485 13003.241100
-3804.378212 13013.167107
-3809.038489 13023.071114
-3813.718317 13032.953122
-3818.417694 13042.813129
-3823.136621 13052.651136
-3827.875098 13062.467144
-3832.633125 13072.261151
-3837.410702 13082.033158
-3842.207829 13091.783165
-3847.024506 13101.511173
-3851.860734 13111.217180
-3856.716511 13120.901187
-3861.591837 13130.563194
-3866.486714 13140.203201
-3871.401141 13149.821209
-3876.335118 13159.417216
-3881.288645 13168.991223
-3886.261722 13178.543230
-3891.254349 13188.073237
-3896.266526 13197.581244
-3901.298252 13207.067251
-3906.349529 13216.531258
-3911.420356 13225.973265
-3916.510732 13235.393272
-3921.620659 13244.791279
-3926.750136 13254.167286
-3931.899162 13263.521293
-3937.067739 13272.853300
-3942.255865 13282.163307
-3947.463542 13291.451314
-3952.690768 13300.717321
-3957.937545 13309.961328
-3963.201546 13319.199610
-3968.483548 13328.426742
-3973.783549 13337.642724
-3979.101551 13346.847556
-3984.437552 13356.041237
-3989.791554 13365.223769
-3995.163555 13374.395151
-4000.553556 13383.555383
-4005.961558 13392.704465
-4011.387559 13401.842397
-4016.831561 13410.969179
-4022.293562 13420.084811
-4027.773563 13429.189292
-4033.271565 13438.282624
-4038.787566 13447.364806
-4044.321567 13456.435838
-4049.873569 13465.495720
-4055.443570 13474.544452
-4061.031571 13483.582034
-4066.637573 13492.608466
-4072.261574 13501.623747
-4077.903575 13510.627879
-4083.563577 13519.620861
-4089.241578 13528.602693
-4094.937579 13537.573375
-4100.651580 13546.532907
-4106.383582 13555.481288
-4112.133583 13564.418520
-4117.901584 13573.344602
-4123.687585 13582.259534
-4129.491587 13591.163316
-4135.313588 13600.055948
-4141.153589 13608.937429
-4147.011590 13617.807761
-4152.887591 13626.666943
-4158.781592 13635.514975
-4164.693594 13644.351857
-4170.623595 13653.177589
-4176.571596 13661.992170
-4182.537597 13670.795602
-4188.516348 13679.593996
-4194.509599 13688.385316
-4200.517351 13697.169560
-4206.539602 13705.946729
-4212.576353 13714.716823
-4218.627604 13723.479843
-4224.693355 13732.235787
-4230.773606 13740.984656
-4236.868357 13749.726450
-4242.977609 13758.461169
-4249.101360 13767.188813
-4255.239611 13775.909382
-4261.392362 13784.622876
-4267.559613 13793.329295
-4273.741364 13802.028639
-4279.937615 13810.720908
-4286.148367 13819.406102
-4292.373618 13828.084221
-4298.613369 13836.755265
-4304.867620 13845.419234
-4311.136371 13854.076128
-4317.419622 13862.725947
-4323.717373 13871.368691
-4330.029625 13880.004360
-4336.356376 13888.632953
-4342.697627 13897.254472
-4349.053378 13905.868916
-4355.423629 13914.476285
-4361.808380 13923.076579
-4368.207631 13931.669797
-4374.621383 13940.255941
-4381.049634 13948.835010
-4387.492385 13957.407003
-4393.949636 13965.971922
-4400.421387 13974.529766
-4406.907638 13983.080534
-4413.408389 13991.624228
-4419.923640 14000.160846
-4426.453392 14008.690390
-4432.997643 14017.212858
-4439.551594 14025.721277
-4446.116845 14034.217971
-4452.693396 14042.702939
-4459.281248 14051.176183
-4465.880399 14059.637701
-4472.490850 14068.087495
-4479.112602 14076.525563
-4485.745653 14084.951907
-4492.390004 14093.366525
-4499.045656 14101.769419
-4505.712607 14110.160587
-4512.390859 14118.540031
-4519.080410 14126.907749
-4525.781262 14135.263743
-4532.493413 14143.608012
-4539.216865 14151.940555
-4545.951616 14160.261374
-4552.697668 14168.570467
-4559.455020 14176.867836
-4566.223671 14185.153479
-4573.003623 14193.427398
-4579.794875 14201.689591
-4586.597427 14209.940060
-4593.411278 14218.178803
-4600.236430 14226.405822
-4607.072882 14234.621115
-4613.920634 14242.824684
-4620.779686 14251.016527
-4627.650038 14259.196646
-4634.531690 14267.365039
-4641.424642 14275.521708
-4648.328894 14283.666651
-4655.244446 14291.799870
-4662.171298 14299.921363
-4669.109450 14308.031132
-4676.058902 14316.129175
-4683.019654 14324.215494
-4689.991707 14332.290087
-4696.975059 14340.352956
-4703.969711 14348.404099
-4710.879176 14356.450868
-4717.735616 14364.490811
-4724.539030 14372.523930
-4731.289420 14380.550223
-4737.986785 14388.569692
-4744.631125 14396.582335
-4751.222440 14404.588154
-4757.760730 14412.587147
-4764.245995 14420.579316
-4770.678234 14428.564659
-4777.057449 14436.543178
-4783.383639 14444.514871
-4789.656804 14452.479740
-4795.876944 14460.437783
-4802.044059 14468.389002
-4808.158149 14476.333395
-4814.219214 14484.270964
-4820.227255 14492.201707
-4826.182270 14500.125626
-4832.084260 14508.042719
-4837.933225 14515.952988
-4843.729165 14523.856431
-4849.472080 14531.753050
-4855.161970 14539.642843
-4860.798836 14547.525812
-4866.382676 14555.401955
-4871.913491 14563.271274
-4877.391281 14571.133767
-4882.816047 14578.989436
-4888.187787 14586.838279
-4893.506502 14594.680298
-4898.772193 14602.515491
-4903.984858 14610.343860
-4909.144498 14618.165403
-4914.251114 14625.980122
-4919.304704 14633.788015
-4924.305270 14641.589084
-4929.252810 14649.383327
-4934.147326 14657.170746
-4938.988816 14664.951339
-4943.743306 14672.704708
-4948.422122 14680.437651
-4953.025262 14688.150170
-4957.552728 14695.842263
-4962.004518 14703.513932
-4966.380634 14711.165176
-4970.681074 14718.795994
-4974.905839 14726.406388
-4979.054930 14733.996356
-4983.128345 14741.565900
-4987.126086 14749.115018
-4991.048151 14756.643712
-4994.894541 14764.151981
-4998.665257 14771.639824
-5002.360297 14779.107243
-5005.979662 14786.554237
-5009.523352 14793.980805
-5012.991368 14801.386949
-5016.383708 14808.772667
-5019.700373 14816.137961
-5022.941364 14823.482830
-5026.106679 14830.807274
-5029.196319 14838.111292
-5032.210284 14845.394886
-5035.148574 14852.658055
-5038.011190 14859.900798
-5040.798130 14867.123117
-5043.509395 14874.325011
-5046.144985 14881.506480
-5048.704900 14888.667523
-5051.189140 14895.808142
-5053.597706 14902.928336
-5055.930596 14910.028105
-5058.187811 14917.107448
-5060.369351 14924.166367
-5062.475216 14931.204861
-5064.505406 14938.222930
-5066.459921 14945.220574
-5068.338761 14952.197792
-5070.141926 14959.154586
-5071.865929 14966.116643
-5073.511931 14973.075399
-5075.079934 14980.030855
-5076.569936 14986.983012
-5077.981939 14993.931868
-5079.315941 15000.877425
-5080.571944 15007.819682
-5081.749946 15014.758638
-5082.849949 15021.694295
-5083.871951 15028.626651
-5084.815954 15035.555708
-5085.681956 15042.481465
-5086.469959 15049.403922
-5087.179961 15056.323079
-5087.811963 15063.238935
-5088.365966 15070.151492
-5088.841968 15077.060749
-5089.239971 15083.966706
-5089.559973 15090.869363
-5089.801975 15097.768720
-5089.965978 15104.664777
-5090.051980 15111.557534
-5090.059982 15118.446991
-5089.989985 15125.333148
-5089.841987 15132.216006
-5089.615989 15139.095563
-5089.311992 15145.971820
-5088.929994 15152.844777
-5088.469996 15159.714435
-5087.931999 15166.580792
-5087.316001 15173.443849
-5086.622003 15180.303607
-5085.850005 15187.160064
-5085.000008 15194.013222
-5084.072010 15200.863079
-5083.066012 15207.709637
-5081.982014 15214.552894
-5080.820016 15221.392852
-5079.580019 15228.229510
-5078.262021 15235.062867
-5076.912373 15241.860113
-5075.515625 15248.632183
-5074.071777 15255.379078
-5072.580830 15262.100798
-5071.042782 15268.797343
-5069.457634 15275.468713
-5067.825386 15282.114908
-5066.146038 15288.735929
-5064.419591 15295.331774
-5062.646043 15301.902444
-5060.825395 15308.447939
-5058.957647 15314.968259
-5057.042799 15321.463404
-5055.080851 15327.933374
-5053.071804 15334.378169
-5051.015656 15340.797789
-5048.912408 15347.192234
-5046.762060 15353.561504
-5044.564612 15359.905600
-5042.320065 15366.224520
-5040.028417 15372.518265
-5037.689669 15378.786835
-5035.303821 15385.030230
-5032.870873 15391.248450
-5030.390826 15397.441495
-5027.863678 15403.609365
-5025.289430 15409.752060
-5022.668082 15415.869580
-5019.999634 15421.961925
-5017.284086 15428.029095
-5014.521439 15434.071090
-5011.711691 15440.087910
-5008.854843 15446.079555
-5005.950895 15452.046025
-5002.999847 15457.987320
-5000.001700 15463.903440
-4996.956452 15469.794385
-4993.864104 15475.660155
-4990.724656 15481.500750
-4987.538108 15487.316170
-4984.335098 15493.102065
-4981.105413 15498.859885
-4977.849052 15504.589630
-4974.566017 15510.291300
-4971.256307 15515.964895
-4967.919921 15521.610415
-4964.556861 15527.227860
-4961.167126 15532.817230
-4957.750716 15538.378525
-4954.307630 15543.911746
-4950.837870 15549.416891
-4947.341435 15554.893961
-4943.818324 15560.342956
-4940.268539 15565.763876
-4936.692079 15571.156722
-4933.088943 15576.521492
-4929.459133 15581.858187
-4925.802648 15587.166808
-4922.119487 15592.447353
-4918.409652 15597.699823
-4914.673142 15602.924219
-4910.909956 15608.120539
-4907.120096 15613.288785
-4903.303561 15618.428955
-4899.460350 15623.541051
-4895.590465 15628.625071
-4891.693905 15633.681017
-4887.770669 15638.708887
-4883.820759 15643.708683
-4879.844174 15648.680403
-4875.840913 15653.624049
-4871.810978 15658.539619
-4867.754368 15663.427115
-4863.671082 15668.286536
-4859.561122 15673.117881
-4855.424487 15677.921152
-4851.261176 15682.696348
-4847.071191 15687.443469
-4842.854531 15692.162514
-4838.611195 15696.853485
-4834.331247 15701.543756
-4830.018000 15706.224202
-4825.671452 15710.894822
-4821.291604 15715.555618
-4816.878456 15720.206589
-4812.432009 15724.847735
-4807.952261 15729.479056
-4803.439213 15734.100552
-4798.892866 15738.712222
-4794.313218 15743.314068
-4789.700270 15747.906089
-4785.054023 15752.488285
-4780.374475 15757.060656
-4775.661627 15761.623202
-4770.915480 15766.175923
-4766.136032 15770.718819
-4761.323285 15775.251890
-4756.477237 15779.775136
-4751.597890 15784.288556
-4746.685242 15788.792152
-4741.739295 15793.285923
-4736.760047 15797.769869
-4731.747500 15802.243990
-4726.701652 15806.708286
-4721.622505 15811.162757
-4716.510058 15815.607403
-4711.364310 15820.042224
-4706.185263 15824.467220
-4700.972916 15828.882391
-4695.727268 15833.287737
-4690.448321 15837.683258
-4685.136074 15842.068954
-4679.790526 15846.444826
-4674.411679 15850.810872
-4668.999532 15855.167093
-4663.554085 15859.513489
-4658.075338 15863.850060
-4652.563290 15868.176806
-4647.017943 15872.493727
-4641.439296 15876.800823
-4635.827424 15881.099407
-4630.182302 15885.389041
-4624.503930 15889.669724
-4618.792308 15893.941458
-4613.047435 15898.204242
-4607.269313 15902.458075
-4601.457941 15906.702959
-4595.613319 15910.938893
-4589.735447 15915.165877
-4583.824325 15919.383911
-4577.879953 15923.592994
-4571.902331 15927.793128
-4565.891459 15931.984312
-4559.847337 15936.166546
-4553.769964 15940.339830
-4547.659342 15944.504164
-4541.515470 15948.659548
-4535.338348 15952.805982
-4529.127976 15956.943466
-4522.884354 15961.072000
-4516.607482 15965.191584
-4510.297360 15969.302218
-4503.953988 15973.403902
-4497.577366 15977.496636
-4491.167494 15981.580420
-4484.724372 15985.655255
-4478.248000 15989.721139
-4471.738378 15993.778073
-4465.195505 15997.826057
-4458.619383 16001.865091
-4452.010011 16005.895176
-4445.367389 16009.916310
-4438.691517 16013.928494
-4431.982395 16017.931728
-4425.240023 16021.926013
-4418.464401 16025.911347
-4411.655529 16029.887731
-4404.813407 16033.855166
-4397.938035 16037.813650
-4391.029413 16041.763185
-4384.087091 16045.696907
-4377.111219 16049.617103
-4370.101797 16053.523775
-4363.058825 16057.416922
-4355.982303 16061.296544
-4348.872231 16065.162641
-4341.728609 16069.015213
-4334.551437 16072.854260
-4327.340715 16076.679782
-4320.096443 16080.491779
-4312.818622 16084.290251
-4305.507250 16088.075197
-4298.162328 16091.846619
-4290.783856 16095.604516
-4283.371834 16099.348888
-4275.926262 16103.079735
-4268.447140 16106.797057
-4260.934468 16110.500854
-4253.388246 16114.191126
-4245.808474 16117.867873
-4238.195152 16121.531094
-4230.548281 16125.180791
-4222.867859 16128.816963
-4215.153887 16132.439610
-4207.406365 16136.048732
-4199.625293 16139.644329
-4191.810671 16143.226401
-4183.962499 16146.794948
-4176.080778 16150.349969
-4168.165506 16153.891466
-4160.216684 16157.419438
-4152.234312 16160.933885
-4144.218390 16164.434807
-4136.168918 16167.922204
-4128.085897 16171.396076
-4119.969325 16174.856422
-4111.819203 16178.303244
-4103.635531 16181.736541
-4095.418309 16185.156313
-4087.167538 16188.562560
-4078.910141 16191.964169
-4070.637144 16195.358178
-4062.348547 16198.744588
-4054.044350 16202.123397
-4045.724553 16205.494607
-4037.389156 16208.858216
-4029.038159 16212.214225
-4020.671562 16215.562635
-4012.289365 16218.903444
-4003.891568 16222.236654
-3995.478171 16225.562263
-3987.049174 16228.880272
-3978.604577 16232.190682
-3970.144380 16235.493491
-3961.668583 16238.788701
-3953.177186 16242.076310
-3944.670188 16245.356320
-3936.147591 16248.628729
-3927.609394 16251.893538
-3919.055596 16255.150748
-3910.486199 16258.400357
-3901.901202 16261.642367
-3893.300604 16264.876776
-3884.684407 16268.103586
-3876.052610 16271.322795
-3867.405212 16274.534405
-3858.742215 16277.738414
-3850.063617 16280.934824
-3841.369420 16284.123633
-3832.659622 16287.304843
-3823.934224 16290.478452
-3815.193227 16293.644462
-3806.436629 16296.802871
-3797.664431 16299.953681
-3788.876634 16303.096890
-3780.073236 16306.232500
-3771.254238 16309.360510
-3762.419641 16312.480919
-3753.569443 16315.593729
-3744.703645 16318.698938
-3735.818685 16321.798198
-3726.915749 16324.890957
-3717.994839 16327.977217
-3709.055954 16331.056976
-3700.099094 16334.130236
-3691.124259 16337.196995
-3682.131448 16340.257254
-3673.120663 16343.311014
-3664.091903 16346.358273
-3655.045168 16349.399033
-3645.980458 16352.433292
-3636.897773 16355.461051
-3627.797113 16358.482311
-3618.678478 16361.497070
-3609.541868 16364.505329
-3600.387283 16367.507088
-3591.214723 16370.502347
-3582.024188 16373.491107
-3572.815678 16376.473366
-3563.589193 16379.449125
-3554.344733 16382.418384
-3545.082298 16385.381143
-3535.801889 16388.337402
-3526.503504 16391.287161
-3517.187144 16394.230420
-3507.852809 16397.167179
-3498.500499 16400.097438
-3489.130215 16403.021197
-3479.741955 16405.938456
-3470.335720 16408.849215
-3460.911511 16411.753474
-3451.469326 16414.651233
-3442.009166 16417.542492
-3432.531032 16420.427251
-3423.034922 16423.305510
-3413.520838 16426.177268
-3403.988778 16429.042527
-3394.438743 16431.901286
-3384.870734 16434.753545
-3375.284749 16437.599303
-3365.684277 16440.443700
-3356.068155 16443.285021
-3346.436383 16446.123268
-3336.788961 16448.958439
-3327.125889 16451.790535
-3317.447167 16454.619557
-3307.752795 16457.445504
-3298.042773 16460.268375
-3288.317101 16463.088172
-3278.575779 16465.904894
-3268.818807 16468.718541
-3259.046185 16471.529112
-3249.257913 16474.336609
-3239.453991 16477.141031
-3229.634419 16479.942378
-3219.799197 16482.740650
-3209.948325 16485.535847
-3200.081802 16488.327969
-3190.199630 16491.117017
-3180.301808 16493.902989
-3170.388336 16496.685886
-3160.459214 16499.465708
-3150.514442 16502.242456
-3140.554020 16505.016128
-3130.577948 16507.786726
-3120.586226 16510.554248
-3110.578853 16513.318696
-3100.555831 16516.080068
-3090.517159 16518.838366
-3080.462837 16521.593589
-3070.392865 16524.345737
-3060.307243 16527.094809
-3050.205971 16529.840807
-3040.089048 16532.583730
-3029.956476 16535.323578
-3019.808254 16538.060351
-3009.644382 16540.794049
-2999.464860 16543.524672
-2989.269688 16546.252221
-2979.058865 16548.976694
-2968.834456 16551.693929
-2958.595771 16554.405315
-2948.342811 16557.110851
-2938.075576 16559.810537
-2927.794067 16562.504373
-2917.498282 16565.192359
-2907.188222 16567.874495
-2896.863887 16570.550781
-2886.525277 16573.221217
-2876.172392 16575.885803
-2865.805232 16578.544539
-2855.423797 16581.197425
-2845.028088 16583.844461
-2834.618103 16586.485647
-2824.193843 16589.120983
-2813.755307 16591.750470
-2803.302497 16594.374106
-2792.835412 16596.991892
-2782.354052 16599.603829
-2771.858417 16602.209915
-2761.348507 16604.810152
-2750.824322 16607.404538
-2740.285862 16609.993074
-2729.733126 16612.575761
-2719.166116 16615.152598
-2708.584831 16617.723584
-2697.989271 16620.288721
-2687.379435 16622.848008
-2676.755325 16625.401444
-2666.116940 16627.949031
-2655.464279 16630.490768
-2644.797344 16633.026655
-2634.116133 16635.556691
-2623.420648 16638.080878
-2612.710888 16640.599215
-2601.986852 16643.111702
-2591.248542 16645.618339
-2580.495956 16648.119126
-2569.729096 16650.614063
-2558.947960 16653.103150
-2548.168037 16655.588638
-2537.384164 16658.069775
-2526.596341 16660.546562
-2515.804568 16663.018999
-2505.008845 16665.487086
-2494.209172 16667.950823
-2483.405548 16670.410210
-2472.597975 16672.865247
-2461.786452 16675.315934
-2450.970979 16677.762271
-2440.151556 16680.204258
-2429.328183 16682.641896
-2418.500860 16685.075183
-2407.669586 16687.504120
-2396.834363 16689.928707
-2385.995190 16692.348944
-2375.152067 16694.764831
-2364.304994 16697.176368
-2353.453971 16699.583555
-2342.598997 16701.986392
-2331.740074 16704.384879
-2320.877201 16706.779016
-2310.010378 16709.168804
-2299.139604 16711.554241
-2288.264881 16713.935328
-2277.386208 16716.312065
-2266.503585 16718.684452
-2255.617011 16721.052489
-2244.726488 16723.416176
-2233.832015 16725.775513
-2222.933592 16728.130500
-2212.031218 16730.481138
-2201.124895 16732.827425
-2190.214622 16735.169362
-2179.300398 16737.506949
-2168.382225 16739.840186
-2157.460102 16742.169073
-2146.534029 16744.493610
-2135.604005 16746.813797
-2124.670032 16749.129634
-2113.746321 16751.437297
-2102.828135 16753.738059
-2091.915474 16756.031921
-2081.008339 16758.318883
-2070.106728 16760.598946
-2059.210642 16762.872108
-2048.320082 16765.138370
-2037.435046 16767.397732
-2026.555535 16769.650195
-2015.681550 16771.895757
-2004.813089 16774.134420
-1993.950154 16776.366182
-1983.092743 16778.591044
-1972.240858 16780.809007
-1961.394497 16783.020069
-1950.553662 16785.224232
-1939.718351 16787.421495
-1928.888566 16789.611857
-1918.064305 16791.795320
-1907.245570 16793.971882
-1896.432360 16796.141545
-1885.624674 16798.304308
-1874.822514 16800.460170
-1864.025879 16802.609133
-1853.234768 16804.751196
-1842.449183 16806.886359
-1831.669123 16809.014621
-1820.894588 16811.135984
-1810.125578 16813.250447
-1799.362092 16815.358010
-1788.604132 16817.458673
-1777.851697 16819.552436
-1767.104787 16821.639299
-1756.363402 16823.719262
-1745.627542 16825.792325
-1734.897207 16827.858488
-1724.172397 16829.917751
-1713.453112 16831.970114
-1702.739352 16834.015577
-1692.031117 16836.054140
-1681.324282 16838.076466
-1670.620222 16840.085666
-1659.918938 16842.081742
-1649.220428 16844.064692
-1638.524693 16846.034518
-1627.831733 16847.991219
-1617.141548 16849.934794
-1606.454138 16851.865245
-1595.769504 16853.782570
-1585.087644 16855.686771
-1574.408559 16857.577847
-1563.732249 16859.455797
-1553.058714 16861.320623
-1542.387955 16863.172323
-1531.719970 16865.010899
-1521.054760 16866.836349
-1510.392326 16868.648675
-1499.732666 16870.447876
-1489.075781 16872.233951
-1478.421672 16874.006902
-1467.770337 16875.766727
-1457.121777 16877.513428
-1446.475993 16879.247003
-1435.832983 16880.967454
-1425.192748 16882.674779
-1414.555289 16884.368980
-1403.920604 16886.050056
-1393.288695 16887.718006
-1382.659560 16889.372832
-1372.033201 16891.014532
-1361.409616 16892.643108
-1350.788807 16894.258558
-1340.170772 16895.860884
-1329.555513 16897.450084
-1318.943028 16899.026160
-1308.333319 16900.589110
-1297.726384 16902.138936
-1287.122225 16903.675636
-1276.520841 16905.199212
-1265.922231 16906.709662
-1255.331759 16908.211413
-1244.747638 16909.702988
-1234.169866 16911.184389
-1223.598444 16912.655615
-1213.033372 16914.116665
-1202.474650 16915.567541
-1191.922279 16917.008241
-1181.376257 16918.438767
-1170.836585 16919.859118
-1160.303263 16921.269293
-1149.776292 16922.669294
-1139.255670 16924.059119
-1128.741398 16925.438770
-1118.233477 16926.808246
-1107.731905 16928.167546
-1097.236684 16929.516672
-1086.747812 16930.855623
-1076.265290 16932.184398
-1065.789119 16933.502999
-1055.319297 16934.811425
-1044.855826 16936.109676
-1034.398704 16937.397751
-1023.947933 16938.675652
-1013.503511 16939.943378
-1003.065440 16941.200929
-992.633719 16942.448304
-982.208347 16943.685505
-971.789326 16944.912531
-961.376654 16946.129382
-950.970333 16947.336058
-940.570362 16948.532559
-930.176740 16949.718884
-919.789469 16950.895035
-909.408548 16952.061011
-899.033977 16953.216812
-888.665755 16954.362438
-878.303884 16955.497889
-867.948363 16956.623165
-857.599192 16957.738266
-847.256371 16958.843192
-836.923537 16959.933143
-826.599478 16961.009719
-816.284194 16962.072920
-805.977686 16963.122746
-795.679952 16964.159197
-785.390993 16965.182273
-775.110809 16966.191974
-764.839400 16967.188300
-754.576766 16968.171251
-744.322907 16969.140828
-734.077823 16970.097029
-723.841514 16971.039855
-713.613980 16971.969307
-703.395221 16972.885383
-693.185237 16973.788084
-682.984028 16974.677411
-672.791594 16975.553362
-662.607935 16976.415939
-652.433051 16977.265140
-642.266941 16978.100967
-632.109607 16978.923418
-621.961048 16979.732495
-611.821264 16980.528197
-601.690254 16981.310523
-591.568020 16982.079475
-581.454561 16982.835052
-571.349876 16983.577254
-561.253967 16984.306080
-551.166832 16985.021532
-541.088473 16985.723609
-531.018888 16986.412311
-520.958079 16987.087638
-510.906044 16987.749590
-500.862785 16988.398167
-490.828300 16989.033369
-480.802590 16989.655196
-470.785656 16990.263648
-460.777496 16990.858725
-450.778111 16991.440427
-440.787501 16992.008754
-430.804767 16992.577281
-420.830207 16993.141484
-410.863822 16993.701361
-400.905613 16994.256913
-390.955578 16994.808140
-381.013718 16995.355043
-371.080033 16995.897620
-361.154524 16996.435872
-351.237189 16996.969799
-341.328029 16997.499402
-331.427044 16998.024679
-321.534235 16998.545631
-311.649600 16999.062258
-301.773140 16999.574561
-291.904856 17000.082538
-282.044746 17000.586191
-272.192811 17001.085518
-262.349051 17001.580520
-252.513467 17002.071198
-242.686057 17002.557550
-232.866822 17003.039577
-223.055762 17003.517280
-213.252878 17003.990657
-203.458168 17004.459710
-193.671633 17004.924437
-183.893274 17005.384840
-174.123089 17005.840917
-164.361079 17006.292670
-154.607244 17006.740097
-144.861585 17007.183200
-135.124100 17007.621977
-125.394790 17008.056430
-115.673656 17008.486557
-105.960696 17008.912360
-96.255911 17009.333838
-86.559301 17009.750990
-76.870867 17010.163818
-67.190607 17010.572321
-57.518522 17010.976498
-47.854613 17011.376351
-38.183278 17011.754254
-28.509718 17012.116081
-18.833934 17012.461834
-9.155924 17012.791512
0.524311 17013.105115
10.206771 17013.402643
19.891455 17013.684096
29.578365 17013.949474
39.267500 17014.198777
48.958859 17014.432005
58.652444 17014.649158
68.348254 17014.850236
78.046288 17015.035239
87.746548 17015.204167
97.449033 17015.357020
107.153742 17015.493799
116.860677 17015.614502
126.569837 17015.719130
136.281221 17015.807684
145.994831 17015.880162
155.710666 17015.936565
165.428725 17015.976894
175.149010 17016.001147
184.871519 17016.009326
194.596254 17016.001430
204.323214 17015.977458
214.052398 17015.937412
223.783808 17015.881291
233.517443 17015.809094
243.253302 17015.720823
252.991387 17015.616477
262.731696 17015.496056
272.474231 17015.359560
282.218991 17015.206989
291.965975 17015.038343
301.715185 17014.853622
311.466619 17014.652826
321.220279 17014.435955
330.976163 17014.203009
340.734273 17013.953988
350.477658 17013.695155
360.211967 17013.424421
369.937202 17013.141788
379.653361 17012.847255
389.360446 17012.540821
399.058455 17012.222488
408.747390 17011.892255
418.427249 17011.550122
428.098033 17011.196088
437.759743 17010.830155
447.412377 17010.452322
457.055937 17010.062589
466.690421 17009.660956
476.315830 17009.247422
485.932165 17008.821989
495.539424 17008.384656
505.137608 17007.935423
514.726718 17007.474290
524.306752 17007.001257
533.877711 17006.516324
543.439595 17006.019491
552.992405 17005.510758
562.536139 17004.990125
572.070798 17004.457592
581.596382 17003.913159
591.112891 17003.356826
600.620325 17002.788593
610.118685 17002.208460
619.607969 17001.616427
629.088178 17001.012494
638.559312 17000.396661
648.021371 16999.768928
657.474355 16999.129295
666.918264 16998.477762
676.353098 16997.814330
685.778857 16997.138997
695.195541 16996.451764
704.603150 16995.752631
714.001684 16995.041598
723.391143 16994.318666
732.788514 16993.597145
742.188136 16992.872600
751.590007 16992.145030
760.994129 16991.414434
770.400500 16990.680814
779.809121 16989.944169
789.219993 16989.204498
798.633114 16988.461803
808.048485 16987.716083
817.466107 16986.967337
826.885978 16986.215567
836.308099 16985.460771
845.732470 16984.702951
855.159092 16983.942105
864.587963 16983.178235
874.019084 16982.411340
883.452455 16981.641419
892.888076 16980.868474
902.325948 16980.092503
911.766069 16979.313508
921.208440 16978.531487
930.653061 16977.746442
940.099932 16976.958371
949.549053 16976.167276
959.000424 16975.373155
968.454045 16974.576010
977.909917 16973.775839
987.368038 16972.972643
996.828409 16972.166423
1006.291030 16971.357177
1015.755901 16970.544907
1025.223022 16969.729611
1034.692393 16968.911290
1044.164014 16968.089945
1053.637884 16967.265574
1063.114005 16966.438178
1072.592376 16965.607758
1082.072997 16964.774312
1091.555868 16963.937841
1101.040989 16963.098346
1110.521572 16962.241875
1119.999881 16961.373079
1129.475914 16960.491959
1138.949672 16959.598513
1148.421156 16958.692742
1157.890364 16957.774647
1167.357297 16956.844226
1176.821955 16955.901481
1186.284338 16954.946410
1195.744447 16953.979014
1205.202280 16952.999294
1214.657838 16952.007248
1224.111121 16951.002878
1233.562129 16949.986182
1243.010862 16948.957162
1252.457320 16947.915816
1261.901503 16946.862146
1271.343411 16945.796150
1280.783044 16944.717830
1290.220402 16943.627184
1299.655485 16942.524214
1309.088293 16941.408918
1318.518826 16940.281298
1327.947084 16939.141353
1337.373067 16937.989082
1346.796775 16936.824487
1356.218208 16935.647566
1365.637365 16934.458321
1375.054248 16933.256751
1384.468856 16932.042855
1393.881189 16930.816635
1403.291247 16929.578090
1412.699029 16928.327219
1422.104537 16927.064024
1431.507770 16925.788504
1440.908727 16924.500658
1450.307410 16923.200488
1459.703818 16921.887993
1469.097950 16920.563173
1478.489808 16919.226027
1487.875640 16917.870595
1497.256698 16916.498862
1506.632980 16915.110829
1516.004488 16913.706496
1525.371221 16912.285864
1534.733178 16910.848931
1544.090361 16909.395698
1553.442769 16907.926165
1562.790401 16906.440332
1572.133259 16904.938200
1581.471342 16903.419767
1590.804649 16901.885034
1600.133182 16900.334001
1609.456939 16898.766668
1618.775922 16897.183035
1628.090130 16895.583102
1637.399562 16893.966870
1646.704220 16892.334337
1656.004103 16890.685504
1665.299211 16889.020371
1674.589543 16887.338938
1683.875101 16885.641205
1693.155884 16883.927172
1702.431891 16882.196839
1711.703124 16880.450206
1720.969582 16878.687273
1730.231265 16876.908040
1739.488172 16875.112507
1748.740305 16873.300674
1757.987663 16871.472541
1767.230245 16869.628108
1776.468053 16867.767375
1785.701086 16865.890342
1794.929344 16863.997009
1804.152826 16862.087376
1813.371534 16860.161443
1822.585467 16858.219210
1831.794625 16856.260677
1840.999008 16854.285844
1850.198615 16852.294711
1859.387186 16850.295903
1868.566806 16848.286545
1877.737476 16846.266637
1886.899197 16844.236179
1896.051967 16842.195171
1905.195787 16840.143613
1914.330658 16838.081505
1923.456578 16836.008847
1932.573549 16833.925639
1941.681569 16831.831882
1950.780639 16829.727574
1959.870760 16827.612716
1968.951930 16825.487308
1978.024151 16823.351350
1987.087421 16821.204842
1996.141742 16819.047785
2005.187112 16816.880177
2014.223533 16814.702019
2023.251003 16812.513311
2032.269524 16810.314053
2041.279094 16808.104246
2050.279715 16805.883888
2059.271385 16803.652980
2068.254106 16801.411523
2077.227877 16799.159515
2086.192697 16796.896957
2095.148568 16794.623850
2104.095488 16792.340192
2113.033459 16790.045984
2121.962480 16787.741227
2130.882550 16785.425919
2139.793671 16783.100062
2148.695842 16780.763654
2157.589063 16778.416697
2166.473333 16776.059189
2175.348654 16773.691132
2184.215025 16771.312524
2193.072446 16768.923367
2201.920916 16766.523659
2210.760437 16764.113402
2219.584333 16761.681832
2228.394829 16759.232537
2237.191925 16756.765517
2245.975620 16754.280772
2254.745916 16751.778302
2263.502812 16749.258107
2272.246308 16746.720187
2280.976404 16744.164542
2289.693100 16741.591172
2298.396396 16739.000077
2307.086292 16736.391257
2315.762787 16733.764712
2324.425883 16731.120442
2333.075579 16728.458447
2341.711875 16725.778727
2350.334771 16723.081282
2358.944267 16720.366112
2367.540363 16717.633217
2376.123059 16714.882597
2384.692355 16712.114252
2393.248251 16709.328181
2401.790747 16706.524386
2410.319843 16703.702866
2418.835539 16700.863621
2427.337836 16698.006651
2435.826732 16695.131956
2444.302228 16692.239536
2452.764324 16689.329391
2461.213020 16686.401521
2469.648316 16683.455926
2478.070212 16680.492605
2486.478708 16677.511560
2494.873805 16674.512790
2503.255501 16671.496295
2511.623797 16668.462075
2519.978693 16665.410130
2528.320189 16662.340460
2536.648286 16659.253064
2544.962982 16656.147944
2553.264278 16653.025099
2561.534662 16649.868216
2569.779971 16646.682734
2578.000204 16643.468651
2586.195363 16640.225969
2594.365447 16636.954686
2602.510456 16633.654804
2610.630389 16630.326321
2618.725248 16626.969239
2626.795032 16623.583556
2634.839741 16620.169274
2642.859374 16616.726391
2650.853933 16613.254909
2658.823417 16609.754826
2666.767826 16606.226144
2674.687160 16602.668862
2682.581418 16599.082979
2690.450602 16595.468497
2698.294711 16591.825415
2706.113745 16588.153733
2713.907704 16584.453450
2721.676588 16580.724568
2729.420396 16576.967086
2737.139130 16573.181004
2744.832789 16569.366322
2752.501373 16565.523040
2760.144882 16561.651158
2767.763316 16557.750676
2775.356674 16553.821594
2782.924958 16549.863912
2790.468167 16545.877630
2797.986301 16541.862748
2805.479360 16537.819266
2812.947344 16533.747184
2820.390253 16529.646502
2827.808087 16525.517220
2835.200845 16521.359338
2842.568529 16517.172856
2849.911138 16512.957774
2857.228672 16508.714093
2864.521131 16504.441811
2871.790428 16500.156379
2879.035924 16495.852647
2886.257620 16491.530615
2893.455517 16487.190284
2900.629613 16482.831652
2907.779910 16478.454720
2914.906407 16474.059488
2922.009103 16469.645956
2929.088000 16465.214124
2936.143096 16460.763992
2943.174393 16456.295560
2950.181890 16451.808828
2957.165586 16447.303796
2964.125483 16442.780464
2971.061580 16438.238832
2977.973877 16433.678900
2984.862373 16429.100668
2991.727070 16424.504135
2998.567967 16419.889303
3005.385064 16415.256171
3012.178361 16410.604739
3018.947858 16405.935007
3025.693555 16401.246974
3032.415451 16396.540642
3039.113548 16391.816010
3045.787845 16387.073078
3052.438342 16382.311845
3059.065039 16377.532313
3065.667937 16372.734481
3072.247034 16367.918348
3078.802331 16363.083916
3085.333828 16358.231184
3091.841525 16353.360151
3098.325422 16348.470819
3104.785519 16343.563186
3111.221816 16338.637254
3117.634314 16333.693021
3124.023011 16328.730489
3130.387908 16323.749656
3136.729005 16318.750524
3143.047503 16313.733391
3149.343000 16308.698159
3155.615497 16303.644826
3161.864994 16298.573394
3168.091491 16293.483861
3174.294989 16288.376229
3180.475486 16283.250497
3186.632983 16278.106664
3192.767480 16272.944732
3198.878977 16267.764700
3204.967474 16262.566568
3211.032971 16257.350336
3217.075468 16252.116003
3223.094965 16246.863571
3229.091462 16241.593039
3235.064959 16236.304407
3241.015456 16230.997675
3246.942953 16225.672843
3252.847450 16220.329911
3258.728947 16214.968879
3264.587444 16209.589747
3270.422941 16204.192515
3276.235438 16198.777183
3282.024935 16193.343752
3287.791432 16187.892220
3293.534928 16182.422588
3299.255425 16176.934856
3304.952922 16171.429024
3310.627419 16165.905093
3316.278916 16160.363061
3321.907412 16154.802929
3327.512909 16149.224698
3333.095406 16143.628366
3338.654902 16138.013935
3344.191399 16132.381403
3349.704896 16126.730772
3355.195392 16121.062040
3360.662889 16115.375209
3366.107386 16109.670277
3371.528882 16103.947246
3376.930004 16098.197040
3382.309876 16092.422683
3387.668497 16086.624177
3393.005869 16080.801521
3398.321991 16074.954714
3403.616863 16069.083758
3408.890484 16063.188652
3414.142856 16057.269396
3419.373978 16051.325989
3424.583850 16045.358433
3429.772472 16039.366727
3434.939844 16033.350871
3440.085966 16027.310865
3445.210838 16021.246708
3450.314460 16015.158402
3455.396832 16009.045946
3460.457954 16002.909340
3465.497826 15996.748584
3470.516448 15990.563678
3475.513820 15984.354622
3480.489943 15978.121416
3485.444815 15971.864060
3490.378437 15965.582554
3495.290809 15959.276898
3500.181932 15952.947092
3505.051804 15946.593136
3509.900426 15940.215030
3514.727799 15933.812774
3519.533921 15927.386368
3524.318794 15920.935812
3529.082416 15914.461106
3533.824789 15907.962250
3538.545911 15901.439244
3543.245784 15894.892089
3547.924406 15888.320783
3552.581779 15881.725327
3557.217901 15875.105721
3561.832774 15868.461965
3566.426397 15861.794060
3570.998770 15855.102004
3575.565230 15848.380061
3580.120665 15841.630142
3584.665075 15834.852249
3589.198461 15828.046381
3593.720821 15821.212537
3598.232157 15814.350719
3602.732467 15807.460925
3607.221753 15800.543157
3611.700013 15793.597413
3616.167249 15786.623695
3620.623459 15779.622001
3625.068645 15772.592333
3629.502806 15765.534689
3633.925941 15758.449071
3638.338052 15751.335477
3642.739138 15744.193908
3647.129198 15737.024365
3651.508234 15729.826846
3655.876245 15722.601352
3660.233231 15715.347884
3664.579192 15708.066440
3668.914128 15700.757021
3673.238039 15693.419627
3677.550925 15686.054259
3681.852786 15678.660915
3686.143622 15671.239596
3690.423433 15663.790302
3694.692219 15656.313033
3698.949981 15648.807789
3703.196717 15641.274570
3707.432428 15633.713376
3711.657114 15626.124207
3715.870776 15618.507063
3720.073412 15610.861944
3724.265023 15603.188850
3728.445610 15595.487781
3732.615171 15587.758737
3736.773708 15580.001718
3740.921219 15572.216724
3745.057706 15564.403754
3749.115105 15556.604698
3753.116104 15548.805591
3757.060703 15541.006435
3760.948901 15533.207228
3764.780700 15525.407971
3768.556099 15517.608665
3772.275098 15509.809308
3775.937696 15502.009902
3779.543895 15494.210445
3783.093693 15486.410939
3786.587092 15478.611382
3790.024090 15470.811776
3793.404689 15463.012119
3796.728887 15455.212413
3799.996685 15447.412656
3803.208084 15439.612850
3806.363082 15431.812993
3809.461680 15424.013087
3812.503878 15416.213131
3815.489676 15408.413124
3818.419074 15400.613068
3821.292073 15392.812962
3824.108670 15385.012805
3826.868868 15377.212599
3829.572666 15369.412343
3832.220064 15361.612036
3834.811062 15353.811680
3837.345660 15346.011274
3839.823857 15338.210817
3842.245655 15330.410311
3844.611053 15322.609755
3846.920050 15314.809149
3849.172648 15307.008493
3851.368845 15299.207786
3853.508642 15291.407030
3855.592040 15283.606224
3857.619037 15275.805368
3859.589634 15268.004462
3861.503832 15260.203506
3863.361629 15252.402500
3865.287076 15244.557681
3867.238823 15236.683637
3869.216871 15228.780369
3871.221218 15220.847875
3873.251865 15212.886156
3875.308813 15204.895213
3877.392060 15196.875044
3879.501608 15188.825650
3881.637455 15180.747031
3883.799603 15172.639188
3885.988050 15164.502119
3888.202798 15156.335825
3890.443845 15148.140306
3892.711193 15139.915563
3895.004840 15131.661594
3897.324788 15123.378400
3899.671036 15115.065981
3902.043584 15106.724337
3904.442431 15098.353468
3906.867579 15089.953374
3909.319027 15081.524056
3911.796775 15073.065512
3914.300823 15064.577743
3916.831170 15056.060749
3919.387818 15047.514530
3921.970766 15038.939086
3924.580014 15030.334417
3927.215562 15021.700523
3929.877410 15013.037404
3932.565558 15004.345060
3935.280006 14995.623491
3938.020755 14986.872697
3940.787803 14978.092678
3943.581151 14969.283433
3946.400799 14960.444964
3949.246747 14951.577270
3952.118996 14942.680351
3955.017544 14933.754207
3957.942392 14924.798838
3960.893541 14915.814244
3963.919889 14906.819437
3967.005137 14897.808080
3970.149285 14888.780174
3973.352334 14879.735717
3976.614282 14870.674710
3979.935130 14861.597154
3983.314879 14852.503047
3986.753527 14843.392391
3990.251075 14834.265184
3993.807524 14825.121427
3997.422872 14815.961121
4001.097120 14806.784264
4004.830269 14797.590858
4008.622317 14788.380901
4012.473265 14779.154395
4016.383114 14769.911338
4020.351862 14760.651732
4024.379510 14751.375575
4028.466058 14742.082869
4032.611507 14732.773612
4036.815855 14723.447806
4041.079103 14714.105450
4045.401252 14704.746543
4049.782300 14695.371087
4054.222248 14685.979080
4058.721096 14676.570524
4063.278845 14667.145418
4067.895493 14657.703761
4072.571041 14648.245555
4077.305490 14638.770798
4082.098838 14629.279492
4086.951086 14619.771636
4091.862234 14610.247229
4096.832283 14600.706273
4101.861231 14591.148767
4106.949079 14581.574711
4112.095828 14571.984104
4117.301476 14562.376948
4122.566024 14552.753242
4127.889472 14543.112985
4133.253633 14533.461092
4138.664569 14523.795923
4144.122280 14514.117479
4149.626765 14504.425760
4155.178026 14494.720767
4160.776062 14485.002498
4166.420873 14475.270954
4172.112458 14465.526135
4177.850819 14455.768041
4183.635955 14445.996673
4189.467866 14436.212029
4195.346552 14426.414110
4201.272012 14416.602916
4207.244248 14406.778447
4213.263259 14396.940704
4219.329044 14387.089685
4225.441605 14377.225391
4231.600941 14367.347822
4237.807052 14357.456978
4244.059937 14347.552859
4250.359598 14337.635465
4256.706034 14327.704797
4263.099245 14317.760853
4269.539230 14307.803634
4276.025991 14297.833140
4282.559527 14287.849371
4289.139838 14277.852327
4295.766923 14267.842008
4302.440784 14257.818414
4309.161420 14247.781546
4315.928830 14237.731402
4322.743016 14227.667983
4329.603977 14217.591289
4336.511713 14207.501320
4343.466223 14197.398076
4350.467509 14187.281557
4357.515570 14177.151763
4364.610405 14167.008694
4371.752016 14156.852350
4378.940402 14146.682731
4386.143613 14136.480750
4393.372298 14126.252768
4400.626459 14115.998787
4407.906095 14105.718805
4415.211206 14095.412824
4422.541792 14085.080843
4429.897853 14074.722861
4437.279389 14064.338880
4444.686400 14053.928898
4452.118886 14043.492917
4459.576848 14033.030936
4467.060284 14022.542954
4474.569195 14012.028973
4482.103582 14001.488992
4489.663443 13990.923010
4497.248779 13980.331029
4504.859591 13969.713048
4512.495877 13959.069066
4520.157639 13948.399085
4527.844876 13937.703104
4535.557587 13926.981122
4543.295774 13916.233141
4551.059436 13905.459160
4558.848572 13894.659179
4566.663184 13883.833197
4574.503271 13872.981216
4582.368833 13862.103235
4590.259870 13851.199253
4598.176382 13840.269272
4606.118369 13829.313291
4614.085831 13818.331310
4622.078768 13807.323329
4630.097180 13796.289347
4638.141068 13785.229366
4646.210430 13774.143385
4654.305267 13763.031404
4662.425579 13751.893423
4670.571367 13740.729441
4678.742629 13729.539460
4686.939367 13718.323479
4695.119692 13707.109173
4703.297567 13695.887317
4711.472992 13684.657911
4719.645967 13673.420955
4727.816492 13662.176448
4735.984567 13650.924392
4744.150192 13639.664786
4752.313367 13628.397630
4760.474093 13617.122924
4768.632368 13605.840669
4776.788193 13594.550863
4784.941568 13583.253507
4793.092494 13571.948601
4801.240969 13560.636145
4809.386994 13549.316139
4817.530570 13537.988583
4825.671695 13526.653477
4833.810371 13515.310822
4841.946596 13503.960616
4850.080371 13492.602860
4858.211697 13481.237554
4866.340573 13469.864699
4874.466998 13458.484293
4882.590974 13447.096337
4890.712499 13435.700832
4898.831575 13424.297776
4906.948201 13412.887171
4915.062376 13401.469015
4923.174102 13390.043309
4931.283378 13378.610054
4939.390203 13367.169248
4947.494579 13355.720893
4955.596505 13344.264988
4963.695981 13332.801532
4971.793007 13321.330527
4979.887583 13309.851971
4987.979709 13298.365866
4996.069385 13286.872211
5004.156610 13275.371005
5012.241386 13263.862250
5020.376737 13252.344370
5028.544988 13240.817889
5036.746139 13229.282809
5044.980190 13217.739129
5053.247141 13206.186849
5061.546992 13194.625969
5069.879743 13183.056488
5078.245394 13171.478408
5086.643945 13159.891728
5095.075395 13148.296448
5103.539746 13136.692568
5112.036997 13125.080088
5120.567148 13113.459008
5129.130199 13101.829328
5137.726149 13090.191048
5146.355000 13078.544168
5155.016751 13066.888688
5163.711402 13055.224609
5172.438952 13043.551929
5181.199403 13031.870649
5189.992754 13020.180769
5198.819005 13008.482289
5207.678155 12996.775210
5216.570206 12985.059530
5225.495157 12973.335250
5234.453007 12961.602371
5243.443758 12949.860891
5252.467408 12938.110812
5261.523959 12926.352132
5270.613410 12914.584852
5279.735760 12902.808973
5288.891011 12891.024493
5298.079161 12879.231414
5307.300212 12867.429735
5316.554162 12855.619455
5325.841013 12843.800576
5335.160763 12831.973096
5344.513414 12820.137017
5353.898964 12808.292338
5363.317415 12796.439058
5372.748965 12784.573204
5382.200216 12772.696100
5391.671166 12760.807746
5401.161816 12748.908141
5410.672167 12736.997287
5420.202217 12725.075183
5429.751967 12713.141828
5439.321418 12701.197224
5448.910568 12689.241370
5458.519418 12677.274265
5468.147969 12665.295911
5477.796219 12653.306307
5487.464169 12641.305452
5497.151820 12629.293348
5506.859170 12617.269994
5516.586220 12605.235389
5526.332970 12593.189535
5536.099421 12581.132430
5545.885571 12569.064076
5555.691421 12556.984472
5565.516971 12544.893617
5575.362221 12532.791513
5585.227171 12520.678159
5595.111822 12508.553554
5605.016172 12496.417700
5614.940222 12484.270595
5624.883972 12472.112241
5634.847422 12459.942636
5644.830572 12447.761782
5654.833422 12435.569678
5664.855972 12423.366323
5674.898222 12411.151719
5684.960172 12398.925864
5695.041822 12386.688760
5705.143172 12374.440405
5715.264222 12362.180801
5725.404972 12349.909947
5735.565422 12337.627842
5745.745572 12325.334488
5755.945422 12313.029883
5766.146522 12300.700941
5776.355022 12288.352024
5786.570922 12275.983132
5796.794222 12263.594265
5807.024922 12251.185423
5817.263021 12238.756606
5827.508521 12226.307815
5837.761421 12213.839048
5848.021721 12201.350306
5858.289421 12188.841589
5868.564521 12176.312897
5878.847021 12163.764230
5889.136920 12151.195588
5899.434220 12138.606971
5909.738920 12125.998379
5920.051020 12113.369812
5930.370520 12100.721270
5940.697419 12088.052753
5951.031719 12075.364261
5961.373419 12062.655794
5971.722519 12049.927352
5982.079018 12037.178935
5992.442918 12024.410543
6002.814218 12011.622176
6013.192918 11998.813834
6023.579017 11985.985518
6033.972517 11973.137226
6044.373417 11960.268959
6054.781716 11947.380717
6065.197416 11934.472500
6075.620516 11921.544308
6086.051015 11908.596141
6096.488915 11895.627999
6106.934215 11882.639882
6117.386914 11869.631790
6127.847014 11856.603723
6138.314513 11843.555681
6148.789413 11830.487664
6159.271713 11817.399672
6169.761412 11804.291705
6180.244149 11791.176739
6190.724711 11778.050447
6201.203098 11764.912830
6211.679310 11751.763888
6222.153348 11738.603621
6232.625210 11725.432029
6243.094897 11712.249112
6253.562409 11699.054870
6264.027746 11685.849303
6274.490908 11672.632411
6284.951895 11659.404194
6295.410707 11646.164652
6305.867344 11632.913785
6316.321806 11619.651593
6326.774093 11606.378076
6337.224205 11593.093234
6347.672142 11579.797067
6358.117904 11566.489576
6368.561491 11553.170759
6379.002903 11539.840617
6389.442140 11526.499150
6399.879202 11513.146358
6410.314089 11499.782241
6420.746801 11486.406799
6431.177338 11473.020032
6441.605700 11459.621940
6452.031887 11446.212523
6462.455899 11432.791781
6472.877736 11419.359714
6483.297398 11405.916322
6493.714885 11392.461605
6504.130197 11378.995563
6514.543334 11365.518196
6524.954296 11352.029504
6535.363083 11338.529487
6545.769695 11325.018145
6556.174132 11311.495478
6566.576394 11297.961486
6576.976481 11284.416169
6587.374393 11270.859527
6597.788917 11257.278060
6608.213792 11243.676268
6618.649016 11230.054151
6629.094591 11216.411709
6639.550515 11202.748942
6650.016790 11189.065850
6660.493415 11175.362434
6670.980389 11161.638692
6681.477714 11147.894625
6691.985388 11134.130233
6702.503413 11120.345516
6713.031788 11106.540475
6723.570512 11092.715108
6734.119587 11078.869416
6744.679012 11065.003399
6755.248787 11051.117058
6765.828911 11037.210391
6776.419386 11023.283399
6787.020211 11009.336083
6797.631386 10995.368441
6808.252911 10981.380474
6818.884786 10967.372183
6829.527011 10953.343566
6840.179585 10939.294625
6850.842510 10925.225358
6861.515785 10911.135766
6872.199410 10897.025850
6882.893385 10882.895608
6893.597710 10868.745042
6904.312385 10854.574150
6915.037410 10840.382934
6925.772785 10826.171393
6936.518511 10811.939526
6947.274586 10797.687335
6958.041011 10783.414818
6968.817786 10769.121977
6979.604911 10754.808811
6990.402386 10740.475319
7001.210211 10726.121503
7012.028387 10711.747362
7022.927224 10697.347083
7033.883287 10682.922604
7044.896575 10668.473925
7055.967087 10654.001047
7067.094825 10639.503968
7078.279788 10624.982689
7089.521976 10610.437210
7100.821388 10595.867531
7112.178026 10581.273652
7123.591889 10566.655574
7135.062977 10552.013295
7146.591289 10537.346816
7158.176827 10522.656137
7169.819590 10507.941258
7181.519578 10493.202180
7193.276790 10478.438901
7205.091228 10463.651422
7216.962891 10448.839743
7228.891779 10434.003864
7240.877891 10419.143786
7252.921229 10404.259507
7265.021792 10389.351028
7277.179580 10374.418349
7289.394593 10359.461470
7301.666830 10344.480392
7313.996293 10329.475113
7326.382981 10314.445634
7338.826894 10299.391955
7351.328032 10284.314076
7363.886395 10269.211998
7376.501982 10254.085719
7389.174795 10238.935240
7401.904833 10223.760561
7414.692096 10208.561682
7427.536584 10193.338604
7440.438296 10178.091325
7453.397234 10162.819846
7466.413397 10147.524167
7479.486785 10132.204289
7492.617398 10116.860210
7505.842211 10101.491481
7519.148899 10086.098252
7532.537461 10070.680523
7546.007899 10055.238295
7559.560212 10039.771566
7573.194400 10024.280337
7586.910463 10008.764608
7600.708401 9993.224380
7614.588213 9977.659651
7628.549901 9962.070422
7642.593464 9946.456694
7656.718902 9930.818465
7670.926215 9915.155736
7685.215402 9899.468508
7699.586465 9883.756779
7714.039403 9868.020550
7728.574216 9852.259822
7743.190904 9836.474593
7757.889466 9820.664865
7772.669904 9804.830636
7787.532217 9788.971907
7802.476405 9773.088679
7817.502468 9757.180950
7832.610405 9741.248722
7847.800218 9725.291993
7863.071906 9709.310765
7878.425469 9693.305036
7893.860906 9677.274808
7909.378219 9661.220079
7924.977407 9645.140851
7940.658470 9629.037122
7956.421407 9612.908894
7972.266220 9596.756165
7988.192908 9580.578937
8004.201471 9564.377208
8020.291908 9548.150980
8036.464221 9531.900251
8052.718409 9515.625023
8069.054471 9499.325295
8085.472409 9483.001066
8101.922197 9466.680200
8118.420510 9450.353409
8134.967347 9434.020693
8151.562710 9417.682053
8168.206598 9401.337487
8184.899011 9384.986996
8201.639949 9368.630580
8218.429412 9352.268239
8235.267400 9335.899973
8252.153912 9319.525782
8269.088950 9303.145666
8286.072513 9286.759625
8303.104601 9270.367659
8320.185214 9253.969769
8337.314352 9237.565953
8354.492015 9221.156212
8371.718204 9204.740546
8388.992917 9188.318955
8406.316155 9171.891439
8423.687918 9155.457998
8441.108206 9139.018632
8458.577019 9122.573341
8476.094357 9106.122126
8493.660221 9089.664985
8511.274609 9073.201919
8528.937522 9056.732928
8546.648960 9040.258012
8564.408924 9023.777171
8582.217412 9007.290405
8600.074425 8990.797714
8617.979964 8974.299098
8635.934027 8957.794558
8653.936615 8941.284092
8671.987729 8924.767701
8690.087367 8908.245385
8708.235531 8891.717144
8726.432219 8875.182978
8744.677433 8858.642887
8762.971171 8842.096871
8781.313435 8825.544930
8799.735386 8808.989052
8818.226637 8792.428574
8836.787188 8775.863496
8855.417039 8759.293817
8874.116190 8742.719539
8892.884641 8726.140661
8911.722392 8709.557183
8930.629443 8692.969105
8949.605794 8676.376427
8968.651445 8659.779149
8987.766396 8643.177271
9006.950647 8626.570793
9026.204198 8609.959715
9045.527049 8593.344038
9064.919200 8576.723760
9084.380651 8560.098882
9103.911402 8543.469404
9123.511453 8526.835327
9143.180804 8510.196649
9162.919455 8493.553372
9182.727406 8476.905494
9202.604656 8460.253017
9222.551207 8443.595939
9242.567058 8426.934262
9262.652209 8410.267985
9282.806660 8393.597107
9303.030411 8376.921630
9323.323462 8360.241553
9343.685813 8343.556876
9364.117464 8326.867599
9384.618415 8310.173722
9405.188666 8293.475244
9425.828217 8276.772167
9446.537067 8260.064490
9467.315218 8243.352214
9488.162669 8226.635337
9509.079420 8209.913860
9530.065471 8193.187783
9551.120822 8176.457106
9572.245473 8159.721830
9593.435336 8142.953040
9614.691774 8126.160376
9636.014788 8109.343837
9657.404376 8092.503423
9678.860539 8075.639134
9700.383278 8058.750970
9721.972591 8041.838931
9743.628480 8024.903017
9765.350943 8007.943228
9787.139981 7990.959564
9808.995595 7973.952025
9830.917783 7956.920611
9852.906546 7939.865322
9874.961885 7922.786158
9897.083798 7905.683119
9919.272286 7888.556205
9941.527350 7871.405417
9963.848988 7854.230753
9986.237201 7837.032214
10008.691990 7819.809800
10031.213353 7802.563512
10053.801291 7785.293348
10076.455805 7767.999309
10099.176893 7750.681396
10121.964556 7733.339607
10144.818795 7715.973943
10167.739608 7698.584405
10190.726996 7681.170991
10213.780960 7663.733703
10236.901498 7646.272539
10260.088611 7628.787501
10283.342299 7611.278587
10306.662563 7593.745799
10330.049401 7576.189135
10353.502814 7558.608597
10377.022803 7541.004184
10400.609366 7523.375895
10424.262504 7505.723732
10447.982218 7488.047694
10471.768506 7470.347781
10495.568869 7452.643305
10519.400807 7434.927829
10543.264321 7417.201353
10567.159409 7399.463878
10591.086072 7381.715402
10615.044310 7363.955927
10639.034124 7346.185451
10663.055512 7328.403975
10687.108475 7310.611500
10711.193013 7292.808024
10735.309126 7274.993549
10759.456815 7257.168073
10783.636078 7239.331598
10807.846916 7221.484122
10832.089329 7203.625647
10856.363317 7185.756172
10880.668880 7167.875696
10905.006019 7149.984221
10929.374732 7132.081746
10953.775020 7114.168270
10978.206883 7096.243795
11002.670321 7078.308320
11027.165334 7060.361844
11051.691922 7042.404369
11076.250085 7024.435894
11100.839823 7006.456419
11125.461136 6988.465944
11150.114024 6970.464469
11174.798487 6952.451993
11199.514525 6934.428518
11224.262138 6916.394043
11249.041326 6898.348568
11273.852089 6880.292093
11298.694427 6862.224618
11323.568340 6844.146143
11348.473828 6826.056668
11373.410891 6807.956193
11398.379529 6789.844719
11423.379742 6771.722244
11448.411530 6753.588769
11473.488805 6735.440394
11498.606931 6717.278419
11523.765906 6699.102844
11548.965731 6680.913670
11574.206407 6662.710895
11599.487932 6644.494520
11624.810307 6626.264546
11650.173533 6608.020971
11675.577608 6589.763797
11701.022533 6571.493022
11726.508309 6553.208647
11752.034934 6534.910673
11777.602409 6516.599099
11803.210735 6498.273924
11828.859910 6479.935150
11854.549935 6461.582775
11880.280811 6443.216801
11906.052536 6424.837227
11931.865111 6406.444052
11957.718536 6388.037278
11983.612811 6369.616904
12009.547937 6351.182930
12035.523912 6332.735356
12061.540737 6314.274182
12087.598412 6295.799407
12113.696938 6277.311033
12139.836313 6258.809059
12166.016538 6240.293485
12192.237613 6221.764311
12218.499538 6203.221537
12244.802313 6184.665164
12271.145938 6166.095190
12297.530414 6147.511616
12323.955739 6128.914442
12350.421914 6110.303668
12376.928939 6091.679294
12403.476814 6073.041321
12430.065539 6054.389747
12456.695114 6035.724573
12483.365539 6017.045800
12510.051427 5998.368051
12536.761239 5979.686453
12563.494977 5961.001004
12590.252640 5942.311705
12617.034227 5923.618557
12643.839740 5904.921558
12670.669178 5886.220710
12697.522540 5867.516011
12724.399828 5848.807462
12751.301041 5830.095064
12778.226178 5811.378815
12805.175241 5792.658717
12832.148229 5773.934768
12859.145142 5755.206970
12886.165979 5736.475321
12913.210742 5717.739823
12940.279430 5699.000474
12967.372043 5680.257276
12994.488581 5661.510227
13021.629044 5642.759329
13048.793431 5624.004580
13075.981744 5605.245982
13103.193982 5586.483534
13130.430145 5567.717235
13157.690233 5548.947087
13184.974246 5530.173088
13212.282184 5511.395240
13239.614047 5492.613542
13266.969835 5473.827993
13294.349548 5455.038595
13321.753186 5436.245347
13349.180749 5417.448248
13376.632237 5398.647300
13404.107650 5379.842502
13431.606988 5361.033853
13459.130251 5342.221355
13486.677439 5323.405007
13514.248552 5304.584808
13541.843590 5285.760760
13569.462553 5266.932862
13597.116579 5248.087989
13624.801955 5229.230515
13652.518680 5210.360442
13680.266756 5191.477769
13708.046182 5172.582496
13735.856958 5153.674622
13763.699083 5134.754149
13791.572559 5115.821076
13819.477385 5096.875403
13847.413561 5077.917130
13875.381087 5058.946257
13903.379963 5039.962783
13931.410188 5020.966710
13959.471764 5001.958037
13987.564690 4982.936764
14015.688966 4963.902891
14043.844592 4944.856418
14072.031568 4925.797345
14100.249894 4906.725672
14128.499570 4887.641399
14156.780596 4868.544526
14185.092972 4849.435053
14213.436698 4830.312979
14241.811775 4811.178306
14270.218201 4792.031033
14298.655977 4772.871160
14327.125103 4753.698687
14355.625579 4734.513614
14384.157406 4715.315942
14412.720582 4696.105669
14441.315108 4676.882796
14469.940984 4657.647323
14498.598211 4638.399250
14527.286787 4619.138577
14556.006713 4599.865304
14584.757990 4580.579431
14613.540616 4561.280958
14642.354592 4541.969885
14671.199919 4522.646212
14700.076595 4503.309940
14728.975997 4483.959229
14757.900998 4464.594694
14786.851600 4445.216334
14815.827801 4425.824149
14844.829603 4406.418138
14873.857004 4386.998303
14902.910006 4367.564643
14931.988607 4348.117158
14961.092809 4328.655848
14990.222610 4309.180713
15019.378012 4289.691753
15048.559013 4270.188968
15077.765615 4250.672358
15106.997817 4231.141924
15136.255618 4211.597664
15165.539020 4192.039579
15194.848022 4172.467669
15224.182623 4152.881935
15253.542825 4133.282375
15282.928627 4113.668991
15312.340028 4094.041781
15341.777030 4074.400747
15371.239632 4054.745887
15400.727833 4035.077203
15430.241635 4015.394693
15459.781037 3995.698359
15489.346039 3975.988200
15518.936641 3956.264215
15548.552842 3936.526406
15578.194644 3916.774772
15607.862046 3897.009313
15637.555048 3877.230029
15667.273650 3857.436919
15697.017852 3837.629985
15726.787653 3817.809226
15756.583055 3797.974642
15786.404057 3778.126233
15816.250659 3758.264000
15846.122861 3738.387941
15876.020663 3718.498057
15905.948115 3698.591273
15935.903867 3678.668614
15965.887919 3658.730081
15995.900271 3638.775672
16025.940923 3618.805388
16056.009875 3598.819230
16086.107127 3578.817196
16116.232679 3558.799288
16146.386531 3538.765504
16176.568683 3518.715846
16206.779135 3498.650312
16237.017888 3478.568904
16267.284940 3458.471621
16297.580292 3438.358463
16327.903944 3418.229429
16358.255896 3398.084521
16388.636148 3377.923738
16419.044701 3357.747080
16449.481553 3337.554547
16479.946705 3317.346139
16510.440158 3297.121856
16540.961910 3276.881698
16571.511962 3256.625665
16602.090315 3236.353757
16632.696967 3216.065974
16663.331919 3195.762317
16693.995172 3175.442784
16724.686724 3155.107376
16755.406577 3134.756093
16786.154729 3114.388936
16816.931181 3094.005903
16847.735934 3073.606996
16878.568986 3053.192213
16909.430339 3032.761556
16940.319991 3012.315023
16971.237944 2991.852616
17002.184197 2971.374334
17033.158749 2950.880176
17064.161602 2930.370144
17095.192754 2909.844237
17126.249395 2889.302980
17157.332460 2868.746198
17188.441950 2848.173890
17219.577865 2827.586058
17250.740205 2806.982701
17281.928970 2786.363819
17313.144160 2765.729412
17344.385776 2745.079480
17375.653816 2724.414022
17406.948281 2703.733040
17438.269171 2683.036533
17469.616486 2662.324501
17500.990227 2641.596944
17532.390392 2620.853862
17563.816982 2600.095255
17595.269997 2579.321123
17626.749438 2558.531466
17658.255303 2537.726284
17689.787593 2516.905576
17721.346308 2496.069344
17752.931449 2475.217587
17784.543014 2454.350305
17816.181004 2433.467498
17847.845420 2412.569166
17879.536260 2391.655309
17911.253525 2370.725927
17942.997215 2349.781020
17974.767331 2328.820588
18006.563871 2307.844631
18038.386836 2286.853150
18070.236227 2265.846143
18102.112042 2244.823611
18134.014283 2223.785554
18165.942948 2202.731972
18197.898038 2181.662865
18229.879554 2160.578233
18261.887494 2139.478076
18293.921860 2118.362394
18325.982650 2097.231187
18358.069865 2076.084456
18390.177806 2054.922236
18422.308371 2033.744517
18454.461562 2012.551297
18486.637377 1991.342578
18518.835817 1970.118358
18551.056883 1948.878639
18583.300573 1927.623419
18615.566889 1906.352700
18647.855829 1885.066480
18680.167394 1863.764761
18712.501585 1842.447541
18744.858400 1821.114822
18777.237840 1799.766602
18809.639906 1778.402883
18842.064596 1757.023663
18874.511912 1735.628943
18906.981852 1714.218724
18939.474417 1692.793004
18971.989608 1671.351784
19004.527423 1649.895065
19037.087863 1628.422845
19069.670929 1606.935125
19102.276619 1585.431905
19134.904934 1563.913186
19167.555874 1542.378966
19200.229440 1520.829246
19232.925630 1499.264026
19265.644445 1477.683306
19298.385886 1456.087087
19331.149951 1434.475367
19363.936641 1412.848147
19396.745956 1391.205427
19429.577897 1369.547207
19462.432462 1347.873487
19495.309652 1326.184267
19528.209468 1304.479547
19561.131908 1282.759327
19594.076973 1261.023607
19627.044663 1239.272387
19660.034979 1217.505667
19693.043419 1195.721985
19726.071484 1173.921827
19759.119174 1152.105195
19792.186489 1130.272088
19825.273429 1108.422506
19858.379994 1086.556448
19891.506184 1064.673916
19924.651999 1042.774909
19957.817439 1020.859427
19991.002504 998.927470
20024.207194 976.979038
20057.431509 955.014131
20090.675449 933.032750
20123.939014 911.034893
20157.222204 889.020561
20190.525019 866.989754
20223.847459 844.942473
20257.189523 822.878716
20290.551213 800.798485
20323.932528 778.701778
20357.333468 756.588597
20390.754032 734.458941
20424.194222 712.312809
20457.654036 690.150203
20491.133476 667.971122
20524.632541 645.775566
20558.151230 623.563535
20591.689545 601.335029
20625.247484 579.090048
20658.825049 556.828592
20692.422238 534.550661
20726.039053 512.256255
20759.675492 489.945374
20793.331556 467.618019
20827.007246 445.274188
20860.702560 422.913882
20894.417499 400.537102
20928.152063 378.143846
20961.906253 355.734116
20995.680067 333.307911
21029.476394 310.862568
21063.294270 288.398975
21097.133697 265.917132
21130.994674 243.417039
21164.877201 220.898696
21198.781277 198.362103
21232.706904 175.807260
21266.654081 153.234167
21300.622808 130.642824
21334.613085 108.033231
21368.624911 85.405388
21402.658288 62.759295
21436.713215 40.094952
21470.789692 17.412359
21504.887719 -5.288484
21539.007296 -28.007577
21573.148422 -50.744920
21607.311099 -73.500513
21641.495326 -96.274356
21675.701103 -119.066449
21709.928430 -141.876791
21744.177307 -164.705384
21778.447734 -187.552227
21812.739711 -210.417320
21847.053238 -233.300663
21881.388314 -256.202257
21915.744941 -279.122100
21950.123118 -302.060193
21984.522845 -325.016536
22018.944122 -347.991129
22053.386949 -370.983972
22087.851326 -393.995065
22122.337253 -417.024408
22156.844730 -440.072001
22191.373757 -463.137844
22225.924334 -486.221937
22260.496461 -509.324280
22295.090138 -532.444873
22329.705365 -555.583716
22364.342142 -578.740809
22399.008907 -601.922865
22433.702846 -625.127645
22468.423961 -648.355151
22503.172250 -671.605381
22537.947714 -694.878337
22572.750354 -718.174017
22607.580168 -741.492423
22642.437158 -764.833553
22677.321322 -788.197409
22712.232662 -811.583989
22747.171176 -834.993295
22782.136865 -858.425325
22817.129730 -881.880081
22852.149769 -905.357561
22887.196984 -928.857766
22922.271373 -952.380697
22957.372937 -975.926352
22992.501677 -999.494733
23027.657591 -1023.085838
23062.840680 -1046.699669
23098.050945 -1070.336224
23133.288384 -1093.995504
23168.552998 -1117.677510
23203.844787 -1141.382240
23239.163752 -1165.109696
23274.509891 -1188.859876
23309.883205 -1212.632781
23345.283694 -1236.428412
23380.711359 -1260.246767
23416.166198 -1284.087847
23451.648212 -1307.951653
23487.157401 -1331.838183
23522.693766 -1355.747439
23558.257305 -1379.679419
23593.848019 -1403.634124
23629.465908 -1427.611554
23665.110972 -1451.611710
23700.783211 -1475.634590
23736.482626 -1499.680195
23772.209215 -1523.748526
23807.959004 -1547.838343
23843.733318 -1571.950061
23879.532157 -1596.083679
23915.355521 -1620.239197
23951.203410 -1644.416614
23987.075824 -1668.615932
24022.972764 -1692.837150
24058.894228 -1717.080268
24094.840217 -1741.345285
24130.810731 -1765.632203
24166.805770 -1789.941021
24202.825334 -1814.271738
24238.869423 -1838.624356
24274.938037 -1862.998874
24311.031177 -1887.395291
24347.148841 -1911.813609
24383.291030 -1936.253827
24419.457744 -1960.715944
24455.648983 -1985.199962
24491.864747 -2009.705880
24528.105036 -2034.233697
24564.369850 -2058.783415
24600.659189 -2083.355032
24636.973053 -2107.948550
24673.311442 -2132.563967
24709.674357 -2157.201285
24746.061796 -2181.860503
24782.473760 -2206.541620
24818.910249 -2231.244638
24855.371263 -2255.969555
24891.856802 -2280.716373
24928.366866 -2305.485090
24964.901455 -2330.275708
25001.460569 -2355.088225
25038.044208 -2379.922643
25074.652372 -2404.778960
25111.285061 -2429.657177
25147.942275 -2454.557295
25184.624014 -2479.479312
25221.330279 -2504.423230
