-0.050637 0.031675
-0.134700 0.083800
-0.252187 0.156375
-0.403100 0.249400
-0.587437 0.362875
-0.805200 0.496800
-1.056387 0.651175
-1.341000 0.826000
-1.659037 1.021275
-2.010499 1.237000
-2.395387 1.473175
-2.813699 1.729800
-3.265437 2.006875
-3.750599 2.304399
-4.269186 2.622375
-4.821199 2.960799
-5.406636 3.319674
-6.025498 3.698999
-6.677786 4.098774
-7.363498 4.518999
-8.082636 4.959674
-8.835198 5.420799
-9.621185 5.902374
-10.440598 6.404399
-11.293435 6.926874
-12.179697 7.469799
-13.099384 8.033174
-14.052496 8.616999
-15.039033 9.221273
-16.058994 9.845999
-17.112381 10.491174
-18.199192 11.156798
-19.319429 11.842874
-20.473091 12.549398
-21.660177 13.276373
-22.880690 14.023798
-24.134626 14.791673
-25.421988 15.579998
-26.742775 16.388773
-28.096987 17.217999
-29.483648 18.068724
-30.903086 18.940598
-32.355297 19.833622
-33.840282 20.747797
-35.358044 21.683123
-36.908581 22.639597
-38.491894 23.617222
-40.107983 24.615997
-41.756844 25.635921
-43.438480 26.676996
-45.152893 27.739222
-46.900082 28.822596
-48.680042 29.927120
-50.492779 31.052795
-52.338291 32.199619
-54.216579 33.367596
-56.127644 34.556721
-58.071480 35.766994
-60.048092 36.998421
-62.057480 38.250996
-64.099640 39.524719
-66.174576 40.819595
-68.282288 42.135620
-70.422775 43.472794
-72.596039 44.831120
-74.802078 46.210594
-77.040894 47.611217
-79.312477 49.032993
-81.616837 50.475918
-83.953972 51.939991
-86.323883 53.425217
-88.726570 54.931591
-91.162033 56.459114
-93.630272 58.007790
-96.131287 59.577614
-98.665070 61.168587
-101.231628 62.780712
-103.830963 64.413986
-106.463074 66.068413
-109.127960 67.743988
-111.821945 69.444275
-114.546257 71.168091
-117.300896 72.915428
-120.085854 74.686287
-122.901138 76.480675
-125.746750 78.298584
-128.622681 80.140022
-131.528946 82.004982
-134.465530 83.893471
-137.432434 85.805481
-140.429672 87.741020
-143.457230 89.700081
-146.515121 91.682671
-149.603333 93.688782
-152.721863 95.718422
-155.870728 97.771584
-159.049911 99.848274
-162.259415 101.948486
-165.499252 104.072220
-168.769409 106.219482
-172.069901 108.390266
-175.400711 110.584579
-178.761841 112.802414
-182.153305 115.043777
-185.575089 117.308662
-189.027191 119.597076
-192.509628 121.909012
-196.022385 124.244476
-199.565475 126.603462
-203.138885 128.985977
-206.742615 131.392014
-210.376678 133.821579
-214.041061 136.274673
-217.735764 138.751282
-221.460800 141.251419
-225.216156 143.775085
-229.001846 146.322266
-232.817856 148.892975
-236.664185 151.487213
-240.540848 154.104980
-244.435196 156.710373
-248.351440 159.315369
-252.289581 161.919968
-256.249634 164.524170
-260.231567 167.127975
-264.235413 169.731369
-268.261169 172.334366
-272.308807 174.936966
-276.378357 177.539169
-280.469818 180.140961
-284.583160 182.742355
-288.718414 185.343353
-292.875549 187.943954
-297.054596 190.544159
-301.255554 193.143951
-305.478394 195.743347
-309.723145 198.342346
-313.989807 200.940948
-318.278351 203.539154
-322.588806 206.136948
-326.921143 208.734344
-331.275391 211.331345
-335.651550 213.927948
-340.049591 216.524139
-344.469543 219.119934
-348.911407 221.715332
-353.375153 224.310333
-357.860809 226.904938
-362.368347 229.499130
-366.897797 232.092926
-371.449158 234.686325
-376.022400 237.279327
-380.617554 239.871918
-385.234619 242.464111
-389.873566 245.055908
-394.534424 247.647308
-399.217163 250.238312
-403.921814 252.828903
-408.648376 255.419098
-413.396820 258.008881
-418.151672 260.584747
-422.918121 263.151184
-427.696136 265.708191
-432.485718 268.255768
-437.286896 270.793915
-442.099640 273.322662
-446.923950 275.841980
-451.759827 278.351868
-456.607300 280.852325
-461.466339 283.343353
-466.336945 285.824951
-471.219147 288.297150
-476.112915 290.759918
-481.018250 293.213257
-485.935181 295.657166
-490.863678 298.091644
-495.803741 300.516693
-500.755371 302.932343
-505.718597 305.338562
-510.693390 307.735352
-515.679749 310.122711
-520.677673 312.500641
-525.687195 314.869141
-530.708313 317.228241
-535.740967 319.577911
-540.785217 321.918152
-545.841064 324.248962
-550.908447 326.570343
-555.987427 328.882294
-561.078003 331.184845
-566.180115 333.477966
-571.293823 335.761658
-576.419067 338.035919
-581.555908 340.300751
-586.704346 342.556152
-591.864319 344.802155
-597.035889 347.038727
-602.219055 349.265869
-607.413757 351.483582
-612.620056 353.691864
-617.827698 355.939056
-623.040100 358.209045
-628.257263 360.501831
-633.479126 362.817444
-638.705750 365.155853
-643.937134 367.517059
-649.173279 369.901062
-654.414185 372.307861
-659.659851 374.737457
-664.910217 377.189850
-670.165344 379.665039
-675.425232 382.163025
-680.689880 384.683838
-685.959290 387.227448
-691.233398 389.793854
-696.512268 392.383057
-701.795898 394.995056
-707.084290 397.629852
-712.377441 400.287445
-717.675354 402.967834
-722.977966 405.671021
-728.285339 408.397034
-733.597473 411.145844
-738.914368 413.917450
-744.236023 416.711853
-749.562439 419.529053
-754.893555 422.369049
-760.229431 425.231842
-765.570068 428.117432
-770.915466 431.025818
-776.265625 433.957031
-781.620544 436.911041
-786.980164 439.887848
-792.344543 442.887451
-797.713684 445.909851
-803.087585 448.955048
-808.466248 452.023041
-813.849670 455.113831
-819.237793 458.227417
-824.630676 461.363831
-830.006836 464.523590
-835.373413 467.706512
-840.730408 470.912628
-846.077820 474.141907
-851.415649 477.394379
-856.743958 480.670013
-862.062683 483.968811
-867.371826 487.290802
-872.671387 490.635956
-877.961365 494.004303
-883.241760 497.395813
-888.512573 500.810486
-893.773804 504.248352
-899.025513 507.709381
-904.267639 511.193604
-909.500183 514.700989
-914.723145 518.231567
-919.936523 521.785278
-925.140320 525.362183
-930.334534 528.962280
-935.519165 532.585571
-940.694275 536.231995
-945.859802 539.901611
-951.015747 543.594421
-956.162109 547.310364
-961.298889 551.049500
-966.426086 554.811829
-971.543701 558.597290
-976.651733 562.405945
-981.750244 566.237793
-986.839172 570.092834
-991.918518 573.971008
-996.988281 577.872375
-1002.048462 581.796936
-1007.099060 585.744629
-1012.140076 589.715515
-1017.171509 593.709595
-1022.193420 597.726807
-1027.205688 601.767212
-1032.208374 605.830811
-1037.216675 609.938599
-1042.225464 614.083618
-1047.234741 618.265808
-1052.244507 622.485229
-1057.254761 626.741821
-1062.265503 631.035645
-1067.276733 635.366638
-1072.288452 639.734863
-1077.300781 644.140259
-1082.313599 648.582886
-1087.326904 653.062683
-1092.340698 657.579651
-1097.354980 662.133850
-1102.369751 666.725220
-1107.385010 671.353821
-1112.400757 676.019592
-1117.416992 680.722595
-1122.433716 685.462769
-1127.451050 690.240173
-1132.468872 695.054749
-1137.487183 699.906555
-1142.505981 704.795532
-1147.525269 709.721741
-1152.545044 714.685120
-1157.565308 719.685730
-1162.586060 724.723511
-1167.607300 729.798523
-1172.629028 734.910706
-1177.651367 740.060120
-1182.674194 745.246704
-1187.697510 750.470520
-1192.721313 755.731506
-1197.745605 761.029724
-1202.770386 766.365112
-1207.795654 771.737732
-1212.821411 777.147522
-1217.847656 782.594543
-1222.874390 788.078735
-1227.901733 793.600159
-1232.929565 799.158752
-1237.950317 804.767273
-1242.966553 810.421448
-1247.978271 816.121277
-1252.985474 821.866821
-1257.988159 827.658020
-1262.986328 833.494873
-1267.979980 839.377441
-1272.968994 845.305664
-1277.953491 851.279602
-1282.933472 857.299194
-1287.908936 863.364441
-1292.879883 869.475403
-1297.846313 875.632019
-1302.808228 881.834290
-1307.765625 888.082275
-1312.718506 894.375916
-1317.666870 900.715210
-1322.610718 907.100220
-1327.550049 913.530884
-1332.484863 920.007202
-1337.415161 926.529236
-1342.340820 933.096924
-1347.261963 939.710266
-1352.178589 946.369324
-1357.090698 953.074036
-1361.998291 959.824402
-1366.901367 966.620483
-1371.799927 973.462219
-1376.693970 980.349609
-1381.583496 987.282715
-1386.468506 994.261475
-1391.348999 1001.285889
-1396.224976 1008.356018
-1401.096436 1015.471802
-1405.963379 1022.633240
-1410.825684 1029.840332
-1415.683472 1037.093140
-1420.536743 1044.391602
-1425.385498 1051.735718
-1430.229736 1059.125488
-1435.059448 1066.516113
-1439.877930 1073.922363
-1444.685181 1081.344360
-1449.481201 1088.782104
-1454.265991 1096.235596
-1459.039551 1103.704834
-1463.801880 1111.189819
-1468.552979 1118.690430
-1473.292847 1126.206787
-1478.021484 1133.738892
-1482.738892 1141.286743
-1487.445068 1148.850342
-1492.140015 1156.429565
-1496.823730 1164.024536
-1501.496216 1171.635254
-1506.157471 1179.261719
-1510.807495 1186.903931
-1515.446411 1194.561890
-1520.074097 1202.235474
-1524.690552 1209.924805
-1529.295776 1217.629883
-1533.889771 1225.350708
-1538.472534 1233.087280
-1543.044067 1240.839478
-1547.604370 1248.607422
-1552.153442 1256.391113
-1556.691284 1264.190552
-1561.217896 1272.005737
-1565.733276 1279.836670
-1570.237427 1287.683228
-1574.730347 1295.545532
-1579.212036 1303.423584
-1583.682495 1311.317383
-1588.141724 1319.226929
-1592.589722 1327.152100
-1597.026489 1335.093018
-1601.452026 1343.049683
-1605.866333 1351.022095
-1610.269409 1359.010254
-1614.661255 1367.014160
-1619.072144 1375.023682
-1623.491943 1383.042236
-1627.920654 1391.069702
-1632.358276 1399.106201
-1636.804932 1407.151733
-1641.260498 1415.206177
-1645.724976 1423.269653
-1650.198364 1431.342163
-1654.680664 1439.423706
-1659.171875 1447.514160
-1663.671997 1455.613647
-1668.181030 1463.722168
-1672.698975 1471.839600
-1677.225952 1479.966064
-1681.761841 1488.101562
-1686.306641 1496.246094
-1690.860352 1504.399536
-1695.422974 1512.562012
-1699.994507 1520.733521
-1704.574951 1528.914062
-1709.164307 1537.103516
-1713.762695 1545.302002
-1718.369995 1553.509521
-1722.986206 1561.725952
-1727.611328 1569.951416
-1732.245361 1578.185913
-1736.888306 1586.429443
-1741.540161 1594.681885
-1746.200928 1602.943359
-1750.870605 1611.213867
-1755.549316 1619.493408
-1760.236938 1627.781860
-1764.933472 1636.079346
-1769.638916 1644.385864
-1774.353271 1652.701294
-1779.076538 1661.025757
-1783.808716 1669.359253
-1788.549805 1677.701782
-1793.299805 1686.053223
-1798.058838 1694.413696
-1802.831543 1702.809204
-1807.616333 1711.231079
-1812.413330 1719.679321
-1817.222412 1728.153931
-1822.043579 1736.654785
-1826.876953 1745.182007
-1831.722412 1753.735596
-1836.579956 1762.315552
-1841.449707 1770.921875
-1846.331543 1779.554565
-1851.225464 1788.213623
-1856.131592 1796.898926
-1861.049805 1805.610596
-1865.980103 1814.348633
-1870.922607 1823.113037
-1875.877197 1831.903809
-1880.843872 1840.720947
-1885.822754 1849.564453
-1890.813721 1858.434326
-1895.816772 1867.330444
-1900.832031 1876.252930
-1905.859375 1885.201782
-1910.898804 1894.177002
-1915.950439 1903.178589
-1921.014160 1912.206543
-1926.089966 1921.260864
-1931.177979 1930.341431
-1936.278076 1939.448364
-1941.390259 1948.581665
-1946.514648 1957.741333
-1951.651123 1966.927368
-1956.799683 1976.139771
-1961.960327 1985.378540
-1967.133179 1994.643555
-1972.318115 2003.934937
-1977.515137 2013.252686
-1982.724365 2022.596802
-1987.945679 2031.967285
-1993.179077 2041.364136
-1998.424683 2050.787354
-2003.651001 2060.221924
-2008.868530 2069.673096
-2014.077271 2079.140625
-2019.277222 2088.624756
-2024.468384 2098.125244
-2029.650757 2107.642090
-2034.824219 2117.175537
-2039.988892 2126.725342
-2045.144775 2136.291504
-2050.291992 2145.874268
-2055.430420 2155.473389
-2060.559814 2165.089111
-2065.680420 2174.721191
-2070.792236 2184.369629
-2075.895264 2194.034668
-2080.989502 2203.716064
-2086.074951 2213.413818
-2091.151611 2223.128174
-2096.219482 2232.858887
-2101.278564 2242.606201
-2106.328857 2252.369873
-2111.370361 2262.149902
-2116.403076 2271.946533
-2121.427002 2281.759521
-2126.442139 2291.588867
-2131.448486 2301.434814
-2136.446045 2311.297119
-2141.434814 2321.176025
-2146.414795 2331.071289
-2151.385986 2340.982910
-2156.348389 2350.911133
-2161.302002 2360.855713
-2166.246826 2370.816895
-2171.182861 2380.794434
-2176.109863 2390.788330
-2181.028076 2400.798828
-2185.937500 2410.825684
-2190.838135 2420.868896
-2195.729980 2430.928711
-2200.613037 2441.004883
-2205.496094 2451.077393
-2210.376221 2461.152832
-2215.253418 2471.231201
-2220.127686 2481.312744
-2224.999023 2491.397217
-2229.867432 2501.484619
-2234.732910 2511.575195
-2239.595459 2521.668701
-2244.454834 2531.765137
-2249.311279 2541.864746
-2254.164795 2551.967285
-2259.015381 2562.072754
-2263.863037 2572.181152
-2268.707764 2582.292725
-2273.549561 2592.407227
-2278.388428 2602.524658
-2283.224365 2612.645264
-2288.057373 2622.768799
-2292.887451 2632.895264
-2297.714600 2643.024658
-2302.538574 2653.157227
-2307.359619 2663.292725
-2312.177734 2673.431152
-2316.992920 2683.572754
-2321.805176 2693.717285
-2326.614502 2703.864746
-2331.420898 2714.015137
-2336.224365 2724.168701
-2341.024902 2734.325195
-2345.822510 2744.484619
-2350.617188 2754.647217
-2355.408936 2764.812744
-2360.197510 2774.981201
-2364.983154 2785.152588
-2369.765869 2795.327148
-2374.545654 2805.504639
-2379.322510 2815.685059
-2384.096436 2825.868652
-2388.867432 2836.055176
-2393.635498 2846.244629
-2398.415039 2856.452393
-2403.201172 2866.673340
-2407.993896 2876.907471
-2412.793213 2887.154541
-2417.599365 2897.414795
-2422.412109 2907.688232
-2427.231445 2917.974854
-2432.057373 2928.274658
-2436.890137 2938.587646
-2441.729492 2948.913818
-2446.575439 2959.252930
-2451.427979 2969.605225
-2456.287354 2979.970703
-2461.153320 2990.349365
-2466.025879 3000.741211
-2470.905029 3011.146240
-2475.791016 3021.564453
-2480.683594 3031.995850
-2485.582764 3042.440186
-2490.488525 3052.897705
-2495.401123 3063.368408
-2500.320312 3073.852295
-2505.246094 3084.349365
-2510.178467 3094.859619
-2515.117432 3105.383057
-2520.063232 3115.919434
-2525.015625 3126.468994
-2529.974609 3137.031738
-2534.940186 3147.607666
-2539.912598 3158.196777
-2544.891602 3168.799072
-2549.877197 3179.414551
-2554.869385 3190.042969
-2559.868408 3200.684570
-2564.874023 3211.339355
-2569.886230 3222.007324
-2574.905029 3232.688477
-2579.930664 3243.382812
-2584.962891 3254.090332
-2590.001709 3264.810791
-2595.027100 3275.522705
-2600.045654 3286.233154
-2605.057373 3296.942139
-2610.062500 3307.649658
-2615.060791 3318.355713
-2620.052246 3329.060303
-2625.036865 3339.763428
-2630.014893 3350.465088
-2634.986084 3361.165283
-2639.950439 3371.864014
-2644.907959 3382.561279
-2649.858887 3393.257080
-2654.802979 3403.951416
-2659.740234 3414.644287
-2664.670654 3425.335938
-2669.594482 3436.026123
-2674.511475 3446.714844
-2679.421631 3457.402100
-2684.324951 3468.087891
-2689.221680 3478.772217
-2694.111572 3489.455078
-2698.994629 3500.136475
-2703.870850 3510.816406
-2708.740479 3521.494873
-2713.603271 3532.171875
-2718.459229 3542.847412
-2723.308350 3553.521484
-2728.150879 3564.194092
-2732.986572 3574.865234
-2737.815430 3585.534912
-2742.637451 3596.203369
-2747.452881 3606.870361
-2752.261475 3617.535889
-2757.063232 3628.199951
-2761.858154 3638.862549
-2766.646484 3649.523682
-2771.427979 3660.183350
-2776.202637 3670.841553
-2780.970459 3681.498291
-2785.731689 3692.153564
-2790.492676 3702.772217
-2795.251221 3713.365723
-2800.007568 3723.934326
-2804.761475 3734.478027
-2809.512939 3744.996582
-2814.262207 3755.490234
-2819.009033 3765.958984
-2823.753662 3776.402832
-2828.495850 3786.821533
-2833.235596 3797.215332
-2837.973145 3807.584229
-2842.708252 3817.927979
-2847.440918 3828.246826
-2852.171387 3838.540771
-2856.899414 3848.809570
-2861.625244 3859.053467
-2866.348633 3869.272461
-2871.069580 3879.466553
-2875.788330 3889.635498
-2880.504639 3899.779541
-2885.218506 3909.898682
-2889.930176 3919.992676
-2894.639404 3930.061768
-2899.346436 3940.105957
-2904.051025 3950.125000
-2908.753174 3960.119141
-2913.453125 3970.088379
-2918.150635 3980.032715
-2922.845703 3989.951904
-2927.538574 3999.846191
-2932.229004 4009.715576
-2936.917236 4019.559814
-2941.603027 4029.379150
-2946.286377 4039.173584
-2950.967529 4048.943115
-2955.646240 4058.687500
-2960.322510 4068.406982
-2964.996582 4078.101562
-2969.668213 4087.770996
-2974.337646 4097.415527
-2979.018066 4107.083008
-2983.705322 4116.757812
-2988.399170 4126.439453
-2993.099609 4136.128418
-2997.806641 4145.824219
-3002.520264 4155.527344
-3007.240723 4165.237305
-3011.967773 4174.954590
-3016.701416 4184.678711
-3021.441650 4194.410156
-3026.188721 4204.148438
-3030.942383 4213.894043
-3035.702637 4223.646484
-3040.469482 4233.406250
-3045.243164 4243.172852
-3050.023438 4252.946777
-3054.810303 4262.727539
-3059.603760 4272.515625
-3064.404053 4282.310547
-3069.210938 4292.112793
-3074.024414 4301.921875
-3078.844482 4311.738281
-3083.671387 4321.561523
-3088.504883 4331.392090
-3093.344971 4341.229492
-3098.191650 4351.074219
-3103.044922 4360.925781
-3107.905029 4370.784668
-3112.771729 4380.650391
-3117.645020 4390.523438
-3122.524902 4400.403320
-3127.411621 4410.290527
-3132.304932 4420.184570
-3137.204834 4430.085938
-3142.111328 4439.994141
-3147.024658 4449.909180
-3151.944580 4459.831543
-3156.871094 4469.760742
-3161.804199 4479.697266
-3166.744141 4489.640625
-3171.666016 4499.585449
-3176.578125 4509.533203
-3181.480469 4519.484375
-3186.373047 4529.438477
-3191.255859 4539.395996
-3196.128906 4549.356445
-3200.992188 4559.320312
-3205.845703 4569.287109
-3210.689453 4579.257324
-3215.523438 4589.230469
-3220.347656 4599.207031
-3225.161865 4609.186523
-3229.966309 4619.169434
-3234.760986 4629.155273
-3239.545898 4639.144531
-3244.321045 4649.136719
-3249.086426 4659.132324
-3253.842041 4669.130859
-3258.587891 4679.132812
-3263.323975 4689.137695
-3268.050293 4699.145996
-3272.766846 4709.157227
-3277.473633 4719.171875
-3282.170654 4729.189941
-3286.857910 4739.210938
-3291.535400 4749.235352
-3296.203125 4759.262695
-3300.861084 4769.293457
-3305.509277 4779.327148
-3310.147705 4789.364258
-3314.776367 4799.404297
-3319.395264 4809.447754
-3324.004395 4819.494141
-3328.603760 4829.543945
-3333.193359 4839.596680
-3337.773193 4849.652832
-3342.343262 4859.711914
-3346.903320 4869.774414
-3351.453613 4879.839844
-3355.994141 4889.908691
-3360.541260 4899.983398
-3365.089600 4910.063477
-3369.639160 4920.148926
-3374.189941 4930.239746
-3378.741699 4940.335449
-3383.294678 4950.436523
-3387.848877 4960.542969
-3392.404053 4970.654785
-3396.960449 4980.771484
-3401.518066 4990.893555
-3406.076904 5001.020996
-3410.636719 5011.153809
-3415.197754 5021.291504
-3419.760010 5031.434570
-3424.323242 5041.583008
-3428.887695 5051.736816
-3433.453369 5061.895508
-3438.020264 5072.059570
-3442.588135 5082.229004
-3447.157227 5092.403809
-3451.727539 5102.583496
-3456.298828 5112.768555
-3460.871338 5122.958984
-3465.445068 5133.154785
-3470.020020 5143.355469
-3474.595947 5153.561523
-3479.173096 5163.772949
-3483.751465 5173.989746
-3488.330811 5184.211426
-3492.911377 5194.438477
-3497.493164 5204.670898
-3502.076172 5214.908691
-3506.660156 5225.151367
-3511.245361 5235.399414
-3515.831787 5245.652832
-3520.419189 5255.911621
-3525.007812 5266.175293
-3529.597656 5276.444336
-3534.188477 5286.718750
-3538.780518 5296.998535
-3543.349365 5307.300781
-3547.902832 5317.620117
-3552.441162 5327.956055
-3556.964355 5338.309082
-3561.472412 5348.679199
-3565.965332 5359.065918
-3570.443115 5369.469727
-3574.905762 5379.890625
-3579.353027 5390.328125
-3583.785156 5400.782715
-3588.202148 5411.253906
-3592.604004 5421.742188
-3596.990723 5432.247559
-3601.362305 5442.769531
-3605.718506 5453.308594
-3610.059570 5463.864258
-3614.385498 5474.437012
-3618.696289 5485.026855
-3622.991943 5495.633301
-3627.272461 5506.256836
-3631.537598 5516.897461
-3635.787598 5527.554688
-3640.022461 5538.229004
-3644.242188 5548.919922
-3648.446777 5559.627930
-3652.636230 5570.353027
-3656.810547 5581.094727
-3660.969482 5591.853516
-3665.113281 5602.628906
-3669.241943 5613.421387
-3673.355469 5624.230957
-3677.453857 5635.057129
-3681.537109 5645.900391
-3685.604980 5656.760254
-3689.657715 5667.637207
-3693.695312 5678.531250
-3697.717773 5689.441895
-3701.725098 5700.369629
-3705.717285 5711.314453
-3709.694336 5722.275879
-3713.670166 5733.254883
-3717.640137 5744.250977
-3721.604248 5755.264160
-3725.562500 5766.294434
-3729.514893 5777.342285
-3733.461670 5788.407227
-3737.402588 5799.489258
-3741.337646 5810.588379
-3745.266846 5821.704590
-3749.190186 5832.838379
-3753.107666 5843.989258
-3757.019287 5855.157227
-3760.925049 5866.342285
-3764.825195 5877.544922
-3768.719482 5888.764648
-3772.607910 5900.001465
-3776.490479 5911.255371
-3780.367188 5922.526855
-3784.238037 5933.815430
-3788.103027 5945.121094
-3791.962402 5956.443848
-3795.815918 5967.783691
-3799.663574 5979.141113
-3803.505371 5990.515625
-3807.341309 6001.907227
-3811.171387 6013.315918
-3814.995605 6024.742188
-3818.814209 6036.185547
-3822.626953 6047.645996
-3826.433838 6059.123535
-3830.234863 6070.618164
-3834.030029 6082.130371
-3837.819336 6093.659668
-3841.602783 6105.206055
-3845.380615 6116.769531
-3849.152588 6128.350586
-3852.918701 6139.948730
-3856.678955 6151.563965
-3860.433350 6163.196289
-3864.181885 6174.845703
-3867.945312 6186.514648
-3871.716797 6198.201660
-3875.496094 6209.907227
-3879.283447 6221.631348
-3883.078613 6233.374023
-3886.881836 6245.135254
-3890.692871 6256.915039
-3894.511963 6268.712891
-3898.339111 6280.529297
-3902.174072 6292.364258
-3906.017090 6304.217773
-3909.867920 6316.089844
-3913.726807 6327.980469
-3917.593506 6339.889160
-3921.468262 6351.816406
-3925.351074 6363.762207
-3929.241699 6375.726562
-3933.140381 6387.709473
-3937.046875 6399.710938
-3940.961426 6411.730957
-3944.883789 6423.769043
-3948.814209 6435.825684
-3952.752441 6447.900879
-3956.698730 6459.994629
-3960.653076 6472.106934
-3964.615234 6484.237793
-3968.585449 6496.386719
-3972.563477 6508.554199
-3976.549561 6520.740234
-3980.543457 6532.944824
-3984.545410 6545.167969
-3988.555420 6557.409668
-3992.573242 6569.669434
-3996.599121 6581.947754
-4000.632812 6594.244629
-4004.674561 6606.560059
-4008.724121 6618.894043
-4012.781738 6631.246582
-4016.847168 6643.617188
-4020.920654 6656.006348
-4024.993652 6668.406250
-4029.069092 6680.819824
-4033.146973 6693.246582
-4037.227295 6705.686523
-4041.310059 6718.140137
-4045.395264 6730.606934
-4049.482666 6743.086914
-4053.572510 6755.580566
-4057.664795 6768.087402
-4061.759521 6780.607422
-4065.856689 6793.141113
-4069.956299 6805.687988
-4074.058105 6818.248047
-4078.162354 6830.821777
-4082.269043 6843.408691
-4086.378174 6856.008789
-4090.489746 6868.622559
-4094.603760 6881.249512
-4098.720215 6893.889648
-4102.838867 6906.543457
-4106.959961 6919.210449
-4111.083496 6931.890625
-4115.209473 6944.584473
-4119.337891 6957.291504
-4123.468750 6970.011719
-4127.602051 6982.745605
-4131.737793 6995.492676
-4135.875488 7008.252930
-4140.015625 7021.026855
-4144.158203 7033.813965
-4148.303223 7046.614746
-4152.450684 7059.428711
-4156.600586 7072.255859
-4160.752930 7085.096680
-4164.907715 7097.950684
-4169.064941 7110.817871
-4173.224609 7123.698730
-4177.386719 7136.592773
-4181.551270 7149.500000
-4185.717773 7162.420898
-4189.900391 7175.340332
-4194.094238 7188.263184
-4198.299316 7201.189453
-4202.515625 7214.119141
-4206.743164 7227.052734
-4210.981934 7239.989746
-4215.231934 7252.930176
-4219.493164 7265.874023
-4223.765625 7278.821289
-4228.049316 7291.772461
-4232.344727 7304.727051
-4236.651367 7317.685059
-4240.969238 7330.646484
-4245.298340 7343.611816
-4249.638672 7356.580566
-4253.990234 7369.552734
-4258.353027 7382.528320
-4262.727051 7395.507324
-4267.112305 7408.490234
-4271.508789 7421.476562
-4275.916504 7434.466309
-4280.335938 7447.459473
-4284.766602 7460.456543
-4289.208496 7473.457031
-4293.661621 7486.460938
-4298.125977 7499.468262
-4302.601562 7512.479004
-4307.088379 7525.493652
-4311.586426 7538.511719
-4316.095703 7551.533203
-4320.616211 7564.558105
-4325.147949 7577.586914
-4329.691406 7590.619141
-4334.246094 7603.654785
-4338.812012 7616.693848
-4343.389160 7629.736328
-4347.977539 7642.782715
-4352.577148 7655.832520
-4357.187988 7668.885742
-4361.810059 7681.942383
-4366.455078 7694.979980
-4371.119141 7708.006348
-4375.802246 7721.020996
-4380.504395 7734.023926
-4385.225586 7747.015625
-4389.966309 7759.995605
-4394.726074 7772.964355
-4399.504883 7785.921387
-4404.302734 7798.866699
-4409.119629 7811.800781
-4413.955566 7824.723145
-4418.810547 7837.634277
-4423.684570 7850.533691
-4428.577637 7863.421387
-4433.489746 7876.297852
-4438.420898 7889.162598
-4443.371094 7902.016113
-4448.340332 7914.857910
-4453.328613 7927.687988
-4458.335938 7940.506836
-4463.362793 7953.313965
-4468.408691 7966.109863
-4473.473633 7978.894043
-4478.557617 7991.666504
-4483.660645 8004.427734
-4488.782715 8017.177246
-4493.923828 8029.915527
-4499.083984 8042.642090
-4504.263184 8055.356934
-4509.461426 8068.060547
-4514.678711 8080.752441
-4519.915039 8093.433105
-4525.170410 8106.102051
-4530.444824 8118.759277
-4535.738281 8131.405273
-4541.050781 8144.039551
-4546.382812 8156.662598
-4551.733887 8169.273926
-4557.104004 8181.873535
-4562.493164 8194.461914
-4567.891602 8207.068359
-4573.302246 8219.683594
-4578.725586 8232.307617
-4584.161621 8244.939453
-4589.609863 8257.580078
-4595.070801 8270.228516
-4600.544434 8282.885742
-4606.030273 8295.551758
-4611.528809 8308.225586
-4617.040039 8320.908203
-4622.563477 8333.599609
-4628.099609 8346.298828
-4633.648438 8359.006836
-4639.209473 8371.723633
-4644.783203 8384.448242
-4650.369141 8397.181641
-4655.967773 8409.923828
-4661.579102 8422.673828
-4667.202637 8435.432617
-4672.838867 8448.200195
-4678.487793 8460.975586
-4684.148926 8473.759766
-4689.822754 8486.552734
-4695.509277 8499.353516
-4701.208008 8512.163086
-4706.919434 8524.981445
-4712.643555 8537.807617
-4718.379883 8550.642578
-4724.128906 8563.486328
-4729.890625 8576.337891
-4735.664551 8589.198242
-4741.451172 8602.066406
-4747.250488 8614.943359
-4753.062012 8627.829102
-4758.886230 8640.722656
-4764.722656 8653.625000
-4770.571777 8666.536133
-4776.433594 8679.455078
-4782.307617 8692.382812
-4788.194336 8705.319336
-4794.059570 8718.260742
-4799.915039 8731.208008
-4805.760254 8744.162109
-4811.595215 8757.122070
-4817.420410 8770.087891
-4823.235352 8783.060547
-4829.040039 8796.039062
-4834.834473 8809.023438
-4840.619141 8822.014648
-4846.393555 8835.011719
-4852.157715 8848.014648
-4857.912109 8861.024414
-4863.656250 8874.040039
-4869.390137 8887.061523
-4875.114258 8900.089844
-4880.828125 8913.124023
-4886.531738 8926.164062
-4892.225586 8939.210938
-4897.909180 8952.263672
-4903.582520 8965.322266
-4909.246094 8978.387695
-4914.899414 8991.458984
-4920.542480 9004.537109
-4926.175781 9017.621094
-4931.798828 9030.710938
-4937.411621 9043.807617
-4943.014160 9056.910156
-4948.606934 9070.018555
-4954.189453 9083.133789
-4959.761719 9096.254883
-4965.324219 9109.381836
-4970.876465 9122.515625
-4976.418457 9135.655273
-4981.950684 9148.800781
-4987.472656 9161.953125
-4992.984375 9175.111328
-4998.486328 9188.275391
-5003.978027 9201.446289
-5009.459473 9214.623047
-5014.931152 9227.805664
-5020.384277 9240.990234
-5025.821777 9254.178711
-5031.243164 9267.370117
-5036.648926 9280.564453
-5042.039062 9293.761719
-5047.413574 9306.962891
-5052.772461 9320.166992
-5058.115723 9333.374023
-5063.442871 9346.584961
-5068.754395 9359.798828
-5074.050293 9373.015625
-5079.330566 9386.236328
-5084.595215 9399.459961
-5089.844238 9412.686523
-5095.077637 9425.916016
-5100.294922 9439.149414
-5105.496582 9452.385742
-5110.682617 9465.625000
-5115.853027 9478.868164
-5121.007812 9492.114258
-5126.146973 9505.363281
-5131.270020 9518.616211
-5136.377441 9531.872070
-5141.469238 9545.130859
-5146.545410 9558.393555
-5151.605957 9571.659180
-5156.650879 9584.927734
-5161.680176 9598.199219
-5166.693359 9611.474609
-5171.690918 9624.752930
-5176.672852 9638.034180
-5181.639160 9651.319336
-5186.589844 9664.607422
-5191.524902 9677.898438
-5196.443848 9691.193359
-5201.347168 9704.491211
-5206.234863 9717.791992
-5211.106934 9731.095703
-5215.963379 9744.403320
-5220.804199 9757.713867
-5225.650879 9771.057617
-5230.496582 9784.424805
-5235.341309 9797.815430
-5240.185059 9811.229492
-5245.027344 9824.666992
-5249.868652 9838.127930
-5254.708984 9851.612305
-5259.548340 9865.120117
-5264.386230 9878.651367
-5269.223145 9892.206055
-5274.059082 9905.784180
-5278.894043 9919.385742
-5283.727539 9933.010742
-5288.560059 9946.659180
-5293.391602 9960.331055
-5298.222168 9974.026367
-5303.051270 9987.745117
-5307.879395 10001.487305
-5312.706543 10015.252930
-5317.532715 10029.041992
-5322.357422 10042.854492
-5327.181152 10056.690430
-5332.003906 10070.549805
-5336.825684 10084.431641
-5341.645996 10098.336914
-5346.465332 10112.265625
-5351.283691 10126.217773
-5356.101074 10140.193359
-5360.916992 10154.192383
-5365.731934 10168.214844
-5370.545898 10182.260742
-5375.358887 10196.330078
-5380.170410 10210.422852
-5384.980957 10224.539062
-5389.790527 10238.678711
-5394.599121 10252.841797
-5399.406250 10267.028320
-5404.212402 10281.238281
-5409.017578 10295.471680
-5413.821777 10309.728516
-5418.630371 10323.980469
-5423.441895 10338.236328
-5428.256348 10352.497070
-5433.073730 10366.762695
-5437.894043 10381.032227
-5442.717285 10395.306641
-5447.543457 10409.585938
-5452.372559 10423.869141
-5457.204590 10438.157227
-5462.039062 10452.450195
-5466.876465 10466.747070
-5471.716797 10481.048828
-5476.560059 10495.354492
-5481.406250 10509.665039
-5486.255371 10523.980469
-5491.107422 10538.299805
-5495.962402 10552.624023
-5500.820312 10566.953125
-5505.680664 10581.286133
-5510.543945 10595.624023
-5515.410156 10609.966797
-5520.279297 10624.313477
-5525.151367 10638.665039
-5530.026367 10653.020508
-5534.904297 10667.380859
-5539.785156 10681.746094
-5544.668945 10696.115234
-5549.555176 10710.489258
-5554.444336 10724.868164
-5559.336426 10739.250977
-5564.231445 10753.638672
-5569.129395 10768.030273
-5574.030273 10782.426758
-5578.934082 10796.828125
-5583.840820 10811.233398
-5588.750488 10825.643555
-5593.662598 10840.058594
-5598.577637 10854.477539
-5603.495605 10868.901367
-5608.416504 10883.330078
-5613.344727 10897.735352
-5618.278320 10912.126953
-5623.217773 10926.504883
-5628.163086 10940.868164
-5633.113770 10955.217773
-5638.070312 10969.553711
-5643.032715 10983.875977
-5648.000488 10998.183594
-5652.974121 11012.477539
-5657.953613 11026.757812
-5662.938477 11041.024414
-5667.929199 11055.277344
-5672.925781 11069.515625
-5677.927734 11083.740234
-5682.935547 11097.951172
-5687.949219 11112.148438
-5692.968262 11126.332031
-5697.993164 11140.500977
-5703.023926 11154.656250
-5708.060059 11168.797852
-5713.102051 11182.925781
-5718.149902 11197.040039
-5723.203125 11211.139648
-5728.262207 11225.225586
-5733.327148 11239.297852
-5738.397949 11253.356445
-5743.474121 11267.401367
-5748.556152 11281.431641
-5753.644043 11295.448242
-5758.737305 11309.451172
-5763.836426 11323.440430
-5768.941406 11337.415039
-5774.051758 11351.375977
-5779.167969 11365.323242
-5784.290039 11379.256836
-5789.417480 11393.176758
-5794.550781 11407.082031
-5799.689941 11420.973633
-5804.834473 11434.851562
-5809.984863 11448.715820
-5815.156738 11462.567383
-5820.344727 11476.406250
-5825.548828 11490.232422
-5830.769531 11504.045898
-5836.006348 11517.846680
-5841.259277 11531.634766
-5846.528320 11545.410156
-5851.813965 11559.172852
-5857.115723 11572.922852
-5862.433594 11586.660156
-5867.767578 11600.384766
-5873.117676 11614.096680
-5878.484375 11627.795898
-5883.867188 11641.482422
-5889.266113 11655.156250
-5894.681152 11668.816406
-5900.112793 11682.463867
-5905.560547 11696.098633
-5911.024414 11709.720703
-5916.504395 11723.330078
-5922.000977 11736.926758
-5927.513672 11750.510742
-5933.042480 11764.082031
-5938.587402 11777.640625
-5944.148438 11791.186523
-5949.726074 11804.719727
-5955.319824 11818.240234
-5960.929688 11831.748047
-5966.555664 11845.243164
-5972.198242 11858.725586
-5977.856934 11872.195312
-5983.531738 11885.652344
-5989.222656 11899.096680
-5994.929688 11912.527344
-6000.653320 11925.945312
-6006.393066 11939.350586
-6012.148926 11952.743164
-6017.920898 11966.123047
-6023.709473 11979.490234
-6029.514160 11992.844727
-6035.331055 12006.163086
-6041.161621 12019.453125
-6047.005859 12032.714844
-6052.864258 12045.949219
-6058.736328 12059.155273
-6064.622070 12072.333008
-6070.521484 12085.482422
-6076.434570 12098.603516
-6082.361328 12111.696289
-6088.301758 12124.760742
-6094.255859 12137.796875
-6100.223633 12150.804688
-6106.205078 12163.784180
-6112.200195 12176.735352
-6118.208984 12189.658203
-6124.231445 12202.552734
-6130.267578 12215.418945
-6136.317383 12228.257812
-6142.380859 12241.068359
-6148.458008 12253.850586
-6154.548828 12266.604492
-6160.653809 12279.330078
-6166.772461 12292.027344
-6172.904785 12304.696289
-6179.050781 12317.336914
-6185.210449 12329.949219
-6191.383789 12342.533203
-6197.570801 12355.088867
-6203.771484 12367.616211
-6209.985840 12380.115234
-6216.213867 12392.585938
-6222.455566 12405.029297
-6228.710938 12417.444336
-6234.979980 12429.831055
-6241.262695 12442.189453
-6247.559082 12454.519531
-6253.869141 12466.821289
-6260.192871 12479.094727
-6266.530762 12491.339844
-6272.882324 12503.556641
-6279.270996 12515.778320
-6285.689453 12527.994141
-6292.137207 12540.204102
-6298.614746 12552.408203
-6305.121582 12564.606445
-6311.658203 12576.798828
-6318.224121 12588.985352
-6324.819824 12601.166016
-6331.444824 12613.339844
-6338.099609 12625.507812
-6344.784180 12637.669922
-6351.498047 12649.826172
-6358.241699 12661.976562
-6365.014648 12674.121094
-6371.817383 12686.259766
-6378.649414 12698.392578
-6385.511230 12710.519531
-6392.402344 12722.639648
-6399.323242 12734.753906
-6406.273438 12746.862305
-6413.253418 12758.964844
-6420.262695 12771.061523
-6427.301758 12783.152344
-6434.370117 12795.237305
-6441.468262 12807.316406
-6448.595703 12819.388672
-6455.752930 12831.455078
-6462.939453 12843.515625
-6470.155762 12855.570312
-6477.401367 12867.619141
-6484.676758 12879.662109
-6491.981445 12891.699219
-6499.315918 12903.730469
-6506.679688 12915.755859
-6514.073242 12927.774414
-6521.496094 12939.787109
-6528.948730 12951.793945
-6536.431152 12963.794922
-6543.942871 12975.790039
-6551.484375 12987.779297
-6559.057617 12999.728516
-6566.662109 13011.649414
-6574.297852 13023.541992
-6581.964844 13035.406250
-6589.663086 13047.242188
-6597.392578 13059.049805
-6605.153320 13070.829102
-6612.945312 13082.580078
-6620.768555 13094.302734
-6628.623047 13105.996094
-6636.508789 13117.661133
-6644.425781 13129.297852
-6652.374023 13140.906250
-6660.353516 13152.486328
-6668.364258 13164.038086
-6676.405762 13175.561523
-6684.478516 13187.056641
-6692.582520 13198.523438
-6700.717773 13209.961914
-6708.884277 13221.372070
-6717.082031 13232.753906
-6725.311035 13244.107422
-6733.571289 13255.431641
-6741.862793 13266.727539
-6750.185547 13277.995117
-6758.539551 13289.234375
-6766.924805 13300.445312
-6775.341309 13311.627930
-6783.789062 13322.782227
-6792.268066 13333.908203
-6800.778320 13345.005859
-6809.319824 13356.075195
-6817.892578 13367.116211
-6826.496582 13378.128906
-6835.131348 13389.112305
-6843.797363 13400.067383
-6852.494629 13410.994141
-6861.223145 13421.892578
-6869.982910 13432.762695
-6878.773926 13443.604492
-6887.583496 13454.428711
-6896.415527 13465.231445
-6905.270020 13476.012695
-6914.146973 13486.771484
-6923.046387 13497.508789
-6931.968262 13508.224609
-6940.913086 13518.918945
-6949.880371 13529.591797
-6958.870117 13540.243164
-6967.882324 13550.873047
-6976.916992 13561.481445
-6985.974609 13572.068359
-6995.054688 13582.633789
-7004.157227 13593.177734
-7013.282227 13603.700195
-7022.429688 13614.201172
-7031.599609 13624.680664
-7040.792480 13635.138672
-7050.007812 13645.575195
-7059.245605 13655.990234
-7068.505859 13666.383789
-7077.788574 13676.755859
-7087.094238 13687.106445
-7096.422363 13697.435547
-7105.772949 13707.743164
-7115.145996 13718.029297
-7124.541504 13728.293945
-7133.959473 13738.537109
-7143.400391 13748.758789
-7152.863770 13758.958984
-7162.349609 13769.137695
-7171.857910 13779.294922
-7181.388672 13789.430664
-7190.942383 13799.544922
-7200.518555 13809.637695
-7210.117188 13819.708984
-7219.738281 13829.758789
-7229.381836 13839.787109
-7239.047852 13849.793945
-7248.736816 13859.779297
-7258.445801 13869.759766
-7268.175781 13879.729492
-7277.926758 13889.688477
-7287.698730 13899.636719
-7297.491699 13909.574219
-7307.305664 13919.500977
-7317.140625 13929.416992
-7326.996582 13939.322266
-7336.873535 13949.216797
-7346.771484 13959.100586
-7356.690430 13968.974609
-7366.630371 13978.837891
-7376.591309 13988.690430
-7386.573242 13998.532227
-7396.576172 14008.363281
-7406.600098 14018.183594
-7416.645020 14027.993164
-7426.710938 14037.791992
-7436.797852 14047.580078
-7446.905762 14057.357422
-7457.034668 14067.124023
-7467.184570 14076.880859
-7477.355469 14086.626953
-7487.547363 14096.362305
-7497.760254 14106.086914
-7507.994141 14115.800781
-7518.249023 14125.503906
-7528.524902 14135.196289
-7538.821777 14144.877930
-7549.139648 14154.548828
-7559.478516 14164.208984
-7569.838379 14173.859375
-7580.219238 14183.499023
-7590.621094 14193.127930
-7601.043945 14202.746094
-7611.487793 14212.353516
-7621.952637 14221.950195
-7632.438477 14231.536133
-7642.945312 14241.111328
-7653.473145 14250.675781
-7664.017090 14260.236328
-7674.578125 14269.790039
-7685.156738 14279.336914
-7695.752930 14288.876953
-7706.366699 14298.411133
-7716.998047 14307.938477
-7727.646973 14317.458984
-7738.312988 14326.973633
-7748.996582 14336.481445
-7759.697754 14345.982422
-7770.416504 14355.476562
-7781.152832 14364.964844
-7791.906738 14374.446289
-7802.678223 14383.920898
-7813.466797 14393.388672
-7824.272949 14402.850586
-7835.096680 14412.305664
-7845.937988 14421.753906
-7856.796875 14431.195312
-7867.673340 14440.630859
-7878.566895 14450.059570
-7889.478027 14459.481445
-7900.406738 14468.897461
-7911.353027 14478.306641
-7922.316895 14487.708984
-7933.298340 14497.104492
-7944.296875 14506.494141
-7955.312988 14515.876953
-7966.346680 14525.252930
-7977.397949 14534.622070
-7988.466797 14543.985352
-7999.553223 14553.341797
-8010.656738 14562.691406
-8021.777832 14572.034180
-8032.916504 14581.371094
-8044.072754 14590.701172
-8055.246582 14600.024414
-8066.437988 14609.341797
-8077.646973 14618.652344
-8088.873047 14627.956055
-8100.111816 14637.246094
-8111.365234 14646.525391
-8122.632812 14655.792969
-8133.914551 14665.049805
-8145.210938 14674.294922
-8156.521484 14683.529297
-8167.846191 14692.751953
-8179.185059 14701.963867
-8190.538574 14711.164062
-8201.906250 14720.353516
-8213.288086 14729.531250
-8224.684570 14738.698242
-8236.094727 14747.853516
-8247.519531 14756.998047
-8258.958984 14766.130859
-8270.412109 14775.252930
-8281.879883 14784.363281
-8293.362305 14793.462891
-8304.858398 14802.550781
-8316.369141 14811.627930
-8327.894531 14820.693359
-8339.433594 14829.748047
-8350.987305 14838.791016
-8362.554688 14847.823242
-8374.136719 14856.843750
-8385.733398 14865.853516
-8397.343750 14874.851562
-8408.968750 14883.838867
-8420.608398 14892.814453
-8432.261719 14901.779297
-8443.929688 14910.732422
-8455.612305 14919.674805
-8467.308594 14928.605469
-8479.019531 14937.525391
-8490.745117 14946.433594
-8502.484375 14955.331055
-8514.238281 14964.216797
-8526.005859 14973.091797
-8537.788086 14981.955078
-8549.584961 14990.807617
-8561.299805 14999.656250
-8572.963867 15008.498047
-8584.578125 15017.333984
-8596.142578 15026.164062
-8607.657227 15034.987305
-8619.121094 15043.804688
-8630.535156 15052.615234
-8641.899414 15061.419922
-8653.213867 15070.217773
-8664.478516 15079.009766
-8675.692383 15087.794922
-8686.856445 15096.574219
-8697.970703 15105.346680
-8709.035156 15114.113281
-8720.048828 15122.873047
-8731.012695 15131.626953
-8741.926758 15140.374023
-8752.791016 15149.115234
-8763.605469 15157.849609
-8774.369141 15166.578125
-8785.083008 15175.299805
-8795.747070 15184.015625
-8806.361328 15192.724609
-8816.924805 15201.427734
-8827.438477 15210.125000
-8837.902344 15218.815430
-8848.316406 15227.500000
-8858.680664 15236.177734
-8868.994141 15244.849609
-8879.257812 15253.514648
-8889.471680 15262.173828
-8899.635742 15270.826172
-8909.749023 15279.472656
-8919.812500 15288.112305
-8929.826172 15296.746094
-8939.790039 15305.373047
-8949.703125 15313.994141
-8959.566406 15322.608398
-8969.379883 15331.216797
-8979.143555 15339.818359
-8988.823242 15348.393555
-8998.429688 15356.949219
-9007.963867 15365.484375
-9017.425781 15374.000000
-9026.814453 15382.495117
-9036.130859 15390.970703
-9045.374023 15399.426758
-9054.544922 15407.862305
-9063.642578 15416.278320
-9072.667969 15424.673828
-9081.621094 15433.049805
-9090.500977 15441.406250
-9099.308594 15449.742188
-9108.042969 15458.058594
-9116.705078 15466.354492
-9125.294922 15474.630859
-9133.811523 15482.887695
-9142.255859 15491.124023
-9150.626953 15499.340820
-9158.925781 15507.537109
-9167.151367 15515.713867
-9175.304688 15523.871094
-9183.385742 15532.007812
-9191.393555 15540.125000
-9199.329102 15548.221680
-9207.191406 15556.298828
-9214.981445 15564.356445
-9222.698242 15572.393555
-9230.342773 15580.411133
-9237.915039 15588.408203
-9245.414062 15596.385742
-9252.840820 15604.343750
-9260.194336 15612.281250
-9267.475586 15620.199219
-9274.684570 15628.096680
-9281.820312 15635.974609
-9288.883789 15643.832031
-9295.874023 15651.669922
-9302.791992 15659.488281
-9309.636719 15667.286133
-9316.405273 15675.089844
-9323.099609 15682.890625
-9329.718750 15690.688477
-9336.262695 15698.484375
-9342.731445 15706.277344
-9349.125000 15714.067383
-9355.444336 15721.854492
-9361.688477 15729.638672
-9367.857422 15737.419922
-9373.951172 15745.198242
-9379.969727 15752.974609
-9385.914062 15760.748047
-9391.783203 15768.518555
-9397.577148 15776.286133
-9403.295898 15784.050781
-9408.939453 15791.812500
-9414.508789 15799.571289
-9420.002930 15807.327148
-9425.421875 15815.081055
-9430.765625 15822.832031
-9436.034180 15830.580078
-9441.228516 15838.325195
-9446.347656 15846.067383
-9451.391602 15853.806641
-9456.360352 15861.542969
-9461.253906 15869.276367
-9466.073242 15877.007812
-9470.817383 15884.736328
-9475.486328 15892.461914
-9480.080078 15900.184570
-9484.598633 15907.904297
-9489.042969 15915.621094
-9493.412109 15923.334961
-9497.706055 15931.046875
-9501.924805 15938.755859
-9506.068359 15946.461914
-9510.137695 15954.165039
-9514.131836 15961.865234
-9518.050781 15969.562500
-9521.894531 15977.256836
-9525.709961 15984.916016
-9529.481445 15992.550781
-9533.208984 16000.160156
-9536.891602 16007.745117
-9540.530273 16015.305664
-9544.125000 16022.841797
-9547.675781 16030.352539
-9551.182617 16037.838867
-9554.645508 16045.300781
-9558.064453 16052.737305
-9561.438477 16060.149414
-9564.768555 16067.537109
-9568.054688 16074.900391
-9571.296875 16082.238281
-9574.495117 16089.551758
-9577.649414 16096.840820
-9580.758789 16104.105469
-9583.824219 16111.344727
-9586.845703 16118.559570
-9589.823242 16125.750000
-9592.756836 16132.916016
-9595.646484 16140.056641
-9598.491211 16147.172852
-9601.291992 16154.264648
-9604.048828 16161.331055
-9606.761719 16168.373047
-9609.430664 16175.390625
-9612.055664 16182.383789
-9614.636719 16189.351562
-9617.172852 16196.294922
-9619.665039 16203.213867
-9622.113281 16210.108398
-9624.517578 16216.977539
-9626.877930 16223.822266
-9629.194336 16230.642578
-9631.465820 16237.438477
-9633.693359 16244.208984
-9635.876953 16250.955078
-9638.016602 16257.676758
-9640.112305 16264.373047
-9642.194336 16271.041016
-9644.252930 16277.681641
-9646.287109 16284.293945
-9648.297852 16290.878906
-9650.285156 16297.436523
-9652.249023 16303.966797
-9654.189453 16310.468750
-9656.105469 16316.943359
-9657.998047 16323.390625
-9659.867188 16329.810547
-9661.712891 16336.202148
-9663.534180 16342.566406
-9665.332031 16348.903320
-9667.106445 16355.212891
-9668.857422 16361.494141
-9670.583984 16367.748047
-9672.287109 16373.974609
-9673.966797 16380.173828
-9675.623047 16386.345703
-9677.254883 16392.490234
-9678.863281 16398.607422
-9680.448242 16404.695312
-9682.009766 16410.755859
-9683.546875 16416.789062
-9685.060547 16422.794922
-9686.550781 16428.773438
-9688.017578 16434.724609
-9689.459961 16440.648438
-9690.878906 16446.544922
-9692.274414 16452.412109
-9693.646484 16458.251953
-9694.994141 16464.064453
-9696.318359 16469.849609
-9697.619141 16475.607422
-9698.896484 16481.337891
-9700.149414 16487.041016
-9701.378906 16492.716797
-9702.584961 16498.363281
-9703.767578 16503.982422
-9704.925781 16509.574219
-9706.050781 16515.166016
-9707.145508 16520.748047
-9708.209961 16526.322266
-9709.244141 16531.886719
-9710.248047 16537.441406
-9711.221680 16542.986328
-9712.165039 16548.523438
-9713.078125 16554.050781
-9713.960938 16559.568359
-9714.813477 16565.076172
-9715.635742 16570.574219
-9716.427734 16576.064453
-9717.189453 16581.544922
-9717.920898 16587.015625
-9718.622070 16592.476562
-9719.292969 16597.929688
-9719.933594 16603.373047
-9720.543945 16608.806641
-9721.124023 16614.230469
-9721.673828 16619.644531
-9722.193359 16625.050781
-9722.682617 16630.447266
-9723.140625 16635.833984
-9723.568359 16641.210938
-9723.965820 16646.580078
-9724.333008 16651.939453
-9724.669922 16657.289062
-9724.976562 16662.628906
-9725.252930 16667.958984
-9725.499023 16673.281250
-9725.714844 16678.593750
-9725.900391 16683.896484
-9726.055664 16689.189453
-9726.180664 16694.474609
-9726.275391 16699.750000
-9726.339844 16705.015625
-9726.374023 16710.271484
-9726.377930 16715.519531
-9726.351562 16720.757812
-9726.294922 16725.986328
-9726.208008 16731.207031
-9726.090820 16736.419922
-9725.943359 16741.623047
-9725.765625 16746.818359
-9725.557617 16752.005859
-9725.319336 16757.183594
-9725.050781 16762.353516
-9724.751953 16767.515625
-9724.422852 16772.667969
-9724.063477 16777.812500
-9723.673828 16782.949219
-9723.253906 16788.076172
-9722.803711 16793.195312
-9722.323242 16798.306641
-9721.812500 16803.408203
-9721.271484 16808.501953
-9720.700195 16813.587891
-9720.098633 16818.664062
-9719.466797 16823.732422
-9718.805664 16828.792969
-9718.114258 16833.843750
-9717.392578 16838.886719
-9716.640625 16843.921875
-9715.858398 16848.947266
-9715.045898 16853.964844
-9714.203125 16858.974609
-9713.330078 16863.974609
-9712.426758 16868.966797
-9711.493164 16873.951172
-9710.529297 16878.925781
-9709.535156 16883.892578
-9708.510742 16888.851562
-9707.456055 16893.800781
-9706.371094 16898.742188
-9705.255859 16903.675781
-9704.110352 16908.599609
-9702.934570 16913.515625
-9701.728516 16918.423828
-9700.492188 16923.322266
-9699.225586 16928.212891
-9697.928711 16933.087891
-9696.600586 16937.951172
-9695.242188 16942.800781
-9693.853516 16947.636719
-9692.433594 16952.460938
-9690.983398 16957.271484
-9689.502930 16962.068359
-9687.992188 16966.853516
-9686.450195 16971.625000
-9684.877930 16976.382812
-9683.275391 16981.128906
-9681.641602 16985.861328
-9679.977539 16990.580078
-9678.283203 16995.287109
-9676.558594 16999.980469
-9674.802734 17004.660156
-9673.016602 17009.328125
-9671.200195 17013.982422
-9669.352539 17018.623047
-9667.474609 17023.251953
-9665.566406 17027.867188
-9663.627930 17032.468750
-9661.658203 17037.058594
-9659.658203 17041.634766
-9657.627930 17046.197266
-9655.566406 17050.748047
-9653.474609 17055.285156
-9651.352539 17059.808594
-9649.200195 17064.320312
-9647.016602 17068.818359
-9644.802734 17073.302734
-9642.558594 17077.775391
-9640.283203 17082.234375
-9637.977539 17086.679688
-9635.641602 17091.113281
-9633.275391 17095.533203
-9630.877930 17099.939453
-9628.450195 17104.333984
-9625.992188 17108.714844
-9623.503906 17113.082031
-9621.011719 17117.445312
-9618.506836 17121.800781
-9615.989258 17126.150391
-9613.458984 17130.492188
-9610.916016 17134.828125
-9608.360352 17139.156250
-9605.791992 17143.476562
-9603.210938 17147.791016
-9600.618164 17152.097656
-9598.012695 17156.396484
-9595.394531 17160.689453
-9592.763672 17164.974609
-9590.120117 17169.251953
-9587.463867 17173.523438
-9584.794922 17177.787109
-9582.113281 17182.044922
-9579.418945 17186.294922
-9576.711914 17190.537109
-9573.993164 17194.773438
-9571.261719 17199.001953
-9568.517578 17203.222656
-9565.760742 17207.437500
-9562.991211 17211.644531
-9560.208984 17215.843750
-9557.414062 17220.037109
-9554.606445 17224.222656
-9551.786133 17228.402344
-9548.953125 17232.574219
-9546.108398 17236.738281
-9543.250977 17240.896484
-9540.380859 17245.046875
-9537.498047 17249.189453
-9534.602539 17253.326172
-9531.694336 17257.455078
-9528.773438 17261.576172
-9525.839844 17265.691406
-9522.893555 17269.798828
-9519.934570 17273.900391
-9516.963867 17277.994141
-9513.980469 17282.080078
-9510.980469 17286.162109
-9507.965820 17290.236328
-9504.935547 17294.304688
-9501.890625 17298.367188
-9498.831055 17302.423828
-9495.755859 17306.474609
-9492.666016 17310.519531
-9489.561523 17314.558594
-9486.441406 17318.591797
-9483.306641 17322.619141
-9480.157227 17326.640625
-9476.992188 17330.656250
-9473.812500 17334.666016
-9470.618164 17338.669922
-9467.408203 17342.667969
-9464.183594 17346.658203
-9460.944336 17350.642578
-9457.689453 17354.621094
-9454.419922 17358.593750
-9451.135742 17362.560547
-9447.835938 17366.521484
-9444.521484 17370.476562
-9441.192383 17374.425781
-9437.847656 17378.369141
-9434.488281 17382.306641
-9431.114258 17386.238281
-9427.724609 17390.164062
-9424.320312 17394.083984
-9420.901367 17397.998047
-9417.466797 17401.904297
-9414.017578 17405.804688
-9410.553711 17409.699219
-9407.074219 17413.587891
-9403.580078 17417.470703
-9400.071289 17421.347656
-9396.546875 17425.218750
-9393.007812 17429.083984
-9389.454102 17432.943359
-9385.884766 17436.796875
-9382.300781 17440.644531
-9378.705078 17444.490234
-9375.096680 17448.333984
-9371.475586 17452.175781
-9367.841797 17456.013672
-9364.195312 17459.849609
-9360.536133 17463.683594
-9356.865234 17467.513672
-9353.181641 17471.341797
-9349.485352 17475.167969
-9345.776367 17478.990234
-9342.054688 17482.810547
-9338.320312 17486.628906
-9334.573242 17490.443359
-9330.813477 17494.255859
-9327.041016 17498.066406
-9323.255859 17501.873047
-9319.458008 17505.677734
-9315.647461 17509.480469
-9311.824219 17513.281250
-9307.988281 17517.078125
-9304.139648 17520.873047
-9300.278320 17524.666016
-9296.404297 17528.455078
-9292.517578 17532.242188
-9288.618164 17536.027344
-9284.706055 17539.808594
-9280.781250 17543.587891
-9276.844727 17547.365234
-9272.895508 17551.138672
-9268.933594 17554.910156
-9264.958984 17558.679688
-9260.971680 17562.445312
-9256.971680 17566.208984
-9252.958984 17569.970703
-9248.933594 17573.728516
-9244.895508 17577.484375
-9240.844727 17581.238281
-9236.781250 17584.988281
-9232.705078 17588.736328
-9228.616211 17592.482422
-9224.516602 17596.220703
-9220.406250 17599.955078
-9216.284180 17603.683594
-9212.151367 17607.406250
-9208.006836 17611.123047
-9203.850586 17614.835938
-9199.683594 17618.542969
-9195.504883 17622.244141
-9191.315430 17625.939453
-9187.114258 17629.630859
-9182.902344 17633.316406
-9178.678711 17636.996094
-9174.444336 17640.671875
-9170.198242 17644.341797
-9165.941406 17648.005859
-9161.672852 17651.664062
-9157.392578 17655.318359
-9153.101562 17658.966797
-9148.798828 17662.609375
-9144.485352 17666.246094
-9140.160156 17669.878906
-9135.824219 17673.505859
-9131.476562 17677.126953
-9127.118164 17680.742188
-9122.748047 17684.353516
-9118.367188 17687.958984
-9113.974609 17691.558594
-9109.570312 17695.152344
-9105.155273 17698.742188
-9100.728516 17702.326172
-9096.291016 17705.904297
-9091.841797 17709.476562
-9087.381836 17713.044922
-9082.910156 17716.607422
-9078.427734 17720.164062
-9073.933594 17723.716797
-9069.428711 17727.263672
-9064.912109 17730.804688
-9060.383789 17734.339844
-9055.844727 17737.871094
-9051.309570 17741.398438
-9046.773438 17744.921875
-9042.236328 17748.441406
-9037.698242 17751.957031
-9033.159180 17755.468750
-9028.619141 17758.976562
-9024.078125 17762.480469
-9019.536133 17765.980469
-9014.993164 17769.476562
-9010.450195 17772.968750
-9005.906250 17776.457031
-9001.361328 17779.941406
-8996.815430 17783.421875
-8992.268555 17786.898438
-8987.720703 17790.371094
-8983.171875 17793.839844
-8978.622070 17797.304688
-8974.071289 17800.765625
-8969.519531 17804.224609
-8964.966797 17807.679688
-8960.413086 17811.130859
-8955.858398 17814.578125
-8951.302734 17818.021484
-8946.746094 17821.460938
-8942.188477 17824.896484
-8937.629883 17828.328125
-8933.070312 17831.755859
-8928.509766 17835.179688
-8923.948242 17838.599609
-8919.385742 17842.015625
-8914.822266 17845.427734
-8910.257812 17848.835938
-8905.692383 17852.240234
-8901.125977 17855.640625
-8896.558594 17859.037109
-8891.990234 17862.429688
-8887.420898 17865.818359
-8882.850586 17869.203125
-8878.279297 17872.583984
-8873.707031 17875.960938
-8869.148438 17879.330078
-8864.598633 17882.693359
-8860.056641 17886.050781
-8855.523438 17889.400391
-8850.999023 17892.744141
-8846.483398 17896.082031
-8841.975586 17899.414062
-8837.476562 17902.738281
-8832.986328 17906.056641
-8828.503906 17909.369141
-8824.030273 17912.673828
-8819.565430 17915.972656
-8815.109375 17919.265625
-8810.661133 17922.552734
-8806.221680 17925.832031
-8801.791016 17929.105469
-8797.369141 17932.373047
-8792.955078 17935.632812
-8788.549805 17938.886719
-8784.153320 17942.134766
-8779.765625 17945.376953
-8775.385742 17948.611328
-8771.014648 17951.839844
-8766.652344 17955.062500
-8762.297852 17958.279297
-8757.952148 17961.488281
-8753.615234 17964.691406
-8749.287109 17967.888672
-8744.966797 17971.078125
-8740.655273 17974.261719
-8736.352539 17977.439453
-8732.058594 17980.611328
-8727.772461 17983.775391
-8723.495117 17986.933594
-8719.226562 17990.085938
-8714.965820 17993.230469
-8710.713867 17996.369141
-8706.470703 17999.501953
-8702.236328 18002.628906
-8698.009766 18005.748047
-8693.788086 18008.851562
-8689.572266 18011.943359
-8685.362305 18015.021484
-8681.158203 18018.087891
-8676.959961 18021.140625
-8672.766602 18024.181641
-8668.579102 18027.210938
-8664.397461 18030.226562
-8660.221680 18033.230469
-8656.051758 18036.220703
-8651.887695 18039.199219
-8647.729492 18042.164062
-8643.577148 18045.117188
-8639.430664 18048.056641
-8635.290039 18050.984375
-8631.155273 18053.898438
-8627.025391 18056.800781
-8622.901367 18059.689453
-8618.783203 18062.566406
-8614.670898 18065.431641
-8610.564453 18068.283203
-8606.463867 18071.123047
-8602.369141 18073.949219
-8598.280273 18076.763672
-8594.197266 18079.564453
-8590.120117 18082.353516
-8586.048828 18085.128906
-8581.983398 18087.892578
-8577.922852 18090.642578
-8573.868164 18093.380859
-8569.819336 18096.105469
-8565.776367 18098.818359
-8561.739258 18101.517578
-8557.708008 18104.205078
-8553.682617 18106.880859
-8549.663086 18109.542969
-8545.649414 18112.193359
-8541.641602 18114.830078
-8537.639648 18117.455078
-8533.642578 18120.066406
-8529.657227 18122.669922
-8525.680664 18125.263672
-8521.713867 18127.847656
-8517.756836 18130.421875
-8513.808594 18132.986328
-8509.870117 18135.541016
-8505.940430 18138.085938
-8502.020508 18140.621094
-8498.109375 18143.146484
-8494.208008 18145.662109
-8490.316406 18148.167969
-8486.433594 18150.666016
-8482.560547 18153.154297
-8478.696289 18155.632812
-8474.841797 18158.101562
-8470.997070 18160.560547
-8467.161133 18163.009766
-8463.334961 18165.449219
-8459.517578 18167.878906
-8455.709961 18170.298828
-8451.911133 18172.708984
-8448.122070 18175.109375
-8444.342773 18177.500000
-8440.572266 18179.880859
-8436.811523 18182.251953
-8433.059570 18184.613281
-8429.317383 18186.964844
-8425.583984 18189.306641
-8421.860352 18191.638672
-8418.146484 18193.960938
-8414.441406 18196.273438
-8410.746094 18198.576172
-8407.059570 18200.871094
-8403.382812 18203.156250
-8399.714844 18205.431641
-8396.056641 18207.697266
-8392.408203 18209.953125
-8388.768555 18212.199219
-8385.138672 18214.435547
-8381.517578 18216.662109
-8377.910156 18218.873047
-8374.314453 18221.072266
-8370.730469 18223.257812
-8367.158203 18225.431641
-8363.597656 18227.591797
-8360.048828 18229.738281
-8356.511719 18231.873047
-8352.986328 18233.994141
-8349.472656 18236.103516
-8345.970703 18238.199219
-8342.480469 18240.283203
-8339.001953 18242.353516
-8335.535156 18244.410156
-8332.080078 18246.455078
-8328.636719 18248.486328
-8325.205078 18250.505859
-8321.786133 18252.511719
-8318.378906 18254.503906
-8314.983398 18256.484375
-8311.599609 18258.451172
-8308.227539 18260.406250
-8304.867188 18262.347656
-8301.518555 18264.275391
-8298.181641 18266.191406
-8294.856445 18268.093750
-8291.542969 18269.984375
-8288.241211 18271.861328
-8284.951172 18273.724609
-8281.672852 18275.576172
-8278.406250 18277.414062
-8275.151367 18279.240234
-8271.908203 18281.052734
-8268.676758 18282.851562
-8265.458008 18284.638672
-8262.250977 18286.412109
-8259.055664 18288.173828
-8255.872070 18289.921875
-8252.700195 18291.658203
-8249.540039 18293.380859
-8246.391602 18295.089844
-8243.253906 18296.800781
-8240.126953 18298.507812
-8237.011719 18300.210938
-8233.907227 18301.910156
-8230.814453 18303.605469
-8227.732422 18305.296875
-8224.662109 18306.984375
-8221.602539 18308.667969
-8218.554688 18310.347656
-8215.517578 18312.023438
-8212.491211 18313.695312
-8209.476562 18315.363281
-8206.472656 18317.027344
-8203.480469 18318.687500
-8200.499023 18320.343750
-8197.529297 18321.996094
-8194.570312 18323.644531
-8191.622559 18325.289062
-8188.686035 18326.929688
-8185.760742 18328.566406
-8182.846680 18330.201172
-8179.943848 18331.832031
-8177.051758 18333.458984
-8174.170898 18335.082031
-8171.301270 18336.701172
-8168.442871 18338.316406
-8165.595703 18339.927734
-8162.759766 18341.535156
-8159.935059 18343.138672
-8157.121582 18344.738281
-8154.319336 18346.333984
-8151.527832 18347.925781
-8148.747559 18349.513672
-8145.978516 18351.097656
-8143.220703 18352.677734
-8140.474121 18354.253906
-8137.738770 18355.826172
-8135.014648 18357.394531
-8132.301758 18358.958984
-8129.600098 18360.519531
-8126.893555 18362.058594
-8124.187988 18363.582031
-8121.483398 18365.089844
-8118.779297 18366.582031
-8116.076172 18368.058594
-8113.373535 18369.519531
-8110.671875 18370.964844
-8107.971191 18372.396484
-8105.270996 18373.812500
-8102.571777 18375.212891
-8099.873047 18376.597656
-8097.175293 18377.966797
-8094.478516 18379.320312
-8091.782227 18380.658203
-8089.086914 18381.980469
-8086.392090 18383.287109
-8083.698242 18384.578125
-8081.004883 18385.853516
-8078.312500 18387.113281
-8075.621094 18388.357422
-8072.930176 18389.585938
-8070.240234 18390.798828
-8067.550781 18391.996094
-8064.862305 18393.177734
-8062.174805 18394.343750
-8059.487793 18395.494141
-8056.801758 18396.628906
-8054.116211 18397.748047
-8051.431641 18398.851562
-8048.747559 18399.939453
-8046.064453 18401.011719
-8043.382324 18402.068359
-8040.700684 18403.109375
-8038.020020 18404.134766
-8035.339844 18405.144531
-8032.660645 18406.138672
-8029.982422 18407.117188
-8027.304688 18408.080078
-8024.627930 18409.027344
-8021.951660 18409.958984
-8019.293457 18410.882812
-8016.646973 18411.794922
-8014.012695 18412.695312
-8011.390625 18413.583984
-8008.780762 18414.460938
-8006.182617 18415.326172
-8003.596680 18416.181641
-8001.022949 18417.025391
-7998.461426 18417.857422
-7995.911621 18418.677734
-7993.374023 18419.486328
-7990.848633 18420.283203
-7988.334961 18421.070312
-7985.833496 18421.845703
-7983.344238 18422.609375
-7980.867188 18423.361328
-7978.401855 18424.101562
-7975.948730 18424.830078
-7973.507812 18425.548828
-7971.079102 18426.255859
-7968.662109 18426.951172
-7966.257324 18427.634766
-7963.864746 18428.306641
-7961.483887 18428.966797
-7959.115234 18429.615234
-7956.758789 18430.253906
-7954.414551 18430.880859
-7952.082031 18431.496094
-7949.761719 18432.099609
-7947.453613 18432.691406
-7945.157715 18433.271484
-7942.873535 18433.841797
-7940.601562 18434.400391
-7938.341797 18434.947266
-7936.093750 18435.482422
-7933.857910 18436.005859
-7931.634277 18436.517578
-7929.422852 18437.019531
-7927.223145 18437.509766
-7925.035645 18437.988281
-7922.843262 18438.468750
-7920.651855 18438.947266
-7918.460938 18439.421875
-7916.270996 18439.894531
-7914.081543 18440.365234
-7911.893066 18440.832031
-7909.705078 18441.296875
-7907.518066 18441.759766
-7905.331543 18442.220703
-7903.145996 18442.677734
-7900.960938 18443.132812
-7898.776855 18443.585938
-7896.593262 18444.035156
-7894.410645 18444.482422
-7892.229004 18444.927734
-7890.047852 18445.371094
-7887.867676 18445.810547
-7885.687988 18446.248047
-7883.509277 18446.683594
-7881.331055 18447.115234
-7879.153809 18447.544922
-7876.977051 18447.972656
-7874.801270 18448.396484
-7872.625977 18448.818359
-7870.451660 18449.238281
-7868.277832 18449.656250
-7866.104980 18450.070312
-7863.933105 18450.482422
-7861.761719 18450.892578
-7859.591309 18451.298828
-7857.421387 18451.703125
-7855.252441 18452.105469
-7853.083984 18452.505859
-7850.916504 18452.902344
-7848.749512 18453.296875
-7846.583496 18453.689453
-7844.417969 18454.078125
-7842.253418 18454.464844
-7840.089355 18454.849609
-7837.926270 18455.230469
-7835.770508 18455.595703
-7833.620117 18455.949219
-7831.475098 18456.291016
-7829.335449 18456.621094
-7827.201172 18456.939453
-7825.071777 18457.246094
-7822.947754 18457.541016
-7820.829102 18457.824219
-7818.715820 18458.095703
-7816.607910 18458.355469
-7814.504883 18458.603516
-7812.407227 18458.837891
-7810.314941 18459.060547
-7808.228027 18459.271484
-7806.146484 18459.470703
-7804.069824 18459.658203
-7801.998535 18459.833984
-7799.932617 18459.998047
-7797.872070 18460.150391
-7795.816895 18460.291016
-7793.766602 18460.419922
-7791.721680 18460.537109
-7789.682129 18460.642578
-7787.647949 18460.736328
-7785.619141 18460.818359
-7783.595215 18460.888672
-7781.576660 18460.947266
-7779.563477 18460.994141
-7777.555664 18461.029297
-7775.553223 18461.050781
-7773.555664 18461.060547
-7771.563477 18461.058594
-7769.576660 18461.044922
-7767.595215 18461.019531
-7765.619141 18460.982422
-7763.648438 18460.933594
-7761.682617 18460.873047
-7759.722168 18460.800781
-7757.767090 18460.716797
-7755.817383 18460.621094
-7753.876465 18460.507812
-7751.943359 18460.378906
-7750.018066 18460.234375
-7748.100586 18460.074219
-7746.190918 18459.896484
-7744.289062 18459.703125
-7742.395020 18459.494141
-7740.508789 18459.269531
-7738.630371 18459.029297
-7736.759766 18458.773438
-7734.896484 18458.501953
-7733.041016 18458.214844
-7731.193359 18457.912109
-7729.353516 18457.593750
-7727.521484 18457.259766
-7725.697266 18456.908203
-7723.880859 18456.541016
-7722.072266 18456.158203
-7720.271484 18455.759766
-7718.478516 18455.345703
-7716.693359 18454.916016
-7714.916016 18454.470703
-7713.146484 18454.009766
-7711.384277 18453.533203
-7709.629883 18453.041016
-7707.883301 18452.533203
-7706.144531 18452.009766
-7704.413574 18451.468750
-7702.690430 18450.912109
-7700.975098 18450.339844
-7699.267578 18449.751953
-7697.567871 18449.148438
-7695.875977 18448.529297
-7694.191895 18447.894531
-7692.515625 18447.244141
-7690.847168 18446.578125
-7689.186035 18445.896484
-7687.532715 18445.199219
-7685.887207 18444.484375
-7684.249512 18443.753906
-7682.625977 18443.017578
-7681.014160 18442.271484
-7679.414551 18441.513672
-7677.826660 18440.746094
-7676.250977 18439.968750
-7674.687012 18439.181641
-7673.135254 18438.384766
-7671.595215 18437.578125
-7670.067383 18436.761719
-7668.551270 18435.933594
-7667.047363 18435.095703
-7665.555176 18434.248047
-7664.075195 18433.390625
-7662.606934 18432.523438
-7661.150879 18431.646484
-7659.706543 18430.757812
-7658.274414 18429.859375
-7656.854004 18428.951172
-7655.445312 18428.033203
-7654.048828 18427.105469
-7652.664062 18426.167969
-7651.291504 18425.220703
-7649.930664 18424.261719
-7648.582031 18423.292969
-7647.245117 18422.314453
-7645.920410 18421.326172
-7644.607422 18420.328125
-7643.306641 18419.320312
-7642.017578 18418.302734
-7640.740723 18417.273438
-7639.475586 18416.234375
-7638.222656 18415.185547
-7636.981445 18414.126953
-7635.752441 18413.058594
-7634.535156 18411.980469
-7633.330078 18410.892578
-7632.136719 18409.792969
-7630.955078 18408.683594
-7629.785645 18407.564453
-7628.627930 18406.435547
-7627.489258 18405.285156
-7626.366699 18404.119141
-7625.260742 18402.935547
-7624.170898 18401.734375
-7623.097656 18400.515625
-7622.041016 18399.279297
-7621.000488 18398.025391
-7619.976562 18396.755859
-7618.968750 18395.468750
-7617.977539 18394.164062
-7617.002441 18392.841797
-7616.043945 18391.501953
-7615.102051 18390.146484
-7614.176270 18388.773438
-7613.267090 18387.382812
-7612.374023 18385.974609
-7611.497559 18384.548828
-7610.637695 18383.105469
-7609.793945 18381.646484
-7608.966797 18380.169922
-7608.155762 18378.675781
-7607.361328 18377.164062
-7606.583008 18375.634766
-7605.821289 18374.087891
-7605.076172 18372.525391
-7604.347168 18370.945312
-7603.634766 18369.347656
-7602.938477 18367.732422
-7602.258789 18366.099609
-7601.595703 18364.451172
-7600.948730 18362.785156
-7600.318359 18361.101562
-7599.704102 18359.400391
-7599.106445 18357.681641
-7598.525391 18355.945312
-7597.960449 18354.193359
-7597.412109 18352.423828
-7596.879883 18350.636719
-7596.364258 18348.832031
-7595.864746 18347.009766
-7595.399414 18345.154297
-7594.961914 18343.271484
-7594.552734 18341.359375
-7594.171387 18339.419922
-7593.818359 18337.453125
-7593.493164 18335.457031
-7593.196289 18333.433594
-7592.927246 18331.382812
-7592.686523 18329.302734
-7592.473633 18327.195312
-7592.289062 18325.058594
-7592.132324 18322.894531
-7592.003906 18320.703125
-7591.903320 18318.482422
-7591.831055 18316.234375
-7591.786621 18313.957031
-7591.770508 18311.652344
-7591.782227 18309.320312
-7591.822266 18306.958984
-7591.890137 18304.570312
-7591.986328 18302.152344
-7592.110352 18299.707031
-7592.262695 18297.234375
-7592.442871 18294.732422
-7592.651367 18292.203125
-7592.887695 18289.646484
-7593.152344 18287.060547
-7593.444824 18284.447266
-7593.765625 18281.804688
-7594.114258 18279.134766
-7594.491211 18276.437500
-7594.895996 18273.710938
-7595.329102 18270.957031
-7595.790039 18268.173828
-7596.279297 18265.363281
-7596.796387 18262.525391
-7597.341797 18259.658203
-7597.915039 18256.763672
-7598.516602 18253.839844
-7599.145996 18250.888672
-7599.801758 18247.925781
-7600.484375 18244.945312
-7601.193848 18241.945312
-7601.930176 18238.927734
-7602.692871 18235.892578
-7603.482422 18232.839844
-7604.298828 18229.769531
-7605.142090 18226.681641
-7606.012207 18223.576172
-7606.909180 18220.453125
-7607.833008 18217.310547
-7608.783691 18214.150391
-7609.761230 18210.972656
-7610.765137 18207.777344
-7611.795898 18204.564453
-7612.853516 18201.333984
-7613.937988 18198.085938
-7615.049316 18194.820312
-7616.187500 18191.537109
-7617.352539 18188.234375
-7618.544434 18184.914062
-7619.763184 18181.576172
-7621.008301 18178.220703
-7622.280273 18174.847656
-7623.579102 18171.457031
-7624.904785 18168.048828
-7626.257324 18164.623047
-7627.636719 18161.179688
-7629.042969 18157.716797
-7630.476074 18154.236328
-7631.936035 18150.738281
-7633.422363 18147.222656
-7634.935547 18143.689453
-7636.475586 18140.138672
-7638.042480 18136.570312
-7639.636230 18132.984375
-7641.256836 18129.380859
-7642.904297 18125.757812
-7644.578613 18122.117188
-7646.279297 18118.458984
-7648.005859 18114.783203
-7649.758301 18111.089844
-7651.536621 18107.378906
-7653.341309 18103.650391
-7655.171875 18099.904297
-7657.028320 18096.140625
-7658.910645 18092.359375
-7660.819336 18088.560547
-7662.753906 18084.744141
-7664.714355 18080.910156
-7666.700684 18077.058594
-7668.713379 18073.189453
-7670.751953 18069.302734
-7672.816406 18065.398438
-7674.906738 18061.476562
-7677.023438 18057.537109
-7679.166016 18053.580078
-7681.334473 18049.605469
-7683.528809 18045.613281
-7685.749512 18041.603516
-7687.996094 18037.576172
-7690.268555 18033.531250
-7692.566895 18029.468750
-7694.891602 18025.388672
-7697.242188 18021.291016
-7699.618652 18017.175781
-7702.020996 18013.042969
-7704.449707 18008.892578
-7706.904297 18004.724609
-7709.384766 18000.539062
-7711.891113 17996.335938
-7714.423828 17992.115234
-7716.982422 17987.876953
-7719.566895 17983.621094
-7722.177246 17979.347656
-7724.813965 17975.056641
-7727.476562 17970.748047
-7730.165039 17966.421875
-7732.879395 17962.078125
-7735.620117 17957.716797
-7738.383789 17953.328125
-7741.171875 17948.916016
-7743.984375 17944.480469
-7746.820801 17940.021484
-7749.681641 17935.539062
-7752.566895 17931.033203
-7755.476074 17926.501953
-7758.409668 17921.947266
-7761.367676 17917.369141
-7764.349609 17912.767578
-7767.355957 17908.142578
-7770.386719 17903.494141
-7773.441406 17898.822266
-7776.520508 17894.126953
-7779.624023 17889.408203
-7782.751465 17884.666016
-7785.903320 17879.898438
-7789.079590 17875.107422
-7792.279785 17870.292969
-7795.504395 17865.455078
-7798.753418 17860.593750
-7802.026367 17855.708984
-7805.323730 17850.800781
-7808.645508 17845.869141
-7811.991211 17840.914062
-7815.361328 17835.933594
-7818.755859 17830.929688
-7822.174316 17825.902344
-7825.617188 17820.851562
-7829.084473 17815.777344
-7832.575684 17810.679688
-7836.091309 17805.558594
-7839.631348 17800.414062
-7843.195312 17795.246094
-7846.783691 17790.052734
-7850.396484 17784.835938
-7854.033203 17779.595703
-7857.694336 17774.332031
-7861.379883 17769.044922
-7865.089355 17763.734375
-7868.808105 17758.394531
-7872.540527 17753.027344
-7876.287109 17747.632812
-7880.047852 17742.210938
-7883.822754 17736.761719
-7887.611328 17731.285156
-7891.414062 17725.779297
-7895.230957 17720.246094
-7899.061523 17714.685547
-7902.906250 17709.097656
-7906.765137 17703.482422
-7910.638184 17697.839844
-7914.524902 17692.169922
-7918.425781 17686.472656
-7922.340820 17680.748047
-7926.269531 17674.996094
-7930.212402 17669.216797
-7934.169434 17663.410156
-7938.140625 17657.576172
-7942.125488 17651.714844
-7946.124512 17645.826172
-7950.137695 17639.908203
-7954.165039 17633.962891
-7958.206055 17627.990234
-7962.261230 17621.990234
-7966.330566 17615.962891
-7970.413574 17609.908203
-7974.510742 17603.826172
-7978.622070 17597.716797
-7982.747559 17591.580078
-7986.886719 17585.416016
-7991.040039 17579.224609
-7995.207520 17573.005859
-7999.388672 17566.759766
-8003.583984 17560.486328
-8007.793457 17554.185547
-8012.017090 17547.855469
-8016.254395 17541.498047
-8020.505859 17535.113281
-8024.771484 17528.701172
-8029.119141 17522.304688
-8033.526367 17515.908203
-8037.992676 17509.511719
-8042.518555 17503.115234
-8047.104004 17496.720703
-8051.748535 17490.326172
-8056.452637 17483.931641
-8061.215820 17477.537109
-8066.038574 17471.142578
-8070.920898 17464.750000
-8075.862305 17458.357422
-8080.863281 17451.964844
-8085.923828 17445.572266
-8091.043457 17439.181641
-8096.222656 17432.791016
-8101.461426 17426.400391
-8106.759277 17420.009766
-8112.116699 17413.621094
-8117.533691 17407.232422
-8123.009766 17400.843750
-8128.545410 17394.455078
-8134.140625 17388.066406
-8139.794922 17381.679688
-8145.508789 17375.292969
-8151.282227 17368.906250
-8157.114746 17362.519531
-8163.006836 17356.134766
-8168.958496 17349.750000
-8174.969238 17343.365234
-8181.039551 17336.980469
-8187.168945 17330.597656
-8193.358398 17324.214844
-8199.606445 17317.832031
-8205.914062 17311.449219
-8212.281250 17305.066406
-8218.708008 17298.685547
-8225.194336 17292.304688
-8231.740234 17285.923828
-8238.344727 17279.542969
-8245.008789 17273.164062
-8251.608398 17266.740234
-8258.184570 17260.289062
-8264.737305 17253.808594
-8271.266602 17247.298828
-8277.773438 17240.761719
-8284.256836 17234.195312
-8290.716797 17227.599609
-8297.153320 17220.974609
-8303.566406 17214.322266
-8309.956055 17207.640625
-8316.322266 17200.929688
-8322.666016 17194.191406
-8328.986328 17187.423828
-8335.283203 17180.626953
-8341.556641 17173.802734
-8347.806641 17166.949219
-8354.033203 17160.066406
-8360.236328 17153.154297
-8366.416016 17146.214844
-8372.573242 17139.246094
-8378.707031 17132.248047
-8384.817383 17125.222656
-8390.904297 17118.167969
-8396.967773 17111.083984
-8403.007812 17103.970703
-8409.024414 17096.830078
-8415.018555 17089.660156
-8420.989258 17082.460938
-8426.936523 17075.234375
-8432.860352 17067.978516
-8438.760742 17060.693359
-8444.637695 17053.378906
-8450.491211 17046.037109
-8456.322266 17038.666016
-8462.129883 17031.265625
-8467.914062 17023.837891
-8473.674805 17016.380859
-8479.412109 17008.894531
-8485.125977 17001.380859
-8490.816406 16993.837891
-8496.435547 16986.285156
-8501.998047 16978.716797
-8507.504883 16971.130859
-8512.956055 16963.529297
-8518.351562 16955.912109
-8523.690430 16948.279297
-8528.973633 16940.630859
-8534.201172 16932.964844
-8539.373047 16925.283203
-8544.488281 16917.585938
-8549.547852 16909.873047
-8554.551758 16902.142578
-8559.500000 16894.396484
-8564.391602 16886.634766
-8569.227539 16878.857422
-8574.007812 16871.064453
-8578.732422 16863.253906
-8583.400391 16855.427734
-8588.012695 16847.585938
-8592.569336 16839.728516
-8597.070312 16831.855469
-8601.514648 16823.964844
-8605.903320 16816.058594
-8610.236328 16808.136719
-8614.513672 16800.199219
-8618.734375 16792.244141
-8622.899414 16784.273438
-8627.008789 16776.287109
-8631.062500 16768.285156
-8635.060547 16760.267578
-8639.001953 16752.232422
-8642.887695 16744.181641
-8646.717773 16736.115234
-8650.492188 16728.033203
-8654.209961 16719.933594
-8657.872070 16711.818359
-8661.478516 16703.687500
-8665.029297 16695.541016
-8668.523438 16687.378906
-8671.961914 16679.199219
-8675.362305 16671.009766
-8678.719727 16662.806641
-8682.033203 16654.591797
-8685.302734 16646.363281
-8688.528320 16638.123047
-8691.709961 16629.869141
-8694.848633 16621.601562
-8697.943359 16613.322266
-8700.994141 16605.029297
-8704.000977 16596.724609
-8706.963867 16588.406250
-8709.882812 16580.076172
-8712.758789 16571.732422
-8715.590820 16563.376953
-8718.378906 16555.007812
-8721.123047 16546.626953
-8723.823242 16538.232422
-8726.479492 16529.824219
-8729.092773 16521.404297
-8731.662109 16512.970703
-8734.187500 16504.525391
-8736.668945 16496.066406
-8739.106445 16487.595703
-8741.500000 16479.111328
-8743.850586 16470.615234
-8746.157227 16462.105469
-8748.419922 16453.583984
-8750.638672 16445.048828
-8752.813477 16436.501953
-8754.945312 16427.941406
-8757.033203 16419.367188
-8759.077148 16410.781250
-8761.077148 16402.181641
-8763.033203 16393.570312
-8764.945312 16384.945312
-8766.814453 16376.307617
-8768.639648 16367.657227
-8770.420898 16358.994141
-8772.158203 16350.318359
-8773.851562 16341.629883
-8775.533203 16332.910156
-8777.192383 16324.164062
-8778.829102 16315.392578
-8780.443359 16306.595703
-8782.035156 16297.773438
-8783.604492 16288.925781
-8785.151367 16280.052734
-8786.675781 16271.154297
-8788.177734 16262.230469
-8789.657227 16253.281250
-8791.114258 16244.305664
-8792.548828 16235.304688
-8793.960938 16226.278320
-8795.350586 16217.226562
-8796.717773 16208.149414
-8798.062500 16199.046875
-8799.384766 16189.918945
-8800.684570 16180.765625
-8801.961914 16171.586914
-8803.216797 16162.381836
-8804.449219 16153.151367
-8805.659180 16143.895508
-8806.846680 16134.614258
-8808.011719 16125.307617
-8809.154297 16115.975586
-8810.274414 16106.618164
-8811.372070 16097.235352
-8812.447266 16087.827148
-8813.500000 16078.392578
-8814.530273 16068.932617
-8815.538086 16059.447266
-8816.523438 16049.936523
-8817.486328 16040.400391
-8818.426758 16030.838867
-8819.344727 16021.251953
-8820.240234 16011.639648
-8821.113281 16002.000977
-8821.963867 15992.336914
-8822.791992 15982.647461
-8823.597656 15972.932617
-8824.421875 15963.219727
-8825.251953 15953.500000
-8826.087891 15943.773438
-8826.928711 15934.040039
-8827.775391 15924.299805
-8828.626953 15914.551758
-8829.484375 15904.796875
-8830.347656 15895.035156
-8831.215820 15885.266602
-8832.089844 15875.490234
-8832.968750 15865.707031
-8833.853516 15855.916992
-8834.743164 15846.120117
-8835.638672 15836.316406
-8836.540039 15826.504883
-8837.446289 15816.686523
-8838.358398 15806.861328
-8839.275391 15797.029297
-8840.198242 15787.189453
-8841.126953 15777.342773
-8842.060547 15767.489258
-8843.000000 15757.628906
-8843.944336 15747.761719
-8844.894531 15737.886719
-8845.849609 15728.004883
-8846.810547 15718.116211
-8847.777344 15708.220703
-8848.749023 15698.317383
-8849.726562 15688.407227
-8850.708984 15678.490234
-8851.697266 15668.566406
-8852.690430 15658.635742
-8853.689453 15648.697266
-8854.694336 15638.751953
-8855.704102 15628.799805
-8856.719727 15618.840820
-8857.740234 15608.875000
-8858.766602 15598.901367
-8859.798828 15588.920898
-8860.835938 15578.933594
-8861.825195 15568.937500
-8862.785156 15558.933594
-8863.714844 15548.920898
-8864.615234 15538.900391
-8865.485352 15528.872070
-8866.325195 15518.835938
-8867.135742 15508.791016
-8867.916016 15498.738281
-8868.666016 15488.677734
-8869.386719 15478.608398
-8870.077148 15468.531250
-8870.738281 15458.446289
-8871.369141 15448.352539
-8871.969727 15438.250977
-8872.541016 15428.141602
-8873.082031 15418.024414
-8873.593750 15407.898438
-8874.075195 15397.764648
-8874.526367 15387.623047
-8874.948242 15377.472656
-8875.339844 15367.314453
-8875.701172 15357.148438
-8876.033203 15346.974609
-8876.334961 15336.791992
-8876.607422 15326.601562
-8876.849609 15316.403320
-8877.061523 15306.196289
-8877.244141 15295.981445
-8877.396484 15285.758789
-8877.519531 15275.527344
-8877.612305 15265.288086
-8877.674805 15255.041016
-8877.708008 15244.786133
-8877.710938 15234.522461
-8877.683594 15224.250977
-8877.626953 15213.971680
-8877.540039 15203.683594
-8877.423828 15193.387695
-8877.277344 15183.083984
-8877.100586 15172.772461
-8876.914062 15162.448242
-8876.710938 15152.113281
-8876.491211 15141.767578
-8876.254883 15131.411133
-8876.001953 15121.043945
-8875.731445 15110.666016
-8875.444336 15100.277344
-8875.140625 15089.877930
-8874.820312 15079.467773
-8874.483398 15069.046875
-8874.129883 15058.615234
-8873.759766 15048.172852
-8873.373047 15037.719727
-8872.969727 15027.255859
-8872.549805 15016.781250
-8872.112305 15006.295898
-8871.658203 14995.799805
-8871.187500 14985.292969
-8870.700195 14974.775391
-8870.196289 14964.247070
-8869.675781 14953.708008
-8869.138672 14943.158203
-8868.584961 14932.597656
-8868.014648 14922.026367
-8867.427734 14911.444336
-8866.823242 14900.851562
-8866.202148 14890.248047
-8865.564453 14879.633789
-8864.910156 14869.008789
-8864.239258 14858.373047
-8863.551758 14847.726562
-8862.847656 14837.069336
-8862.126953 14826.401367
-8861.389648 14815.722656
-8860.635742 14805.033203
-8859.864258 14794.333008
-8859.076172 14783.622070
-8858.271484 14772.900391
-8857.450195 14762.167969
-8856.612305 14751.424805
-8855.776367 14740.657227
-8854.935547 14729.871094
-8854.090820 14719.065430
-8853.241211 14708.240234
-8852.387695 14697.395508
-8851.529297 14686.531250
-8850.666992 14675.647461
-8849.799805 14664.744141
-8848.928711 14653.821289
-8848.052734 14642.878906
-8847.172852 14631.916992
-8846.288086 14620.935547
-8845.399414 14609.934570
-8844.505859 14598.914062
-8843.608398 14587.874023
-8842.706055 14576.814453
-8841.799805 14565.735352
-8840.888672 14554.636719
-8839.973633 14543.519531
-8839.053711 14532.382812
-8838.129883 14521.226562
-8837.201172 14510.050781
-8836.268555 14498.855469
-8835.331055 14487.640625
-8834.389648 14476.406250
-8833.443359 14465.152344
-8832.493164 14453.878906
-8831.538086 14442.585938
-8830.579102 14431.273438
-8829.615234 14419.941406
-8828.647461 14408.589844
-8827.674805 14397.218750
-8826.698242 14385.828125
-8825.716797 14374.417969
-8824.731445 14362.988281
-8823.741211 14351.539062
-8822.747070 14340.071289
-8821.748047 14328.583984
-8820.745117 14317.077148
-8819.737305 14305.550781
-8818.739258 14294.017578
-8817.747070 14282.473633
-8816.759766 14270.918945
-8815.777344 14259.353516
-8814.800781 14247.777344
-8813.829102 14236.190430
-8812.862305 14224.592773
-8811.900391 14212.983398
-8810.944336 14201.363281
-8809.993164 14189.732422
-8809.046875 14178.090820
-8808.106445 14166.438477
-8807.170898 14154.775391
-8806.240234 14143.101562
-8805.315430 14131.416992
-8804.395508 14119.721680
-8803.480469 14108.015625
-8802.570312 14096.298828
-8801.666016 14084.571289
-8800.766602 14072.832031
-8799.872070 14061.082031
-8798.983398 14049.321289
-8798.099609 14037.549805
-8797.220703 14025.767578
-8796.347656 14013.974609
-8795.479492 14002.170898
-8794.616211 13990.356445
-8793.757812 13978.531250
-8792.905273 13966.695312
-8792.057617 13954.848633
-8791.214844 13942.991211
-8790.377930 13931.122070
-8789.545898 13919.242188
-8788.718750 13907.351562
-8787.897461 13895.450195
-8787.081055 13883.538086
-8786.269531 13871.615234
-8785.462891 13859.681641
-8784.662109 13847.737305
-8783.866211 13835.782227
-8783.056641 13823.802734
-8782.240234 13811.803711
-8781.416016 13799.784180
-8780.583984 13787.745117
-8779.745117 13775.686523
-8778.898438 13763.607422
-8778.044922 13751.508789
-8777.183594 13739.390625
-8776.315430 13727.251953
-8775.439453 13715.093750
-8774.556641 13702.916016
-8773.666016 13690.718750
-8772.768555 13678.500977
-8771.863281 13666.263672
-8770.951172 13654.006836
-8770.031250 13641.729492
-8769.104492 13629.432617
-8768.169922 13617.116211
-8767.228516 13604.779297
-8766.279297 13592.422852
-8765.323242 13580.046875
-8764.359375 13567.651367
-8763.387695 13555.235352
-8762.409180 13542.799805
-8761.422852 13530.344727
-8760.429688 13517.869141
-8759.428711 13505.374023
-8758.420898 13492.859375
-8757.405273 13480.324219
-8756.382812 13467.769531
-8755.352539 13455.195312
-8754.315430 13442.601562
-8753.270508 13429.987305
-8752.218750 13417.353516
-8751.159180 13404.700195
-8750.092773 13392.026367
-8749.018555 13379.333008
-8747.937500 13366.620117
-8746.848633 13353.886719
-8745.752930 13341.133789
-8744.579102 13328.355469
-8743.350586 13315.553711
-8742.068359 13302.727539
-8740.731445 13289.877930
-8739.340820 13277.004883
-8737.895508 13264.108398
-8736.396484 13251.187500
-8734.842773 13238.243164
-8733.235352 13225.275391
-8731.573242 13212.283203
-8729.857422 13199.267578
-8728.086914 13186.228516
-8726.262695 13173.166016
-8724.383789 13160.079102
-8722.451172 13146.968750
-8720.463867 13133.834961
-8718.422852 13120.677734
-8716.327148 13107.496094
-8714.177734 13094.291016
-8711.973633 13081.062500
-8709.714844 13067.809570
-8707.402344 13054.533203
-8705.035156 13041.233398
-8702.614258 13027.910156
-8700.138672 13014.562500
-8697.609375 13001.191406
-8695.025391 12987.796875
-8692.387695 12974.378906
-8689.695312 12960.936523
-8686.949219 12947.470703
-8684.148438 12933.981445
-8681.293945 12920.468750
-8678.384766 12906.931641
-8675.421875 12893.371094
-8672.404297 12879.787109
-8669.333008 12866.178711
-8666.207031 12852.546875
-8663.027344 12838.891602
-8659.792969 12825.212891
-8656.503906 12811.509766
-8653.124023 12797.783203
-8649.665039 12784.032227
-8646.127930 12770.257812
-8642.511719 12756.458984
-8638.816406 12742.635742
-8635.041992 12728.789062
-8631.188477 12714.917969
-8627.256836 12701.023438
-8623.246094 12687.104492
-8619.156250 12673.161133
-8614.987305 12659.194336
-8610.740234 12645.203125
-8606.414062 12631.188477
-8602.008789 12617.149414
-8597.524414 12603.086914
-8592.961914 12589.000000
-8588.320312 12574.888672
-8583.599609 12560.753906
-8578.799805 12546.594727
-8573.920898 12532.412109
-8568.963867 12518.205078
-8563.927734 12503.974609
-8558.812500 12489.719727
-8553.618164 12475.440430
-8548.345703 12461.137695
-8542.994141 12446.810547
-8537.563477 12432.459961
-8532.053711 12418.084961
-8526.465820 12403.686523
-8520.798828 12389.263672
-8515.052734 12374.816406
-8509.227539 12360.345703
-8503.324219 12345.850586
-8497.341797 12331.332031
-8491.280273 12316.789062
-8485.139648 12302.221680
-8478.919922 12287.630859
-8472.622070 12273.015625
-8466.245117 12258.376953
-8459.789062 12243.713867
-8453.304688 12229.054688
-8446.774414 12214.390625
-8440.198242 12199.720703
-8433.577148 12185.044922
-8426.910156 12170.364258
-8420.198242 12155.677734
-8413.440430 12140.986328
-8406.636719 12126.289062
-8399.788086 12111.586914
-8392.893555 12096.878906
-8385.953125 12082.166016
-8378.967773 12067.447266
-8371.936523 12052.722656
-8364.860352 12037.993164
-8357.738281 12023.257812
-8350.570312 12008.517578
-8343.357422 11993.771484
-8336.098633 11979.020508
-8328.793945 11964.263672
-8321.444336 11949.501953
-8314.048828 11934.734375
-8306.608398 11919.960938
-8299.122070 11905.182617
-8291.589844 11890.398438
-8284.012695 11875.609375
-8276.389648 11860.814453
-8268.721680 11846.014648
-8261.007812 11831.208984
-8253.248047 11816.398438
-8245.443359 11801.582031
-8237.592773 11786.759766
-8229.696289 11771.932617
-8221.754883 11757.099609
-8213.767578 11742.261719
-8205.735352 11727.417969
-8197.657227 11712.569336
-8189.533691 11697.714844
-8181.364258 11682.855469
-8173.149414 11667.990234
-8164.889160 11653.119141
-8156.552246 11638.245117
-8148.148926 11623.367188
-8139.679199 11608.485352
-8131.143555 11593.598633
-8122.541504 11578.708008
-8113.873047 11563.813477
-8105.138184 11548.915039
-8096.336914 11534.012695
-8087.469727 11519.105469
-8078.536133 11504.194336
-8069.536133 11489.279297
-8060.469727 11474.360352
-8051.337402 11459.437500
-8042.138672 11444.509766
-8032.873535 11429.578125
-8023.541992 11414.642578
-8014.144043 11399.703125
-8004.680176 11384.759766
-7995.149902 11369.811523
-7985.553223 11354.859375
-7975.890137 11339.903320
-7966.161133 11324.943359
-7956.365723 11309.979492
-7946.503906 11295.010742
-7936.575684 11280.038086
-7926.581055 11265.061523
-7916.520508 11250.081055
-7906.393555 11235.096680
-7896.200195 11220.107422
-7885.940430 11205.114258
-7875.614258 11190.117188
-7865.222168 11175.116211
-7854.763672 11160.111328
-7844.238770 11145.101562
-7833.647461 11130.087891
-7822.990234 11115.070312
-7812.266602 11100.048828
-7801.476562 11085.023438
-7790.620117 11069.993164
-7779.697266 11054.958984
-7768.712402 11039.891602
-7757.664062 11024.800781
-7746.552246 11009.687500
-7735.376465 10994.550781
-7724.137207 10979.390625
-7712.834473 10964.207031
-7701.468262 10949.000000
-7690.038574 10933.769531
-7678.544922 10918.515625
-7666.987793 10903.238281
-7655.367188 10887.937500
-7643.683105 10872.613281
-7631.935547 10857.265625
-7620.124023 10841.894531
-7608.249023 10826.500000
-7596.310547 10811.082031
-7584.308594 10795.640625
-7572.243164 10780.176758
-7560.113770 10764.689453
-7547.920898 10749.178711
-7535.664551 10733.644531
-7523.344727 10718.086914
-7510.961426 10702.505859
-7498.514160 10686.901367
-7486.003418 10671.273438
-7473.429199 10655.622070
-7460.791504 10639.947266
-7448.090332 10624.249023
-7435.325195 10608.527344
-7422.496582 10592.782227
-7409.604492 10577.013672
-7396.648926 10561.221680
-7383.629883 10545.406250
-7370.546875 10529.568359
-7357.400391 10513.707031
-7344.190430 10497.822266
-7330.916992 10481.914062
-7317.580078 10465.982422
-7304.179199 10450.027344
-7290.714844 10434.048828
-7277.239258 10418.066406
-7263.735352 10402.073242
-7250.202637 10386.069336
-7236.641602 10370.055664
-7223.051758 10354.031250
-7209.433594 10337.996094
-7195.786621 10321.950195
-7182.111328 10305.894531
-7168.407227 10289.828125
-7154.674805 10273.750977
-7140.913574 10257.663086
-7127.124023 10241.564453
-7113.305664 10225.456055
-7099.458984 10209.336914
-7085.583496 10193.207031
-7071.679688 10177.066406
-7057.747070 10160.916016
-7043.786133 10144.754883
-7029.796387 10128.583008
-7015.778320 10112.400391
-7001.731445 10096.208008
-6987.656250 10080.004883
-6973.552246 10063.791016
-6959.419434 10047.566406
-6945.258301 10031.332031
-6931.068359 10015.086914
-6916.850098 9998.831055
-6902.603027 9982.564453
-6888.327637 9966.288086
-6874.023438 9950.000977
-6859.690918 9933.703125
-6845.329590 9917.394531
-6830.939941 9901.076172
-6816.521484 9884.747070
-6802.074707 9868.407227
-6787.599121 9852.056641
-6773.095215 9835.696289
-6758.562500 9819.325195
-6744.001465 9802.943359
-6729.411621 9786.550781
-6714.779297 9770.144531
-6700.109375 9753.724609
-6685.401367 9737.291992
-6670.655762 9720.845703
-6655.872070 9704.386719
-6641.050781 9687.915039
-6626.191406 9671.429688
-6611.293945 9654.931641
-6596.358887 9638.419922
-6581.385742 9621.895508
-6566.375000 9605.358398
-6551.326172 9588.807617
-6536.239746 9572.244141
-6521.115234 9555.666992
-6505.953125 9539.077148
-6490.752930 9522.473633
-6475.515137 9505.857422
-6460.239258 9489.228516
-6444.925781 9472.585938
-6429.574219 9455.930664
-6414.185059 9439.261719
-6398.757812 9422.580078
-6383.292969 9405.885742
-6367.790039 9389.177734
-6352.249512 9372.457031
-6336.670898 9355.722656
-6321.054688 9338.975586
-6305.400391 9322.215820
-6289.708496 9305.442383
-6273.978516 9288.656250
-6258.210938 9271.856445
-6242.405273 9255.043945
-6226.562012 9238.217773
-6210.680664 9221.378906
-6194.761719 9204.527344
-6178.804688 9187.662109
-6162.809570 9170.784180
-6146.776855 9153.892578
-6130.706055 9136.988281
-6114.597656 9120.071289
-6098.476562 9103.155273
-6082.334961 9086.236328
-6066.172363 9069.313477
-6049.988770 9052.387695
-6033.784180 9035.458008
-6017.558594 9018.525391
-6001.312012 9001.589844
-5985.044434 8984.650391
-5968.756348 8967.708008
-5952.447266 8950.761719
-5936.117188 8933.812500
-5919.766113 8916.859375
-5903.394043 8899.903320
-5887.000977 8882.944336
-5870.586914 8865.981445
-5854.152344 8849.015625
-5837.696777 8832.045898
-5821.220215 8815.073242
-5804.722656 8798.096680
-5788.204102 8781.117188
-5771.664551 8764.134766
-5755.104004 8747.148438
-5738.522949 8730.159180
-5721.920898 8713.166016
-5705.297852 8696.169922
-5688.653809 8679.169922
-5671.988770 8662.166992
-5655.302734 8645.161133
-5638.595703 8628.151367
-5621.868164 8611.138672
-5605.119629 8594.122070
-5588.350098 8577.102539
-5571.559570 8560.079102
-5554.748047 8543.052734
-5537.915527 8526.023438
-5521.062012 8508.990234
-5504.187988 8491.954102
-5487.292969 8474.914062
-5470.376953 8457.871094
-5453.439941 8440.824219
-5436.470703 8423.760742
-5419.473145 8406.685547
-5402.447266 8389.598633
-5385.393066 8372.499023
-5368.310547 8355.387695
-5351.199707 8338.264648
-5334.060547 8321.128906
-5316.893066 8303.981445
-5299.697266 8286.821289
-5282.473145 8269.649414
-5265.220703 8252.465820
-5247.939941 8235.269531
-5230.630859 8218.061523
-5213.293457 8200.840820
-5195.927734 8183.608398
-5178.533203 8166.363770
-5161.110352 8149.106934
-5143.659180 8131.838379
-5126.179688 8114.557617
-5108.671875 8097.264648
-5091.135742 8079.959473
-5073.571289 8062.642578
-5055.978516 8045.313477
-5038.357422 8027.972168
-5020.708008 8010.618652
-5003.030273 7993.252930
-4985.324219 7975.875488
-4967.589844 7958.485840
-4949.827148 7941.083984
-4932.036133 7923.669922
-4914.216797 7906.244141
-4896.368652 7888.806152
-4878.492188 7871.355957
-4860.587402 7853.893555
-4842.654297 7836.418945
-4824.692871 7818.932617
-4806.703125 7801.434082
-4788.685059 7783.923340
-4770.638672 7766.400391
-4752.563965 7748.865234
-4734.469727 7731.316406
-4716.352539 7713.754395
-4698.212891 7696.178711
-4680.050781 7678.589844
-4661.865723 7660.987793
-4643.658203 7643.372559
-4625.428223 7625.743652
-4607.175781 7608.101562
-4588.900391 7590.446289
-4570.602539 7572.777344
-4552.282227 7555.095215
-4533.938965 7537.399902
-4515.573242 7519.690918
-4497.185059 7501.968750
-4478.774414 7484.233398
-4460.340820 7466.484863
-4441.884766 7448.722656
-4423.406250 7430.947266
-4404.904785 7413.158691
-4386.380859 7395.356445
-4367.834473 7377.541016
-4349.265625 7359.712402
-4330.673828 7341.870605
-4312.059570 7324.015137
-4293.422852 7306.146484
-4274.763184 7288.264648
-4256.081055 7270.369141
-4237.376465 7252.460449
-4218.649414 7234.538574
-4199.899414 7216.603516
-4181.126953 7198.654785
-4162.332031 7180.692871
-4143.514160 7162.717773
-4124.673828 7144.729004
-4105.811035 7126.727051
-4086.925537 7108.711914
-4068.017578 7090.683594
-4049.086914 7072.641602
-4030.133545 7054.586426
-4011.157715 7036.518066
-3992.155273 7018.433105
-3973.127441 7000.333008
-3954.074219 6982.217285
-3934.995850 6964.086426
-3915.892090 6945.939941
-3896.763184 6927.778320
-3877.608887 6909.601074
-3858.429199 6891.408691
-3839.224365 6873.200684
-3819.994141 6854.977539
-3800.738525 6836.738770
-3781.457764 6818.484863
-3762.151611 6800.215332
-3742.820312 6781.930664
-3723.463623 6763.630371
-3704.081543 6745.314941
-3684.674316 6726.983887
-3665.241699 6708.637695
-3645.783691 6690.275879
-3626.300537 6671.898926
-3606.791992 6653.506348
-3587.258301 6635.098633
-3567.699219 6616.675293
-3548.114746 6598.236816
-3528.505127 6579.782715
-3508.870117 6561.313477
-3489.209717 6542.828613
-3469.524170 6524.328613
-3449.813232 6505.812988
-3430.077148 6487.282227
-3410.315674 6468.735840
-3390.528809 6450.174316
-3370.716797 6431.597168
-3350.879395 6413.004883
-3331.016602 6394.396973
-3311.128662 6375.773926
-3291.215332 6357.135742
-3271.276855 6338.481934
-3251.312988 6319.812988
-3231.323730 6301.128418
-3211.312012 6282.429199
-3191.276855 6263.714844
-3171.218262 6244.985352
-3151.136230 6226.240723
-3131.030762 6207.481445
-3110.901855 6188.707031
-3090.749756 6169.917480
-3070.574219 6151.112793
-3050.375244 6132.292969
-3030.152832 6113.458496
-3009.906982 6094.608887
-2989.637695 6075.744141
-2969.344971 6056.864258
-2949.028809 6037.969727
-2928.689209 6019.060059
-2908.326172 6000.135254
-2887.939697 5981.195312
-2867.529785 5962.240723
-2847.096436 5943.270996
-2826.639648 5924.286133
-2806.159424 5905.286133
-2785.655762 5886.270996
-2765.128662 5867.241211
-2744.578125 5848.196289
-2724.004395 5829.136230
-2703.407227 5810.061035
-2682.786621 5790.971191
-2662.142578 5771.866211
-2641.475098 5752.746094
-2620.784180 5733.610840
-2600.069824 5714.460938
-2579.332031 5695.295898
-2558.570801 5676.115723
-2537.786133 5656.920410
-2516.978027 5637.709961
-2496.146484 5618.484863
-2475.291504 5599.244629
-2454.413086 5579.989258
-2433.511230 5560.718750
-2412.585938 5541.433594
-2391.643066 5522.133301
-2370.680420 5502.817871
-2349.698242 5483.487305
-2328.696533 5464.142090
-2307.675049 5444.781738
-2286.634033 5425.406250
-2265.573242 5406.016113
-2244.492920 5386.610840
-2223.393066 5367.190430
-2202.273438 5347.754883
-2181.134277 5328.304688
-2159.975586 5308.839355
-2138.797119 5289.358887
-2117.599121 5269.863770
-2096.381348 5250.353516
-2075.144043 5230.828125
-2053.887207 5211.287598
-2032.610596 5191.732422
-2011.314453 5172.162109
-1989.998657 5152.576660
-1968.663208 5132.976562
-1947.308105 5113.361328
-1925.933472 5093.730957
-1904.539185 5074.085449
-1883.125244 5054.425293
-1861.691650 5034.750000
-1840.238525 5015.059570
-1818.765747 4995.354492
-1797.273315 4975.634277
-1775.761230 4955.898926
-1754.229614 4936.148438
-1732.678345 4916.383301
-1711.107422 4896.603027
-1689.516846 4876.807617
-1667.906616 4856.997070
-1646.276855 4837.171875
-1624.627441 4817.331543
-1602.958374 4797.476074
-1581.269653 4777.605957
-1559.561401 4757.720703
-1537.838013 4737.818848
-1516.098022 4717.900879
-1494.341309 4697.967285
-1472.567993 4678.017578
-1450.778076 4658.051758
-1428.971558 4638.070312
-1407.148438 4618.072754
-1385.308594 4598.059082
-1363.452148 4578.029297
-1341.579102 4557.983887
-1319.689453 4537.922363
-1297.783203 4517.844727
-1275.860352 4497.751465
-1253.920776 4477.642090
-1231.964600 4457.516602
-1209.991821 4437.375000
-1188.002441 4417.217773
-1165.996460 4397.044434
-1143.973755 4376.854980
-1121.934448 4356.649902
-1099.878540 4336.428711
-1077.806030 4316.191406
-1055.716919 4295.937988
-1033.611084 4275.668945
-1011.488647 4255.383789
-989.349609 4235.082520
-967.193970 4214.765625
-945.021667 4194.432617
-922.832764 4174.083496
-900.627258 4153.718262
-878.405090 4133.337402
-856.166321 4112.940430
-833.910889 4092.527588
-811.638855 4072.098633
-789.350220 4051.653809
-767.044922 4031.192871
-744.723022 4010.716064
-722.384521 3990.223145
-700.029358 3969.714355
-677.657593 3949.189697
-655.266296 3928.646240
-632.856445 3908.085205
-610.428040 3887.506348
-587.981079 3866.909668
-565.515564 3846.295166
-543.031494 3825.663086
-520.528931 3805.013184
-498.007782 3784.345459
-475.468079 3763.660156
-452.909821 3742.957031
-430.333038 3722.236084
-407.737701 3701.497559
-385.123810 3680.741211
-362.491364 3659.967041
-339.840363 3639.175049
-317.170807 3618.365479
-294.482697 3597.538086
-271.776031 3576.692871
-249.050827 3555.830078
-226.307068 3534.949463
-203.544769 3514.051025
-180.763916 3493.135010
-157.964508 3472.201172
-135.146545 3451.249512
-112.310036 3430.280029
-89.454979 3409.292969
-66.581367 3388.288086
-43.689209 3367.265381
-20.778498 3346.225098
2.150764 3325.166992
25.098577 3304.091064
48.064941 3282.997314
71.049858 3261.885986
94.053322 3240.756836
117.075340 3219.609863
140.115906 3198.445312
163.175018 3177.262939
186.252686 3156.062744
209.348907 3134.844971
232.463684 3113.609375
255.605438 3092.349365
278.771362 3071.067139
301.961487 3049.762695
325.175781 3028.436035
348.414246 3007.087158
371.676880 2985.716064
394.963684 2964.322510
418.274658 2942.906738
441.609833 2921.468750
464.969177 2900.008545
488.352692 2878.526123
511.760376 2857.021484
535.192261 2835.494629
558.648315 2813.945557
582.128540 2792.374268
605.632935 2770.780762
629.161499 2749.165039
652.714233 2727.527100
676.291138 2705.866943
699.892212 2684.184570
723.517456 2662.479980
747.166931 2640.753174
770.840576 2619.004150
794.538391 2597.232910
818.260376 2575.439453
842.006531 2553.623779
865.776855 2531.785889
889.571350 2509.925781
913.390015 2488.043457
937.232849 2466.138916
961.099854 2444.212158
984.991028 2422.263184
1008.906433 2400.291992
1032.845947 2378.298584
1056.809692 2356.282959
1080.797607 2334.245117
1104.809692 2312.185059
1128.845947 2290.102783
1152.906372 2267.998047
1176.990967 2245.871094
1201.095825 2223.723145
1225.222168 2201.553955
1249.369995 2179.363281
1273.539429 2157.151367
1297.730347 2134.917969
1321.942749 2112.663086
1346.176758 2090.386963
1370.432251 2068.089355
1394.709229 2045.770264
1419.007812 2023.429810
1443.327881 2001.067993
1467.669434 1978.684814
1492.032593 1956.280151
1516.417236 1933.854126
1540.823364 1911.406738
1565.251099 1888.937866
1589.700317 1866.447632
1614.171021 1843.936035
1638.663330 1821.402954
1663.177124 1798.848511
1687.712402 1776.272705
1712.269165 1753.675415
1736.847534 1731.056763
1761.447388 1708.416748
1786.068726 1685.755249
1810.711670 1663.072388
1835.376099 1640.368164
1860.062012 1617.642578
1884.769531 1594.895508
1909.498535 1572.127075
1934.249023 1549.337280
1959.021118 1526.526001
1983.814697 1503.693359
2008.629761 1480.839355
2033.466431 1457.963867
2058.324707 1435.067017
2083.204346 1412.148804
2108.105469 1389.209106
2133.028320 1366.248047
2157.972656 1343.265625
