-0.031637 0.028675
-0.077700 0.074800
-0.138187 0.138375
-0.213100 0.219400
-0.302437 0.317875
-0.406200 0.433800
-0.524387 0.567175
-0.657000 0.718000
-0.804037 0.886275
-0.965500 1.072000
-1.141387 1.275175
-1.331699 1.495800
-1.536437 1.733875
-1.755599 1.989399
-1.989187 2.262374
-2.237199 2.552799
-2.499636 2.860674
-2.776499 3.185999
-3.067786 3.528774
-3.373498 3.888999
-3.693636 4.266674
-4.028198 4.661798
-4.377185 5.074373
-4.740598 5.504398
-5.118435 5.951873
-5.510697 6.416798
-5.917385 6.899173
-6.338497 7.398998
-6.774034 7.916273
-7.223996 8.450998
-7.688383 9.003173
-8.167195 9.572798
-8.660433 10.159873
-9.168095 10.764398
-9.690182 11.386373
-10.226694 12.025797
-10.777631 12.682672
-11.342993 13.356997
-11.922780 14.048771
-12.516992 14.757996
-13.124654 15.485721
-13.746091 16.231596
-14.381303 16.995621
-15.030290 17.777796
-15.693051 18.578121
-16.369589 19.396595
-17.059900 20.233219
-17.763987 21.087994
-18.481848 21.960918
-19.213484 22.851994
-19.958895 23.761217
-20.718082 24.688591
-21.491045 25.634115
-22.277782 26.597790
-23.078295 27.579615
-23.892582 28.579588
-24.720644 29.597712
-25.562481 30.633986
-26.418093 31.688410
-27.287479 32.760983
-28.170641 33.851707
-29.067577 34.960583
-29.978289 36.087608
-30.902775 37.232780
-31.841036 38.396103
-32.793072 39.577576
-33.758884 40.777199
-34.738472 41.994972
-35.731834 43.230896
-36.738972 44.484970
-37.759884 45.757195
-38.794571 47.047569
-39.843033 48.356094
-40.905270 49.682770
-41.981281 51.027592
-43.071068 52.390564
-44.174629 53.771687
-45.291965 55.170959
-46.423077 56.588383
-47.567963 58.023956
-48.722950 59.481243
-49.889263 60.959053
-51.066898 62.457390
-52.255859 63.976250
-53.456146 65.515633
-54.667759 67.075546
-55.890694 68.655983
-57.124954 70.256943
-58.370541 71.878426
-59.627453 73.520439
-60.895691 75.182976
-62.175251 76.866035
-63.466137 78.569618
-64.768349 80.293732
-66.081886 82.038368
-67.406746 83.803528
-68.742935 85.589211
-70.090446 87.395424
-71.449280 89.222160
-72.819443 91.069420
-74.200928 92.937202
-75.593742 94.825516
-76.997879 96.734352
-78.413338 98.663712
-79.840126 100.613594
-81.278236 102.584007
-82.727676 104.574944
-84.188438 106.586403
-85.660522 108.618385
-87.143936 110.670898
-88.638672 112.743935
-90.144730 114.837494
-91.662117 116.951576
-93.190826 119.086189
-94.730865 121.241325
-96.282227 123.416985
-97.844910 125.613167
-99.418922 127.829880
-101.004257 130.067108
-102.600922 132.324875
-104.196274 134.567276
-105.794525 136.806274
-107.395676 139.041870
-108.999725 141.274063
-110.606674 143.502853
-112.216522 145.728256
-113.829269 147.950256
-115.444916 150.168854
-117.063461 152.384048
-118.684914 154.595840
-120.309265 156.804230
-121.936516 159.009232
-123.566666 161.210831
-125.199715 163.409027
-126.835663 165.603821
-128.474518 167.795212
-130.116272 169.983215
-131.760925 172.167816
-133.408478 174.349014
-135.058929 176.526810
-136.712280 178.701202
-138.368530 180.872192
-140.027679 183.039795
-141.689728 185.203995
-143.354675 187.364792
-145.022522 189.522186
-146.693268 191.676178
-148.366913 193.826767
-150.043457 195.973969
-151.722900 198.117767
-153.405243 200.258163
-155.090485 202.395157
-156.778641 204.528748
-158.469696 206.658936
-160.163651 208.785736
-161.860504 210.909134
-163.560257 213.029129
-165.262909 215.145721
-166.968460 217.258911
-168.676910 219.368698
-170.372772 221.461548
-172.061203 223.541977
-173.742218 225.609985
-175.415802 227.665573
-177.081970 229.708725
-178.740707 231.739456
-180.392014 233.757767
-182.035904 235.763641
-183.672363 237.757095
-185.301407 239.738129
-186.923019 241.706741
-188.537201 243.662918
-190.143967 245.606674
-191.743301 247.538010
-193.335220 249.456924
-194.919708 251.363403
-196.496765 253.257462
-198.066406 255.139099
-199.628616 257.008301
-201.183411 258.865082
-202.730774 260.709442
-204.270706 262.541382
-205.803223 264.360901
-207.328308 266.167969
-208.845978 267.962616
-210.356216 269.744843
-211.859024 271.514648
-213.354416 273.272034
-214.842377 275.016998
-216.322922 276.749542
-217.796036 278.469666
-219.261719 280.177338
-220.719986 281.872589
-222.170822 283.555420
-223.614243 285.225830
-225.050232 286.883820
-226.478790 288.529388
-227.899933 290.162537
-229.313644 291.783234
-230.719940 293.391510
-232.108566 295.035706
-233.482941 296.699707
-234.843063 298.383514
-236.188934 300.087097
-237.520554 301.810486
-238.837936 303.553680
-240.141068 305.316681
-241.429947 307.099487
-242.704575 308.902069
-243.964951 310.724457
-245.211075 312.566650
-246.442947 314.428650
-247.660568 316.310455
-248.863937 318.212036
-250.053070 320.133423
-251.227951 322.074615
-252.388580 324.035614
-253.534958 326.016418
-254.667084 328.017029
-255.784958 330.037415
-256.888580 332.077606
-257.977966 334.137604
-259.053101 336.217407
-260.113983 338.317017
-261.160614 340.436401
-262.192993 342.575592
-263.211121 344.734589
-264.214996 346.913391
-265.204620 349.112000
-266.179993 351.330383
-267.141113 353.568573
-268.087982 355.826569
-269.020599 358.104370
-269.938965 360.401978
-270.843079 362.719360
-271.732941 365.056549
-272.608551 367.413544
-273.469940 369.790344
-274.317078 372.186951
-275.149963 374.603333
-275.947113 377.040100
-276.715668 379.497040
-277.455658 381.974152
-278.167084 384.471436
-278.849915 386.988892
-279.504181 389.526520
-280.129883 392.084320
-280.726990 394.662292
-281.295532 397.260437
-281.835510 399.878754
-282.346893 402.517273
-282.829712 405.175964
-283.283936 407.854828
-283.709595 410.553864
-284.106689 413.273071
-284.475189 416.012451
-284.815125 418.772003
-285.126495 421.551727
-285.409271 424.351624
-285.663483 427.171692
-285.889130 430.011963
-286.086182 432.872406
-286.254669 435.753021
-286.394592 438.653809
-286.505920 441.574768
-286.588684 444.515900
-286.642883 447.477203
-286.668488 450.458679
-286.665527 453.460327
-286.634003 456.482147
-286.573883 459.524139
-286.485199 462.586334
-286.367950 465.668701
-286.222107 468.771240
-286.047699 471.893951
-285.844696 475.036835
-285.613129 478.199890
-285.352997 481.383118
-285.064270 484.586517
-284.746979 487.810089
-284.416229 491.074890
-284.066986 494.373871
-283.699249 497.707062
-283.312988 501.074463
-282.908234 504.476044
-282.484985 507.911835
-282.043243 511.381836
-281.583008 514.886047
-281.104248 518.424438
-280.606995 521.997009
-280.091248 525.603821
-279.557007 529.244812
-279.004242 532.919983
-278.432983 536.629395
-277.843231 540.372986
-277.234985 544.150757
-276.608246 547.962769
-275.962982 551.808960
-275.299225 555.689331
-274.616974 559.603943
-273.916229 563.552734
-273.196991 567.535706
-272.459229 571.552917
-271.702972 575.604309
-270.928223 579.689880
-270.134979 583.809692
-269.323242 587.963684
-268.492981 592.151855
-267.644226 596.374268
-266.776978 600.630859
-265.891235 604.921631
-264.987000 609.246643
-264.064240 613.605835
-263.122986 617.999207
-262.163239 622.426819
-261.184998 626.888611
-260.188263 631.384583
-259.173004 635.914795
-258.139252 640.479187
-257.087006 645.077759
-256.008728 649.723267
-254.906921 654.411438
-253.781586 659.142273
-252.632721 663.915833
-251.460327 668.732056
-250.264420 673.590942
-249.044983 678.492493
-247.802017 683.436707
-246.535538 688.423645
-245.245529 693.453247
-243.931992 698.525513
-242.594925 703.640442
-241.234344 708.798035
-239.850235 713.998291
-238.442596 719.241272
-237.011429 724.526917
-235.556747 729.855225
-234.078537 735.226196
-232.576797 740.639832
-231.051529 746.096191
-229.502747 751.595215
-227.930435 757.136902
-226.334595 762.721252
-224.715225 768.348267
-223.072342 774.018005
-221.405930 779.730408
-219.715988 785.485474
-218.002533 791.283203
-216.265549 797.123596
-214.505035 803.006653
-212.720993 808.932434
-210.913437 814.900879
-209.082352 820.911987
-207.227737 826.965759
-205.349594 833.062195
-203.447937 839.201355
-201.522751 845.383179
-199.574036 851.607666
-197.601791 857.874817
-195.606033 864.184631
-193.576691 870.492188
-191.517136 876.812500
-189.427353 883.145508
-187.307343 889.491272
-185.157104 895.849731
-182.976639 902.220947
-180.765945 908.604858
-178.525040 915.001526
-176.253906 921.410889
-173.952545 927.833008
-171.620956 934.267822
-169.259140 940.715393
-166.867096 947.175659
-164.444839 953.648682
-161.992355 960.134399
-159.509644 966.632874
-156.996704 973.144043
-154.453537 979.667969
-151.880142 986.204590
-149.276535 992.753967
-146.642700 999.316040
-143.978638 1005.890869
-141.284348 1012.478394
-138.559830 1019.078674
-135.805084 1025.691650
-133.020126 1032.317383
-130.204941 1038.955811
-127.359528 1045.606934
-124.483887 1052.270874
-121.578026 1058.947510
-118.641937 1065.636841
-115.675621 1072.338867
-112.679085 1079.053589
-109.652321 1085.781128
-106.595329 1092.521362
-103.508118 1099.274292
-100.390678 1106.039917
-97.243011 1112.818359
-94.065125 1119.609497
-90.857010 1126.413330
-87.648895 1133.219849
-84.430710 1140.032349
-81.202446 1146.850830
-77.964104 1153.675293
-74.715691 1160.505737
-71.457199 1167.342285
-68.188637 1174.184814
-64.909996 1181.033325
-61.621281 1187.887817
-58.322491 1194.748291
-55.013626 1201.614746
-51.694687 1208.487183
-48.365673 1215.365723
-45.026585 1222.250244
-41.677422 1229.140747
-38.318180 1236.037231
-34.948864 1242.939697
-31.569473 1249.848145
-28.180008 1256.762695
-24.780468 1263.683228
-21.370853 1270.609741
-17.951162 1277.542236
-14.521397 1284.480713
-11.081556 1291.425171
-7.631640 1298.375610
-4.171649 1305.332153
-0.701583 1312.294678
2.778558 1319.263184
6.268774 1326.237671
9.769066 1333.218140
13.279432 1340.204590
16.799873 1347.197021
20.330391 1354.195557
23.870983 1361.200073
27.421650 1368.210571
30.982391 1375.227051
34.553207 1382.249512
38.134098 1389.277954
41.725067 1396.312500
45.326111 1403.353027
48.932426 1410.425537
52.545620 1417.521362
56.165688 1424.640625
59.792629 1431.783203
63.426445 1438.949097
67.067139 1446.138306
70.714706 1453.350952
74.369148 1460.586914
78.030464 1467.846191
81.698654 1475.128906
85.373718 1482.434937
89.055664 1489.764282
92.744484 1497.116943
96.440178 1504.493042
100.142746 1511.892456
103.852188 1519.315186
107.568504 1526.761353
111.291695 1534.230835
115.021759 1541.723633
118.758705 1549.239746
122.502525 1556.779297
126.253220 1564.342163
130.010788 1571.928345
133.775238 1579.537964
137.546555 1587.170898
141.324753 1594.827148
145.109818 1602.506714
148.901764 1610.209717
152.700577 1617.936035
156.506271 1625.685669
160.318832 1633.458740
164.138275 1641.255127
167.964600 1649.074829
171.797791 1656.917847
175.637863 1664.784302
179.484802 1672.674072
183.338623 1680.587158
187.199310 1688.523560
191.066879 1696.483398
194.941330 1704.466553
198.854034 1712.458252
202.794540 1720.463379
206.762848 1728.481934
210.758957 1736.513916
214.782867 1744.559326
218.834579 1752.618286
222.914093 1760.690674
227.021393 1768.776489
231.156494 1776.875732
235.319397 1784.988403
239.510101 1793.114502
243.728607 1801.254150
247.974915 1809.407227
252.249023 1817.573730
256.550934 1825.753662
260.880646 1833.947021
265.238159 1842.153931
269.623474 1850.374268
274.036591 1858.608032
278.477509 1866.855225
282.946228 1875.115845
287.442749 1883.389893
291.967072 1891.677490
296.519165 1899.978516
301.099060 1908.292969
305.706757 1916.620850
310.342255 1924.962158
315.005554 1933.317017
319.696655 1941.685303
324.415558 1950.067017
329.162262 1958.462158
333.936768 1966.870728
338.739075 1975.292725
343.569183 1983.728271
348.427094 1992.177246
353.312805 2000.639648
358.226318 2009.115479
363.167633 2017.604736
368.136749 2026.107422
373.133667 2034.623657
378.149597 2043.133179
383.187469 2051.642578
388.247314 2060.152100
393.329102 2068.661621
398.432831 2077.171143
403.558502 2085.680664
408.706146 2094.190186
413.875732 2102.699707
419.067261 2111.209229
424.280731 2119.718750
429.516174 2128.228271
434.773560 2136.737793
440.052887 2145.247314
445.354156 2153.756836
450.677399 2162.266357
456.022583 2170.775879
461.389709 2179.285400
466.778778 2187.794922
472.189819 2196.304443
477.622803 2204.813965
483.077728 2213.323486
488.554596 2221.833008
494.053436 2230.342529
499.574219 2238.852051
505.116943 2247.361572
510.681610 2255.871094
516.268250 2264.380615
521.876831 2272.890137
527.507385 2281.399658
533.159851 2289.909180
538.834290 2298.418701
544.530640 2306.928223
550.248962 2315.437744
555.989258 2323.947266
561.751465 2332.456787
567.535645 2340.966309
573.341797 2349.475830
579.169861 2357.985352
585.019897 2366.494873
590.891846 2375.004395
596.771362 2383.529053
602.663208 2392.063965
608.567444 2400.608887
614.484009 2409.164062
620.412964 2417.729248
626.354248 2426.304688
632.307861 2434.890381
638.273865 2443.486084
644.252197 2452.092041
650.242859 2460.708008
656.245911 2469.334229
662.261292 2477.970459
668.289001 2486.616943
674.329102 2495.273682
680.381531 2503.940430
686.446289 2512.617432
692.523438 2521.304443
698.612915 2530.001709
704.714722 2538.708984
710.828918 2547.426514
716.955444 2556.154297
723.094299 2564.892090
729.245544 2573.640137
735.409119 2582.398193
741.585022 2591.166504
747.773315 2599.945068
753.973938 2608.733643
760.186890 2617.532471
766.412231 2626.341309
772.649902 2635.160400
778.899902 2643.989502
785.162292 2652.828857
791.437012 2661.678467
797.724060 2670.538086
804.023499 2679.407959
810.335266 2688.287842
816.659424 2697.177979
822.995911 2706.078125
829.344727 2714.988525
835.705933 2723.909180
842.099609 2732.817871
848.519043 2741.722168
854.964233 2750.622070
861.435242 2759.517578
867.932007 2768.408691
874.454529 2777.295166
881.002869 2786.177246
887.576965 2795.054932
894.176819 2803.928223
900.802490 2812.796875
907.453918 2821.661133
914.131104 2830.520996
920.834045 2839.376465
927.562805 2848.227295
934.317322 2857.073730
941.097595 2865.915771
947.903687 2874.753418
954.735535 2883.586670
961.593140 2892.415283
968.476501 2901.239502
975.385681 2910.059326
982.320618 2918.874756
989.281311 2927.685547
996.267822 2936.491943
1003.280090 2945.293945
1010.318115 2954.091553
1017.381958 2962.884766
1024.471558 2971.673340
1031.586914 2980.457520
1038.728027 2989.237305
1045.894897 2998.012695
1053.087646 3006.783447
1060.306152 3015.549805
1067.550415 3024.311768
1074.820435 3033.069336
1082.116211 3041.822266
1089.437744 3050.570801
1096.785034 3059.314941
1104.158203 3068.054688
1111.557129 3076.790039
1118.975098 3085.485596
1126.414429 3094.153076
1133.875122 3102.792725
1141.357178 3111.404297
1148.860596 3119.987793
1156.385376 3128.543457
1163.931519 3137.071045
1171.499023 3145.570801
1179.087891 3154.042480
1186.698120 3162.486328
1194.329590 3170.902100
1201.982422 3179.289795
1209.656616 3187.649658
1217.352173 3195.981445
1225.069092 3204.285400
1232.807373 3212.561279
1240.567017 3220.809082
1248.348022 3229.029053
1256.150391 3237.220947
1263.974121 3245.385010
1271.819092 3253.520996
1279.685425 3261.629150
1287.573120 3269.709229
1295.482178 3277.761230
1303.412598 3285.785400
1311.364380 3293.781494
1319.337524 3301.749756
1327.332031 3309.689941
1335.347900 3317.602051
1343.385132 3325.486328
1351.443604 3333.342529
1359.523438 3341.170898
1367.624634 3348.971191
1375.747192 3356.743408
1383.891113 3364.487793
1392.056396 3372.204102
1400.243042 3379.892578
1408.451050 3387.552979
1416.680420 3395.185547
1424.931152 3402.790039
1433.189697 3410.414551
1441.460571 3418.043213
1449.743774 3425.676025
1458.039307 3433.312744
1466.347290 3440.953613
1474.667603 3448.598633
1483.000244 3456.247559
1491.345215 3463.900635
1499.702515 3471.557861
1508.072144 3479.219238
1516.454224 3486.884521
1524.848633 3494.553955
1533.255371 3502.227539
1541.674438 3509.905029
1550.105835 3517.586670
1558.549561 3525.272461
1567.005737 3532.962158
1575.474243 3540.656006
1583.955078 3548.354004
1592.448242 3556.055908
1600.953735 3563.761963
1609.471558 3571.472168
1618.001831 3579.186523
1626.544434 3586.904785
1635.099365 3594.627197
1643.666626 3602.353760
1652.246216 3610.084229
1660.838135 3617.818848
1669.442505 3625.557617
1678.059204 3633.300293
1686.688232 3641.047119
1695.329590 3648.798096
1703.983276 3656.552979
1712.649292 3664.312012
1721.327759 3672.075195
1730.018555 3679.842285
1738.721680 3687.613525
1747.437134 3695.388916
1756.164917 3703.168457
1764.905151 3710.951904
1773.682373 3718.733643
1782.488281 3726.515625
1791.322998 3734.297607
1800.186523 3742.079834
1809.078735 3749.862305
1817.999756 3757.645020
1826.949585 3765.427734
1835.928223 3773.210693
1844.935547 3780.993896
1853.971680 3788.777100
1863.036621 3796.560547
1872.130371 3804.344238
1881.252808 3812.128174
1890.404053 3819.912109
1899.584106 3827.696289
1908.792847 3835.480713
1918.030396 3843.265137
1927.296753 3851.049805
1936.591919 3858.834717
1945.915771 3866.619873
1955.268433 3874.405029
1964.649902 3882.190430
1974.060181 3889.976074
1983.499146 3897.761719
1992.966919 3905.547607
2002.463501 3913.333740
2011.988770 3921.120117
2021.542847 3928.906494
2031.125732 3936.693115
2040.737427 3944.479980
2050.377930 3952.266846
2060.047119 3960.053955
2069.745117 3967.841309
2079.471924 3975.628906
2089.227539 3983.416504
2099.011719 3991.204346
2108.824707 3998.992432
2118.666504 4006.780762
2128.537109 4014.569092
2138.436523 4022.357666
2148.348389 4030.149414
2158.278076 4037.943604
2168.225586 4045.739990
2178.190918 4053.538574
2188.174072 4061.339355
2198.175049 4069.142578
2208.193848 4076.947998
2218.230469 4084.755615
2228.285156 4092.565430
2238.357666 4100.377441
2248.447998 4108.191895
2258.556152 4116.008301
2268.682129 4123.827148
2278.825928 4131.648438
2288.987549 4139.471680
2299.166992 4147.297363
2309.364258 4155.125000
2319.579590 4162.955078
2329.812744 4170.787598
2340.063721 4178.622070
2350.332520 4186.458984
2360.619141 4194.297852
2370.923584 4202.139160
2381.245850 4209.982910
2391.585938 4217.828613
2401.944092 4225.676758
2412.320068 4233.527344
2422.713867 4241.379883
2433.125488 4249.234863
2443.554932 4257.091797
2454.002197 4264.951172
2464.467285 4272.812988
2474.950195 4280.676758
2485.450928 4288.542969
2495.969727 4296.411133
2506.506348 4304.281738
2517.060791 4312.154785
2527.633057 4320.029785
2538.223145 4327.907227
2548.831055 4335.786621
2559.481445 4343.686035
2570.165771 4351.599121
2580.884277 4359.526367
2591.636963 4367.467285
2602.423828 4375.422363
2613.244873 4383.391113
2624.100098 4391.374023
2634.989502 4399.370605
2645.913086 4407.381348
2656.870850 4415.405762
2667.862793 4423.444336
2678.888916 4431.496582
2689.949219 4439.562500
2701.043701 4447.642578
2712.172363 4455.736328
2723.335205 4463.844238
2734.532227 4471.965820
2745.763428 4480.101562
2757.028809 4488.250977
2768.328369 4496.414551
2779.662109 4504.591797
2791.030029 4512.783203
2802.432129 4520.988281
2813.868408 4529.207520
2825.338867 4537.440430
2836.843506 4545.687500
2848.382324 4553.948242
2859.955322 4562.222656
2871.562500 4570.511230
2883.203857 4578.813477
2894.879395 4587.129883
2906.589111 4595.459961
2918.333008 4603.804199
2930.111084 4612.162109
2941.923340 4620.534180
2953.769775 4628.919922
2965.650391 4637.319824
2977.565186 4645.733398
2989.514160 4654.161133
3001.497314 4662.602539
3013.500488 4671.058105
3025.528564 4679.528320
3037.581543 4688.012695
3049.659180 4696.511230
3061.761719 4705.023926
3073.889160 4713.550781
3086.041260 4722.091797
3098.218262 4730.646973
3110.420166 4739.216309
3122.646729 4747.799805
3134.898193 4756.397461
3147.174561 4765.009277
3159.475586 4773.635254
3171.801514 4782.275391
3184.152344 4790.930176
3196.528076 4799.599121
3208.928467 4808.282227
3221.353760 4816.979492
3233.803955 4825.690918
3246.278809 4834.416504
3258.778564 4843.156250
3271.303223 4851.910156
3283.852539 4860.678223
3296.426758 4869.460449
3309.025879 4878.256836
3321.649658 4887.067383
3334.298340 4895.892578
3346.971924 4904.731934
3359.670166 4913.585449
3372.393311 4922.453125
3385.141357 4931.334961
3397.914062 4940.230957
3410.711670 4949.141113
3423.534180 4958.065430
3436.381592 4967.003906
3449.253662 4975.956543
3462.150635 4984.923340
3475.072510 4993.904297
3488.019043 5002.899902
3500.990479 5011.909668
3513.966064 5020.935547
3526.952637 5029.976562
3539.950439 5039.033203
3552.959229 5048.105469
3565.979004 5057.192871
3579.009766 5066.295898
3592.051758 5075.414551
3605.104736 5084.548340
3618.168701 5093.697754
3631.243652 5102.862793
3644.329834 5112.043457
3657.427002 5121.239258
3670.535156 5130.450684
3683.654297 5139.677734
3696.784668 5148.919922
3709.926025 5158.177734
3723.078369 5167.451172
3736.241699 5176.739746
3749.416260 5186.043945
3762.601807 5195.363770
3775.798340 5204.698730
3789.005859 5214.049316
3802.224609 5223.415527
3815.454346 5232.797363
3828.695068 5242.194336
3841.947021 5251.606934
3855.209961 5261.035156
3868.483887 5270.478516
3881.768799 5279.937500
3895.064941 5289.412109
3908.372070 5298.901855
3921.690186 5308.407227
3935.019287 5317.928223
3948.359619 5327.464844
3961.710938 5337.016602
3975.073242 5346.583984
3988.446533 5356.166992
4001.831055 5365.765137
4015.226562 5375.378906
4028.633057 5385.008301
4042.059082 5394.645508
4055.501709 5404.292969
4068.960938 5413.950684
4082.436768 5423.618652
4095.929199 5433.296875
4109.437988 5442.985840
4122.963379 5452.685059
4136.505371 5462.394531
4150.063965 5472.114258
4163.639160 5481.844238
4177.230957 5491.584961
4190.839355 5501.335938
4204.464355 5511.097168
4218.105957 5520.868652
4231.764160 5530.650391
4245.438965 5540.442871
4259.130371 5550.245605
4272.838379 5560.058594
4286.562988 5569.881836
4300.304199 5579.715332
4314.062012 5589.559570
4327.836426 5599.414062
4341.627441 5609.278809
4355.435059 5619.153809
4369.259277 5629.039062
4383.100098 5638.935059
4396.957520 5648.841309
4410.831543 5658.757812
4424.722168 5668.684570
4438.629395 5678.621582
4452.553223 5688.569336
4466.493652 5698.527344
4480.450684 5708.495605
4494.424316 5718.474121
4508.414551 5728.462891
4522.421387 5738.462402
4536.444824 5748.472168
4550.484863 5758.492188
4564.541504 5768.522461
4578.614746 5778.562988
4592.691406 5788.599121
4606.775879 5798.635742
4620.867676 5808.672852
4634.967285 5818.710938
4649.074707 5828.749512
4663.189941 5838.788574
4677.312988 5848.828125
4691.443848 5858.868164
4705.582031 5868.908691
4719.728027 5878.949707
4733.881836 5888.991211
4748.043457 5899.033203
4762.212891 5909.075684
4776.390137 5919.118652
4790.574707 5929.162109
4804.767090 5939.206055
4818.967285 5949.250977
4833.175293 5959.296387
4847.391113 5969.342285
4861.614258 5979.388672
4875.845215 5989.435547
4890.083984 5999.482910
4904.330566 6009.530762
4918.584961 6019.579102
4932.847168 6029.627930
4947.116699 6039.677246
4961.394043 6049.727051
4975.679199 6059.777344
4989.972168 6069.828125
5004.272949 6079.879883
5018.581055 6089.932129
5032.896973 6099.984863
5047.220703 6110.038086
5061.552246 6120.091797
5075.891602 6130.145996
5090.238770 6140.200684
5104.593262 6150.255859
5118.955566 6160.311523
5133.325684 6170.367676
5147.703613 6180.424316
5162.077637 6190.458984
5176.451660 6200.479004
5190.825195 6210.484863
5205.198730 6220.476074
5219.572266 6230.452637
5233.945801 6240.414551
5248.319336 6250.362305
5262.692871 6260.295410
5277.065918 6270.213867
5291.438965 6280.117676
5305.812012 6290.007324
5320.185059 6299.882324
5334.558105 6309.742676
5348.931152 6319.588379
5363.304199 6329.419922
5377.676758 6339.236816
5392.049316 6349.039062
5406.421875 6358.826660
5420.794434 6368.600098
5435.166992 6378.358887
5449.539551 6388.103027
5463.911621 6397.832520
5478.283691 6407.547852
5492.655762 6417.248535
5507.027832 6426.934570
5521.399902 6436.605957
5535.771973 6446.263184
5550.144043 6455.905762
5564.515625 6465.533691
5578.887207 6475.146973
5593.258789 6484.746094
5607.630371 6494.330566
5622.001953 6503.900391
5636.373535 6513.455566
5650.744629 6522.996582
5665.115723 6532.522949
5679.486816 6542.034668
5693.857910 6551.531738
5708.229004 6561.014648
5722.600098 6570.482910
5736.980957 6579.966797
5751.368164 6589.456055
5765.761719 6598.950684
5780.161621 6608.450684
5794.568359 6617.956055
5808.981445 6627.466797
5823.400879 6636.983398
5837.826660 6646.505371
5852.259277 6656.032715
5866.698242 6665.565430
5881.143555 6675.103516
5895.595703 6684.646973
5910.054199 6694.196289
5924.519043 6703.750977
5938.990234 6713.311035
5953.468262 6722.876465
5967.952637 6732.447266
5982.443359 6742.023438
5996.940430 6751.604980
6011.444336 6761.192383
6025.954590 6770.785156
6040.471191 6780.383301
6054.994141 6789.986816
6069.523926 6799.595703
6084.060059 6809.209961
6098.602539 6818.830078
6113.151367 6828.455566
6127.707031 6838.086426
6142.269043 6847.722656
6156.837402 6857.364258
6171.412598 6867.011230
6185.994141 6876.664062
6200.582031 6886.322266
6215.176270 6895.985840
6229.777344 6905.654785
6244.384766 6915.329102
6258.998535 6925.008789
6273.618652 6934.694336
6288.245605 6944.385254
6302.878906 6954.081543
6317.552734 6963.779785
6332.255371 6973.481445
6346.987305 6983.186035
6361.748047 6992.894043
6376.538086 7002.604980
6391.357422 7012.319336
6406.205566 7022.036621
6421.083008 7031.757324
6435.989258 7041.481445
6450.924805 7051.208496
6465.889648 7060.938965
6480.883301 7070.672363
6495.906250 7080.409180
6510.958008 7090.148926
6526.039062 7099.892090
6541.149414 7109.638184
6556.288574 7119.387695
6571.457031 7129.140625
6586.654297 7138.896484
6601.880859 7148.655762
6617.136719 7158.417969
6632.421387 7168.183594
6647.735352 7177.952148
6663.078125 7187.724121
6678.450195 7197.499023
6693.851562 7207.277344
6709.281738 7217.059082
6724.741211 7226.843750
6740.229492 7236.631836
6755.747070 7246.422852
6771.293945 7256.217285
6786.869629 7266.014648
6802.474609 7275.815430
6818.108398 7285.619141
6833.771484 7295.426270
6849.463867 7305.236328
6865.185059 7315.049805
6880.935547 7324.866699
6896.714844 7334.686523
6912.523438 7344.509766
6928.369629 7354.331543
6944.250488 7364.153809
6960.166016 7373.976074
6976.116211 7383.798828
6992.101074 7393.621582
7008.120605 7403.444336
7024.174805 7413.267578
7040.263672 7423.090820
7056.387207 7432.914551
7072.545410 7442.738281
7088.738281 7452.562500
7104.965820 7462.386719
7121.228516 7472.211426
7137.525879 7482.036133
7153.857910 7491.861328
7170.224609 7501.686523
7186.625977 7511.511719
7203.062012 7521.337402
7219.532715 7531.163086
7236.038086 7540.989258
7252.578125 7550.815430
7269.152832 7560.642090
7285.762207 7570.468750
7302.406250 7580.295898
7319.084961 7590.123047
7335.798340 7599.950684
7352.546387 7609.778320
7369.329590 7619.606445
7386.147461 7629.434570
7403.000000 7639.262695
7419.887207 7649.091309
7436.809082 7658.919922
7453.765625 7668.749023
7470.756836 7678.578125
7487.782715 7688.407715
7504.843262 7698.237305
7521.938477 7708.067383
7539.068359 7717.897461
7556.232910 7727.728027
7573.432129 7737.558594
7590.644531 7747.419922
7607.876953 7757.301270
7625.129395 7767.203125
7642.401855 7777.125488
7659.694336 7787.068359
7677.006836 7797.031250
7694.339844 7807.014648
7711.692871 7817.018555
7729.065918 7827.042969
7746.458984 7837.087891
7763.872070 7847.152832
7781.305176 7857.238281
7798.758789 7867.344238
7816.232422 7877.470703
7833.726074 7887.617188
7851.239746 7897.784180
7868.773438 7907.971680
7886.327148 7918.179688
7903.900879 7928.408203
7921.495117 7938.656738
7939.109375 7948.925781
7956.743652 7959.215332
7974.397949 7969.525391
7992.072266 7979.855469
8009.766602 7990.206055
8027.481445 8000.577148
8045.216309 8010.968750
8062.971191 8021.380859
8080.746094 8031.812988
8098.541016 8042.265625
8116.355957 8052.738770
8134.191406 8063.232422
8152.046875 8073.746094
8169.922363 8084.280273
8187.817871 8094.834961
8205.733398 8105.410156
8223.668945 8116.005859
8241.625000 8126.621582
8259.600586 8137.257812
8277.596680 8147.914551
8295.606445 8158.563477
8313.632812 8169.213867
8331.674805 8179.865723
8349.733398 8190.519043
8367.807617 8201.173828
8385.898438 8211.830078
8404.005859 8222.488281
8422.128906 8233.147461
8440.268555 8243.808594
8458.423828 8254.470703
8476.595703 8265.134766
8494.783203 8275.800781
8512.987305 8286.467773
8531.207031 8297.136719
8549.443359 8307.806641
8567.695312 8318.478516
8585.963867 8329.151367
8604.248047 8339.826172
8622.548828 8350.501953
8640.865234 8361.179688
8659.198242 8371.859375
8677.546875 8382.540039
8695.912109 8393.222656
8714.292969 8403.906250
8732.690430 8414.591797
8751.103516 8425.278320
8769.533203 8435.966797
8787.978516 8446.657227
8806.440430 8457.348633
8824.917969 8468.041992
8843.412109 8478.736328
8861.921875 8489.432617
8880.448242 8500.129883
8898.990234 8510.829102
8917.548828 8521.529297
8936.123047 8532.231445
8954.713867 8542.935547
8973.320312 8553.640625
8991.943359 8564.347656
9010.582031 8575.055664
9029.233398 8585.738281
9047.897461 8596.403320
9066.575195 8607.051758
9085.265625 8617.683594
9103.969727 8628.297852
9122.687500 8638.895508
9141.417969 8649.476562
9160.162109 8660.041016
9178.919922 8670.587891
9197.690430 8681.118164
9216.474609 8691.631836
9235.271484 8702.127930
9254.082031 8712.607422
9272.906250 8723.070312
9291.743164 8733.516602
9310.593750 8743.945312
9329.457031 8754.357422
9348.333984 8764.752930
9367.224609 8775.131836
9386.127930 8785.493164
9405.044922 8795.837891
9423.975586 8806.166016
9442.918945 8816.476562
9461.875977 8826.770508
9480.845703 8837.047852
9499.829102 8847.308594
9518.826172 8857.551758
9537.835938 8867.778320
9556.859375 8877.988281
9575.896484 8888.180664
9594.946289 8898.356445
9614.009766 8908.515625
9633.085938 8918.658203
9652.175781 8928.783203
9671.279297 8938.891602
9690.395508 8948.983398
9709.525391 8959.057617
9728.667969 8969.115234
9747.824219 8979.156250
9766.994141 8989.180664
9786.161133 8999.189453
9805.331055 9009.182617
9824.503906 9019.160156
9843.679688 9029.122070
9862.858398 9039.068359
9882.039062 9048.998047
9901.222656 9058.912109
9920.409180 9068.810547
9939.598633 9078.693359
9958.791016 9088.560547
9977.986328 9098.412109
9997.183594 9108.248047
10016.383789 9118.068359
10035.586914 9127.872070
10054.792969 9137.660156
10074.001953 9147.432617
10093.213867 9157.189453
10112.427734 9166.930664
10131.644531 9176.656250
10150.864258 9186.366211
10170.086914 9196.060547
10189.312500 9205.738281
10208.541016 9215.400391
10227.772461 9225.046875
10247.005859 9234.677734
10266.242188 9244.292969
10285.481445 9253.892578
10304.723633 9263.476562
10323.968750 9273.043945
10343.216797 9282.595703
10362.466797 9292.131836
10381.719727 9301.652344
10400.975586 9311.157227
10420.234375 9320.646484
10439.496094 9330.120117
10458.760742 9339.578125
10478.027344 9349.019531
10497.296875 9358.445312
10516.569336 9367.855469
10535.844727 9377.250000
10555.126953 9386.605469
10574.414062 9395.929688
10593.707031 9405.222656
10613.004883 9414.484375
10632.307617 9423.714844
10651.616211 9432.914062
10670.929688 9442.082031
10690.249023 9451.218750
10709.573242 9460.324219
10728.903320 9469.398438
10748.238281 9478.441406
10767.578125 9487.453125
10786.923828 9496.433594
10806.274414 9505.382812
10825.630859 9514.300781
10844.992188 9523.187500
10864.359375 9532.042969
10883.731445 9540.867188
10903.108398 9549.660156
10922.491211 9558.421875
10941.878906 9567.152344
10961.272461 9575.851562
10980.670898 9584.519531
11000.075195 9593.156250
11019.484375 9601.761719
11038.898438 9610.335938
11058.318359 9618.878906
11077.743164 9627.390625
11097.173828 9635.871094
11116.609375 9644.320312
11136.050781 9652.738281
11155.497070 9661.125000
11174.948242 9669.480469
11194.405273 9677.804688
11213.867188 9686.097656
11233.334961 9694.359375
11252.807617 9702.589844
11272.286133 9710.789062
11291.769531 9718.957031
11311.257812 9727.093750
11330.727539 9735.232422
11350.187500 9743.362305
11369.636719 9751.483398
11389.075195 9759.595703
11408.502930 9767.699219
11427.919922 9775.792969
11447.327148 9783.877930
11466.723633 9791.954102
11486.109375 9800.021484
11505.484375 9808.080078
11524.848633 9816.128906
11544.203125 9824.168945
11563.546875 9832.200195
11582.879883 9840.222656
11602.202148 9848.236328
11621.513672 9856.241211
11640.815430 9864.236328
11660.106445 9872.222656
11679.386719 9880.200195
11698.656250 9888.168945
11717.915039 9896.128906
11737.164062 9904.079102
11756.402344 9912.020508
11775.629883 9919.953125
11794.846680 9927.876953
11814.052734 9935.791992
11833.249023 9943.697266
11852.434570 9951.593750
11871.609375 9959.481445
11890.773438 9967.360352
11909.926758 9975.230469
11929.070312 9983.090820
11948.203125 9990.942383
11967.325195 9998.785156
11986.436523 10006.619141
12005.537109 10014.444336
12024.627930 10022.260742
12043.708008 10030.067383
12062.777344 10037.865234
12081.835938 10045.654297
12100.881836 10053.400391
12119.915039 10061.115234
12138.936523 10068.798828
12157.945312 10076.451172
12176.942383 10084.072266
12195.926758 10091.662109
12214.899414 10099.219727
12233.859375 10106.746094
12252.807617 10114.241211
12271.743164 10121.705078
12290.666992 10129.137695
12309.578125 10136.539062
12328.477539 10143.908203
12347.364258 10151.246094
12366.239258 10158.552734
12385.101562 10165.828125
12403.952148 10173.072266
12422.790039 10180.285156
12441.615234 10187.466797
12460.428711 10194.616211
12479.229492 10201.734375
12498.018555 10208.821289
12516.794922 10215.876953
12535.559570 10222.901367
12554.311523 10229.894531
12573.051758 10236.855469
12591.779297 10243.785156
12610.495117 10250.683594
12629.198242 10257.550781
12647.889648 10264.386719
12666.568359 10271.191406
12685.235352 10277.964844
12703.889648 10284.706055
12722.532227 10291.416016
12741.162109 10298.094727
12759.780273 10304.742188
12778.385742 10311.358398
12796.979492 10317.943359
12815.560547 10324.496094
12834.129883 10331.017578
12852.699219 10337.518555
12871.265625 10343.995117
12889.828125 10350.447266
12908.387695 10356.874023
12926.943359 10363.276367
12945.495117 10369.654297
12964.043945 10376.007812
12982.588867 10382.336914
13001.129883 10388.641602
13019.667969 10394.921875
13038.202148 10401.177734
13056.732422 10407.409180
13075.259766 10413.616211
13093.783203 10419.798828
13112.303711 10425.957031
13130.820312 10432.089844
13149.333008 10438.198242
13167.842773 10444.282227
13186.348633 10450.341797
13204.850586 10456.376953
13223.349609 10462.387695
13241.844727 10468.374023
13260.335938 10474.335938
13278.824219 10480.273438
13297.308594 10486.186523
13315.790039 10492.075195
13334.267578 10497.938477
13352.741211 10503.777344
13371.211914 10509.591797
13389.678711 10515.381836
13408.141602 10521.147461
13426.601562 10526.888672
13445.057617 10532.605469
13463.509766 10538.297852
13481.958984 10543.965820
13500.404297 10549.609375
13518.846680 10555.228516
13537.285156 10560.822266
13555.719727 10566.391602
13574.151367 10571.936523
13592.581055 10577.473633
13611.008789 10582.997070
13629.434570 10588.506836
13647.858398 10594.002930
13666.280273 10599.485352
13684.700195 10604.954102
13703.118164 10610.409180
13721.534180 10615.850586
13739.948242 10621.278320
13758.360352 10626.692383
13776.770508 10632.092773
13795.178711 10637.479492
13813.584961 10642.852539
13831.989258 10648.211914
13850.391602 10653.557617
13868.791992 10658.889648
13887.190430 10664.208008
13905.586914 10669.512695
13923.981445 10674.803711
13942.373047 10680.081055
13960.762695 10685.344727
13979.150391 10690.594727
13997.536133 10695.831055
14015.919922 10701.053711
14034.301758 10706.262695
14052.681641 10711.458008
14071.059570 10716.639648
14089.435547 10721.808594
14107.809570 10726.963867
14126.181641 10732.105469
14144.551758 10737.233398
14162.919922 10742.347656
14181.286133 10747.448242
14199.650391 10752.535156
14218.012695 10757.608398
14236.373047 10762.667969
14254.731445 10767.713867
14273.087891 10772.746094
14291.442383 10777.764648
14309.794922 10782.769531
14328.150391 10787.766602
14346.506836 10792.753906
14364.865234 10797.731445
14383.224609 10802.700195
14401.585938 10807.659180
14419.949219 10812.608398
14438.313477 10817.547852
14456.679688 10822.477539
14475.046875 10827.398438
14493.416016 10832.309570
14511.786133 10837.210938
14530.158203 10842.102539
14548.531250 10846.984375
14566.906250 10851.857422
14585.282227 10856.720703
14603.660156 10861.574219
14622.039062 10866.417969
14640.419922 10871.251953
14658.801758 10876.077148
14677.185547 10880.892578
14695.571289 10885.698242
14713.958008 10890.494141
14732.346680 10895.280273
14750.736328 10900.057617
14769.127930 10904.825195
14787.520508 10909.583008
14805.915039 10914.331055
14824.310547 10919.069336
14842.708008 10923.798828
14861.106445 10928.518555
14879.506836 10933.228516
14897.908203 10937.928711
14916.311523 10942.619141
14934.716797 10947.300781
14953.123047 10951.972656
14971.531250 10956.634766
14989.940430 10961.287109
15008.351562 10965.929688
15026.763672 10970.562500
15045.177734 10975.186523
15063.597656 10979.793945
15082.022461 10984.386719
15100.452148 10988.965820
15118.886719 10993.530273
15137.325195 10998.080078
15155.768555 11002.616211
15174.216797 11007.137695
15192.669922 11011.645508
15211.127930 11016.138672
15229.589844 11020.618164
15248.056641 11025.083008
15266.528320 11029.533203
15285.004883 11033.969727
15303.486328 11038.391602
15321.972656 11042.799805
15340.462891 11047.193359
15358.958008 11051.573242
15377.458008 11055.938477
15395.962891 11060.290039
15414.472656 11064.626953
15432.986328 11068.949219
15451.504883 11073.257812
15470.028320 11077.551758
15488.556641 11081.832031
15507.089844 11086.097656
15525.626953 11090.349609
15544.168945 11094.586914
15562.715820 11098.809570
15581.267578 11103.018555
15599.824219 11107.212891
15618.385742 11111.393555
15636.951172 11115.559570
15655.521484 11119.711914
15674.096680 11123.849609
15692.676758 11127.972656
15711.261719 11132.082031
15729.850586 11136.176758
15748.444336 11140.257812
15767.042969 11144.324219
15785.646484 11148.376953
15804.350586 11152.422852
15823.124023 11156.458984
15841.966797 11160.486328
15860.878906 11164.503906
15879.859375 11168.511719
15898.909180 11172.510742
15918.028320 11176.500000
15937.215820 11180.480469
15956.472656 11184.451172
15975.798828 11188.413086
15995.193359 11192.365234
16014.657227 11196.308594
16034.190430 11200.242188
16053.791992 11204.166016
16073.462891 11208.081055
16093.203125 11211.986328
16113.011719 11215.882812
16132.889648 11219.769531
16152.836914 11223.647461
16172.852539 11227.515625
16192.937500 11231.375000
16213.091797 11235.224609
16233.314453 11239.065430
16253.606445 11242.896484
16273.967773 11246.717773
16294.398438 11250.530273
16314.897461 11254.333008
16335.465820 11258.126953
16356.103516 11261.911133
16376.809570 11265.686523
16397.583984 11269.452148
16418.427734 11273.208984
16439.341797 11276.956055
16460.324219 11280.693359
16481.375000 11284.421875
16502.496094 11288.140625
16523.685547 11291.850586
16544.943359 11295.550781
16566.271484 11299.242188
16587.667969 11302.923828
16609.167969 11306.576172
16630.759766 11310.205078
16652.443359 11313.811523
16674.218750 11317.394531
16696.085938 11320.955078
16718.042969 11324.492188
16740.091797 11328.006836
16762.232422 11331.498047
16784.464844 11334.966797
16806.789062 11338.412109
16829.205078 11341.834961
16851.712891 11345.235352
16874.312500 11348.612305
16897.003906 11351.966797
16919.787109 11355.297852
16942.662109 11358.606445
16965.628906 11361.891602
16988.687500 11365.154297
17011.837891 11368.393555
17035.080078 11371.610352
17058.414062 11374.803711
17081.837891 11377.974609
17105.353516 11381.122070
17128.960938 11384.247070
17152.660156 11387.348633
17176.451172 11390.427734
17200.333984 11393.483398
17224.308594 11396.516602
17248.375000 11399.526367
17272.533203 11402.513672
17296.783203 11405.478516
17321.125000 11408.419922
17345.558594 11411.338867
17370.083984 11414.234375
17394.701172 11417.107422
17419.410156 11419.957031
17444.210938 11422.784180
17469.101562 11425.587891
17494.083984 11428.369141
17519.158203 11431.126953
17544.328125 11433.887695
17569.591797 11436.642578
17594.949219 11439.391602
17620.400391 11442.134766
17645.947266 11444.872070
17671.587891 11447.603516
17697.322266 11450.329102
17723.150391 11453.048828
17749.072266 11455.763672
17775.087891 11458.472656
17801.197266 11461.175781
17827.400391 11463.873047
17853.699219 11466.564453
17880.091797 11469.250000
17906.578125 11471.929688
17933.158203 11474.603516
17959.832031 11477.271484
17986.599609 11479.933594
18013.460938 11482.589844
18040.416016 11485.240234
18067.466797 11487.884766
18094.611328 11490.523438
18121.849609 11493.156250
18149.181641 11495.783203
18176.607422 11498.405273
18204.126953 11501.021484
18231.740234 11503.631836
18259.449219 11506.236328
18287.251953 11508.834961
18315.148438 11511.427734
18343.138672 11514.014648
18371.222656 11516.595703
18399.400391 11519.170898
18427.671875 11521.740234
18456.037109 11524.303711
18484.498047 11526.861328
18513.052734 11529.413086
18541.701172 11531.958984
18570.443359 11534.499023
18599.279297 11537.033203
18628.162109 11539.529297
18657.109375 11541.998047
18686.119141 11544.438477
18715.191406 11546.851562
18744.328125 11549.237305
18773.527344 11551.594727
18802.789062 11553.924805
18832.115234 11556.227539
18861.503906 11558.501953
18890.955078 11560.749023
18920.470703 11562.967773
18950.048828 11565.159180
18979.689453 11567.323242
19009.392578 11569.458984
19039.160156 11571.567383
19068.990234 11573.648438
19098.882812 11575.701172
19128.839844 11577.726562
19158.859375 11579.724609
19188.941406 11581.694336
19219.087891 11583.636719
19249.296875 11585.551758
19279.568359 11587.438477
19309.904297 11589.297852
19340.302734 11591.129883
19370.763672 11592.933594
19401.287109 11594.709961
19431.875000 11596.458984
19462.525391 11598.179688
19493.238281 11599.873047
19524.015625 11601.539062
19554.855469 11603.176758
19585.757812 11604.787109
19616.724609 11606.370117
19647.753906 11607.924805
19678.845703 11609.452148
19710.001953 11610.952148
19741.220703 11612.423828
19772.501953 11613.868164
19803.845703 11615.285156
19835.222656 11616.669922
19866.642578 11618.024414
19898.105469 11619.347656
19929.611328 11620.640625
19961.158203 11621.903320
19992.748047 11623.134766
20024.380859 11624.335938
20056.056641 11625.506836
20087.775391 11626.646484
20119.537109 11627.755859
20151.341797 11628.834961
20183.187500 11629.882812
20215.076172 11630.900391
20247.007812 11631.887695
20278.982422 11632.844727
20311.000000 11633.770508
20343.060547 11634.666016
20375.162109 11635.531250
20407.306641 11636.365234
20439.494141 11637.168945
20471.724609 11637.942383
20503.998047 11638.684570
20536.314453 11639.396484
20568.673828 11640.078125
20601.074219 11640.728516
20633.517578 11641.348633
20666.003906 11641.938477
20698.533203 11642.498047
20731.105469 11643.026367
20763.720703 11643.524414
20796.378906 11643.992188
20829.078125 11644.428711
20861.820312 11644.834961
20894.605469 11645.210938
20927.433594 11645.555664
20960.304688 11645.870117
20993.218750 11646.154297
21026.173828 11646.407227
21059.171875 11646.629883
21092.212891 11646.822266
21125.306641 11647.011719
21158.449219 11647.188477
21191.642578 11647.352539
21224.884766 11647.504883
21258.175781 11647.644531
21291.515625 11647.771484
21324.906250 11647.886719
21358.345703 11647.989258
21391.833984 11648.080078
21425.371094 11648.158203
21458.958984 11648.223633
21492.595703 11648.277344
21526.281250 11648.318359
21560.015625 11648.346680
21593.800781 11648.363281
21627.634766 11648.367188
21661.517578 11648.359375
21695.449219 11648.338867
21729.429688 11648.305664
21763.460938 11648.260742
21797.541016 11648.203125
21831.669922 11648.133789
21865.847656 11648.051758
21900.076172 11647.957031
21934.353516 11647.850586
21968.679688 11647.731445
22003.054688 11647.599609
22037.480469 11647.456055
22071.955078 11647.299805
22106.478516 11647.131836
22141.050781 11646.951172
22175.673828 11646.757812
22210.345703 11646.552734
22245.066406 11646.334961
22279.835938 11646.104492
22314.656250 11645.862305
22349.525391 11645.607422
22384.443359 11645.340820
22419.410156 11645.061523
22454.427734 11644.769531
22489.494141 11644.466797
22524.609375 11644.152344
22559.773438 11643.827148
22594.986328 11643.490234
22630.250000 11643.141602
22665.562500 11642.781250
22700.923828 11642.410156
22736.333984 11642.027344
22771.794922 11641.632812
22807.304688 11641.227539
22842.863281 11640.810547
22878.470703 11640.381836
22914.126953 11639.941406
22949.833984 11639.490234
22985.589844 11639.027344
23021.394531 11638.552734
23057.248047 11638.066406
23093.150391 11637.569336
23129.103516 11637.060547
23165.105469 11636.540039
23201.156250 11636.008789
23237.255859 11635.465820
23273.406250 11634.911133
23309.605469 11634.344727
23345.853516 11633.767578
23382.150391 11633.178711
23418.496094 11632.578125
23454.892578 11631.965820
23491.337891 11631.342773
23527.832031 11630.708008
23564.375000 11630.061523
23600.966797 11629.404297
23637.609375 11628.735352
23674.300781 11628.054688
23711.041016 11627.362305
23747.830078 11626.659180
23784.669922 11625.944336
23821.558594 11625.217773
23858.496094 11624.480469
23895.482422 11623.731445
23932.519531 11622.963867
23969.605469 11622.180664
24006.740234 11621.380859
24043.925781 11620.565430
24081.160156 11619.733398
24118.445312 11618.885742
24155.779297 11618.022461
24193.162109 11617.142578
24230.595703 11616.247070
24268.078125 11615.334961
24305.609375 11614.407227
24343.191406 11613.463867
24380.822266 11612.503906
24418.501953 11611.528320
24456.232422 11610.536133
24494.011719 11609.528320
24531.841797 11608.503906
24569.720703 11607.463867
24607.648438 11606.408203
24645.626953 11605.335938
24683.654297 11604.248047
24721.730469 11603.143555
24759.857422 11602.023438
24798.033203 11600.887695
24836.259766 11599.735352
24874.535156 11598.567383
24912.859375 11597.382812
24951.234375 11596.182617
24989.658203 11594.966797
25028.130859 11593.734375
25066.654297 11592.486328
25105.226562 11591.221680
25143.847656 11589.941406
25182.519531 11588.645508
25221.240234 11587.333008
25260.011719 11586.004883
25298.832031 11584.660156
25337.701172 11583.299805
25376.621094 11581.922852
25415.589844 11580.530273
25454.582031 11579.130859
25493.605469 11577.720703
25532.660156 11576.300781
25571.746094 11574.871094
25610.863281 11573.430664
25650.013672 11571.980469
25689.195312 11570.520508
25728.408203 11569.049805
25767.652344 11567.569336
25806.927734 11566.079102
25846.234375 11564.578125
25885.574219 11563.067383
25924.945312 11561.546875
25964.347656 11560.015625
26003.781250 11558.474609
26043.246094 11556.923828
26082.744141 11555.362305
26122.273438 11553.791016
26161.833984 11552.209961
26201.425781 11550.618164
26241.048828 11549.016602
26280.703125 11547.405273
26320.390625 11545.783203
26360.109375 11544.151367
26399.859375 11542.509766
26439.640625 11540.857422
26479.453125 11539.195312
26519.298828 11537.523438
26559.175781 11535.840820
26599.083984 11534.148438
26639.023438 11532.445312
26678.994141 11530.732422
26718.996094 11529.009766
26759.031250 11527.276367
26799.097656 11525.533203
26839.195312 11523.780273
26879.324219 11522.016602
26919.484375 11520.243164
26959.675781 11518.459961
26999.900391 11516.666016
27040.160156 11514.864258
27080.453125 11513.053711
27120.779297 11511.233398
27161.140625 11509.404297
27201.535156 11507.566406
27241.964844 11505.719727
27282.427734 11503.863281
27322.923828 11501.998047
27363.455078 11500.124023
27404.019531 11498.241211
27444.619141 11496.349609
27485.251953 11494.448242
27525.917969 11492.538086
27566.619141 11490.619141
27607.353516 11488.691406
27648.123047 11486.754883
27688.925781 11484.808594
27729.761719 11482.853516
27770.632812 11480.889648
27811.537109 11478.916992
27852.476562 11476.934570
27893.449219 11474.943359
27934.455078 11472.943359
27975.496094 11470.934570
28016.570312 11468.916992
28057.679688 11466.889648
28098.822266 11464.853516
28139.998047 11462.808594
28181.208984 11460.754883
28222.453125 11458.691406
28263.732422 11456.619141
28305.044922 11454.538086
28346.390625 11452.448242
28387.771484 11450.349609
28429.185547 11448.241211
28470.632812 11446.124023
28512.115234 11443.998047
28553.630859 11441.863281
28595.181641 11439.719727
28636.765625 11437.566406
28678.380859 11435.409180
28720.027344 11433.247070
28761.705078 11431.079102
28803.414062 11428.905273
28845.154297 11426.726562
28886.927734 11424.541992
28928.732422 11422.351562
28970.568359 11420.155273
29012.435547 11417.954102
29054.335938 11415.747070
29096.267578 11413.534180
29138.230469 11411.316406
29180.224609 11409.092773
29222.250000 11406.863281
29264.308594 11404.627930
29306.398438 11402.387695
29348.519531 11400.141602
29390.671875 11397.889648
29432.855469 11395.632812
29475.072266 11393.370117
29517.320312 11391.101562
29559.599609 11388.827148
29601.910156 11386.547852
29644.251953 11384.262695
29686.626953 11381.971680
29729.033203 11379.675781
29771.470703 11377.374023
29813.939453 11375.066406
29856.439453 11372.753906
29898.972656 11370.435547
29941.537109 11368.111328
29984.132812 11365.781250
30026.759766 11363.446289
30069.417969 11361.105469
30112.109375 11358.758789
30154.832031 11356.407227
30197.585938 11354.049805
30240.371094 11351.686523
30283.187500 11349.317383
30326.037109 11346.943359
30368.916016 11344.559570
30411.824219 11342.166992
30454.763672 11339.766602
30497.732422 11337.357422
30540.732422 11334.940430
30583.761719 11332.514648
30626.822266 11330.080078
30669.912109 11327.637695
30713.033203 11325.186523
30756.183594 11322.727539
30799.365234 11320.259766
30842.576172 11317.784180
30885.818359 11315.299805
30929.089844 11312.807617
30972.392578 11310.306641
31015.724609 11307.797852
31059.087891 11305.280273
31102.480469 11302.753906
31145.904297 11300.219727
31189.357422 11297.676758
31232.841797 11295.125977
31276.355469 11292.566406
31319.900391 11289.999023
31363.474609 11287.422852
31407.080078 11284.838867
31450.714844 11282.246094
31494.380859 11279.644531
31538.076172 11277.035156
31581.802734 11274.416992
31625.558594 11271.791016
31669.345703 11269.156250
31713.162109 11266.513672
31757.009766 11263.862305
31800.886719 11261.203125
31844.794922 11258.535156
31888.732422 11255.858398
31932.701172 11253.173828
31976.699219 11250.480469
32020.728516 11247.779297
32064.787109 11245.069336
32108.861328 11242.353516
32152.955078 11239.630859
32197.068359 11236.901367
32241.203125 11234.165039
32285.357422 11231.421875
32329.531250 11228.671875
32373.724609 11225.915039
32417.937500 11223.151367
32462.171875 11220.380859
32506.425781 11217.603516
32550.699219 11214.819336
32594.992188 11212.028320
32639.304688 11209.230469
32683.638672 11206.425781
32727.992188 11203.614258
32772.367188 11200.795898
32816.761719 11197.970703
32861.175781 11195.138672
32905.609375 11192.299805
32950.062500 11189.454102
32994.535156 11186.601562
33039.027344 11183.742188
33083.539062 11180.875977
33128.070312 11178.002930
33172.625000 11175.123047
33217.199219 11172.236328
33261.792969 11169.342773
33306.406250 11166.442383
33351.039062 11163.535156
33395.691406 11160.621094
33440.363281 11157.700195
33485.054688 11154.772461
33529.765625 11151.837891
33574.496094 11148.896484
33619.250000 11145.948242
33664.023438 11142.993164
33708.816406 11140.031250
33753.628906 11137.062500
33798.460938 11134.086914
33843.312500 11131.103516
33888.171875 11128.110352
33933.039062 11125.107422
33977.917969 11122.094727
34022.808594 11119.073242
34067.707031 11116.041992
34112.617188 11113.000977
34157.539062 11109.951172
34202.468750 11106.891602
34247.410156 11103.823242
34292.363281 11100.745117
34337.324219 11097.657227
34382.296875 11094.560547
34427.281250 11091.454102
34472.273438 11088.337891
34517.277344 11085.212891
34562.292969 11082.078125
34607.320312 11078.934570
34652.355469 11075.781250
34697.402344 11072.618164
34742.460938 11069.446289
34787.527344 11066.264648
34832.605469 11063.073242
34877.695312 11059.873047
34922.792969 11056.663086
34967.902344 11053.444336
35013.023438 11050.215820
35058.152344 11046.977539
35103.292969 11043.730469
35148.445312 11040.473633
35193.605469 11037.207031
35238.777344 11033.931641
35283.960938 11030.646484
35329.152344 11027.352539
35374.355469 11024.048828
35419.570312 11020.735352
35464.792969 11017.413086
35510.027344 11014.081055
35555.273438 11010.739258
35600.531250 11007.388672
35645.796875 11004.028320
35691.078125 11000.649414
35736.371094 10997.254883
35781.679688 10993.844727
35827.000000 10990.418945
35872.332031 10986.977539
35917.679688 10983.520508
35963.039062 10980.047852
36008.414062 10976.559570
36053.800781 10973.055664
36099.199219 10969.536133
36144.613281 10966.000977
36190.039062 10962.450195
36235.480469 10958.883789
36280.933594 10955.301758
36326.398438 10951.704102
36371.878906 10948.090820
36417.371094 10944.461914
36462.875000 10940.817383
36508.394531 10937.157227
36553.925781 10933.481445
36599.472656 10929.790039
36645.031250 10926.083008
36690.601562 10922.360352
36736.187500 10918.622070
36781.785156 10914.868164
36827.398438 10911.098633
36873.023438 10907.313477
36918.660156 10903.512695
36964.312500 10899.696289
37009.976562 10895.864258
37055.652344 10892.016602
37101.343750 10888.153320
37147.046875 10884.274414
37192.765625 10880.379883
37238.496094 10876.469727
37284.238281 10872.543945
37329.996094 10868.602539
37375.765625 10864.645508
37421.550781 10860.672852
37467.347656 10856.684570
37513.152344 10852.685547
37558.964844 10848.673828
37604.789062 10844.649414
37650.621094 10840.612305
37696.464844 10836.562500
37742.316406 10832.500000
37788.179688 10828.424805
37834.050781 10824.336914
37879.933594 10820.236328
37925.824219 10816.123047
37971.726562 10811.997070
38017.636719 10807.858398
38063.558594 10803.707031
38109.488281 10799.542969
38155.429688 10795.366211
38201.378906 10791.176758
38247.339844 10786.974609
38293.308594 10782.759766
38339.285156 10778.532227
38385.273438 10774.291992
38431.269531 10770.039062
38477.277344 10765.773438
38523.292969 10761.495117
38569.320312 10757.204102
38615.355469 10752.900391
38661.402344 10748.583984
38707.457031 10744.254883
38753.523438 10739.913086
38799.597656 10735.558594
38845.683594 10731.191406
38891.777344 10726.811523
38937.882812 10722.418945
38983.996094 10718.013672
39030.121094 10713.595703
39076.253906 10709.165039
39122.394531 10704.721680
39168.546875 10700.265625
39214.707031 10695.796875
39260.878906 10691.315430
39307.058594 10686.821289
39353.246094 10682.309570
39399.441406 10677.782227
39445.644531 10673.239258
39491.851562 10668.680664
39538.066406 10664.105469
39584.289062 10659.514648
39630.519531 10654.908203
39676.757812 10650.286133
39723.003906 10645.647461
39769.257812 10640.993164
39815.515625 10636.323242
39861.781250 10631.637695
39908.054688 10626.935547
39954.335938 10622.217773
40000.625000 10617.484375
40046.921875 10612.735352
40093.222656 10607.969727
40139.531250 10603.188477
40185.847656 10598.391602
40232.171875 10593.579102
40278.503906 10588.750000
40324.843750 10583.905273
40371.191406 10579.044922
40417.542969 10574.168945
40463.902344 10569.276367
40510.269531 10564.368164
40556.644531 10559.444336
40603.027344 10554.504883
40649.417969 10549.548828
40695.816406 10544.577148
40742.218750 10539.589844
40788.628906 10534.586914
40835.046875 10529.567383
40881.472656 10524.532227
40927.906250 10519.481445
40974.347656 10514.414062
41020.792969 10509.331055
41067.246094 10504.232422
41113.707031 10499.118164
41160.175781 10493.987305
41206.652344 10488.854492
41253.136719 10483.714844
41299.628906 10478.568359
41346.128906 10473.415039
41392.636719 10468.254883
41439.152344 10463.087891
41485.675781 10457.914062
41532.207031 10452.733398
41578.746094 10447.545898
41625.292969 10442.351562
41671.847656 10437.150391
41718.410156 10431.942383
41764.980469 10426.727539
41811.558594 10421.505859
41858.144531 10416.277344
41904.738281 10411.041992
41951.339844 10405.799805
41997.949219 10400.550781
42044.566406 10395.294922
42091.191406 10390.032227
42137.824219 10384.762695
42184.464844 10379.486328
42231.113281 10374.203125
42277.769531 10368.913086
42324.433594 10363.616211
42371.105469 10358.312500
42417.785156 10353.001953
42464.472656 10347.684570
42511.167969 10342.360352
42557.871094 10337.029297
42604.582031 10331.691406
42651.300781 10326.346680
42698.027344 10320.995117
42744.761719 10315.636719
42791.503906 10310.271484
42838.253906 10304.899414
42885.011719 10299.521484
42931.777344 10294.136719
42978.550781 10288.745117
43025.332031 10283.346680
43072.136719 10277.923828
43118.960938 10272.481445
43165.804688 10267.020508
43212.664062 10261.541016
43259.542969 10256.042969
43306.441406 10250.526367
43353.355469 10244.991211
43400.289062 10239.437500
43447.242188 10233.865234
43494.210938 10228.274414
43541.199219 10222.665039
43588.207031 10217.037109
43635.230469 10211.390625
43682.273438 10205.725586
43729.335938 10200.041992
43776.414062 10194.339844
43823.511719 10188.619141
43870.628906 10182.879883
43917.761719 10177.122070
43964.914062 10171.345703
44012.085938 10165.550781
44059.273438 10159.737305
44106.480469 10153.905273
44153.707031 10148.054688
44200.949219 10142.185547
44248.210938 10136.297852
44295.492188 10130.391602
44342.789062 10124.466797
44390.105469 10118.523438
44437.441406 10112.561523
44484.792969 10106.581055
44532.164062 10100.582031
44579.554688 10094.564453
44626.960938 10088.528320
44674.386719 10082.473633
44721.832031 10076.400391
44769.292969 10070.308594
44816.773438 10064.198242
44864.273438 10058.069336
44911.789062 10051.921875
44959.304688 10045.761719
45006.828125 10039.586914
45054.359375 10033.398438
45101.898438 10027.195312
45149.445312 10020.977539
45196.996094 10014.745117
45244.554688 10008.499023
45292.121094 10002.238281
45339.695312 9995.962891
45387.273438 9989.672852
45434.859375 9983.369141
45482.453125 9977.050781
45530.054688 9970.717773
45577.664062 9964.370117
45625.277344 9958.008789
45672.898438 9951.632812
45720.527344 9945.242188
45768.164062 9938.836914
45815.804688 9932.417969
45863.453125 9925.984375
45911.109375 9919.536133
45958.773438 9913.073242
46006.441406 9906.596680
46054.117188 9900.105469
46101.800781 9893.599609
46149.492188 9887.079102
46197.191406 9880.544922
46244.894531 9873.996094
46292.605469 9867.432617
46340.324219 9860.854492
46388.050781 9854.262695
46435.781250 9847.656250
46483.519531 9841.035156
46531.265625 9834.399414
46579.019531 9827.750000
46626.781250 9821.085938
46674.546875 9814.407227
46722.320312 9807.713867
46770.101562 9801.006836
46817.890625 9794.285156
46865.703125 9787.562500
46913.531250 9780.833984
46961.378906 9774.100586
47009.246094 9767.361328
47057.128906 9760.616211
47105.031250 9753.866211
47152.953125 9747.110352
47200.890625 9740.348633
47248.847656 9733.582031
47296.824219 9726.809570
47344.816406 9720.031250
47392.828125 9713.248047
47440.859375 9706.458984
47488.906250 9699.664062
47536.972656 9692.864258
47585.058594 9686.058594
47633.160156 9679.247070
47681.281250 9672.430664
47729.421875 9665.608398
47777.582031 9658.780273
47825.757812 9651.947266
47873.953125 9645.108398
47922.167969 9638.263672
47970.398438 9631.414062
48018.648438 9624.558594
48066.917969 9617.697266
48115.203125 9610.831055
48163.507812 9603.958984
48211.832031 9597.081055
48260.171875 9590.198242
48308.531250 9583.309570
48356.910156 9576.415039
48405.304688 9569.515625
48453.718750 9562.610352
48502.152344 9555.700195
48550.601562 9548.784180
48599.070312 9541.862305
48647.558594 9534.935547
48696.062500 9528.002930
48744.585938 9521.064453
48793.121094 9514.106445
48841.667969 9507.133789
48890.230469 9500.146484
48938.804688 9493.144531
48987.394531 9486.127930
49035.996094 9479.095703
49084.613281 9472.048828
49133.242188 9464.987305
49181.886719 9457.911133
49230.546875 9450.820312
49279.218750 9443.713867
49327.906250 9436.592773
49376.605469 9429.457031
49425.320312 9422.306641
49474.046875 9415.141602
49522.789062 9407.961914
49571.542969 9400.766602
49620.312500 9393.556641
49669.093750 9386.332031
49717.890625 9379.092773
49766.699219 9371.838867
49815.523438 9364.569336
49864.359375 9357.285156
49913.210938 9349.986328
49962.074219 9342.672852
50010.953125 9335.344727
50059.843750 9328.001953
50108.750000 9320.643555
50157.667969 9313.270508
50206.601562 9305.882812
50255.546875 9298.480469
50304.507812 9291.063477
50353.480469 9283.631836
50402.468750 9276.184570
50451.468750 9268.722656
50500.484375 9261.246094
50549.511719 9253.754883
50598.554688 9246.249023
50647.609375 9238.727539
50696.679688 9231.191406
50745.757812 9223.634766
50794.847656 9216.059570
50843.949219 9208.464844
50893.062500 9200.851562
50942.187500 9193.219727
50991.324219 9185.569336
51040.472656 9177.899414
51089.632812 9170.210938
51138.800781 9162.503906
51187.980469 9154.778320
51237.171875 9147.033203
51286.375000 9139.269531
51335.589844 9131.487305
51384.816406 9123.686523
51434.054688 9115.866211
51483.304688 9108.027344
51532.562500 9100.169922
51581.832031 9092.293945
51631.113281 9084.398438
51680.406250 9076.484375
51729.710938 9068.551758
51779.027344 9060.600586
51828.355469 9052.629883
51877.695312 9044.640625
51927.042969 9036.632812
51976.402344 9028.606445
52025.773438 9020.560547
52075.156250 9012.496094
52124.550781 9004.413086
52173.957031 8996.311523
52223.375000 8988.190430
52272.804688 8980.050781
52322.242188 8971.892578
52371.691406 8963.715820
52421.152344 8955.519531
52470.625000 8947.304688
52520.109375 8939.071289
52569.605469 8930.819336
52619.113281 8922.547852
52668.632812 8914.257812
52718.156250 8905.958008
52767.687500 8897.644531
52817.222656 8889.318359
52866.765625 8880.979492
52916.316406 8872.626953
52965.875000 8864.261719
53015.441406 8855.883789
53065.011719 8847.492188
53114.589844 8839.087891
53164.175781 8830.669922
53213.769531 8822.239258
53263.371094 8813.795898
53312.976562 8805.338867
53362.589844 8796.869141
53412.210938 8788.386719
53461.839844 8779.890625
53511.476562 8771.381836
53561.121094 8762.860352
53610.769531 8754.325195
53660.425781 8745.777344
53710.089844 8737.215820
53759.761719 8728.641602
53809.441406 8720.054688
53859.125000 8711.454102
53908.816406 8702.840820
53958.515625 8694.214844
54008.222656 8685.575195
54057.937500 8676.922852
54107.656250 8668.257812
54157.382812 8659.579102
54207.117188 8650.887695
54256.859375 8642.182617
54306.609375 8633.464844
54356.363281 8624.734375
54406.125000 8615.990234
54455.894531 8607.233398
54505.671875 8598.463867
54555.457031 8589.680664
54605.246094 8580.884766
54655.042969 8572.076172
54704.839844 8563.243164
54754.640625 8554.389648
54804.445312 8545.516602
54854.250000 8536.623047
54904.058594 8527.708984
54953.871094 8518.775391
55003.683594 8509.821289
55053.500000 8500.846680
55103.320312 8491.852539
55153.140625 8482.837891
55202.964844 8473.802734
55252.792969 8464.747070
55302.621094 8455.671875
55352.453125 8446.576172
55402.289062 8437.459961
55452.125000 8428.324219
55501.964844 8419.167969
55551.808594 8409.991211
55601.652344 8400.793945
55651.500000 8391.577148
55701.351562 8382.339844
55751.203125 8373.082031
55801.058594 8363.804688
55850.917969 8354.506836
55900.777344 8345.188477
55950.640625 8335.849609
56000.507812 8326.491211
56050.375000 8317.112305
56100.246094 8307.712891
56150.121094 8298.293945
56199.996094 8288.854492
56249.875000 8279.394531
56299.757812 8269.914062
56349.640625 8260.414062
56399.527344 8250.893555
56449.417969 8241.352539
56499.308594 8231.791992
56549.203125 8222.210938
56599.101562 8212.609375
56649.000000 8202.988281
56698.882812 8193.330078
56748.757812 8183.640625
56798.625000 8173.920410
56848.480469 8164.168945
56898.328125 8154.386230
56948.167969 8144.572754
56998.000000 8134.728027
57047.820312 8124.852051
57097.632812 8114.945312
57147.437500 8105.007324
57197.230469 8095.038086
57247.015625 8085.038086
57296.792969 8075.006836
57346.558594 8064.944336
57396.316406 8054.850586
57446.066406 8044.726074
57495.804688 8034.570312
57545.535156 8024.383301
57595.257812 8014.165527
57644.968750 8003.916504
57694.671875 7993.636230
57744.367188 7983.325195
57794.050781 7972.982910
57843.726562 7962.609375
57893.394531 7952.205078
57943.050781 7941.769531
57992.699219 7931.302734
58042.339844 7920.804688
58091.968750 7910.275879
58141.589844 7899.715820
58191.203125 7889.124512
58240.804688 7878.502441
58290.398438 7867.849121
58339.984375 7857.164551
58389.558594 7846.449219
58439.125000 7835.702637
58488.683594 7824.924805
58538.234375 7814.116211
58587.773438 7803.276367
58637.304688 7792.405273
58686.828125 7781.518555
58736.343750 7770.610840
58785.851562 7759.682617
58835.351562 7748.733398
58884.843750 7737.763672
58934.328125 7726.772949
58983.804688 7715.761719
59033.273438 7704.729492
59082.734375 7693.676270
59132.187500 7682.602539
59181.632812 7671.507812
59231.070312 7660.392578
59280.500000 7649.256348
59329.921875 7638.099121
59379.335938 7626.921387
59428.742188 7615.722656
59478.140625 7604.503418
59527.531250 7593.263184
59576.914062 7582.001953
59626.289062 7570.720215
59675.656250 7559.417480
59725.015625 7548.094238
59774.367188 7536.750000
59823.710938 7525.384766
59873.046875 7513.999023
59922.375000 7502.592285
59971.695312 7491.165039
60021.007812 7479.716797
60070.312500 7468.247559
60119.609375 7456.757812
60168.898438 7445.247070
60218.179688 7433.715820
60267.453125 7422.163574
60316.718750 7410.590332
60365.976562 7398.996582
60415.226562 7387.381836
60464.468750 7375.746582
60513.703125 7364.090332
60562.929688 7352.413086
60612.148438 7340.715332
60661.359375 7328.997070
60710.566406 7317.258301
60759.765625 7305.498535
60808.957031 7293.718262
60858.140625 7281.917480
60907.316406 7270.096191
60956.488281 7258.254395
61005.652344 7246.391602
61054.808594 7234.508301
61103.957031 7222.604492
61153.101562 7210.680176
61202.238281 7198.735352
61251.367188 7186.770020
61300.488281 7174.783691
61349.601562 7162.776855
61398.710938 7150.749512
61447.812500 7138.701660
61496.906250 7126.633301
61545.992188 7114.543945
61595.070312 7102.434082
61644.144531 7090.303711
61693.210938 7078.152832
61742.269531 7065.981445
61791.320312 7053.789062
61840.363281 7041.576172
61889.402344 7029.342773
61938.433594 7017.088867
61987.457031 7004.814453
62036.472656 6992.519043
62085.480469 6980.203125
62134.484375 6967.866699
62183.480469 6955.509766
62232.468750 6943.132324
62281.449219 6930.734375
62330.425781 6918.315430
62379.394531 6905.875977
62428.355469 6893.416016
62477.308594 6880.935547
62526.253906 6868.434570
62575.195312 6855.912598
62624.128906 6843.361328
62673.058594 6830.783203
62721.984375 6818.178223
62770.902344 6805.546875
62819.816406 6792.888672
62868.726562 6780.204102
62917.628906 6767.492676
62966.527344 6754.754883
63015.421875 6741.990234
63064.308594 6729.198730
63113.191406 6716.380859
63162.070312 6703.536133
63210.941406 6690.665039
63259.808594 6677.767090
63308.671875 6664.842773
63357.527344 6651.891602
63406.378906 6638.913574
63455.226562 6625.909180
63504.066406 6612.877930
63552.902344 6599.820312
63601.734375 6586.735840
63650.558594 6573.624512
63699.378906 6560.486816
63748.195312 6547.322266
63797.003906 6534.131348
63845.808594 6520.913574
63894.609375 6507.669434
63943.402344 6494.398438
63992.191406 6481.100586
64040.972656 6467.776367
64089.750000 6454.425293
64138.523438 6441.047852
64187.289062 6427.643555
64236.050781 6414.212402
64284.808594 6400.754883
64333.558594 6387.270508
64382.304688 6373.759766
64431.046875 6360.222168
64479.781250 6346.658203
64528.511719 6333.067383
64577.253906 6319.444336
64626.000000 6305.790527
64674.750000 6292.106445
64723.503906 6278.391602
64772.265625 6264.646484
64821.031250 6250.871094
64869.800781 6237.064941
64918.578125 6223.228516
64967.359375 6209.361328
65016.144531 6195.463867
65064.933594 6181.536133
65113.730469 6167.577637
65162.531250 6153.588867
65211.335938 6139.569336
65260.144531 6125.519531
65308.960938 6111.439453
65357.781250 6097.328613
65406.605469 6083.187500
65455.437500 6069.015625
65504.273438 6054.813477
65553.117188 6040.580566
65601.960938 6026.317383
65650.812500 6012.023926
65699.664062 5997.699707
65748.523438 5983.345215
65797.390625 5968.959961
65846.257812 5954.544434
65895.132812 5940.098633
65944.015625 5925.622070
65992.898438 5911.115234
66041.789062 5896.577637
66090.687500 5882.009766
66139.585938 5867.411133
66188.492188 5852.782227
66237.398438 5838.123047
66286.312500 5823.433105
66335.234375 5808.712891
66384.156250 5793.961914
66433.085938 5779.180664
66482.023438 5764.369141
66530.898438 5749.568848
66579.726562 5734.766113
66628.515625 5719.960938
66677.265625 5705.152832
66725.976562 5690.342285
66774.648438 5675.529297
66823.281250 5660.713867
66871.867188 5645.895508
66920.414062 5631.074707
66968.921875 5616.251465
67017.390625 5601.425781
67065.820312 5586.597656
67114.210938 5571.766602
67162.554688 5556.933105
67210.859375 5542.097168
67259.125000 5527.258789
67307.351562 5512.417480
67355.539062 5497.573730
67403.679688 5482.727539
67451.781250 5467.878906
67499.843750 5453.027832
67547.867188 5438.173828
67595.851562 5423.317383
67643.796875 5408.458496
67691.695312 5393.597168
67739.554688 5378.732910
67787.375000 5363.866211
67835.156250 5348.997070
67882.898438 5334.125488
67930.601562 5319.251465
67978.257812 5304.374512
68025.875000 5289.495117
68073.453125 5274.613281
68120.992188 5259.729004
68168.492188 5244.841797
68215.953125 5229.952148
68263.367188 5215.060059
68310.742188 5200.165527
68358.078125 5185.268555
68405.375000 5170.368652
68452.757812 5155.422363
68500.179688 5140.444336
68547.640625 5125.435059
68595.148438 5110.394043
68642.695312 5095.321289
68690.289062 5080.216797
68737.921875 5065.080566
68785.593750 5049.912598
68833.312500 5034.712891
68881.070312 5019.481445
68928.875000 5004.218262
68976.718750 4988.923340
69024.609375 4973.596680
69072.539062 4958.238281
69120.507812 4942.848145
69168.523438 4927.426270
69216.578125 4911.972656
69264.679688 4896.487305
69312.820312 4880.970215
69361.000000 4865.421387
69409.226562 4849.840820
69457.492188 4834.228516
69505.804688 4818.584473
69554.156250 4802.908691
69602.554688 4787.201172
69650.992188 4771.461914
69699.468750 4755.690918
69747.992188 4739.888184
69796.554688 4724.053711
69845.164062 4708.187500
69893.812500 4692.289551
69942.500000 4676.359863
69991.234375 4660.398438
70040.007812 4644.405273
70088.828125 4628.380371
70137.687500 4612.323730
70186.593750 4596.235352
70235.539062 4580.115234
70284.523438 4563.963379
70333.554688 4547.780273
70382.671875 4531.583984
70431.867188 4515.368652
70481.140625 4499.134277
70530.484375 4482.880859
70579.906250 4466.608398
70629.398438 4450.316895
70678.968750 4434.006348
70728.617188 4417.676758
70778.335938 4401.328125
70828.132812 4384.960449
70878.000000 4368.573730
70927.945312 4352.167969
70977.960938 4335.743164
71028.054688 4319.299316
71078.226562 4302.836426
71128.468750 4286.354492
71178.789062 4269.853516
71229.179688 4253.333496
71279.648438 4236.794434
71330.195312 4220.236328
71380.812500 4203.659180
71431.507812 4187.062988
71482.273438 4170.447754
71533.117188 4153.813477
71584.039062 4137.160156
71635.031250 4120.487793
71686.101562 4103.796387
71737.242188 4087.085938
71788.460938 4070.356445
71839.750000 4053.607910
71891.117188 4036.840332
71942.562500 4020.053711
71994.078125 4003.248047
72045.671875 3986.423340
72097.335938 3969.579590
72149.078125 3952.716797
72200.898438 3935.834961
72252.789062 3918.934082
72304.757812 3902.014160
72356.796875 3885.075195
72408.898438 3868.122070
72461.062500 3851.153076
72513.289062 3834.168457
72565.578125 3817.167969
72617.929688 3800.151611
72670.343750 3783.119629
72722.820312 3766.071777
72775.359375 3749.008301
72827.960938 3731.928955
72880.625000 3714.833740
72933.351562 3697.722900
72986.140625 3680.596191
73038.992188 3663.453613
73091.906250 3646.295410
73144.882812 3629.121338
73197.921875 3611.931641
73251.023438 3594.726074
73304.187500 3577.504639
73357.414062 3560.267578
73410.703125 3543.014648
73464.054688 3525.745850
73517.468750 3508.461426
73570.945312 3491.161133
73624.484375 3473.845215
73678.085938 3456.513428
73731.750000 3439.165771
73785.484375 3421.802490
73839.281250 3404.423340
73893.140625 3387.028564
73947.062500 3369.617920
74001.046875 3352.191406
74055.093750 3334.749268
74109.203125 3317.291260
74163.375000 3299.817383
74217.609375 3282.327881
74271.906250 3264.822510
74326.265625 3247.301514
74380.687500 3229.764648
74435.171875 3212.211914
74489.718750 3194.643555
74544.296875 3177.040283
74598.914062 3159.408447
74653.578125 3141.748291
74708.281250 3124.059570
74763.023438 3106.342285
74817.804688 3088.596436
74872.632812 3070.822266
74927.500000 3053.019531
74982.406250 3035.188232
75037.359375 3017.328369
75092.351562 2999.440186
75147.382812 2981.523438
75202.460938 2963.578125
75257.578125 2945.604248
75312.734375 2927.602051
75367.937500 2909.571289
75423.179688 2891.511963
75478.460938 2873.424072
75533.781250 2855.307861
75589.148438 2837.163086
75644.554688 2818.989746
75700.000000 2800.788086
75755.492188 2782.557861
75811.023438 2764.299072
75866.593750 2746.011719
75922.210938 2727.696045
75977.867188 2709.351807
76033.562500 2690.979004
76089.304688 2672.577637
76145.085938 2654.147949
76200.906250 2635.689697
76256.765625 2617.202881
76312.671875 2598.687500
76368.617188 2580.143799
76424.601562 2561.571533
76480.632812 2542.970703
76536.703125 2524.341553
76592.812500 2505.683838
76648.968750 2486.997559
76705.164062 2468.282715
76761.359375 2449.567139
76817.570312 2430.841553
76873.789062 2412.105957
76930.023438 2393.360107
76986.273438 2374.604248
77042.539062 2355.838379
77098.812500 2337.062500
77155.101562 2318.276611
77211.406250 2299.480713
77267.726562 2280.674561
77324.054688 2261.858398
77380.398438 2243.032227
77436.757812 2224.196045
77493.125000 2205.349854
77549.507812 2186.493652
77605.906250 2167.627197
77662.320312 2148.750732
77718.742188 2129.864258
77775.179688 2110.967773
77831.632812 2092.061279
77888.101562 2073.144775
77944.578125 2054.218262
78001.070312 2035.281616
78057.578125 2016.334839
78114.101562 1997.378052
78170.632812 1978.411255
78227.179688 1959.434326
78283.742188 1940.447388
78340.312500 1921.450439
78396.898438 1902.443359
78453.500000 1883.426270
78510.117188 1864.399170
78566.742188 1845.361938
78623.382812 1826.314697
78680.039062 1807.257446
78736.710938 1788.190063
78793.390625 1769.112671
78850.085938 1750.025269
78906.796875 1730.927734
78963.523438 1711.820190
79020.312500 1692.701050
79077.148438 1673.570801
79134.039062 1654.429443
79190.976562 1635.276978
79247.960938 1616.113403
79304.992188 1596.938721
79362.078125 1577.752930
79419.210938 1558.556030
79476.390625 1539.348022
79533.617188 1520.128906
79590.898438 1500.898682
79648.226562 1481.657471
79705.601562 1462.405151
79763.023438 1443.141724
79820.500000 1423.867188
79878.023438 1404.581543
79935.593750 1385.284790
79993.210938 1365.976929
80050.882812 1346.657959
80108.601562 1327.327881
80166.367188 1307.986694
80224.187500 1288.634399
80282.054688 1269.270996
80339.968750 1249.896484
80397.929688 1230.510864
80455.945312 1211.114136
80514.007812 1191.706299
80572.117188 1172.287476
80630.273438 1152.857544
80688.484375 1133.416504
80746.742188 1113.964355
80805.046875 1094.501099
80863.398438 1075.026733
80921.804688 1055.541260
80980.257812 1036.044678
81038.757812 1016.536987
81097.304688 997.018188
81155.906250 977.488281
81214.554688 957.947266
81273.250000 938.395203
81331.976562 918.828064
81390.734375 899.247131
81449.531250 879.652466
81508.367188 860.044067
81567.234375 840.421875
81626.140625 820.785950
81685.078125 801.136292
81744.054688 781.472900
81803.062500 761.795715
81862.109375 742.104797
81921.195312 722.400146
81980.312500 702.681763
82039.468750 682.949585
82098.656250 663.203674
82157.882812 643.444031
82217.140625 623.670593
82276.437500 603.883423
82335.773438 584.082520
82395.140625 564.267883
82454.546875 544.439453
82513.984375 524.597290
82573.460938 504.741364
82632.968750 484.871704
82692.515625 464.988281
82752.101562 445.091125
82811.718750 425.180206
82871.375000 405.255554
82931.062500 385.317139
82990.789062 365.364990
83050.546875 345.399078
83110.343750 325.419403
83170.179688 305.425995
83230.046875 285.418823
83289.953125 265.397919
83349.890625 245.363251
83409.867188 225.314835
83469.875000 205.252670
83529.921875 185.176758
83590.007812 165.087097
83650.125000 144.983688
83710.257812 124.853439
83770.414062 104.700714
83830.593750 84.525513
83890.796875 64.327835
83951.023438 44.107689
84011.273438 23.865067
84071.546875 3.599970
84131.843750 -16.687601
84192.164062 -36.997646
84252.507812 -57.330166
84312.875000 -77.685158
84373.265625 -98.062622
84433.679688 -118.462563
84494.117188 -138.884979
84554.578125 -159.329865
84615.062500 -179.797226
84675.570312 -200.287064
84736.101562 -220.799377
84796.656250 -241.334167
84857.234375 -261.891418
84917.835938 -282.471161
84978.460938 -303.073364
85039.109375 -323.698059
85099.781250 -344.345215
85160.476562 -365.014862
85221.195312 -385.706970
85281.937500 -406.421539
85342.703125 -427.158600
85403.492188 -447.918121
85464.304688 -468.700134
85525.140625 -489.504608
85586.000000 -510.331573
85646.882812 -531.181030
85707.789062 -552.052917
85768.718750 -572.947266
85829.671875 -593.864136
85890.648438 -614.803467
85951.648438 -635.765259
86012.671875 -656.749512
86073.718750 -677.756287
86134.773438 -698.772522
86195.843750 -719.802612
86256.929688 -740.846497
86318.031250 -761.904236
86379.140625 -782.975769
86440.265625 -804.061157
86501.406250 -825.160339
86562.562500 -846.273376
86623.726562 -867.400208
86684.906250 -888.540894
86746.101562 -909.695374
86807.312500 -930.863708
86868.539062 -952.045837
86929.773438 -973.241821
86991.023438 -994.451599
87052.289062 -1015.675232
87113.570312 -1036.912720
87174.859375 -1058.163940
87236.164062 -1079.429077
87297.484375 -1100.708008
87358.820312 -1122.000732
87420.164062 -1143.307251
87481.523438 -1164.627686
87542.898438 -1185.961914
87604.289062 -1207.309937
87665.695312 -1228.671753
87727.109375 -1250.047485
87788.539062 -1271.437012
87849.984375 -1292.840332
87911.445312 -1314.257446
87972.914062 -1335.688477
88034.398438 -1357.133301
88095.898438 -1378.591919
88157.414062 -1400.064331
88218.937500 -1421.550659
88280.476562 -1443.050781
88342.031250 -1464.564697
88403.601562 -1486.092407
88465.187500 -1507.634033
88526.781250 -1529.189453
88588.406250 -1550.772217
88650.062500 -1572.377808
88711.742188 -1594.006226
88773.453125 -1615.657471
88835.187500 -1637.331543
88896.945312 -1659.028442
88958.734375 -1680.748169
89020.546875 -1702.490723
89082.382812 -1724.256104
89144.250000 -1746.044312
89206.140625 -1767.855347
89268.062500 -1789.689209
89330.007812 -1811.545898
89391.976562 -1833.425293
89453.976562 -1855.327515
89516.000000 -1877.252563
89578.046875 -1899.200439
89640.125000 -1921.171143
89702.226562 -1943.164673
89764.359375 -1965.181030
89826.515625 -1987.220215
89888.695312 -2009.282227
89950.906250 -2031.367065
90013.140625 -2053.474854
90075.398438 -2075.605469
90137.687500 -2097.758789
90200.000000 -2119.935059
90262.343750 -2142.134033
90324.710938 -2164.355957
90387.101562 -2186.600586
90449.523438 -2208.868164
90511.968750 -2231.158447
90574.437500 -2253.471680
90636.937500 -2275.807617
90699.460938 -2298.166504
90762.015625 -2320.548096
90824.593750 -2342.952637
90887.195312 -2365.379883
90949.828125 -2387.830078
91012.484375 -2410.302979
91075.234375 -2432.804443
91138.062500 -2455.332764
91200.960938 -2477.887695
91263.937500 -2500.469238
91326.984375 -2523.077637
91390.101562 -2545.712646
91453.296875 -2568.374512
91516.562500 -2591.062988
91579.898438 -2613.778076
91643.312500 -2636.520020
91706.796875 -2659.288574
91770.351562 -2682.083740
91833.984375 -2704.905762
91897.687500 -2727.754395
91961.468750 -2750.629639
92025.320312 -2773.531738
92089.242188 -2796.460449
92153.242188 -2819.415771
92217.312500 -2842.397949
92281.453125 -2865.406738
92345.671875 -2888.442383
92409.960938 -2911.504639
92474.328125 -2934.593506
92538.765625 -2957.709229
92603.273438 -2980.851562
92667.859375 -3004.020508
92732.515625 -3027.216309
92797.242188 -3050.438721
92862.046875 -3073.687744
92926.921875 -3096.963623
92991.875000 -3120.266113
93056.898438 -3143.595215
93121.992188 -3166.951172
93187.164062 -3190.333740
93252.406250 -3213.743164
93317.718750 -3237.179199
93383.109375 -3260.641846
93448.570312 -3284.131348
93514.109375 -3307.647461
93579.718750 -3331.190186
93645.437500 -3354.760254
93711.257812 -3378.357178
93777.171875 -3401.981201
93843.187500 -3425.632080
93909.296875 -3449.310059
93975.507812 -3473.015137
94041.812500 -3496.747070
94108.218750 -3520.506104
94174.718750 -3544.291992
94241.320312 -3568.104980
94308.015625 -3591.944824
94374.812500 -3615.811768
94441.703125 -3639.705811
94508.695312 -3663.626709
94575.781250 -3687.574707
94642.968750 -3711.549561
94710.257812 -3735.551514
94777.640625 -3759.580566
94845.125000 -3783.636475
94912.703125 -3807.719482
94980.382812 -3831.829346
95048.156250 -3855.966309
95116.031250 -3880.130371
95184.000000 -3904.321289
95252.070312 -3928.539307
95320.234375 -3952.784180
95388.500000 -3977.056152
95456.859375 -4001.355225
95525.320312 -4025.681152
95593.875000 -4050.034180
95662.531250 -4074.414062
95731.281250 -4098.820801
95800.132812 -4123.254883
95869.078125 -4147.715820
95938.125000 -4172.203613
96007.273438 -4196.718750
96076.515625 -4221.260742
96145.859375 -4245.829590
96215.296875 -4270.425781
96284.835938 -4295.048828
96354.421875 -4319.670898
96424.070312 -4344.301270
96493.781250 -4368.940430
96563.562500 -4393.587891
96633.406250 -4418.243652
96703.312500 -4442.907715
96773.281250 -4467.580566
96843.320312 -4492.261719
96913.421875 -4516.951172
96983.585938 -4541.648926
97053.812500 -4566.355469
97124.109375 -4591.070312
97194.468750 -4615.793457
97264.890625 -4640.524902
97335.375000 -4665.265137
97405.929688 -4690.013672
97476.546875 -4714.770508
97547.226562 -4739.535645
97617.968750 -4764.309570
97688.781250 -4789.091797
97759.656250 -4813.882324
97830.593750 -4838.681152
97901.593750 -4863.488770
97972.664062 -4888.304688
98043.796875 -4913.128906
98114.992188 -4937.961426
98186.257812 -4962.802734
98257.585938 -4987.652344
98328.976562 -5012.510254
98400.429688 -5037.376465
98471.953125 -5062.251465
98543.539062 -5087.134766
98615.187500 -5112.026367
98686.898438 -5136.926270
98758.679688 -5161.834961
98830.523438 -5186.751953
98902.429688 -5211.677246
98974.398438 -5236.610840
99046.437500 -5261.553223
99118.539062 -5286.503906
99190.734375 -5311.460938
99263.015625 -5336.425293
99335.382812 -5361.396484
99407.835938 -5386.375000
99480.375000 -5411.360352
99553.000000 -5436.353027
99625.710938 -5461.352539
99698.507812 -5486.359375
99771.382812 -5511.373047
99844.343750 -5536.394043
99917.390625 -5561.422363
99990.523438 -5586.457520
100063.742188 -5611.500000
100137.046875 -5636.549316
100210.437500 -5661.605957
100283.914062 -5686.669434
100357.476562 -5711.740234
100431.125000 -5736.817871
100504.859375 -5761.902832
100578.679688 -5786.994629
100652.578125 -5812.093750
100726.562500 -5837.199707
100800.632812 -5862.312988
100874.789062 -5887.433594
100949.031250 -5912.561035
101023.359375 -5937.695801
101097.773438 -5962.837402
101172.273438 -5987.986328
101246.859375 -6013.142090
101321.531250 -6038.305176
101396.289062 -6063.475098
101471.132812 -6088.652344
101546.054688 -6113.836426
101621.062500 -6139.027832
101696.156250 -6164.226562
101771.335938 -6189.432129
101846.601562 -6214.645020
101921.953125 -6239.864746
101997.390625 -6265.091797
102072.914062 -6290.325684
102148.515625 -6315.595703
102224.203125 -6340.892090
102299.968750 -6366.214844
102375.820312 -6391.563965
102451.757812 -6416.939453
102527.773438 -6442.341309
102603.875000 -6467.769531
102680.054688 -6493.224121
102756.320312 -6518.705078
102832.664062 -6544.212402
102909.093750 -6569.746094
102985.609375 -6595.306152
103062.203125 -6620.892578
103138.882812 -6646.505371
103215.640625 -6672.144531
103292.484375 -6697.810059
103369.406250 -6723.501953
103446.414062 -6749.220215
103523.507812 -6774.964844
103600.679688 -6800.735840
103677.937500 -6826.533203
103755.273438 -6852.356934
103832.695312 -6878.207031
103910.195312 -6904.083496
103987.781250 -6929.986328
104065.453125 -6955.915527
104143.203125 -6981.871094
104221.039062 -7007.853027
104298.953125 -7033.861328
104376.953125 -7059.895996
104455.031250 -7085.957031
104533.195312 -7112.044434
104611.445312 -7138.158203
104689.773438 -7164.298340
104768.187500 -7190.464844
104846.679688 -7216.658203
104925.257812 -7242.877930
105003.914062 -7269.124023
105082.656250 -7295.396484
105161.484375 -7321.695312
105240.335938 -7348.000977
105319.234375 -7374.320312
105398.187500 -7400.652832
105477.187500 -7426.999023
105556.234375 -7453.358887
105635.328125 -7479.731934
105714.468750 -7506.118652
105793.656250 -7532.519043
105872.890625 -7558.932617
105952.171875 -7585.359863
106031.500000 -7611.800781
106110.875000 -7638.254883
106190.296875 -7664.722656
106269.773438 -7691.203613
106349.296875 -7717.698242
106428.867188 -7744.206543
106508.484375 -7770.728027
106588.148438 -7797.263184
106667.859375 -7823.812012
106747.617188 -7850.374023
106827.421875 -7876.949707
106907.273438 -7903.539062
106987.171875 -7930.141602
107067.117188 -7956.757812
107147.117188 -7983.387695
107227.164062 -8010.030762
107307.257812 -8036.687500
107387.398438 -8063.357910
107467.585938 -8090.041504
107547.820312 -8116.738770
107628.101562 -8143.449219
107708.429688 -8170.173340
107788.804688 -8196.911133
107869.226562 -8223.662109
107949.695312 -8250.426758
108030.218750 -8277.205078
108110.789062 -8303.997070
108191.406250 -8330.802734
108272.070312 -8357.621094
108352.781250 -8384.453125
108433.554688 -8411.302734
108514.382812 -8438.167969
108595.265625 -8465.049805
108676.210938 -8491.947266
108757.210938 -8518.861328
108838.265625 -8545.791016
108919.375000 -8572.737305
109000.546875 -8599.699219
109081.773438 -8626.677734
109163.054688 -8653.671875
109244.398438 -8680.682617
109325.796875 -8707.708984
109407.250000 -8734.751953
109488.757812 -8761.810547
109570.328125 -8788.885742
109651.953125 -8815.976562
109733.632812 -8843.083984
109815.367188 -8870.207031
109897.164062 -8897.346680
109979.015625 -8924.501953
110060.921875 -8951.673828
110142.890625 -8978.861328
110224.914062 -9006.065430
110306.992188 -9033.285156
110389.125000 -9060.521484
110471.320312 -9087.773438
110553.570312 -9115.041992
110635.875000 -9142.326172
110718.234375 -9169.626953
110800.656250 -9196.943359
110883.132812 -9224.276367
110965.664062 -9251.625000
111048.257812 -9278.990234
111130.906250 -9306.371094
111213.609375 -9333.768555
111296.367188 -9361.181641
111379.187500 -9388.610352
111462.062500 -9416.055664
111544.992188 -9443.516602
111627.984375 -9470.994141
111711.007812 -9498.472656
111794.070312 -9525.958008
111877.171875 -9553.449219
111960.312500 -9580.947266
112043.492188 -9608.451172
112126.710938 -9635.961914
112209.968750 -9663.478516
112293.265625 -9691.001953
112376.601562 -9718.531250
112459.984375 -9746.067383
112543.406250 -9773.609375
112626.867188 -9801.158203
112710.367188 -9828.712891
112793.906250 -9856.274414
112877.484375 -9883.841797
112961.101562 -9911.416016
113044.757812 -9938.996094
113128.453125 -9966.583008
113212.195312 -9994.175781
113295.976562 -10021.775391
113379.796875 -10049.380859
113463.656250 -10076.993164
113547.554688 -10104.611328
113631.492188 -10132.236328
113715.468750 -10159.867188
113799.484375 -10187.504883
113883.539062 -10215.149414
113967.640625 -10242.799805
114051.781250 -10270.457031
114135.960938 -10298.120117
114220.179688 -10325.790039
114304.437500 -10353.465820
114388.734375 -10381.148438
114473.070312 -10408.836914
114557.445312 -10436.532227
114641.859375 -10464.233398
114726.320312 -10491.941406
114810.820312 -10519.655273
114895.359375 -10547.375977
114979.937500 -10575.102539
115064.562500 -10602.848633
115149.234375 -10630.609375
115233.960938 -10658.385742
115318.734375 -10686.176758
115403.554688 -10713.983398
115488.421875 -10741.804688
115573.335938 -10769.641602
115658.296875 -10797.493164
115743.304688 -10825.360352
115828.359375 -10853.242188
115913.460938 -10881.139648
115998.609375 -10909.051758
116083.804688 -10936.979492
116169.046875 -10964.921875
116254.335938 -10992.878906
116339.671875 -11020.851562
116425.054688 -11048.838867
116510.484375 -11076.841797
116595.960938 -11104.859375
116681.492188 -11132.892578
116767.070312 -11160.940430
116852.695312 -11189.003906
116938.367188 -11217.082031
117024.085938 -11245.175781
117109.851562 -11273.284180
117195.664062 -11301.408203
117281.523438 -11329.546875
117367.429688 -11357.700195
117453.382812 -11385.869141
117539.382812 -11414.052734
117625.429688 -11442.251953
117711.523438 -11470.465820
117797.664062 -11498.695312
117883.851562 -11526.939453
117970.085938 -11555.199219
118056.375000 -11583.473633
118142.710938 -11611.763672
118229.093750 -11640.068359
118315.523438 -11668.388672
118402.000000 -11696.723633
118488.515625 -11725.075195
118575.070312 -11753.443359
118661.664062 -11781.828125
118748.304688 -11810.229492
118834.984375 -11838.646484
118921.703125 -11867.080078
119008.468750 -11895.530273
119095.273438 -11923.996094
119182.117188 -11952.478516
119269.007812 -11980.977539
119355.937500 -12009.493164
119442.906250 -12038.024414
119529.921875 -12066.572266
119616.976562 -12095.136719
119704.070312 -12123.716797
119791.210938 -12152.313477
119878.390625 -12180.926758
119965.609375 -12209.556641
120052.875000 -12238.202148
120140.179688 -12266.864258
120227.523438 -12295.542969
120314.914062 -12324.237305
120402.343750 -12352.948242
120489.812500 -12381.675781
120577.328125 -12410.419922
120664.882812 -12439.179688
120752.476562 -12467.956055
120840.109375 -12496.749023
120927.789062 -12525.557617
121015.507812 -12554.382812
121103.265625 -12583.224609
121191.070312 -12612.083008
121278.914062 -12640.957031
121366.796875 -12669.847656
121454.726562 -12698.754883
121542.695312 -12727.677734
121630.703125 -12756.617188
121718.757812 -12785.573242
121806.851562 -12814.545898
121894.984375 -12843.534180
121983.164062 -12872.541992
122071.390625 -12901.568359
122159.664062 -12930.613281
122247.976562 -12959.676758
122336.335938 -12988.757812
122424.742188 -13017.857422
122513.187500 -13046.975586
122601.679688 -13076.112305
122690.218750 -13105.267578
122778.796875 -13134.441406
122867.421875 -13163.632812
122956.093750 -13192.842773
123044.804688 -13222.071289
123133.562500 -13251.318359
123222.367188 -13280.583984
123311.210938 -13309.867188
123400.101562 -13339.168945
123489.039062 -13368.489258
123578.015625 -13397.828125
123667.039062 -13427.185547
123756.109375 -13456.561523
123845.218750 -13485.955078
123934.375000 -13515.367188
124023.578125 -13544.797852
124112.820312 -13574.247070
124202.109375 -13603.714844
124291.445312 -13633.200195
124380.820312 -13662.704102
124470.242188 -13692.226562
124559.710938 -13721.767578
124649.218750 -13751.327148
124738.773438 -13780.904297
124828.375000 -13810.500000
124918.015625 -13840.114258
125007.703125 -13869.747070
125097.437500 -13899.398438
125187.210938 -13929.068359
125277.031250 -13958.755859
125366.898438 -13988.461914
125456.804688 -14018.186523
125546.757812 -14047.928711
125636.750000 -14077.689453
125726.789062 -14107.467773
125816.867188 -14137.264648
125906.984375 -14167.079102
125997.148438 -14196.912109
126087.351562 -14226.762695
126177.601562 -14256.631836
126267.890625 -14286.518555
126358.226562 -14316.422852
126448.601562 -14346.345703
126539.015625 -14376.286133
126629.476562 -14406.245117
126719.976562 -14436.221680
126810.523438 -14466.216797
126901.109375 -14496.229492
126991.742188 -14526.260742
127082.414062 -14556.309570
127173.125000 -14586.376953
127263.882812 -14616.461914
127354.679688 -14646.564453
127445.523438 -14676.685547
127536.406250 -14706.824219
127627.335938 -14736.981445
127718.304688 -14767.156250
127809.312500 -14797.349609
127900.367188 -14827.560547
127991.460938 -14857.790039
128082.601562 -14888.037109
128173.781250 -14918.302734
128265.007812 -14948.585938
128356.273438 -14978.886719
128447.578125 -15009.206055
128538.929688 -15039.542969
128630.320312 -15069.898438
128721.757812 -15100.271484
128813.234375 -15130.663086
128904.757812 -15161.072266
128996.320312 -15191.500000
129087.921875 -15221.945312
129179.562500 -15252.409180
129271.242188 -15282.890625
129362.960938 -15313.389648
129454.718750 -15343.907227
129546.515625 -15374.442383
129638.351562 -15404.996094
129730.226562 -15435.567383
129822.140625 -15466.157227
129914.093750 -15496.764648
130006.085938 -15527.389648
130098.117188 -15558.033203
130190.187500 -15588.694336
130282.289062 -15619.374023
130374.429688 -15650.071289
130466.609375 -15680.787109
130558.828125 -15711.520508
130651.085938 -15742.271484
130743.382812 -15773.041016
130835.718750 -15803.828125
130928.093750 -15834.633789
131020.507812 -15865.457031
131112.953125 -15896.298828
131205.437500 -15927.158203
131297.968750 -15958.035156
131390.531250 -15988.930664
131483.140625 -16019.843750
131575.781250 -16050.775391
131668.468750 -16081.724609
131761.187500 -16112.692383
131853.953125 -16143.677734
131946.750000 -16174.681641
132039.593750 -16205.703125
132132.468750 -16236.742188
132225.390625 -16267.799805
132318.343750 -16298.875000
132411.343750 -16329.968750
132504.375000 -16361.080078
132597.453125 -16392.208984
132690.562500 -16423.355469
132783.703125 -16454.521484
132876.890625 -16485.707031
132970.109375 -16516.910156
133063.359375 -16548.132812
133156.656250 -16579.375000
133249.984375 -16610.636719
133343.343750 -16641.916016
133436.734375 -16673.214844
133530.171875 -16704.533203
133623.640625 -16735.869141
133717.140625 -16767.224609
133810.671875 -16798.599609
133904.250000 -16829.994141
133997.859375 -16861.406250
134091.500000 -16892.837891
134185.187500 -16924.289062
134278.906250 -16955.757812
134372.656250 -16987.246094
134466.437500 -17018.753906
134560.265625 -17050.281250
134654.125000 -17081.826172
134748.015625 -17113.390625
134841.953125 -17144.974609
134935.921875 -17176.576172
135029.921875 -17208.197266
135123.953125 -17239.837891
135218.031250 -17271.498047
135312.140625 -17303.175781
135406.281250 -17334.873047
135500.468750 -17366.589844
135594.687500 -17398.324219
135688.937500 -17430.078125
135783.218750 -17461.851562
135877.546875 -17493.644531
135971.906250 -17525.455078
136066.296875 -17557.285156
136160.718750 -17589.134766
136255.187500 -17621.001953
136349.687500 -17652.888672
136444.218750 -17684.794922
136538.796875 -17716.720703
136633.406250 -17748.667969
136728.046875 -17780.634766
136822.734375 -17812.623047
136917.453125 -17844.630859
137012.218750 -17876.660156
137107.015625 -17908.710938
137201.843750 -17940.781250
137296.718750 -17972.873047
137391.625000 -18004.986328
137486.578125 -18037.119141
137581.562500 -18069.273438
137676.578125 -18101.447266
137771.640625 -18133.642578
137866.734375 -18165.859375
137961.875000 -18198.095703
138057.046875 -18230.353516
138152.265625 -18262.632812
138247.515625 -18294.931641
138342.796875 -18327.251953
138438.125000 -18359.591797
138533.484375 -18391.953125
138628.890625 -18424.335938
138724.328125 -18456.738281
138819.796875 -18489.162109
138915.312500 -18521.607422
139010.859375 -18554.072266
139106.453125 -18586.558594
139202.078125 -18619.064453
139297.734375 -18651.591797
139393.437500 -18684.140625
139489.171875 -18716.708984
139584.953125 -18749.298828
139680.765625 -18781.910156
139776.609375 -18814.541016
139872.500000 -18847.193359
139968.421875 -18879.865234
140064.390625 -18912.558594
140160.390625 -18945.273438
140256.421875 -18978.007812
140352.500000 -19010.763672
140448.625000 -19043.546875
140544.781250 -19076.355469
140640.984375 -19109.189453
140737.234375 -19142.048828
140833.531250 -19174.933594
140929.875000 -19207.843750
141026.250000 -19240.777344
141122.671875 -19273.736328
141219.140625 -19306.720703
141315.656250 -19339.730469
141412.203125 -19372.765625
141508.796875 -19405.826172
141605.437500 -19438.912109
141702.125000 -19472.023438
141798.843750 -19505.160156
141895.609375 -19538.322266
141992.421875 -19571.509766
142089.281250 -19604.722656
142186.171875 -19637.958984
142283.109375 -19671.220703
142380.093750 -19704.507812
142477.125000 -19737.820312
142574.203125 -19771.158203
142671.312500 -19804.521484
142768.468750 -19837.910156
142865.671875 -19871.324219
142962.921875 -19904.763672
143060.203125 -19938.228516
143157.531250 -19971.718750
143254.906250 -20005.234375
143352.328125 -20038.773438
143449.781250 -20072.337891
143547.281250 -20105.927734
143644.828125 -20139.542969
143742.421875 -20173.183594
143840.046875 -20206.849609
143937.718750 -20240.541016
144035.437500 -20274.257812
144133.203125 -20308.000000
144231.000000 -20341.767578
144328.843750 -20375.558594
144426.734375 -20409.373047
144524.656250 -20443.212891
144622.625000 -20477.076172
144720.625000 -20510.964844
144818.671875 -20544.876953
144916.765625 -20578.814453
145014.890625 -20612.775391
145113.062500 -20646.761719
145211.265625 -20680.771484
145309.515625 -20714.806641
145407.812500 -20748.865234
145506.140625 -20782.949219
145604.515625 -20817.056641
145702.921875 -20851.189453
145801.375000 -20885.345703
145899.875000 -20919.527344
145998.406250 -20953.732422
146096.984375 -20987.962891
146195.593750 -21022.216797
146294.250000 -21056.496094
146392.937500 -21090.798828
146491.671875 -21125.126953
146590.453125 -21159.478516
146689.265625 -21193.855469
146788.125000 -21228.255859
146887.015625 -21262.681641
146985.953125 -21297.130859
147084.937500 -21331.605469
147183.953125 -21366.103516
147283.015625 -21400.626953
147382.109375 -21435.173828
147481.250000 -21469.746094
147580.437500 -21504.341797
147679.656250 -21538.962891
147778.921875 -21573.607422
147878.218750 -21608.277344
147977.562500 -21642.970703
148076.953125 -21677.689453
148176.375000 -21712.431641
