-0.045637 0.032925
-0.121700 0.087800
-0.228187 0.164625
-0.365100 0.263400
-0.532437 0.384125
-0.730200 0.526800
-0.958387 0.691425
-1.216999 0.878000
-1.506037 1.086525
-1.825499 1.316999
-2.175386 1.569424
-2.555699 1.843799
-2.966436 2.140124
-3.407598 2.458399
-3.879185 2.798624
-4.381197 3.160799
-4.913635 3.544924
-5.476497 3.950998
-6.069784 4.379023
-6.693496 4.828998
-7.347633 5.300923
-8.032195 5.794798
-8.747182 6.310623
-9.492594 6.848397
-10.268432 7.408122
-11.074694 7.989797
-11.911381 8.593422
-12.778493 9.218996
-13.676030 9.866521
-14.603992 10.535996
-15.562378 11.227421
-16.551190 11.940795
-17.570427 12.676120
-18.620089 13.433395
-19.700176 14.212620
-20.810688 15.013794
-21.951625 15.836919
-23.122987 16.681994
-24.324773 17.549018
-25.556985 18.437993
-26.818647 19.349968
-28.110084 20.284592
-29.431295 21.241867
-30.782282 22.221792
-32.163044 23.224366
-33.573581 24.249591
-35.013892 25.297466
-36.483979 26.367991
-37.983841 27.461165
-39.513477 28.576990
-41.072889 29.715465
-42.662075 30.876589
-44.281037 32.060364
-45.929774 33.266789
-47.608285 34.495864
-49.316572 35.747589
-51.054633 37.021963
-52.822470 38.318988
-54.620081 39.638663
-56.447468 40.980988
-58.304629 42.345963
-60.191566 43.733587
-62.108277 45.143862
-64.054764 46.576787
-66.031025 48.032362
-68.037062 49.510587
-70.072873 51.011462
-72.138460 52.534987
-74.233821 54.081161
-76.358957 55.649986
-78.513869 57.241461
-80.698555 58.855586
-82.913016 60.492361
-85.157253 62.151786
-87.431264 63.833861
-89.735050 65.538586
-92.068612 67.265961
-94.431948 69.015986
-96.825059 70.788661
-99.247945 72.583985
-101.696931 74.405523
-104.173243 76.252085
-106.676879 78.123673
-109.207840 80.020285
-111.766126 81.941923
-114.351737 83.888585
-116.964673 85.860272
-119.604934 87.856985
-122.272520 89.878722
-124.967431 91.925484
-127.689667 93.997272
-130.439228 96.094084
-133.216114 98.215921
-136.020325 100.362784
-138.851861 102.534671
-141.710721 104.731583
-144.596907 106.953521
-147.510418 109.200483
-150.451254 111.472470
-153.419414 113.769483
-156.414900 116.091520
-159.437711 118.438582
-162.487846 120.810669
-165.565307 123.207782
-168.670093 125.629919
-171.802203 128.077081
-174.961639 130.549268
-178.148399 133.046480
-181.362485 135.568718
-184.603895 138.115980
-187.872631 140.688267
-191.168691 143.285579
-194.492076 145.907916
-197.842787 148.555279
-201.220822 151.227666
-204.626182 153.925078
-208.058868 156.647515
-211.518878 159.394977
-215.006213 162.167464
-218.520873 164.964976
-222.050221 167.751626
-225.598469 170.539375
-229.165617 173.328225
-232.751665 176.118175
-236.356612 178.909224
-239.980460 181.701374
-243.623208 184.494623
-247.284856 187.288973
-250.965404 190.084422
-254.664852 192.880972
-258.383200 195.678621
-262.120448 198.477371
-265.876596 201.277220
-269.651644 204.078170
-273.445592 206.880219
-277.258440 209.683368
-281.090188 212.487618
-284.940836 215.292967
-288.810385 218.099417
-292.698833 220.906966
-296.606181 223.715615
-300.532429 226.525365
-304.477577 229.336214
-308.441626 232.148163
-312.424574 234.961213
-316.426422 237.775362
-320.447171 240.590611
-324.486819 243.406961
-328.545367 246.224410
-332.622816 249.042959
-336.719164 251.862608
-340.834413 254.683358
-344.968561 257.505207
-349.121609 260.328156
-353.293558 263.152205
-357.484406 265.977355
-361.694155 268.803604
-365.922804 271.630953
-370.170352 274.459402
-374.436801 277.288951
-378.706662 280.106063
-382.985098 282.915250
-387.272109 285.716512
-391.567695 288.509848
-395.871857 291.295260
-400.184593 294.072747
-404.505904 296.842309
-408.835790 299.603946
-413.174251 302.357658
-417.521288 305.103445
-421.876899 307.841307
-426.241085 310.571244
-430.613846 313.293256
-434.995183 316.007343
-439.385094 318.713505
-443.783580 321.411743
-448.190642 324.102055
-452.606278 326.784442
-457.030490 329.458905
-461.463276 332.125442
-465.904637 334.784054
-470.354574 337.434742
-474.813085 340.077504
-479.280172 342.712342
-483.755833 345.339254
-488.240070 347.958242
-492.732881 350.569304
-497.234268 353.172442
-501.744229 355.767655
-506.262766 358.354942
-510.789877 360.934305
-515.325564 363.505743
-519.869826 366.069255
-524.422662 368.624843
-528.984074 371.172506
-533.554060 373.712244
-538.132622 376.244057
-542.719759 378.767945
-547.315470 381.283908
-551.919757 383.791946
-556.522381 386.340396
-561.126756 388.913147
-565.732880 391.510197
-570.340754 394.131548
-574.950378 396.777198
-579.561753 399.447149
-584.174877 402.141399
-588.789752 404.859949
-593.406376 407.602800
-598.024750 410.369950
-602.644875 413.161400
-607.266749 415.977151
-611.890374 418.817201
-616.515748 421.681551
-621.142873 424.570202
-625.771747 427.483152
-630.402372 430.420402
-635.034747 433.381952
-639.668871 436.367803
-644.304746 439.377953
-648.942370 442.412403
-653.581745 445.471153
-658.222870 448.554204
-662.865745 451.661554
-667.510369 454.793204
-672.156744 457.949154
-676.804869 461.129404
-681.454744 464.333954
-686.106369 467.562804
-690.759743 470.815955
-695.414868 474.093405
-700.071743 477.395155
-704.730368 480.721205
-709.390743 484.071555
-714.052868 487.446205
-718.716743 490.845155
-723.382368 494.268405
-728.049743 497.715955
-732.718868 501.187805
-737.389743 504.683955
-742.040881 508.204967
-746.679443 511.750655
-751.305431 515.321017
-755.918843 518.916055
-760.519681 522.535767
-765.107943 526.180154
-769.683631 529.849217
-774.246743 533.542954
-778.797280 537.261367
-783.335243 541.004454
-787.860630 544.772217
-792.373442 548.564654
-796.873680 552.381766
-801.361342 556.223554
-805.836429 560.090016
-810.298941 563.981154
-814.748878 567.896966
-819.186241 571.837454
-823.611028 575.802616
-828.023240 579.792453
-832.422877 583.806966
-836.809939 587.846153
-841.184426 591.910016
-845.546338 595.998553
-849.895675 600.111765
-854.232437 604.249653
-858.556624 608.412215
-862.868236 612.599452
-867.167273 616.811365
-871.453735 621.047952
-875.727621 625.309215
-879.988933 629.595152
-884.237670 633.905764
-888.473832 638.241052
-892.697419 642.601014
-896.908430 646.985651
-901.106867 651.394964
-905.292729 655.828951
-909.466016 660.287613
-913.626727 664.770951
-917.789976 669.300000
-921.950725 673.867750
-926.108975 678.474200
-930.264724 683.119350
-934.417973 687.803200
-938.568722 692.525749
-942.716971 697.286999
-946.862721 702.086949
-951.005970 706.925598
-955.146719 711.802948
-959.284968 716.718998
-963.420717 721.673747
-967.553966 726.667197
-971.684716 731.699347
-975.812965 736.770196
-979.938714 741.879746
-984.061963 747.027995
-988.182712 752.214945
-992.300962 757.440594
-996.416711 762.704944
-1000.529960 768.007994
-1004.640709 773.349743
-1008.748959 778.730192
-1012.854708 784.149342
-1016.957957 789.607191
-1021.058706 795.103741
-1025.156955 800.638990
-1029.252705 806.212940
-1033.345954 811.825589
-1037.436703 817.476938
-1041.524952 823.166988
-1045.610702 828.895737
-1049.693951 834.663186
-1053.774700 840.469336
-1057.852949 846.314185
-1061.928699 852.197734
-1066.001948 858.119983
-1070.072697 864.080933
-1074.140946 870.080582
-1078.206696 876.118931
-1082.262407 882.208693
-1086.310594 888.345630
-1090.351256 894.529741
-1094.384392 900.761028
-1098.410004 907.039490
-1102.428091 913.365127
-1106.438653 919.737939
-1110.441689 926.157925
-1114.437201 932.625087
-1118.425187 939.139424
-1122.405649 945.700936
-1126.378586 952.309623
-1130.343997 958.965485
-1134.301884 965.668522
-1138.252245 972.418734
-1142.195082 979.216120
-1146.130394 986.060682
-1150.058180 992.952419
-1153.978442 999.891331
-1157.891178 1006.877418
-1161.796390 1013.910680
-1165.694076 1020.991117
-1169.584238 1028.118729
-1173.466874 1035.293516
-1177.341986 1042.515478
-1181.209572 1049.784615
-1185.069633 1057.100927
-1188.922170 1064.464415
-1192.767181 1071.875077
-1196.604668 1079.332914
-1200.434629 1086.837926
-1204.257065 1094.390113
-1208.071977 1101.989475
-1211.879363 1109.636012
-1215.679224 1117.329724
-1219.471561 1125.070612
-1223.256372 1132.858674
-1227.033658 1140.693911
-1230.803420 1148.576323
-1234.565656 1156.505910
-1238.310317 1164.437748
-1242.040754 1172.386810
-1245.756965 1180.353097
-1249.458951 1188.336609
-1253.146713 1196.337347
-1256.820249 1204.355309
-1260.479560 1212.390496
-1264.124647 1220.442908
-1267.755508 1228.512546
-1271.372145 1236.599408
-1274.974556 1244.703495
-1278.562743 1252.824807
-1282.136704 1260.963345
-1285.696441 1269.119107
-1289.241953 1277.292094
-1292.773239 1285.482307
-1296.290301 1293.689744
-1299.793138 1301.914406
-1303.281749 1310.156294
-1306.756136 1318.415406
-1310.216298 1326.691743
-1313.662234 1334.985306
-1317.093946 1343.296093
-1320.511433 1351.624105
-1323.914695 1359.969343
-1327.303731 1368.331805
-1330.678543 1376.711492
-1334.039130 1385.108405
-1337.385492 1393.522542
-1340.717629 1401.953904
-1344.035541 1410.402492
-1347.339228 1418.868304
-1350.628690 1427.351341
-1353.903927 1435.851604
-1357.164939 1444.369091
-1360.411726 1452.903804
-1363.644288 1461.455741
-1366.862625 1470.024903
-1370.066737 1478.611291
-1373.256624 1487.214903
-1376.462511 1495.825653
-1379.674323 1504.446903
-1382.892060 1513.078653
-1386.115722 1521.720903
-1389.345309 1530.373653
-1392.580821 1539.036903
-1395.822258 1547.710653
-1399.069620 1556.394902
-1402.322907 1565.089652
-1405.582119 1573.794902
-1408.847256 1582.510652
-1412.118318 1591.236902
-1415.395305 1599.973652
-1418.678217 1608.720902
-1421.967054 1617.478652
-1425.261816 1626.246902
-1428.562503 1635.025652
-1431.869115 1643.814901
-1435.181652 1652.614651
-1438.500114 1661.424901
-1441.824501 1670.245651
-1445.154813 1679.076901
-1448.491050 1687.918651
-1451.833211 1696.770901
-1455.181298 1705.633651
-1458.535310 1714.506900
-1461.895247 1723.390650
-1465.261109 1732.284900
-1468.632896 1741.189650
-1472.010608 1750.104900
-1475.394244 1759.030650
-1478.783806 1767.966900
-1482.179293 1776.913650
-1485.580705 1785.870899
-1488.988042 1794.838649
-1492.401303 1803.816899
-1495.820490 1812.805649
-1499.245602 1821.804899
-1502.676639 1830.814649
-1506.113601 1839.834899
-1509.561287 1848.891674
-1513.018099 1857.976298
-1516.484036 1867.088773
-1519.959097 1876.229098
-1523.443284 1885.397273
-1526.936596 1894.593298
-1530.439032 1903.817173
-1533.950594 1913.068898
-1537.471280 1922.348473
-1541.001092 1931.655898
-1544.540028 1940.991173
-1548.088089 1950.354298
-1551.645276 1959.745273
-1555.211587 1969.164098
-1558.787024 1978.610773
-1562.371585 1988.085298
-1565.965271 1997.587674
-1569.568082 2007.117899
-1573.180019 2016.675974
-1576.801080 2026.261899
-1580.431266 2035.875674
-1584.070577 2045.517299
-1587.719013 2055.186774
-1591.376574 2064.884100
-1595.043260 2074.609275
-1598.719071 2084.362300
-1602.404007 2094.143175
-1606.098068 2103.951901
-1609.801254 2113.788476
-1613.513565 2123.652901
-1617.235001 2133.545176
-1620.965562 2143.465302
-1624.705248 2153.413277
-1628.454059 2163.389102
-1632.211994 2173.392778
-1635.979055 2183.424303
-1639.755241 2193.483678
-1643.540552 2203.570904
-1647.334987 2213.685979
-1651.138548 2223.828904
-1654.919846 2233.984830
-1658.689344 2244.158705
-1662.447042 2254.350531
-1666.192940 2264.560306
-1669.927038 2274.788032
-1673.649337 2285.033707
-1677.359835 2295.297333
-1681.058533 2305.578908
-1684.745431 2315.878434
-1688.420529 2326.195909
-1692.083827 2336.531335
-1695.735325 2346.884711
-1699.375023 2357.256036
-1703.002921 2367.645312
-1706.619019 2378.052538
-1710.223317 2388.477713
-1713.815815 2398.920839
-1717.396513 2409.381915
-1720.965411 2419.860940
-1724.522509 2430.357916
-1728.067807 2440.872842
-1731.601305 2451.405718
-1735.123003 2461.956543
-1738.632901 2472.525319
-1742.130999 2483.112045
-1745.617297 2493.716721
-1749.091795 2504.339347
-1752.554493 2514.979923
-1756.005391 2525.638449
-1759.444489 2536.314925
-1762.871787 2547.009350
-1766.287285 2557.721726
-1769.690983 2568.452052
-1773.082881 2579.200328
-1776.462979 2589.966554
-1779.831277 2600.750730
-1783.187775 2611.552856
-1786.532473 2622.372932
-1789.865371 2633.210959
-1793.186469 2644.066935
-1796.504542 2654.920686
-1799.816664 2665.778937
-1803.122837 2676.641688
-1806.423060 2687.508939
-1809.717333 2698.380690
-1813.005656 2709.256941
-1816.288029 2720.137692
-1819.564452 2731.022943
-1822.834925 2741.912694
-1826.099448 2752.806945
-1829.358021 2763.705696
-1832.610644 2774.608947
-1835.857317 2785.516698
-1839.098040 2796.428949
-1842.332813 2807.345700
-1845.561636 2818.266951
-1848.784509 2829.192702
-1852.001432 2840.122953
-1855.212405 2851.057704
-1858.417428 2861.996955
-1861.616501 2872.940706
-1864.809624 2883.888957
-1867.996796 2894.841708
-1871.178019 2905.798959
-1874.353292 2916.760710
-1877.522615 2927.726960
-1880.685988 2938.697711
-1883.843412 2949.672962
-1886.994885 2960.652713
-1890.140408 2971.636964
-1893.279981 2982.625715
-1896.413604 2993.618966
-1899.541277 3004.616717
-1902.663000 3015.618968
-1905.778773 3026.625718
-1908.888596 3037.636969
-1911.992469 3048.652720
-1915.090392 3059.672971
-1918.182365 3070.697722
-1921.268388 3081.726973
-1924.362861 3092.775949
-1927.460984 3103.839574
-1930.562757 3114.917850
-1933.668180 3126.010776
-1936.777253 3137.118352
-1939.889976 3148.240578
-1943.006349 3159.377454
-1946.126372 3170.528980
-1949.250045 3181.695155
-1952.377368 3192.875981
-1955.508341 3204.071457
-1958.642963 3215.281583
-1961.781236 3226.506359
-1964.923159 3237.745785
-1968.068732 3248.999861
-1971.217955 3260.268587
-1974.370828 3271.551962
-1977.527350 3282.849988
-1980.687523 3294.162664
-1983.851346 3305.489990
-1987.018819 3316.831966
-1990.189942 3328.188592
-1993.364714 3339.559868
-1996.543137 3350.945794
-1999.725210 3362.346370
-2002.910933 3373.761595
-2006.100305 3385.191471
-2009.293328 3396.635997
-2012.490001 3408.095173
-2015.690323 3419.568999
-2018.894296 3431.057475
-2022.101919 3442.560601
-2025.313191 3454.078377
-2028.528114 3465.610803
-2031.746686 3477.157879
-2034.968909 3488.719605
-2038.194782 3500.295981
-2041.424304 3511.887006
-2044.657477 3523.492682
-2047.894299 3535.113008
-2051.114634 3546.726084
-2054.325194 3558.339210
-2057.525979 3569.952386
-2060.716990 3581.565612
-2063.898225 3593.178888
-2067.069685 3604.792214
-2070.231370 3616.405590
-2073.383280 3628.019015
-2076.525416 3639.632491
-2079.657776 3651.246017
-2082.780361 3662.859593
-2085.893172 3674.473219
-2088.996207 3686.086895
-2092.089467 3697.700621
-2095.172953 3709.314396
-2098.246663 3720.928222
-2101.310599 3732.542098
-2104.364759 3744.156024
-2107.409145 3755.770000
-2110.443755 3767.384025
-2113.468591 3778.998101
-2116.483652 3790.612227
-2119.488937 3802.226403
-2122.484448 3813.840629
-2125.470183 3825.454904
-2128.446144 3837.069230
-2131.412330 3848.683606
-2134.368741 3860.298032
-2137.315376 3871.912507
-2140.252237 3883.527033
-2143.179323 3895.141609
-2146.096634 3906.756234
-2149.004170 3918.370910
-2151.901931 3929.985636
-2154.789916 3941.600412
-2157.668127 3953.215237
-2160.536563 3964.830113
-2163.395224 3976.445039
-2166.244110 3988.060014
-2169.083221 3999.675040
-2171.919195 4011.254828
-2174.749819 4022.811141
-2177.575092 4034.343979
-2180.395016 4045.853342
-2183.209590 4057.339231
-2186.018813 4068.801644
-2188.822687 4080.240582
-2191.621211 4091.656045
-2194.414385 4103.048033
-2197.202209 4114.416546
-2199.984683 4125.761584
-2202.761807 4137.083147
-2205.533581 4148.381235
-2208.300005 4159.655848
-2211.061079 4170.906986
-2213.816803 4182.134649
-2216.567177 4193.338837
-2219.312201 4204.519549
-2222.051876 4215.676787
-2224.786200 4226.810550
-2227.515174 4237.920838
-2230.238798 4249.007651
-2232.957073 4260.070989
-2235.669997 4271.110852
-2238.377572 4282.127239
-2241.079796 4293.120152
-2243.776671 4304.089590
-2246.468195 4315.035553
-2249.154370 4325.958041
-2251.835194 4336.857053
-2254.510669 4347.732591
-2257.180794 4358.584654
-2259.845568 4369.413242
-2262.504993 4380.218354
-2265.159068 4390.999992
-2267.807793 4401.758155
-2270.451168 4412.492842
-2273.089193 4423.204055
-2275.721868 4433.891792
-2278.349193 4444.556055
-2280.984668 4455.244918
-2283.623792 4465.942355
-2286.266567 4476.648368
-2288.912992 4487.362956
-2291.563067 4498.086118
-2294.216792 4508.817856
-2296.874167 4519.558169
-2299.535192 4530.307056
-2302.199867 4541.064519
-2304.868191 4551.830557
-2307.540166 4562.605169
-2310.215791 4573.388357
-2312.895066 4584.180120
-2315.577991 4594.980458
-2318.264565 4605.789370
-2320.954790 4616.606858
-2323.648665 4627.432921
-2326.346190 4638.267559
-2329.047364 4649.110771
-2331.752189 4659.962559
-2334.460664 4670.822922
-2337.172788 4681.691860
-2339.888563 4692.569372
-2342.607988 4703.455460
-2345.331062 4714.350123
-2348.057787 4725.253361
-2350.788162 4736.165174
-2353.522186 4747.085561
-2356.259861 4758.014524
-2359.001185 4768.952062
-2361.746160 4779.898175
-2364.494785 4790.852863
-2367.247059 4801.816126
-2370.002984 4812.787964
-2372.762558 4823.768376
-2375.525783 4834.757364
-2378.292657 4845.754927
-2381.063182 4856.761065
-2383.837356 4867.775778
-2386.615181 4878.799066
-2389.372017 4889.825079
-2392.116079 4900.855767
-2394.847366 4911.891130
-2397.565878 4922.931168
-2400.271615 4933.975881
-2402.964578 4945.025269
-2405.644765 4956.079332
-2408.312177 4967.138070
-2410.966814 4978.201483
-2413.608676 4989.269571
-2416.237763 5000.342334
-2418.854075 5011.419772
-2421.457612 5022.501885
-2424.048374 5033.588673
-2426.626361 5044.680137
-2429.191573 5055.776275
-2431.744011 5066.877088
-2434.283673 5077.982576
-2436.810560 5089.092739
-2439.324672 5100.207578
-2441.826009 5111.327091
-2444.314571 5122.451279
-2446.790359 5133.580142
-2449.253371 5144.713681
-2451.703608 5155.851894
-2454.141070 5166.994782
-2456.565758 5178.142346
-2458.977670 5189.294584
-2461.376807 5200.451497
-2463.763169 5211.613086
-2466.136757 5222.779349
-2468.497569 5233.950288
-2470.845606 5245.125901
-2473.180869 5256.306190
-2475.503356 5267.491153
-2477.813068 5278.680792
-2480.110006 5289.875105
-2482.394168 5301.074094
-2484.665556 5312.277757
-2486.924168 5323.486096
-2489.186393 5334.702222
-2491.446768 5345.925098
-2493.705293 5357.154724
-2495.961968 5368.391100
-2498.216792 5379.634226
-2500.469767 5390.884102
-2502.720892 5402.140728
-2504.970167 5413.404104
-2507.217592 5424.674229
-2509.463167 5435.951105
-2511.706892 5447.234731
-2513.948767 5458.525107
-2516.188792 5469.822233
-2518.426966 5481.126109
-2520.663291 5492.436735
-2522.897766 5503.754111
-2525.130391 5515.078236
-2527.361166 5526.409112
-2529.590091 5537.746738
-2531.817166 5549.091114
-2534.042390 5560.442240
-2536.265765 5571.800115
-2538.487290 5583.164741
-2540.706965 5594.536117
-2542.924790 5605.914243
-2545.140765 5617.299118
-2547.354890 5628.690744
-2549.567164 5640.089120
-2551.777589 5651.494245
-2553.986164 5662.906121
-2556.192889 5674.324747
-2558.397764 5685.750122
-2560.600789 5697.182248
-2562.801964 5708.621124
-2565.001288 5720.066749
-2567.198763 5731.519125
-2569.394388 5742.978250
-2571.588163 5754.444126
-2573.780088 5765.916751
-2575.970163 5777.396127
-2578.133900 5788.899728
-2580.279462 5800.421728
-2582.406850 5811.962129
-2584.516062 5823.520929
-2586.607099 5835.098130
-2588.679961 5846.693731
-2590.734649 5858.307731
-2592.771161 5869.940132
-2594.789498 5881.590933
-2596.789660 5893.260134
-2598.771647 5904.947735
-2600.735460 5916.653735
-2602.681097 5928.378136
-2604.608559 5940.120937
-2606.517846 5951.882138
-2608.408958 5963.661739
-2610.281895 5975.459740
-2612.136657 5987.276141
-2613.973244 5999.110942
-2615.791656 6010.964143
-2617.591893 6022.835744
-2619.373955 6034.725745
-2621.137842 6046.634146
-2622.883554 6058.560947
-2624.611091 6070.506148
-2626.320453 6082.469749
-2628.011640 6094.451750
-2629.684652 6106.452151
-2631.339489 6118.470952
-2632.976151 6130.508153
-2634.594638 6142.563755
-2636.194950 6154.637756
-2637.777087 6166.730157
-2639.341049 6178.840958
-2640.886836 6190.970160
-2642.414448 6203.117761
-2643.923884 6215.283762
-2645.415146 6227.468164
-2646.888233 6239.670965
-2648.343145 6251.892166
-2649.793907 6264.132218
-2651.235843 6276.390969
-2652.668955 6288.668421
-2654.093242 6300.964572
-2655.508704 6313.279424
-2656.915341 6325.612975
-2658.313153 6337.965227
-2659.702140 6350.336179
-2661.082302 6362.725830
-2662.453638 6375.134182
-2663.816150 6387.561234
-2665.169837 6400.006985
-2666.514699 6412.471437
-2667.850736 6424.954589
-2669.177948 6437.456440
-2670.496335 6449.976992
-2671.805897 6462.516244
-2673.106634 6475.074196
-2674.398546 6487.650848
-2675.681633 6500.246200
-2676.955895 6512.860252
-2678.221332 6525.493004
-2679.477944 6538.144456
-2680.725731 6550.814608
-2681.964693 6563.503460
-2683.194831 6576.211012
-2684.416143 6588.937264
-2685.628630 6601.682216
-2686.832292 6614.445868
-2688.027129 6627.228220
-2689.213141 6640.029273
-2690.390328 6652.849025
-2691.558690 6665.687477
-2692.718228 6678.544629
-2693.868940 6691.420482
-2695.010827 6704.315034
-2696.143889 6717.228286
-2697.268126 6730.160239
-2698.383539 6743.110891
-2699.490126 6756.080244
-2700.608551 6769.070209
-2701.731925 6782.080149
-2702.860250 6795.110064
-2703.993525 6808.159954
-2705.131750 6821.229819
-2706.274924 6834.319659
-2707.423049 6847.429474
-2708.576124 6860.559264
-2709.734149 6873.709029
-2710.897123 6886.878769
-2712.065048 6900.068485
-2713.237923 6913.278175
-2714.415748 6926.507840
-2715.598522 6939.757480
-2716.786247 6953.027096
-2717.978922 6966.316686
-2719.176547 6979.626251
-2720.379121 6992.955792
-2721.586646 7006.305307
-2722.799121 7019.674798
-2724.016546 7033.064263
-2725.238921 7046.473704
-2726.466245 7059.903119
-2727.698520 7073.352510
-2728.935745 7086.821875
-2730.177920 7100.311216
-2731.425044 7113.820531
-2732.677119 7127.349822
-2733.934144 7140.899088
-2735.196119 7154.468328
-2736.463044 7168.057544
-2737.734918 7181.666735
-2739.011743 7195.295901
-2740.293518 7208.945041
-2741.580243 7222.614157
-2742.871918 7236.303248
-2744.168542 7250.012314
-2745.470117 7263.741355
-2746.776642 7277.490371
-2748.088117 7291.259362
-2749.396217 7305.040640
-2750.703717 7318.836768
-2752.010616 7332.647747
-2753.316916 7346.473575
-2754.622616 7360.314254
-2755.927716 7374.169782
-2757.232216 7388.040160
-2758.536116 7401.925389
-2759.839416 7415.825467
-2761.142116 7429.740396
-2762.444217 7443.670174
-2763.745717 7457.614802
-2765.046617 7471.574281
-2766.346917 7485.548609
-2767.646617 7499.537787
-2768.945718 7513.541816
-2770.244218 7527.560694
-2771.542118 7541.594422
-2772.839419 7555.643001
-2774.136119 7569.706429
-2775.432219 7583.784707
-2776.727720 7597.877836
-2778.022620 7611.985814
-2779.316921 7626.108642
-2780.610621 7640.246321
-2781.903722 7654.398849
-2783.196222 7668.566227
-2784.488123 7682.748455
-2785.779423 7696.945534
-2787.070124 7711.157462
-2788.360225 7725.384240
-2789.649725 7739.625868
-2790.938626 7753.882347
-2792.226927 7768.153675
-2793.514628 7782.439853
-2794.801728 7796.740881
-2796.088229 7811.056759
-2797.374130 7825.387488
-2798.659431 7839.733066
-2799.944132 7854.093494
-2801.241545 7868.454035
-2802.547234 7882.819601
-2803.861197 7897.190191
-2805.183435 7911.565807
-2806.513949 7925.946448
-2807.852737 7940.332114
-2809.199801 7954.722804
-2810.555139 7969.118520
-2811.918752 7983.519261
-2813.290641 7997.925027
-2814.670804 8012.335817
-2816.059243 8026.751633
-2817.455956 8041.172474
-2818.860945 8055.598340
-2820.274208 8070.029231
-2821.695746 8084.465146
-2823.125560 8098.906087
-2824.563648 8113.352053
-2826.010012 8127.803044
-2827.464650 8142.259060
-2828.927564 8156.720101
-2830.398752 8171.186166
-2831.878215 8185.657257
-2833.365954 8200.133373
-2834.861967 8214.614514
-2836.366256 8229.100680
-2837.878819 8243.591871
-2839.399658 8258.088087
-2840.928771 8272.589328
-2842.466160 8287.095594
-2844.011823 8301.606884
-2845.565762 8316.123200
-2847.127975 8330.644541
-2848.698463 8345.170907
-2850.277227 8359.702298
-2851.864265 8374.238714
-2853.459579 8388.780155
-2855.063167 8403.326621
-2856.675031 8417.878112
-2858.295169 8432.434628
-2859.935283 8446.973594
-2861.591471 8461.502535
-2863.263735 8476.021451
-2864.952073 8490.530342
-2866.656487 8505.029208
-2868.376976 8519.518049
-2870.113539 8533.996865
-2871.866178 8548.465657
-2873.634891 8562.924423
-2875.419680 8577.373164
-2877.220544 8591.811880
-2879.037482 8606.240571
-2880.870496 8620.659238
-2882.719585 8635.067879
-2884.584748 8649.466495
-2886.465987 8663.855087
-2888.363301 8678.233653
-2890.276690 8692.602194
-2892.206153 8706.960711
-2894.151692 8721.309202
-2896.113306 8735.647668
-2898.090995 8749.976110
-2900.084759 8764.294526
-2902.094598 8778.602918
-2904.120511 8792.901284
-2906.162500 8807.189626
-2908.220564 8821.467942
-2910.294703 8835.736234
-2912.384917 8849.994500
-2914.491206 8864.242742
-2916.613570 8878.480959
-2918.752009 8892.709150
-2920.906523 8906.927317
-2923.077112 8921.135459
-2925.263776 8935.333575
-2927.466515 8949.521667
-2929.685329 8963.699734
-2931.920218 8977.867776
-2934.171182 8992.025792
-2936.438221 9006.173784
-2938.711510 9020.341713
-2940.994324 9034.519593
-2943.286664 9048.707422
-2945.588528 9062.905202
-2947.899917 9077.112931
-2950.220831 9091.330610
-2952.551271 9105.558240
-2954.891235 9119.795819
-2957.240724 9134.043349
-2959.599739 9148.300828
-2961.968278 9162.568258
-2964.346343 9176.845637
-2966.733932 9191.132967
-2969.131047 9205.430246
-2971.537686 9219.737476
-2973.953851 9234.054656
-2976.379541 9248.381785
-2978.814755 9262.718865
-2981.259495 9277.065894
-2983.713760 9291.422874
-2986.177549 9305.789804
-2988.650864 9320.166684
-2991.133704 9334.553513
-2993.626069 9348.950293
-2996.127959 9363.357023
-2998.639374 9377.773703
-3001.160314 9392.200333
-3003.690778 9406.636912
-3006.230768 9421.083442
-3008.780283 9435.539922
-3011.339324 9450.006352
-3013.907889 9464.482732
-3016.485979 9478.969062
-3019.073594 9493.465342
-3021.670734 9507.971572
-3024.277399 9522.487752
-3026.893590 9537.013882
-3029.519305 9551.549962
-3032.154545 9566.095992
-3034.799310 9580.651972
-3037.419663 9595.214527
-3040.026916 9609.784782
-3042.621069 9624.362737
-3045.202122 9638.948392
-3047.770074 9653.541748
-3050.324927 9668.142803
-3052.866680 9682.751558
-3055.395333 9697.368013
-3057.910885 9711.992168
-3060.413338 9726.624023
-3062.902691 9741.263579
-3065.378944 9755.910834
-3067.842096 9770.565789
-3070.292149 9785.228444
-3072.729102 9799.898799
-3075.152955 9814.576855
-3077.563707 9829.262610
-3079.961360 9843.956065
-3082.345913 9858.657220
-3084.717366 9873.366076
-3087.075718 9888.082631
-3089.420971 9902.806886
-3091.753124 9917.538842
-3094.072176 9932.278497
-3096.378129 9947.025852
-3098.670982 9961.780908
-3100.950734 9976.543663
-3103.217387 9991.314119
-3105.470940 10006.092274
-3107.711392 10020.878129
-3109.938745 10035.671685
-3112.152997 10050.472940
-3114.354150 10065.281896
-3116.542203 10080.098551
-3118.717155 10094.922906
-3120.879008 10109.754962
-3123.027761 10124.594717
-3125.163413 10139.442173
-3127.285966 10154.297328
-3129.395418 10169.160184
-3131.483371 10184.026277
-3133.552624 10198.897095
-3135.603176 10213.772638
-3137.635029 10228.652906
-3139.648182 10243.537899
-3141.642634 10258.427617
-3143.618387 10273.322061
-3145.575440 10288.221229
-3147.513792 10303.125122
-3149.433445 10318.033740
-3151.334398 10332.947083
-3153.216651 10347.865151
-3155.080203 10362.787945
-3156.925056 10377.715463
-3158.751209 10392.647706
-3160.558662 10407.584675
-3162.347415 10422.526368
-3164.117468 10437.472786
-3165.868821 10452.423929
-3167.601473 10467.379798
-3169.315426 10482.340391
-3171.010679 10497.305710
-3172.687232 10512.275753
-3174.345085 10527.250521
-3175.984238 10542.230015
-3177.604691 10557.214233
-3179.206444 10572.203177
-3180.789497 10587.196845
-3182.353850 10602.195239
-3183.899503 10617.198357
-3185.426456 10632.206201
-3186.934709 10647.218769
-3188.424262 10662.236063
-3189.895116 10677.258082
-3191.347269 10692.284825
-3192.780722 10707.316294
-3194.195475 10722.352487
-3195.591528 10737.393406
-3196.968881 10752.439050
-3198.327534 10767.489418
-3199.689388 10782.574775
-3201.047141 10797.685031
-3202.400794 10812.820187
-3203.750347 10827.980243
-3205.095800 10843.165200
-3206.437154 10858.375056
-3207.774407 10873.609812
-3209.107560 10888.869469
-3210.436613 10904.154025
-3211.761566 10919.463481
-3213.082419 10934.797838
-3214.399173 10950.157094
-3215.711826 10965.541251
-3217.020379 10980.950307
-3218.324832 10996.384263
-3219.625185 11011.843120
-3220.921438 11027.326876
-3222.213591 11042.835533
-3223.501645 11058.369090
-3224.785598 11073.927546
-3226.065451 11089.510903
-3227.341204 11105.119159
-3228.612857 11120.752316
-3229.880410 11136.410373
-3231.143863 11152.093329
-3232.403217 11167.801186
-3233.658470 11183.533943
-3234.909623 11199.291599
-3236.156676 11215.074156
-3237.399629 11230.881613
-3238.638482 11246.713970
-3239.873235 11262.571226
-3241.103888 11278.453383
-3242.330442 11294.360440
-3243.552895 11310.292397
-3244.771248 11326.249254
-3245.985501 11342.231011
-3247.195654 11358.237668
-3248.401707 11374.269225
-3249.603660 11390.325682
-3250.807476 11406.378726
-3252.011166 11422.437795
-3253.214732 11438.502890
-3254.418173 11454.574009
-3255.621488 11470.651154
-3256.824679 11486.734323
-3258.027745 11502.823518
-3259.230686 11518.918737
-3260.433501 11535.019982
-3261.636192 11551.127252
-3262.838758 11567.240546
-3264.041199 11583.359866
-3265.243514 11599.485210
-3266.445705 11615.616580
-3267.647771 11631.753974
-3268.849712 11647.897394
-3270.051528 11664.046839
-3271.253219 11680.202308
-3272.454785 11696.363803
-3273.656226 11712.531322
-3274.857542 11728.704867
-3276.058733 11744.884437
-3277.259799 11761.070031
-3278.460740 11777.261651
-3279.661556 11793.459296
-3280.862247 11809.662965
-3282.062813 11825.872660
-3283.263254 11842.088380
-3284.463570 11858.310124
-3285.663761 11874.537894
-3286.863827 11890.771689
-3288.063768 11907.011509
-3289.263584 11923.257353
-3290.463275 11939.509223
-3291.662842 11955.767118
-3292.862283 11972.031038
-3294.061599 11988.300982
-3295.260790 12004.576952
-3296.459857 12020.858947
-3297.658798 12037.146967
-3298.861852 12053.413412
-3300.067605 12069.667481
-3301.276059 12085.909176
-3302.487213 12102.138496
-3303.701066 12118.355441
-3304.917620 12134.560011
-3306.136874 12150.752206
-3307.358827 12166.932026
-3308.583481 12183.099471
-3309.810835 12199.254541
-3311.040888 12215.397236
-3312.273642 12231.527556
-3313.509095 12247.645502
-3314.747249 12263.751072
-3315.988102 12279.844267
-3317.231656 12295.925087
-3318.477909 12311.993532
-3319.726863 12328.049603
-3320.978516 12344.093298
-3322.232870 12360.124618
-3323.489923 12376.143564
-3324.749677 12392.150134
-3326.012130 12408.144329
-3327.277284 12424.126150
-3328.545137 12440.095595
-3329.815690 12456.052666
-3331.088944 12471.997361
-3332.364897 12487.929682
-3333.643550 12503.849627
-3334.924904 12519.757198
-3336.208957 12535.652393
-3337.495710 12551.535214
-3338.785164 12567.405660
-3340.077317 12583.263730
-3341.372170 12599.109426
-3342.669724 12614.942747
-3343.969977 12630.763692
-3345.272930 12646.572263
-3346.578583 12662.368459
-3347.886936 12678.152280
-3349.213777 12693.925413
-3350.553843 12709.687296
-3351.907133 12725.437930
-3353.273649 12741.177313
-3354.653390 12756.905446
-3356.046355 12772.622329
-3357.452546 12788.327962
-3358.871962 12804.022346
-3360.304603 12819.705479
-3361.750468 12835.377362
-3363.209559 12851.037995
-3364.681874 12866.687378
-3366.167415 12882.325511
-3367.666181 12897.952394
-3369.178171 12913.568027
-3370.703387 12929.172410
-3372.241828 12944.765543
-3373.793493 12960.347426
-3375.358384 12975.918059
-3376.936500 12991.477442
-3378.527840 13007.025575
-3380.132406 13022.562458
-3381.750196 13038.088090
-3383.381212 13053.602473
-3385.025453 13069.105606
-3386.682918 13084.597489
-3388.353609 13100.078122
-3390.037525 13115.547504
-3391.734665 13131.005637
-3393.445031 13146.452520
-3395.168621 13161.888153
-3396.905437 13177.312535
-3398.655478 13192.725668
-3400.418743 13208.127551
-3402.195234 13223.518183
-3403.984949 13238.897566
-3405.787890 13254.265698
-3407.604055 13269.622581
-3409.433446 13284.968214
-3411.276062 13300.302596
-3413.128115 13315.602479
-3414.990868 13330.875611
-3416.864321 13346.121994
-3418.748474 13361.341626
-3420.643327 13376.534509
-3422.548880 13391.700641
-3424.465134 13406.840024
-3426.392087 13421.952657
-3428.329740 13437.038539
-3430.278093 13452.097672
-3432.237146 13467.130054
-3434.206900 13482.135687
-3436.187353 13497.114569
-3438.178506 13512.066702
-3440.180360 13526.992084
-3442.192913 13541.890717
-3444.216166 13556.762600
-3446.250120 13571.607732
-3448.294773 13586.426115
-3450.350127 13601.217747
-3452.416180 13615.982630
-3454.492934 13630.720762
-3456.580387 13645.432145
-3458.678540 13660.116778
-3460.787394 13674.774660
-3462.906947 13689.405793
-3465.037201 13704.010175
-3467.178155 13718.587808
-3469.329808 13733.138691
-3471.492162 13747.662823
-3473.665215 13762.160206
-3475.848969 13776.630838
-3478.043423 13791.074721
-3480.248576 13805.491854
-3482.464430 13819.882236
-3484.690984 13834.245869
-3486.928237 13848.582751
-3489.176191 13862.892884
-3491.434845 13877.176267
-3493.704199 13891.432899
-3496.008027 13905.696194
-3498.338406 13919.955014
-3500.695335 13934.209359
-3503.078814 13948.459230
-3505.488842 13962.704625
-3507.925421 13976.945545
-3510.388550 13991.181990
-3512.878228 14005.413960
-3515.394457 14019.641455
-3517.937236 14033.864475
-3520.506565 14048.083020
-3523.102443 14062.297090
-3525.724872 14076.506684
-3528.373851 14090.711804
-3531.049379 14104.912449
-3533.751458 14119.108619
-3536.480087 14133.300314
-3539.235265 14147.487534
-3542.016994 14161.670279
-3544.825273 14175.848549
-3547.660101 14190.022344
-3550.521480 14204.191663
-3553.409408 14218.356508
-3556.323887 14232.516878
-3559.264916 14246.672773
-3562.232494 14260.824193
-3565.226623 14274.971137
-3568.247302 14289.113607
-3571.294530 14303.251602
-3574.368309 14317.385122
-3577.468637 14331.514166
-3580.595516 14345.638736
-3583.748945 14359.758831
-3586.928923 14373.874450
-3590.135452 14387.985595
-3593.368530 14402.092265
-3596.628159 14416.194459
-3599.914337 14430.292179
-3603.227066 14444.385424
-3606.566344 14458.474193
-3609.934686 14472.524850
-3613.331252 14486.548608
-3616.756042 14500.545465
-3620.209058 14514.515422
-3623.690299 14528.458479
-3627.199765 14542.374637
-3630.737456 14556.263894
-3634.303372 14570.126252
-3637.897513 14583.961709
-3641.519879 14597.770267
-3645.170469 14611.551924
-3648.849285 14625.306682
-3652.556326 14639.034539
-3656.291591 14652.735497
-3660.055082 14666.409555
-3663.846798 14680.056712
-3667.666738 14693.676970
-3671.514904 14707.270328
-3675.391294 14720.836786
-3679.295910 14734.376343
-3683.228751 14747.889001
-3687.189816 14761.374759
-3691.179106 14774.833617
-3695.196622 14788.265575
-3699.242362 14801.670633
-3703.316328 14815.048791
-3707.418518 14828.400050
-3711.548933 14841.724408
-3715.707574 14855.021866
-3719.894439 14868.292424
-3724.109529 14881.536082
-3728.352844 14894.752841
-3732.624385 14907.942699
-3736.924150 14921.105657
-3741.252140 14934.241716
-3745.608355 14947.350874
-3749.992795 14960.433133
-3754.405460 14973.488491
-3758.846350 14986.516950
-3763.315465 14999.518508
-3767.799793 15012.503517
-3772.303670 15025.468525
-3776.827098 15038.413534
-3781.370075 15051.338542
-3785.932603 15064.243551
-3790.514680 15077.128559
-3795.116307 15089.993568
-3799.737485 15102.838576
-3804.378212 15115.663585
-3809.038489 15128.468593
-3813.718317 15141.253601
-3818.417694 15154.018610
-3823.136621 15166.763618
-3827.875098 15179.488626
-3832.633125 15192.193635
-3837.410702 15204.878643
-3842.207829 15217.543651
-3847.024506 15230.188659
-3851.860734 15242.813667
-3856.716511 15255.418676
-3861.591837 15268.003684
-3866.486714 15280.568692
-3871.401141 15293.113700
-3876.335118 15305.638708
-3881.288645 15318.143716
-3886.261722 15330.628724
-3891.254349 15343.093733
-3896.266526 15355.538741
-3901.298252 15367.963749
-3906.349529 15380.368757
-3911.420356 15392.753765
-3916.510732 15405.118773
-3921.620659 15417.463781
-3926.750136 15429.788789
-3931.899162 15442.093796
-3937.067739 15454.378804
-3942.255865 15466.643812
-3947.463542 15478.888820
-3952.690768 15491.113828
-3957.937545 15503.318836
-3963.201546 15515.520119
-3968.483548 15527.712251
-3973.783549 15539.895234
-3979.101551 15552.069067
-3984.437552 15564.233750
-3989.791554 15576.389282
-3995.163555 15588.535665
-4000.553556 15600.672898
-4005.961558 15612.800980
-4011.387559 15624.919913
-4016.831561 15637.029696
-4022.293562 15649.130328
-4027.773563 15661.221811
-4033.271565 15673.304143
-4038.787566 15685.377326
-4044.321567 15697.441358
-4049.873569 15709.496241
-4055.443570 15721.541973
-4061.031571 15733.578556
-4066.637573 15745.605988
-4072.261574 15757.624270
-4077.903575 15769.633403
-4083.563577 15781.633385
-4089.241578 15793.624218
-4094.937579 15805.605900
-4100.651580 15817.578432
-4106.383582 15829.541814
-4112.133583 15841.496047
-4117.901584 15853.441129
-4123.687585 15865.377061
-4129.491587 15877.303843
-4135.313588 15889.221475
-4141.153589 15901.129958
-4147.011590 15913.029290
-4152.887591 15924.919472
-4158.781592 15936.800504
-4164.693594 15948.672386
-4170.623595 15960.535118
-4176.571596 15972.388700
-4182.537597 15984.233132
-4188.516348 15996.074527
-4194.509599 16007.910846
-4200.517351 16019.742091
-4206.539602 16031.568260
-4212.576353 16043.389355
-4218.627604 16055.205374
-4224.693355 16067.016319
-4230.773606 16078.822189
-4236.868357 16090.622983
-4242.977609 16102.418703
-4249.101360 16114.209348
-4255.239611 16125.994917
-4261.392362 16137.775412
-4267.559613 16149.550832
-4273.741364 16161.321177
-4279.937615 16173.086446
-4286.148367 16184.846641
-4292.373618 16196.601761
-4298.613369 16208.351806
-4304.867620 16220.096775
-4311.136371 16231.836670
-4317.419622 16243.571490
-4323.717373 16255.301235
-4330.029625 16267.025905
-4336.356376 16278.745500
-4342.697627 16290.460020
-4349.053378 16302.169465
-4355.423629 16313.873834
-4361.808380 16325.573129
-4368.207631 16337.267349
-4374.621383 16348.956494
-4381.049634 16360.640564
-4387.492385 16372.319559
-4393.949636 16383.993479
-4400.421387 16395.662324
-4406.907638 16407.326094
-4413.408389 16418.984789
-4419.923640 16430.638410
-4426.453392 16442.286955
-4432.997643 16453.930425
-4439.551594 16465.561845
-4446.116845 16477.183540
-4452.693396 16488.795510
-4459.281248 16500.397755
-4465.880399 16511.990275
-4472.490850 16523.573070
-4479.112602 16535.146140
-4485.745653 16546.709485
-4492.390004 16558.263105
-4499.045656 16569.807000
-4505.712607 16581.341170
-4512.390859 16592.865615
-4519.080410 16604.380335
-4525.781262 16615.885330
-4532.493413 16627.380600
-4539.216865 16638.866145
-4545.951616 16650.341964
-4552.697668 16661.808059
-4559.455020 16673.264429
-4566.223671 16684.711074
-4573.003623 16696.147994
-4579.794875 16707.575189
-4586.597427 16718.992659
-4593.411278 16730.400403
-4600.236430 16741.798423
-4607.072882 16753.186718
-4613.920634 16764.565288
-4620.779686 16775.934132
-4627.650038 16787.293252
-4634.531690 16798.642647
-4641.424642 16809.982317
-4648.328894 16821.312261
-4655.244446 16832.632481
-4662.171298 16843.942976
-4669.109450 16855.243745
-4676.058902 16866.534790
-4683.019654 16877.816110
-4689.991707 16889.087704
-4696.975059 16900.349574
-4703.969711 16911.601719
-4710.879176 16922.851488
-4717.735616 16934.096433
-4724.539030 16945.336552
-4731.289420 16956.571847
-4737.986785 16967.802316
-4744.631125 16979.027961
-4751.222440 16990.248780
-4757.760730 17001.464774
-4764.245995 17012.675944
-4770.678234 17023.882288
-4777.057449 17035.083807
-4783.383639 17046.280501
-4789.656804 17057.472371
-4795.876944 17068.659415
-4802.044059 17079.841634
-4808.158149 17091.019028
-4814.219214 17102.191597
-4820.227255 17113.359341
-4826.182270 17124.522260
-4832.084260 17135.680354
-4837.933225 17146.833623
-4843.729165 17157.982067
-4849.472080 17169.125685
-4855.161970 17180.264479
-4860.798836 17191.398448
-4866.382676 17202.527592
-4871.913491 17213.651910
-4877.391281 17224.771404
-4882.816047 17235.886073
-4888.187787 17246.995916
-4893.506502 17258.100935
-4898.772193 17269.201128
-4903.984858 17280.296497
-4909.144498 17291.387040
-4914.251114 17302.472759
-4919.304704 17313.553652
-4924.305270 17324.629721
-4929.252810 17335.700964
-4934.147326 17346.767382
-4938.988816 17357.828976
-4943.743306 17368.865344
-4948.422122 17379.883287
-4953.025262 17390.882806
-4957.552728 17401.863899
-4962.004518 17412.826567
-4966.380634 17423.770810
-4970.681074 17434.696629
-4974.905839 17445.604022
-4979.054930 17456.492990
-4983.128345 17467.363534
-4987.126086 17478.215652
-4991.048151 17489.049346
-4994.894541 17499.864614
-4998.665257 17510.661457
-5002.360297 17521.439876
-5005.979662 17532.199869
-5009.523352 17542.941437
-5012.991368 17553.664581
-5016.383708 17564.369299
-5019.700373 17575.055593
-5022.941364 17585.723461
-5026.106679 17596.372904
-5029.196319 17607.003923
-5032.210284 17617.616516
-5035.148574 17628.210685
-5038.011190 17638.786428
-5040.798130 17649.343746
-5043.509395 17659.882640
-5046.144985 17670.403108
-5048.704900 17680.905152
-5051.189140 17691.388770
-5053.597706 17701.853964
-5055.930596 17712.300732
-5058.187811 17722.729075
-5060.369351 17733.138994
-5062.475216 17743.530487
-5064.505406 17753.903556
-5066.459921 17764.258199
-5068.338761 17774.594418
-5070.141926 17784.912211
-5071.865929 17795.237267
-5073.511931 17805.561023
-5075.079934 17815.883479
-5076.569936 17826.204635
-5077.981939 17836.524491
-5079.315941 17846.843047
-5080.571944 17857.160303
-5081.749946 17867.476259
-5082.849949 17877.790916
-5083.871951 17888.104272
-5084.815954 17898.416328
-5085.681956 17908.727084
-5086.469959 17919.036540
-5087.179961 17929.344696
-5087.811963 17939.651552
-5088.365966 17949.957108
-5088.841968 17960.261364
-5089.239971 17970.564320
-5089.559973 17980.865977
-5089.801975 17991.166333
-5089.965978 18001.465389
-5090.051980 18011.763145
-5090.059982 18022.059601
-5089.989985 18032.354757
-5089.841987 18042.648613
-5089.615989 18052.941170
-5089.311992 18063.232426
-5088.929994 18073.522382
-5088.469996 18083.811038
-5087.931999 18094.098395
-5087.316001 18104.384451
-5086.622003 18114.669207
-5085.850005 18124.952663
-5085.000008 18135.234819
-5084.072010 18145.515676
-5083.066012 18155.795232
-5081.982014 18166.073488
-5080.820016 18176.350445
-5079.580019 18186.626101
-5078.262021 18196.900457
-5076.912373 18207.140701
-5075.515625 18217.357770
-5074.071777 18227.551663
-5072.580830 18237.722382
-5071.042782 18247.869926
-5069.457634 18257.994295
-5067.825386 18268.095488
-5066.146038 18278.173507
-5064.419591 18288.228351
-5062.646043 18298.260020
-5060.825395 18308.268513
-5058.957647 18318.253832
-5057.042799 18328.215976
-5055.080851 18338.154944
-5053.071804 18348.070738
-5051.015656 18357.963357
-5048.912408 18367.832800
-5046.762060 18377.679069
-5044.564612 18387.502163
-5042.320065 18397.302081
-5040.028417 18407.078825
-5037.689669 18416.832393
-5035.303821 18426.562787
-5032.870873 18436.270006
-5030.390826 18445.954049
-5027.863678 18455.614918
-5025.289430 18465.252611
-5022.668082 18474.867130
-5019.999634 18484.458473
-5017.284086 18494.026642
-5014.521439 18503.571635
-5011.711691 18513.093454
-5008.854843 18522.592097
-5005.950895 18532.067566
-5002.999847 18541.519859
-5000.001700 18550.948978
-4996.956452 18560.354921
-4993.864104 18569.737690
-4990.724656 18579.097283
-4987.538108 18588.433702
-4984.335098 18597.742595
-4981.105413 18607.025414
-4977.849052 18616.282157
-4974.566017 18625.512826
-4971.256307 18634.717420
-4967.919921 18643.895939
-4964.556861 18653.048382
-4961.167126 18662.174751
-4957.750716 18671.275045
-4954.307630 18680.349264
-4950.837870 18689.397408
-4947.341435 18698.419477
-4943.818324 18707.415471
-4940.268539 18716.385390
-4936.692079 18725.329234
-4933.088943 18734.247004
-4929.459133 18743.138698
-4925.802648 18752.004317
-4922.119487 18760.843862
-4918.409652 18769.657331
-4914.673142 18778.444725
-4910.909956 18787.206045
-4907.120096 18795.941289
-4903.303561 18804.650459
-4899.460350 18813.333554
-4895.590465 18821.990573
-4891.693905 18830.621518
-4887.770669 18839.226388
-4883.820759 18847.805183
-4879.844174 18856.357903
-4875.840913 18864.884548
-4871.810978 18873.385117
-4867.754368 18881.859612
-4863.671082 18890.308033
-4859.561122 18898.730378
-4855.424487 18907.126648
-4851.261176 18915.496843
-4847.071191 18923.840963
-4842.854531 18932.159009
-4838.611195 18940.450979
-4834.331247 18948.744249
-4830.018000 18957.029695
-4825.671452 18965.307315
-4821.291604 18973.577110
-4816.878456 18981.839081
-4812.432009 18990.093226
-4807.952261 18998.339546
-4803.439213 19006.578042
-4798.892866 19014.808712
-4794.313218 19023.031558
-4789.700270 19031.246578
-4785.054023 19039.453774
-4780.374475 19047.653144
-4775.661627 19055.844690
-4770.915480 19064.028410
-4766.136032 19072.204306
-4761.323285 19080.372376
-4756.477237 19088.532622
-4751.597890 19096.685042
-4746.685242 19104.829638
-4741.739295 19112.966409
-4736.760047 19121.095354
-4731.747500 19129.216475
-4726.701652 19137.329770
-4721.622505 19145.435241
-4716.510058 19153.532887
-4711.364310 19161.622707
-4706.185263 19169.704703
-4700.972916 19177.778874
-4695.727268 19185.845219
-4690.448321 19193.903740
-4685.136074 19201.954436
-4679.790526 19209.997307
-4674.411679 19218.032352
-4668.999532 19226.059573
-4663.554085 19234.078969
-4658.075338 19242.090540
-4652.563290 19250.094286
-4647.017943 19258.090206
-4641.439296 19266.078302
-4635.827424 19274.059886
-4630.182302 19282.034519
-4624.503930 19290.002202
-4618.792308 19297.962936
-4613.047435 19305.916719
-4607.269313 19313.863552
-4601.457941 19321.803436
-4595.613319 19329.736369
-4589.735447 19337.662352
-4583.824325 19345.581386
-4577.879953 19353.493469
-4571.902331 19361.398602
-4565.891459 19369.296786
-4559.847337 19377.188019
-4553.769964 19385.072302
-4547.659342 19392.949636
-4541.515470 19400.820019
-4535.338348 19408.683452
-4529.127976 19416.539936
-4522.884354 19424.389469
-4516.607482 19432.232053
-4510.297360 19440.067686
-4503.953988 19447.896369
-4497.577366 19455.718103
-4491.167494 19463.532886
-4484.724372 19471.340719
-4478.248000 19479.141603
-4471.738378 19486.935536
-4465.195505 19494.722519
-4458.619383 19502.502553
-4452.010011 19510.275636
-4445.367389 19518.041770
-4438.691517 19525.800953
-4431.982395 19533.553186
-4425.240023 19541.298470
-4418.464401 19549.036803
-4411.655529 19556.768187
-4404.813407 19564.492620
-4397.938035 19572.210103
-4391.029413 19579.920637
-4384.087091 19587.617358
-4377.111219 19595.302553
-4370.101797 19602.976224
-4363.058825 19610.638370
-4355.982303 19618.288991
-4348.872231 19625.928087
-4341.728609 19633.555658
-4334.551437 19641.171704
-4327.340715 19648.776224
-4320.096443 19656.369220
-4312.818622 19663.950691
-4305.507250 19671.520637
-4298.162328 19679.079058
-4290.783856 19686.625954
-4283.371834 19694.161324
-4275.926262 19701.685170
-4268.447140 19709.197491
-4260.934468 19716.698287
-4253.388246 19724.187558
-4245.808474 19731.665303
-4238.195152 19739.131524
-4230.548281 19746.586220
-4222.867859 19754.029391
-4215.153887 19761.461037
-4207.406365 19768.881157
-4199.625293 19776.289753
-4191.810671 19783.686824
-4183.962499 19791.072370
-4176.080778 19798.446390
-4168.165506 19805.808886
-4160.216684 19813.159857
-4152.234312 19820.499302
-4144.218390 19827.827223
-4136.168918 19835.143619
-4128.085897 19842.448490
-4119.969325 19849.741835
-4111.819203 19857.023656
-4103.635531 19864.293952
-4095.418309 19871.552722
-4087.167538 19878.799968
-4078.910141 19886.044576
-4070.637144 19893.283585
-4062.348547 19900.516993
-4054.044350 19907.744801
-4045.724553 19914.967009
-4037.389156 19922.183618
-4029.038159 19929.394626
-4020.671562 19936.600034
-4012.289365 19943.799843
-4003.891568 19950.994051
-3995.478171 19958.182659
-3987.049174 19965.365668
-3978.604577 19972.543076
-3970.144380 19979.714885
-3961.668583 19986.881093
-3953.177186 19994.041701
-3944.670188 20001.196710
-3936.147591 20008.346118
-3927.609394 20015.489927
-3919.055596 20022.628136
-3910.486199 20029.760744
-3901.901202 20036.887753
-3893.300604 20044.009161
-3884.684407 20051.124970
-3876.052610 20058.235178
-3867.405212 20065.339787
-3858.742215 20072.438796
-3850.063617 20079.532204
-3841.369420 20086.620013
-3832.659622 20093.702222
-3823.934224 20100.778831
-3815.193227 20107.849839
-3806.436629 20114.915248
-3797.664431 20121.975057
-3788.876634 20129.029266
-3780.073236 20136.077874
-3771.254238 20143.120883
-3762.419641 20150.158292
-3753.569443 20157.190101
-3744.703645 20164.216310
-3735.818685 20171.238569
-3726.915749 20178.256328
-3717.994839 20185.269586
-3709.055954 20192.278345
-3700.099094 20199.282604
-3691.124259 20206.282363
-3682.131448 20213.277622
-3673.120663 20220.268381
-3664.091903 20227.254640
-3655.045168 20234.236399
-3645.980458 20241.213658
-3636.897773 20248.186417
-3627.797113 20255.154676
-3618.678478 20262.118435
-3609.541868 20269.077694
-3600.387283 20276.032452
-3591.214723 20282.982711
-3582.024188 20289.928470
-3572.815678 20296.869729
-3563.589193 20303.806488
-3554.344733 20310.738747
-3545.082298 20317.666506
-3535.801889 20324.589765
-3526.503504 20331.508524
-3517.187144 20338.422783
-3507.852809 20345.332542
-3498.500499 20352.237801
-3489.130215 20359.138560
-3479.741955 20366.034819
-3470.335720 20372.926579
-3460.911511 20379.813838
-3451.469326 20386.696597
-3442.009166 20393.574856
-3432.531032 20400.448615
-3423.034922 20407.317874
-3413.520838 20414.182633
-3403.988778 20421.042892
-3394.438743 20427.898651
-3384.870734 20434.749910
-3375.284749 20441.596669
-3365.684277 20448.444066
-3356.068155 20455.290388
-3346.436383 20462.135634
-3336.788961 20468.979806
-3327.125889 20475.822903
-3317.447167 20482.664925
-3307.752795 20489.505872
-3298.042773 20496.345744
-3288.317101 20503.184541
-3278.575779 20510.022263
-3268.818807 20516.858911
-3259.046185 20523.694483
-3249.257913 20530.528980
-3239.453991 20537.362402
-3229.634419 20544.194750
-3219.799197 20551.026022
-3209.948325 20557.856220
-3200.081802 20564.685342
-3190.199630 20571.513390
-3180.301808 20578.340363
-3170.388336 20585.166260
-3160.459214 20591.991083
-3150.514442 20598.814831
-3140.554020 20605.637504
-3130.577948 20612.459102
-3120.586226 20619.279625
-3110.578853 20626.099073
-3100.555831 20632.917446
-3090.517159 20639.734744
-3080.462837 20646.550967
-3070.392865 20653.366116
-3060.307243 20660.180189
-3050.205971 20666.993187
-3040.089048 20673.805111
-3029.956476 20680.615959
-3019.808254 20687.425733
-3009.644382 20694.234431
-2999.464860 20701.042055
-2989.269688 20707.848604
-2979.058865 20714.654077
-2968.834456 20721.454314
-2958.595771 20728.250700
-2948.342811 20735.043236
-2938.075576 20741.831922
-2927.794067 20748.616759
-2917.498282 20755.397745
-2907.188222 20762.174881
-2896.863887 20768.948168
-2886.525277 20775.717604
-2876.172392 20782.483190
-2865.805232 20789.244927
-2855.423797 20796.002813
-2845.028088 20802.756850
-2834.618103 20809.507036
-2824.193843 20816.253372
-2813.755307 20822.995859
-2803.302497 20829.734495
-2792.835412 20836.469282
-2782.354052 20843.200218
-2771.858417 20849.927305
-2761.348507 20856.650542
-2750.824322 20863.369928
-2740.285862 20870.085465
-2729.733126 20876.797151
-2719.166116 20883.504988
-2708.584831 20890.208975
-2697.989271 20896.909111
-2687.379435 20903.605398
-2676.755325 20910.297835
-2666.116940 20916.986421
-2655.464279 20923.671158
-2644.797344 20930.352045
-2634.116133 20937.029082
-2623.420648 20943.702268
-2612.710888 20950.371605
-2601.986852 20957.037092
-2591.248542 20963.698729
-2580.495956 20970.356516
-2569.729096 20977.010453
-2558.947960 20983.660539
-2548.168037 20990.309026
-2537.384164 20996.955163
-2526.596341 21003.598950
-2515.804568 21010.240387
-2505.008845 21016.879474
-2494.209172 21023.516210
-2483.405548 21030.150597
-2472.597975 21036.782634
-2461.786452 21043.412321
-2450.970979 21050.039658
-2440.151556 21056.664644
-2429.328183 21063.287281
-2418.500860 21069.907568
-2407.669586 21076.525504
-2396.834363 21083.141091
-2385.995190 21089.754328
-2375.152067 21096.365215
-2364.304994 21102.973751
-2353.453971 21109.579938
-2342.598997 21116.183775
-2331.740074 21122.785261
-2320.877201 21129.384398
-2310.010378 21135.981185
-2299.139604 21142.575621
-2288.264881 21149.167708
-2277.386208 21155.757444
-2266.503585 21162.344831
-2255.617011 21168.929868
-2244.726488 21175.512554
-2233.832015 21182.092891
-2222.933592 21188.670877
-2212.031218 21195.246514
-2201.124895 21201.819800
-2190.214622 21208.390737
-2179.300398 21214.959323
-2168.382225 21221.525560
-2157.460102 21228.089446
-2146.534029 21234.650983
-2135.604005 21241.210169
-2124.670032 21247.767006
-2113.746321 21254.317667
-2102.828135 21260.863429
-2091.915474 21267.404290
-2081.008339 21273.940252
-2070.106728 21280.471313
-2059.210642 21286.997475
-2048.320082 21293.518737
-2037.435046 21300.035098
-2026.555535 21306.546560
-2015.681550 21313.053121
-2004.813089 21319.554783
-1993.950154 21326.051545
-1983.092743 21332.543406
-1972.240858 21339.030368
-1961.394497 21345.512430
-1950.553662 21351.989591
-1939.718351 21358.461853
-1928.888566 21364.929215
-1918.064305 21371.391677
-1907.245570 21377.849238
-1896.432360 21384.301900
-1885.624674 21390.749662
-1874.822514 21397.192524
-1864.025879 21403.630486
-1853.234768 21410.063547
-1842.449183 21416.491709
-1831.669123 21422.914971
-1820.894588 21429.333333
-1810.125578 21435.746795
-1799.362092 21442.155357
-1788.604132 21448.559019
-1777.851697 21454.957781
-1767.104787 21461.351642
-1756.363402 21467.740604
-1745.627542 21474.124666
-1734.897207 21480.503828
-1724.172397 21486.878090
-1713.453112 21493.247452
-1702.739352 21499.611914
-1692.031117 21505.971476
-1681.324282 21512.316801
-1670.620222 21518.651001
-1659.918938 21524.974075
-1649.220428 21531.286025
-1638.524693 21537.586850
-1627.831733 21543.876550
-1617.141548 21550.155124
-1606.454138 21556.422574
-1595.769504 21562.678899
-1585.087644 21568.924099
-1574.408559 21575.158174
-1563.732249 21581.381124
-1553.058714 21587.592949
-1542.387955 21593.793649
-1531.719970 21599.983224
-1521.054760 21606.161674
-1510.392326 21612.329000
-1499.732666 21618.485200
-1489.075781 21624.630275
-1478.421672 21630.764226
-1467.770337 21636.887051
-1457.121777 21642.998751
-1446.475993 21649.099327
-1435.832983 21655.188777
-1425.192748 21661.267103
-1414.555289 21667.334303
-1403.920604 21673.390379
-1393.288695 21679.435330
-1382.659560 21685.469155
-1372.033201 21691.491856
-1361.409616 21697.503432
-1350.788807 21703.503883
-1340.170772 21709.493208
-1329.555513 21715.471409
-1318.943028 21721.438485
-1308.333319 21727.394436
-1297.726384 21733.339262
-1287.122225 21739.272963
-1276.520841 21745.195539
-1265.922231 21751.106990
-1255.331759 21757.011741
-1244.747638 21762.908318
-1234.169866 21768.796719
-1223.598444 21774.676945
-1213.033372 21780.548996
-1202.474650 21786.412872
-1191.922279 21792.268573
-1181.376257 21798.116100
-1170.836585 21803.955451
-1160.303263 21809.786627
-1149.776292 21815.609628
-1139.255670 21821.424455
-1128.741398 21827.231106
-1118.233477 21833.029582
-1107.731905 21838.819883
-1097.236684 21844.602010
-1086.747812 21850.375961
-1076.265290 21856.141737
-1065.789119 21861.899339
-1055.319297 21867.648765
-1044.855826 21873.390017
-1034.398704 21879.123093
-1023.947933 21884.847994
-1013.503511 21890.564721
-1003.065440 21896.273272
-992.633719 21901.973649
-982.208347 21907.665850
-971.789326 21913.349877
-961.376654 21919.025728
-950.970333 21924.693405
-940.570362 21930.352906
-930.176740 21936.004233
-919.789469 21941.647384
-909.408548 21947.282361
-899.033977 21952.909163
-888.665755 21958.527789
-878.303884 21964.138241
-867.948363 21969.740517
-857.599192 21975.334619
-847.256371 21980.920546
-836.923537 21986.493497
-826.599478 21992.055074
-816.284194 21997.605276
-805.977686 22003.144103
-795.679952 22008.671554
-785.390993 22014.187631
-775.110809 22019.692333
-764.839400 22025.185660
-754.576766 22030.667611
-744.322907 22036.138188
-734.077823 22041.597390
-723.841514 22047.045217
-713.613980 22052.481669
-703.395221 22057.906745
-693.185237 22063.320447
-682.984028 22068.722774
-672.791594 22074.113726
-662.607935 22079.493303
-652.433051 22084.861505
-642.266941 22090.218332
-632.109607 22095.563784
-621.961048 22100.897861
-611.821264 22106.220562
-601.690254 22111.531889
-591.568020 22116.831841
-581.454561 22122.120418
-571.349876 22127.397620
-561.253967 22132.663447
-551.166832 22137.917899
-541.088473 22143.160976
-531.018888 22148.392679
-520.958079 22153.613006
-510.906044 22158.821958
-500.862785 22164.019535
-490.828300 22169.205737
-480.802590 22174.380564
-470.785656 22179.544016
-460.777496 22184.696093
-450.778111 22189.836795
-440.787501 22194.966123
-430.804767 22200.097650
-420.830207 22205.226852
-410.863822 22210.353729
-400.905613 22215.478281
-390.955578 22220.600508
-381.013718 22225.720410
-371.080033 22230.837988
-361.154524 22235.953240
-351.237189 22241.066167
-341.328029 22246.176769
-331.427044 22251.285046
-321.534235 22256.390998
-311.649600 22261.494626
-301.773140 22266.595928
-291.904856 22271.694905
-282.044746 22276.791557
-272.192811 22281.885884
-262.349051 22286.977887
-252.513467 22292.067564
-242.686057 22297.154916
-232.866822 22302.239943
-223.055762 22307.322645
-213.252878 22312.403022
-203.458168 22317.481075
-193.671633 22322.556802
-183.893274 22327.630204
-174.123089 22332.701281
-164.361079 22337.770033
-154.607244 22342.836461
-144.861585 22347.900563
-135.124100 22352.962340
-125.394790 22358.021792
-115.673656 22363.078920
-105.960696 22368.133722
-96.255911 22373.186199
-86.559301 22378.236351
-76.870867 22383.284178
-67.190607 22388.329681
-57.518522 22393.372858
-47.854613 22398.413710
-38.183278 22403.434612
-28.509718 22408.441440
-18.833934 22413.434192
-9.155924 22418.412869
0.524311 22423.377472
10.206771 22428.327999
19.891455 22433.264452
29.578365 22438.186829
39.267500 22443.095132
48.958859 22447.989359
58.652444 22452.869512
68.348254 22457.735589
78.046288 22462.587592
87.746548 22467.425520
97.449033 22472.249373
107.153742 22477.059150
116.860677 22481.854853
126.569837 22486.636481
136.281221 22491.404034
145.994831 22496.157512
155.710666 22500.896915
165.428725 22505.622243
175.149010 22510.333496
184.871519 22515.030674
194.596254 22519.713777
204.323214 22524.382805
214.052398 22529.037758
223.783808 22533.678636
233.517443 22538.305439
243.253302 22542.918168
252.991387 22547.516821
262.731696 22552.101399
272.474231 22556.671903
282.218991 22561.228331
291.965975 22565.770684
301.715185 22570.298963
311.466619 22574.813166
321.220279 22579.313295
330.976163 22583.799348
340.734273 22588.271327
350.477658 22592.735493
360.211967 22597.189759
369.937202 22601.634125
379.653361 22606.068592
389.360446 22610.493158
399.058455 22614.907824
408.747390 22619.312591
418.427249 22623.707457
428.098033 22628.092423
437.759743 22632.467490
447.412377 22636.832656
457.055937 22641.187923
466.690421 22645.533289
476.315830 22649.868756
485.932165 22654.194322
495.539424 22658.509989
505.137608 22662.815756
514.726718 22667.111622
524.306752 22671.397589
533.877711 22675.673656
543.439595 22679.939823
552.992405 22684.196089
562.536139 22688.442456
572.070798 22692.678923
581.596382 22696.905490
591.112891 22701.122157
600.620325 22705.328924
610.118685 22709.525791
619.607969 22713.712758
629.088178 22717.889825
638.559312 22722.056992
648.021371 22726.214259
657.474355 22730.361627
666.918264 22734.499094
676.353098 22738.626661
685.778857 22742.744328
695.195541 22746.852096
704.603150 22750.949963
714.001684 22755.037930
723.391143 22759.115998
732.788514 22763.197478
742.188136 22767.277933
751.590007 22771.357363
760.994129 22775.435767
770.400500 22779.513147
779.809121 22783.589502
789.219993 22787.664832
798.633114 22791.739137
808.048485 22795.812417
817.466107 22799.884672
826.885978 22803.955901
836.308099 22808.026106
845.732470 22812.095286
855.159092 22816.163441
864.587963 22820.230571
874.019084 22824.296676
883.452455 22828.361755
892.888076 22832.425810
902.325948 22836.488840
911.766069 22840.550845
921.208440 22844.611824
930.653061 22848.671779
940.099932 22852.730709
949.549053 22856.788614
959.000424 22860.845493
968.454045 22864.901348
977.909917 22868.956178
987.368038 22873.009983
996.828409 22877.062762
1006.291030 22881.114517
1015.755901 22885.165247
1025.223022 22889.214952
1034.692393 22893.263631
1044.164014 22897.311286
1053.637884 22901.357916
1063.114005 22905.403520
1072.592376 22909.448100
1082.072997 22913.491655
1091.555868 22917.534184
1101.040989 22921.575689
1110.521572 22925.602219
1119.999881 22929.618423
1129.475914 22933.624303
1138.949672 22937.619857
1148.421156 22941.605087
1157.890364 22945.579992
1167.357297 22949.544571
1176.821955 22953.498826
1186.284338 22957.442755
1195.744447 22961.376360
1205.202280 22965.299639
1214.657838 22969.212594
1224.111121 22973.115223
1233.562129 22977.007528
1243.010862 22980.889507
1252.457320 22984.761162
1261.901503 22988.622491
1271.343411 22992.473495
1280.783044 22996.314175
1290.220402 23000.144529
1299.655485 23003.964558
1309.088293 23007.774263
1318.518826 23011.573642
1327.947084 23015.362696
1337.373067 23019.141426
1346.796775 23022.909830
1356.218208 23026.667909
1365.637365 23030.415663
1375.054248 23034.153093
1384.468856 23037.880197
1393.881189 23041.596976
1403.291247 23045.303430
1412.699029 23048.999559
1422.104537 23052.685364
1431.507770 23056.360843
1440.908727 23060.025997
1450.307410 23063.680826
1459.703818 23067.325330
1469.097950 23070.959509
1478.489808 23074.583363
1487.875640 23078.190930
1497.256698 23081.784196
1506.632980 23085.363163
1516.004488 23088.927830
1525.371221 23092.478196
1534.733178 23096.014263
1544.090361 23099.536030
1553.442769 23103.043496
1562.790401 23106.536663
1572.133259 23110.015530
1581.471342 23113.480096
1590.804649 23116.930363
1600.133182 23120.366330
1609.456939 23123.787997
1618.775922 23127.195363
1628.090130 23130.588430
1637.399562 23133.967197
1646.704220 23137.331664
1656.004103 23140.681830
1665.299211 23144.017697
1674.589543 23147.339264
1683.875101 23150.646531
1693.155884 23153.939498
1702.431891 23157.218165
1711.703124 23160.482531
1720.969582 23163.732598
1730.231265 23166.968365
1739.488172 23170.189832
1748.740305 23173.396999
1757.987663 23176.589866
1767.230245 23179.768433
1776.468053 23182.932700
1785.701086 23186.082667
1794.929344 23189.218334
1804.152826 23192.339701
1813.371534 23195.446768
1822.585467 23198.539535
1831.794625 23201.618002
1840.999008 23204.682169
1850.198615 23207.732036
1859.387186 23210.776228
1868.566806 23213.811870
1877.737476 23216.838962
1886.899197 23219.857504
1896.051967 23222.867496
1905.195787 23225.868938
1914.330658 23228.861830
1923.456578 23231.846172
1932.573549 23234.821964
1941.681569 23237.789206
1950.780639 23240.747898
1959.870760 23243.698041
1968.951930 23246.639633
1978.024151 23249.572675
1987.087421 23252.497167
1996.141742 23255.413109
2005.187112 23258.320501
2014.223533 23261.219343
2023.251003 23264.109635
2032.269524 23266.991377
2041.279094 23269.864569
2050.279715 23272.729212
2059.271385 23275.585304
2068.254106 23278.432846
2077.227877 23281.271838
2086.192697 23284.102280
2095.148568 23286.924172
2104.095488 23289.737514
2113.033459 23292.542307
2121.962480 23295.338549
2130.882550 23298.126241
2139.793671 23300.905383
2148.695842 23303.675975
2157.589063 23306.438017
2166.473333 23309.191510
2175.348654 23311.936452
2184.215025 23314.672844
2193.072446 23317.400686
2201.920916 23320.119978
2210.760437 23322.830721
2219.584333 23325.522150
2228.394829 23328.197855
2237.191925 23330.857835
2245.975620 23333.502089
2254.745916 23336.130619
2263.502812 23338.743423
2272.246308 23341.340503
2280.976404 23343.921857
2289.693100 23346.487487
2298.396396 23349.037392
2307.086292 23351.571571
2315.762787 23354.090026
2324.425883 23356.592755
2333.075579 23359.079759
2341.711875 23361.551039
2350.334771 23364.006593
2358.944267 23366.446423
2367.540363 23368.870527
2376.123059 23371.278907
2384.692355 23373.671561
2393.248251 23376.048490
2401.790747 23378.409695
2410.319843 23380.755174
2418.835539 23383.084928
2427.337836 23385.398957
2435.826732 23387.697262
2444.302228 23389.979841
2452.764324 23392.246695
2461.213020 23394.497824
2469.648316 23396.733229
2478.070212 23398.952908
2486.478708 23401.156862
2494.873805 23403.345091
2503.255501 23405.517595
2511.623797 23407.674374
2519.978693 23409.815428
2528.320189 23411.940757
2536.648286 23414.050362
2544.962982 23416.144241
2553.264278 23418.222395
2561.534662 23420.268511
2569.779971 23422.288028
2578.000204 23424.280944
2586.195363 23426.247261
2594.365447 23428.186977
2602.510456 23430.100094
2610.630389 23431.986611
2618.725248 23433.846527
2626.795032 23435.679844
2634.839741 23437.486561
2642.859374 23439.266677
2650.853933 23441.020194
2658.823417 23442.747111
2666.767826 23444.447427
2674.687160 23446.121144
2682.581418 23447.768261
2690.450602 23449.388778
2698.294711 23450.982694
2706.113745 23452.550011
2713.907704 23454.090728
2721.676588 23455.604845
2729.420396 23457.092361
2737.139130 23458.553278
2744.832789 23459.987595
2752.501373 23461.395312
2760.144882 23462.776429
2767.763316 23464.130946
2775.356674 23465.458862
2782.924958 23466.760179
2790.468167 23468.034896
2797.986301 23469.283013
2805.479360 23470.504530
2812.947344 23471.699447
2820.390253 23472.867764
2827.808087 23474.009481
2835.200845 23475.124598
2842.568529 23476.213115
2849.911138 23477.275032
2857.228672 23478.310349
2864.521131 23479.319066
2871.790428 23480.316633
2879.035924 23481.297900
2886.257620 23482.262867
2893.455517 23483.211534
2900.629613 23484.143901
2907.779910 23485.059968
2914.906407 23485.959735
2922.009103 23486.843202
2929.088000 23487.710368
2936.143096 23488.561235
2943.174393 23489.395802
2950.181890 23490.214069
2957.165586 23491.016036
2964.125483 23491.801703
2971.061580 23492.571070
2977.973877 23493.324137
2984.862373 23494.060904
2991.727070 23494.781370
2998.567967 23495.485537
3005.385064 23496.173404
3012.178361 23496.844971
3018.947858 23497.500238
3025.693555 23498.139205
3032.415451 23498.761871
3039.113548 23499.368238
3045.787845 23499.958305
3052.438342 23500.532072
3059.065039 23501.089539
3065.667937 23501.630705
3072.247034 23502.155572
3078.802331 23502.664139
3085.333828 23503.156406
3091.841525 23503.632372
3098.325422 23504.092039
3104.785519 23504.535406
3111.221816 23504.962473
3117.634314 23505.373239
3124.023011 23505.767706
3130.387908 23506.145873
3136.729005 23506.507739
3143.047503 23506.853606
3149.343000 23507.183373
3155.615497 23507.497040
3161.864994 23507.794607
3168.091491 23508.076073
3174.294989 23508.341440
3180.475486 23508.590707
3186.632983 23508.823874
3192.767480 23509.040941
3198.878977 23509.241908
3204.967474 23509.426775
3211.032971 23509.595542
3217.075468 23509.748209
3223.094965 23509.884776
3229.091462 23510.005243
3235.064959 23510.109610
3241.015456 23510.197877
3246.942953 23510.270045
3252.847450 23510.326112
3258.728947 23510.366079
3264.587444 23510.389946
3270.422941 23510.397713
3276.235438 23510.389381
3282.024935 23510.364948
3287.791432 23510.324415
3293.534928 23510.267783
3299.255425 23510.195050
3304.952922 23510.106218
3310.627419 23510.001285
3316.278916 23509.880252
3321.907412 23509.743120
3327.512909 23509.589887
3333.095406 23509.420555
3338.654902 23509.235123
3344.191399 23509.033590
3349.704896 23508.815958
3355.195392 23508.582225
3360.662889 23508.332393
3366.107386 23508.066461
3371.528882 23507.784429
3376.930004 23507.477221
3382.309876 23507.147864
3387.668497 23506.796357
3393.005869 23506.422699
3398.321991 23506.026892
3403.616863 23505.608935
3408.890484 23505.168827
3414.142856 23504.706570
3419.373978 23504.222163
3424.583850 23503.715605
3429.772472 23503.186898
3434.939844 23502.636040
3440.085966 23502.063033
3445.210838 23501.467875
3450.314460 23500.850568
3455.396832 23500.211111
3460.457954 23499.549503
3465.497826 23498.865746
3470.516448 23498.159838
3475.513820 23497.431781
3480.489943 23496.681573
3485.444815 23495.909216
3490.378437 23495.114708
3495.290809 23494.298051
3500.181932 23493.459243
3505.051804 23492.598286
3509.900426 23491.715178
3514.727799 23490.809920
3519.533921 23489.882513
3524.318794 23488.932955
3529.082416 23487.961248
3533.824789 23486.967390
3538.545911 23485.951382
3543.245784 23484.913225
3547.924406 23483.852917
3552.581779 23482.770460
3557.217901 23481.665852
3561.832774 23480.539094
3566.426397 23479.390187
3570.998770 23478.219129
3575.565230 23477.020184
3580.120665 23475.795263
3584.665075 23474.544368
3589.198461 23473.267498
3593.720821 23471.964653
3598.232157 23470.635832
3602.732467 23469.281037
3607.221753 23467.900267
3611.700013 23466.493521
3616.167249 23465.060801
3620.623459 23463.602106
3625.068645 23462.117435
3629.502806 23460.606790
3633.925941 23459.070169
3638.338052 23457.507574
3642.739138 23455.919003
3647.129198 23454.304458
3651.508234 23452.663937
3655.876245 23450.997442
3660.233231 23449.304971
3664.579192 23447.586526
3668.914128 23445.842105
3673.238039 23444.071709
3677.550925 23442.275339
3681.852786 23440.452993
3686.143622 23438.604672
3690.423433 23436.730377
3694.692219 23434.830106
3698.949981 23432.903860
3703.196717 23430.951639
3707.432428 23428.973444
3711.657114 23426.969273
3715.870776 23424.939127
3720.073412 23422.883006
3724.265023 23420.800910
3728.445610 23418.692840
3732.615171 23416.558794
3736.773708 23414.398773
3740.921219 23412.212777
3745.057706 23410.000806
3749.115105 23407.804747
3753.116104 23405.610639
3757.060703 23403.418481
3760.948901 23401.228272
3764.780700 23399.040014
3768.556099 23396.853705
3772.275098 23394.669347
3775.937696 23392.486939
3779.543895 23390.306480
3783.093693 23388.127972
3786.587092 23385.951413
3790.024090 23383.776805
3793.404689 23381.604147
3796.728887 23379.433438
3799.996685 23377.264680
3803.208084 23375.097871
3806.363082 23372.933013
3809.461680 23370.770105
3812.503878 23368.609146
3815.489676 23366.450138
3818.419074 23364.293080
3821.292073 23362.137971
3824.108670 23359.984813
3826.868868 23357.833605
3829.572666 23355.684346
3832.220064 23353.537038
3834.811062 23351.391679
3837.345660 23349.248271
3839.823857 23347.106813
3842.245655 23344.967304
3844.611053 23342.829746
3846.920050 23340.694138
3849.172648 23338.560479
3851.368845 23336.428771
3853.508642 23334.299013
3855.592040 23332.171205
3857.619037 23330.045346
3859.589634 23327.921438
3861.503832 23325.799480
3863.361629 23323.679471
3865.287076 23321.517650
3867.238823 23319.328605
3869.216871 23317.112334
3871.221218 23314.868838
3873.251865 23312.598117
3875.308813 23310.300171
3877.392060 23307.975000
3879.501608 23305.622604
3881.637455 23303.242984
3883.799603 23300.836138
3885.988050 23298.402067
3888.202798 23295.940771
3890.443845 23293.452250
3892.711193 23290.936504
3895.004840 23288.393533
3897.324788 23285.823337
3899.671036 23283.225916
3902.043584 23280.601270
3904.442431 23277.949399
3906.867579 23275.270303
3909.319027 23272.563982
3911.796775 23269.830436
3914.300823 23267.069665
3916.831170 23264.281669
3919.387818 23261.466448
3921.970766 23258.624002
3924.580014 23255.754331
3927.215562 23252.857435
3929.877410 23249.933314
3932.565558 23246.981967
3935.280006 23244.003396
3938.020755 23240.997600
3940.787803 23237.964579
3943.581151 23234.904333
3946.400799 23231.816862
3949.246747 23228.702166
3952.118996 23225.560244
3955.017544 23222.391098
3957.942392 23219.194727
3960.893541 23215.971131
3963.919889 23212.739322
3967.005137 23209.492963
3970.149285 23206.232055
3973.352334 23202.956596
3976.614282 23199.666587
3979.935130 23196.362029
3983.314879 23193.042920
3986.753527 23189.709261
3990.251075 23186.361053
3993.807524 23182.998294
3997.422872 23179.620985
4001.097120 23176.229127
4004.830269 23172.822718
4008.622317 23169.401760
4012.473265 23165.966251
4016.383114 23162.516192
4020.351862 23159.051584
4024.379510 23155.572425
4028.466058 23152.078717
4032.611507 23148.570458
4036.815855 23145.047650
4041.079103 23141.510291
4045.401252 23137.958382
4049.782300 23134.391924
4054.222248 23130.810915
4058.721096 23127.215357
4063.278845 23123.605248
4067.895493 23119.980590
4072.571041 23116.341381
4077.305490 23112.687623
4082.098838 23109.019314
4086.951086 23105.336456
4091.862234 23101.639047
4096.832283 23097.927089
4101.861231 23094.200581
4106.949079 23090.459522
4112.095828 23086.703914
4117.301476 23082.933755
4122.566024 23079.149047
4127.889472 23075.349788
4133.253633 23071.540892
4138.664569 23067.720722
4144.122280 23063.889276
4149.626765 23060.046555
4155.178026 23056.192559
4160.776062 23052.327288
4166.420873 23048.450742
4172.112458 23044.562922
4177.850819 23040.663826
4183.635955 23036.753455
4189.467866 23032.831809
4195.346552 23028.898888
4201.272012 23024.954693
4207.244248 23020.999222
4213.263259 23017.032476
4219.329044 23013.054456
4225.441605 23009.065160
4231.600941 23005.064589
4237.807052 23001.052744
4244.059937 22997.029623
4250.359598 22992.995227
4256.706034 22988.949557
4263.099245 22984.892611
4269.539230 22980.824391
4276.025991 22976.744895
4282.559527 22972.654124
4289.139838 22968.552079
4295.766923 22964.438758
4302.440784 22960.314163
4309.161420 22956.178292
4315.928830 22952.031147
4322.743016 22947.872726
4329.603977 22943.703031
4336.511713 22939.522060
4343.466223 22935.329815
4350.467509 22931.126295
4357.515570 22926.911499
4364.610405 22922.685429
4371.752016 22918.448083
4378.940402 22914.199463
4386.143613 22909.920480
4393.372298 22905.617497
4400.626459 22901.290515
4407.906095 22896.939532
4415.211206 22892.564549
4422.541792 22888.165566
4429.897853 22883.742583
4437.279389 22879.295600
4444.686400 22874.824618
4452.118886 22870.329635
4459.576848 22865.810652
4467.060284 22861.267669
4474.569195 22856.700686
4482.103582 22852.109703
4489.663443 22847.494721
4497.248779 22842.855738
4504.859591 22838.192755
4512.495877 22833.505772
4520.157639 22828.794789
4527.844876 22824.059807
4535.557587 22819.300824
4543.295774 22814.517841
4551.059436 22809.710858
4558.848572 22804.879875
4566.663184 22800.024893
4574.503271 22795.145910
4582.368833 22790.242927
4590.259870 22785.315944
4598.176382 22780.364962
4606.118369 22775.389979
4614.085831 22770.390996
4622.078768 22765.368013
4630.097180 22760.321031
4638.141068 22755.250048
4646.210430 22750.155065
4654.305267 22745.036082
4662.425579 22739.893100
4670.571367 22734.726117
4678.742629 22729.535134
4686.939367 22724.320152
4695.119692 22719.108844
4703.297567 22713.891986
4711.472992 22708.669579
4719.645967 22703.441621
4727.816492 22698.208113
4735.984567 22692.969056
4744.150192 22687.724448
4752.313367 22682.474291
4760.474093 22677.218583
4768.632368 22671.957326
4776.788193 22666.690518
4784.941568 22661.418161
4793.092494 22656.140254
4801.240969 22650.856796
4809.386994 22645.567789
4817.530570 22640.273232
4825.671695 22634.973124
4833.810371 22629.667467
4841.946596 22624.356260
4850.080371 22619.039503
4858.211697 22613.717195
4866.340573 22608.389338
4874.466998 22603.055931
4882.590974 22597.716974
4890.712499 22592.372467
4898.831575 22587.022410
4906.948201 22581.666803
4915.062376 22576.305646
4923.174102 22570.938939
4931.283378 22565.566682
4939.390203 22560.188875
4947.494579 22554.805518
4955.596505 22549.416611
4963.695981 22544.022154
4971.793007 22538.622148
4979.887583 22533.216591
4987.979709 22527.805484
4996.069385 22522.388827
5004.156610 22516.966620
5012.241386 22511.538864
5020.376737 22506.103982
5028.544988 22500.662500
5036.746139 22495.214419
5044.980190 22489.759737
5053.247141 22484.298456
5061.546992 22478.830574
5069.879743 22473.356093
5078.245394 22467.875011
5086.643945 22462.387330
5095.075395 22456.893048
5103.539746 22451.392167
5112.036997 22445.884686
5120.567148 22440.370604
5129.130199 22434.849923
5137.726149 22429.322642
5146.355000 22423.788761
5155.016751 22418.248279
5163.711402 22412.701198
5172.438952 22407.147517
5181.199403 22401.587236
5189.992754 22396.020355
5198.819005 22390.446874
5207.678155 22384.866793
5216.570206 22379.280112
5225.495157 22373.686831
5234.453007 22368.086950
5243.443758 22362.480469
5252.467408 22356.867388
5261.523959 22351.247708
5270.613410 22345.621427
5279.735760 22339.988546
5288.891011 22334.349065
5298.079161 22328.702984
5307.300212 22323.050304
5316.554162 22317.391023
5325.841013 22311.725143
5335.160763 22306.052662
5344.513414 22300.373581
5353.898964 22294.687901
5363.317415 22288.995620
5372.748965 22283.292765
5382.200216 22277.580659
5391.671166 22271.859304
5401.161816 22266.128698
5410.672167 22260.388842
5420.202217 22254.639737
5429.751967 22248.881381
5439.321418 22243.113775
5448.910568 22237.336920
5458.519418 22231.550814
5468.147969 22225.755458
5477.796219 22219.950852
5487.464169 22214.136996
5497.151820 22208.313891
5506.859170 22202.481535
5516.586220 22196.639929
5526.332970 22190.789073
5536.099421 22184.928967
5545.885571 22179.059611
5555.691421 22173.181005
5565.516971 22167.293149
5575.362221 22161.396043
5585.227171 22155.489687
5595.111822 22149.574081
5605.016172 22143.649225
5614.940222 22137.715119
5624.883972 22131.771762
5634.847422 22125.819156
5644.830572 22119.857300
5654.833422 22113.886194
5664.855972 22107.905838
5674.898222 22101.916231
5684.960172 22095.917375
5695.041822 22089.909269
5705.143172 22083.891913
5715.264222 22077.865306
5725.404972 22071.829450
5735.565422 22065.784343
5745.745572 22059.729987
5755.945422 22053.666381
5766.146522 22047.580437
5776.355022 22041.476518
5786.570922 22035.354624
5796.794222 22029.214755
5807.024922 22023.056912
5817.263021 22016.881093
5827.508521 22010.687299
5837.761421 22004.475530
5848.021721 21998.245787
5858.289421 21991.998068
5868.564521 21985.732374
5878.847021 21979.448706
5889.136920 21973.147062
5899.434220 21966.827444
5909.738920 21960.489850
5920.051020 21954.134282
5930.370520 21947.760738
5940.697419 21941.369220
5951.031719 21934.959727
5961.373419 21928.532258
5971.722519 21922.086815
5982.079018 21915.623397
5992.442918 21909.142003
6002.814218 21902.642635
6013.192918 21896.125292
6023.579017 21889.589974
6033.972517 21883.036681
6044.373417 21876.465412
6054.781716 21869.876169
6065.197416 21863.268951
6075.620516 21856.643758
6086.051015 21850.000590
6096.488915 21843.339447
6106.934215 21836.660329
6117.386914 21829.963236
6127.847014 21823.248168
6138.314513 21816.515125
6148.789413 21809.764107
6159.271713 21802.995115
6169.761412 21796.208147
6180.244149 21789.416179
6190.724711 21782.614886
6201.203098 21775.804268
6211.679310 21768.984326
6222.153348 21762.155058
6232.625210 21755.316465
6243.094897 21748.468547
6253.562409 21741.611304
6264.027746 21734.744736
6274.490908 21727.868844
6284.951895 21720.983626
6295.410707 21714.089083
6305.867344 21707.185215
6316.321806 21700.272022
6326.774093 21693.349505
6337.224205 21686.417662
6347.672142 21679.476494
6358.117904 21672.526001
6368.561491 21665.566184
6379.002903 21658.597041
6389.442140 21651.618573
6399.879202 21644.630780
6410.314089 21637.633662
6420.746801 21630.627220
6431.177338 21623.611452
6441.605700 21616.586359
6452.031887 21609.551941
6462.455899 21602.508199
6472.877736 21595.455131
6483.297398 21588.392738
6493.714885 21581.321020
6504.130197 21574.239978
6514.543334 21567.149610
6524.954296 21560.049917
6535.363083 21552.940899
6545.769695 21545.822557
6556.174132 21538.694889
6566.576394 21531.557896
6576.976481 21524.411578
6587.374393 21517.255936
6597.788917 21510.077468
6608.213792 21502.880675
6618.649016 21495.665558
6629.094591 21488.432115
6639.550515 21481.180347
6650.016790 21473.910255
6660.493415 21466.621837
6670.980389 21459.315094
6681.477714 21451.990027
6691.985388 21444.646634
6702.503413 21437.284917
6713.031788 21429.904874
6723.570512 21422.506506
6734.119587 21415.089814
6744.679012 21407.654796
6755.248787 21400.201454
6765.828911 21392.729786
6776.419386 21385.239794
6787.020211 21377.731476
6797.631386 21370.204834
6808.252911 21362.659867
6818.884786 21355.096574
6829.527011 21347.514957
6840.179585 21339.915014
6850.842510 21332.296747
6861.515785 21324.660155
6872.199410 21317.005237
6882.893385 21309.331995
6893.597710 21301.640428
6904.312385 21293.930535
6915.037410 21286.202318
6925.772785 21278.455776
6936.518511 21270.690908
6947.274586 21262.907716
6958.041011 21255.106199
6968.817786 21247.286357
6979.604911 21239.448190
6990.402386 21231.591697
7001.210211 21223.716880
7012.028387 21215.823738
7022.927224 21207.906458
7033.883287 21199.966979
7044.896575 21192.005299
7055.967087 21184.021419
7067.094825 21176.015340
7078.279788 21167.987060
7089.521976 21159.936580
7100.821388 21151.863901
7112.178026 21143.769021
7123.591889 21135.651941
7135.062977 21127.512662
7146.591289 21119.351182
7158.176827 21111.167503
7169.819590 21102.961623
7181.519578 21094.733543
7193.276790 21086.483264
7205.091228 21078.210784
7216.962891 21069.916105
7228.891779 21061.599225
7240.877891 21053.260145
7252.921229 21044.898866
7265.021792 21036.515386
7277.179580 21028.109707
7289.394593 21019.681827
7301.666830 21011.231747
7313.996293 21002.759468
7326.382981 20994.264988
7338.826894 20985.748309
7351.328032 20977.209429
7363.886395 20968.648350
7376.501982 20960.065070
7389.174795 20951.459591
7401.904833 20942.831911
7414.692096 20934.182031
7427.536584 20925.509952
7440.438296 20916.815672
7453.397234 20908.099193
7466.413397 20899.360513
7479.486785 20890.599634
7492.617398 20881.816554
7505.842211 20873.010825
7519.148899 20864.182595
7532.537461 20855.331866
7546.007899 20846.458636
7559.560212 20837.562907
7573.194400 20828.644677
7586.910463 20819.703948
7600.708401 20810.740718
7614.588213 20801.754988
7628.549901 20792.746759
7642.593464 20783.716029
7656.718902 20774.662800
7670.926215 20765.587070
7685.215402 20756.488840
7699.586465 20747.368111
7714.039403 20738.224881
7728.574216 20729.059151
7743.190904 20719.870922
7757.889466 20710.660192
7772.669904 20701.426962
7787.532217 20692.171233
7802.476405 20682.893003
7817.502468 20673.592273
7832.610405 20664.269044
7847.800218 20654.923314
7863.071906 20645.555084
7878.425469 20636.164354
7893.860906 20626.751125
7909.378219 20617.315395
7924.977407 20607.857165
7940.658470 20598.376435
7956.421407 20588.873205
7972.266220 20579.347476
7988.192908 20569.799246
8004.201471 20560.228516
8020.291908 20550.635286
8036.464221 20541.019556
8052.718409 20531.381327
8069.054471 20521.720597
8085.472409 20512.037367
8101.922197 20502.359500
8118.420510 20492.677707
8134.967347 20482.991990
8151.562710 20473.302348
8168.206598 20463.608780
8184.899011 20453.911288
8201.639949 20444.209871
8218.429412 20434.504528
8235.267400 20424.795261
8252.153912 20415.082069
8269.088950 20405.364951
8286.072513 20395.643909
8303.104601 20385.918942
8320.185214 20376.190050
8337.314352 20366.457232
8354.492015 20356.720490
8371.718204 20346.979823
8388.992917 20337.235231
8406.316155 20327.486713
8423.687918 20317.734271
8441.108206 20307.977904
8458.577019 20298.217611
8476.094357 20288.453394
8493.660221 20278.685252
8511.274609 20268.913185
8528.937522 20259.137193
8546.648960 20249.357275
8564.408924 20239.573433
8582.217412 20229.785666
8600.074425 20219.993974
8617.979964 20210.198356
8635.934027 20200.398814
8653.936615 20190.595347
8671.987729 20180.787955
8690.087367 20170.976638
8708.235531 20161.161395
8726.432219 20151.342228
8744.677433 20141.519136
8762.971171 20131.692119
8781.313435 20121.861177
8799.735386 20112.028297
8818.226637 20102.192818
8836.787188 20092.354738
8855.417039 20082.514059
8874.116190 20072.670779
8892.884641 20062.824900
8911.722392 20052.976421
8930.629443 20043.125341
8949.605794 20033.271662
8968.651445 20023.415383
8987.766396 20013.556504
9006.950647 20003.695025
9026.204198 19993.830945
9045.527049 19983.964266
9064.919200 19974.094988
9084.380651 19964.223109
9103.911402 19954.348630
9123.511453 19944.471551
9143.180804 19934.591872
9162.919455 19924.709593
9182.727406 19914.824715
9202.604656 19904.937236
9222.551207 19895.047157
9242.567058 19885.154479
9262.652209 19875.259200
9282.806660 19865.361322
9303.030411 19855.460843
9323.323462 19845.557765
9343.685813 19835.652087
9364.117464 19825.743808
9384.618415 19815.832930
9405.188666 19805.919452
9425.828217 19796.003374
9446.537067 19786.084696
9467.315218 19776.163418
9488.162669 19766.239540
9509.079420 19756.313062
9530.065471 19746.383984
9551.120822 19736.452306
9572.245473 19726.518028
9593.435336 19716.552238
9614.691774 19706.564572
9636.014788 19696.555032
9657.404376 19686.523617
9678.860539 19676.470327
9700.383278 19666.395161
9721.972591 19656.298121
9743.628480 19646.179206
9765.350943 19636.038416
9787.139981 19625.875750
9808.995595 19615.691210
9830.917783 19605.484795
9852.906546 19595.256505
9874.961885 19585.006340
9897.083798 19574.734299
9919.272286 19564.440384
9941.527350 19554.124594
9963.848988 19543.786929
9986.237201 19533.427389
10008.691990 19523.045974
10031.213353 19512.642684
10053.801291 19502.217519
10076.455805 19491.770479
10099.176893 19481.301564
10121.964556 19470.810774
10144.818795 19460.298109
10167.739608 19449.763569
10190.726996 19439.207154
10213.780960 19428.628864
10236.901498 19418.028699
10260.088611 19407.406659
10283.342299 19396.762744
10306.662563 19386.096954
10330.049401 19375.409289
10353.502814 19364.699749
10377.022803 19353.968334
10400.609366 19343.215045
10424.262504 19332.439880
10447.982218 19321.642840
10471.768506 19310.823925
10495.568869 19300.002448
10519.400807 19289.171971
10543.264321 19278.332493
10567.159409 19267.484016
10591.086072 19256.626539
10615.044310 19245.760062
10639.034124 19234.884585
10663.055512 19224.000108
10687.108475 19213.106631
10711.193013 19202.204154
10735.309126 19191.292677
10759.456815 19180.372200
10783.636078 19169.442723
10807.846916 19158.504246
10832.089329 19147.556769
10856.363317 19136.600292
10880.668880 19125.634815
10905.006019 19114.660338
10929.374732 19103.676861
10953.775020 19092.684385
10978.206883 19081.682908
11002.670321 19070.672431
11027.165334 19059.652954
11051.691922 19048.624478
11076.250085 19037.587001
11100.839823 19026.540524
11125.461136 19015.485048
11150.114024 19004.420571
11174.798487 18993.347095
11199.514525 18982.264618
11224.262138 18971.173142
11249.041326 18960.072665
11273.852089 18948.963189
11298.694427 18937.844712
11323.568340 18926.717236
11348.473828 18915.580760
11373.410891 18904.435283
11398.379529 18893.280807
11423.379742 18882.117331
11448.411530 18870.944855
11473.488805 18859.759478
11498.606931 18848.562502
11523.765906 18837.353926
11548.965731 18826.133750
11574.206407 18814.901974
11599.487932 18803.658598
11624.810307 18792.403622
11650.173533 18781.137046
11675.577608 18769.858870
11701.022533 18758.569094
11726.508309 18747.267718
11752.034934 18735.954742
11777.602409 18724.630167
11803.210735 18713.293991
11828.859910 18701.946215
11854.549935 18690.586839
11880.280811 18679.215864
11906.052536 18667.833288
11931.865111 18656.439113
11957.718536 18645.033337
11983.612811 18633.615962
12009.547937 18622.186986
12035.523912 18610.746411
12061.540737 18599.294235
12087.598412 18587.830460
12113.696938 18576.355084
12139.836313 18564.868109
12166.016538 18553.369534
12192.237613 18541.859359
12218.499538 18530.337583
12244.802313 18518.804208
12271.145938 18507.259233
12297.530414 18495.702658
12323.955739 18484.134483
12350.421914 18472.554708
12376.928939 18460.963333
12403.476814 18449.360358
12430.065539 18437.745783
12456.695114 18426.119608
12483.365539 18414.481833
12510.051427 18402.847083
12536.761239 18391.210484
12563.494977 18379.572034
12590.252640 18367.931734
12617.034227 18356.289584
12643.839740 18344.645584
12670.669178 18332.999734
12697.522540 18321.352034
12724.399828 18309.702484
12751.301041 18298.051084
12778.226178 18286.397835
12805.175241 18274.742735
12832.148229 18263.085785
12859.145142 18251.426985
12886.165979 18239.766335
12913.210742 18228.103835
12940.279430 18216.439485
12967.372043 18204.773285
12994.488581 18193.105235
13021.629044 18181.435335
13048.793431 18169.763586
13075.981744 18158.089986
13103.193982 18146.414536
13130.430145 18134.737236
13157.690233 18123.058086
13184.974246 18111.377086
13212.282184 18099.694236
13239.614047 18088.009536
13266.969835 18076.322986
13294.349548 18064.634586
13321.753186 18052.944336
13349.180749 18041.252236
13376.632237 18029.558286
13404.107650 18017.862487
13431.606988 18006.164837
13459.130251 17994.465337
13486.677439 17982.763987
13514.248552 17971.060787
13541.843590 17959.355737
13569.462553 17947.648837
13597.116579 17935.926962
13624.801955 17924.194487
13652.518680 17912.451412
13680.266756 17900.697737
13708.046182 17888.933462
13735.856958 17877.158587
13763.699083 17865.373112
13791.572559 17853.577037
13819.477385 17841.770363
13847.413561 17829.953088
13875.381087 17818.125213
13903.379963 17806.286738
13931.410188 17794.437663
13959.471764 17782.577988
13987.564690 17770.707713
14015.688966 17758.826838
14043.844592 17746.935363
14072.031568 17735.033288
14100.249894 17723.120613
14128.499570 17711.197338
14156.780596 17699.263463
14185.092972 17687.318988
14213.436698 17675.363913
14241.811775 17663.398238
14270.218201 17651.421963
14298.655977 17639.435088
14327.125103 17627.437613
14355.625579 17615.429538
14384.157406 17603.410864
14412.720582 17591.381589
14441.315108 17579.341714
14469.940984 17567.291239
14498.598211 17555.230164
14527.286787 17543.158489
14556.006713 17531.076214
14584.757990 17518.983339
14613.540616 17506.879864
14642.354592 17494.765789
14671.199919 17482.641114
14700.076595 17470.505839
14728.975997 17458.358127
14757.900998 17446.198589
14786.851600 17434.027227
14815.827801 17421.844039
14844.829603 17409.649027
14873.857004 17397.442189
14902.910006 17385.223526
14931.988607 17372.993039
14961.092809 17360.750726
14990.222610 17348.496589
15019.378012 17336.230626
15048.559013 17323.952839
15077.765615 17311.663226
15106.997817 17299.361788
15136.255618 17287.048526
15165.539020 17274.723438
15194.848022 17262.386526
15224.182623 17250.037788
15253.542825 17237.677225
15282.928627 17225.304838
15312.340028 17212.920625
15341.777030 17200.524587
15371.239632 17188.116724
15400.727833 17175.697037
15430.241635 17163.265524
15459.781037 17150.822186
15489.346039 17138.367024
15518.936641 17125.900036
15548.552842 17113.421223
15578.194644 17100.930585
15607.862046 17088.428122
15637.555048 17075.913835
15667.273650 17063.387722
15697.017852 17050.849784
15726.787653 17038.300021
15756.583055 17025.738433
15786.404057 17013.165021
15816.250659 17000.579783
15846.122861 16987.982720
15876.020663 16975.373832
15905.948115 16962.750044
15935.903867 16950.112381
15965.887919 16937.460843
15995.900271 16924.795431
16025.940923 16912.116143
16056.009875 16899.422980
16086.107127 16886.715942
16116.232679 16873.995029
16146.386531 16861.260242
16176.568683 16848.511579
16206.779135 16835.749041
16237.017888 16822.972628
16267.284940 16810.182340
16297.580292 16797.378178
16327.903944 16784.560140
16358.255896 16771.728227
16388.636148 16758.882439
16419.044701 16746.022777
16449.481553 16733.149239
16479.946705 16720.261826
16510.440158 16707.360539
16540.961910 16694.445376
16571.511962 16681.516338
16602.090315 16668.573425
16632.696967 16655.616638
16663.331919 16642.645975
16693.995172 16629.661437
16724.686724 16616.663025
16755.406577 16603.650737
16786.154729 16590.624574
16816.931181 16577.584537
16847.735934 16564.530624
16878.568986 16551.462837
16909.430339 16538.381174
16940.319991 16525.285636
16971.237944 16512.176224
17002.184197 16499.052936
17033.158749 16485.915774
17064.161602 16472.764736
17095.192754 16459.599823
17126.249395 16446.421561
17157.332460 16433.229773
17188.441950 16420.024461
17219.577865 16406.805623
17250.740205 16393.573261
17281.928970 16380.327373
17313.144160 16367.067960
17344.385776 16353.795023
17375.653816 16340.508560
17406.948281 16327.208573
17438.269171 16313.895060
17469.616486 16300.568023
17500.990227 16287.227460
17532.390392 16273.873373
17563.816982 16260.505760
17595.269997 16247.124623
17626.749438 16233.729960
17658.255303 16220.321773
17689.787593 16206.900061
17721.346308 16193.464823
17752.931449 16180.016061
17784.543014 16166.553773
17816.181004 16153.077961
17847.845420 16139.588623
17879.536260 16126.085761
17911.253525 16112.569373
17942.997215 16099.039461
17974.767331 16085.496024
18006.563871 16071.939061
18038.386836 16058.368574
18070.236227 16044.784561
18102.112042 16031.187024
18134.014283 16017.575962
18165.942948 16003.951374
18197.898038 15990.313262
18229.879554 15976.661624
18261.887494 15962.996462
18293.921860 15949.317775
18325.982650 15935.625562
18358.069865 15921.919825
18390.177806 15908.200600
18422.308371 15894.467875
18454.461562 15880.721651
18486.637377 15866.961926
18518.835817 15853.188701
18551.056883 15839.401976
18583.300573 15825.601751
18615.566889 15811.788026
18647.855829 15797.960802
18680.167394 15784.120077
18712.501585 15770.265852
18744.858400 15756.398127
18777.237840 15742.516902
18809.639906 15728.622177
18842.064596 15714.713953
18874.511912 15700.792228
18906.981852 15686.857003
18939.474417 15672.908278
18971.989608 15658.946053
19004.527423 15644.970329
19037.087863 15630.981104
19069.670929 15616.978379
19102.276619 15602.962154
19134.904934 15588.932429
19167.555874 15574.889205
19200.229440 15560.832480
19232.925630 15546.762255
19265.644445 15532.678530
19298.385886 15518.581306
19331.149951 15504.470581
19363.936641 15490.346356
19396.745956 15476.208631
19429.577897 15462.057407
19462.432462 15447.892682
19495.309652 15433.714457
19528.209468 15419.522732
19561.131908 15405.317507
19594.076973 15391.098783
19627.044663 15376.866558
19660.034979 15362.620833
19693.043419 15348.360146
19726.071484 15334.084984
19759.119174 15319.795347
19792.186489 15305.491235
19825.273429 15291.172647
19858.379994 15276.839585
19891.506184 15262.492048
19924.651999 15248.130036
19957.817439 15233.753549
19991.002504 15219.362587
20024.207194 15204.957150
20057.431509 15190.537238
20090.675449 15176.102852
20123.939014 15161.653990
20157.222204 15147.190653
20190.525019 15132.712841
20223.847459 15118.220554
20257.189523 15103.713793
20290.551213 15089.192556
20323.932528 15074.656844
20357.333468 15060.106657
20390.754032 15045.541996
20424.194222 15030.962859
20457.654036 15016.369248
20491.133476 15001.761161
20524.632541 14987.138600
20558.151230 14972.501563
20591.689545 14957.850052
20625.247484 14943.184065
20658.825049 14928.503604
20692.422238 14913.808667
20726.039053 14899.099256
20759.675492 14884.375370
20793.331556 14869.637008
20827.007246 14854.884172
20860.702560 14840.116861
20894.417499 14825.335074
20928.152063 14810.538813
20961.906253 14795.728077
20995.680067 14780.902866
21029.476394 14766.060517
21063.294270 14751.201919
21097.133697 14736.327070
21130.994674 14721.435971
21164.877201 14706.528623
21198.781277 14691.605024
21232.706904 14676.665175
21266.654081 14661.709077
21300.622808 14646.736728
21334.613085 14631.748130
21368.624911 14616.743281
21402.658288 14601.722182
21436.713215 14586.684834
21470.789692 14571.631235
21504.887719 14556.561387
21539.007296 14541.475288
21573.148422 14526.372940
21607.311099 14511.254341
21641.495326 14496.119493
21675.701103 14480.968394
21709.928430 14465.801046
21744.177307 14450.617447
21778.447734 14435.417599
21812.739711 14420.201500
21847.053238 14404.969152
21881.388314 14389.720553
21915.744941 14374.455705
21950.123118 14359.174606
21984.522845 14343.877258
22018.944122 14328.563659
22053.386949 14313.233811
22087.851326 14297.887713
22122.337253 14282.525364
22156.844730 14267.146766
22191.373757 14251.751917
22225.924334 14236.340819
22260.496461 14220.913471
22295.090138 14205.469872
22329.705365 14190.010024
22364.342142 14174.533926
22399.008907 14159.034865
22433.702846 14143.515079
22468.423961 14127.974568
22503.172250 14112.413332
22537.947714 14096.831371
22572.750354 14081.228686
22607.580168 14065.605275
22642.437158 14049.961139
22677.321322 14034.296278
22712.232662 14018.610692
22747.171176 14002.904382
22782.136865 13987.177346
22817.129730 13971.429585
22852.149769 13955.661099
22887.196984 13939.871888
22922.271373 13924.061952
22957.372937 13908.231292
22992.501677 13892.379906
23027.657591 13876.507795
23062.840680 13860.614959
23098.050945 13844.701399
23133.288384 13828.767113
23168.552998 13812.812102
23203.844787 13796.836366
23239.163752 13780.839905
23274.509891 13764.822720
23309.883205 13748.784809
23345.283694 13732.726173
23380.711359 13716.646812
23416.166198 13700.546727
23451.648212 13684.425916
23487.157401 13668.284380
23522.693766 13652.122119
23558.257305 13635.939134
23593.848019 13619.735423
23629.465908 13603.510987
23665.110972 13587.265826
23700.783211 13570.999941
23736.482626 13554.713330
23772.209215 13538.405994
23807.959004 13522.079171
23843.733318 13505.732448
23879.532157 13489.365825
23915.355521 13472.979301
23951.203410 13456.572878
23987.075824 13440.146555
24022.972764 13423.700332
24058.894228 13407.234209
24094.840217 13390.748186
24130.810731 13374.242263
24166.805770 13357.716440
24202.825334 13341.170717
24238.869423 13324.605094
24274.938037 13308.019570
24311.031177 13291.414147
24347.148841 13274.788824
24383.291030 13258.143601
24419.457744 13241.478478
24455.648983 13224.793455
24491.864747 13208.088533
24528.105036 13191.363710
24564.369850 13174.618987
24600.659189 13157.854364
24636.973053 13141.069841
24673.311442 13124.265418
24709.674357 13107.441095
24746.061796 13090.596872
24782.473760 13073.732749
24818.910249 13056.848727
24855.371263 13039.944804
24891.856802 13023.020981
24928.366866 13006.077258
24964.901455 12989.113635
25001.460569 12972.130113
25038.044208 12955.126690
25074.652372 12938.103367
25111.285061 12921.060144
25147.942275 12903.997022
25184.624014 12886.913999
25221.330279 12869.811076
