-0.048637 0.079575
-0.129700 0.212200
-0.243187 0.397875
-0.389100 0.636600
-0.567437 0.928376
-0.778200 1.273201
-1.021387 1.671076
-1.296999 2.122001
-1.605037 2.625977
-1.945499 3.183002
-2.318387 3.793078
-2.723699 4.456203
-3.161436 5.172379
-3.631598 5.941604
-4.134186 6.763880
-4.669198 7.639205
-5.236635 8.567581
-5.836497 9.549006
-6.468784 10.583482
-7.133496 11.671007
-7.830634 12.811583
-8.560196 14.005208
-9.322184 15.251884
-10.116596 16.551609
-10.943434 17.904385
-11.802696 19.310211
-12.694384 20.769087
-13.618496 22.281013
-14.575033 23.845989
-15.563995 25.464016
-16.585382 27.135092
-17.639194 28.859219
-18.725431 30.636395
-19.844093 32.466621
-20.995180 34.349899
-22.178692 36.286224
-23.394629 38.275600
-24.642990 40.318027
-25.923777 42.413506
-27.236988 44.562031
-28.581650 46.722809
-29.958086 48.909435
-31.366297 51.121910
-32.806282 53.360237
-34.278042 55.624413
-35.781578 57.914440
-37.316891 60.230316
-38.883976 62.572044
-40.482838 64.939621
-42.113476 67.333046
-43.775887 69.752319
-45.470074 72.197449
-47.196033 74.668427
-48.953770 77.165253
-50.743282 79.687927
-52.564568 82.236458
-54.417629 84.810837
-56.302467 87.411064
-58.219078 90.037140
-60.167465 92.689064
-62.147625 95.366844
-64.159561 98.070473
-66.203270 100.799950
-68.278755 103.555275
-70.386017 106.336456
-72.525055 109.143486
-74.695869 111.976364
-76.898453 114.835091
-79.132812 117.719666
-81.398949 120.630096
-83.696861 123.566376
-86.026550 126.528503
-88.388008 129.516479
-90.781242 132.530304
-93.206253 135.569977
-95.663040 138.635498
-98.151604 141.726883
-100.671944 144.844116
-103.224052 147.987198
-105.807938 151.156128
-108.419922 154.332947
-111.061234 157.523636
-113.731873 160.728195
-116.431831 163.946640
-119.161118 167.178955
-121.919731 170.425140
-124.707664 173.685211
-127.524925 176.959152
-130.371506 180.246964
-133.247421 183.548660
-136.152664 186.864227
-139.087219 190.193665
-142.051102 193.536987
-145.044312 196.894180
-148.066849 200.265244
-151.118713 203.650192
-154.199905 207.049011
-157.310410 210.461700
-160.450241 213.888260
-163.619400 217.328705
-166.817886 220.783020
-170.045700 224.251205
-173.302841 227.733276
-176.589310 231.229218
-179.905090 234.739029
-183.250198 238.262726
-186.624634 241.800293
-190.028397 245.351730
-193.461487 248.917053
-196.923904 252.496246
-200.415634 256.089325
-203.936691 259.696259
-207.487076 263.317078
-211.066788 266.951782
-214.675827 270.600342
-218.314194 274.262787
-221.981888 277.939117
-225.678894 281.629303
-229.405228 285.333374
-233.160889 289.051331
-236.933243 292.744415
-240.726486 296.425537
-244.540634 300.094727
-248.375687 303.751953
-252.231628 307.397217
-256.108490 311.030548
-260.006226 314.651917
-263.924866 318.261353
-267.864410 321.858826
-271.824860 325.444366
-275.806213 329.017944
-279.808472 332.579559
-283.831635 336.129242
-287.875671 339.666962
-291.940613 343.192749
-296.026459 346.706573
-300.133209 350.208466
-304.260864 353.698395
-308.409424 357.176361
-312.578857 360.642395
-316.769196 364.096466
-320.980438 367.538605
-325.212585 370.968781
-329.465637 374.387024
-333.739594 377.793304
-338.034454 381.187622
-342.350189 384.570007
-346.686829 387.940430
-351.044373 391.298920
-355.422821 394.645447
-359.822174 397.980011
-364.242432 401.302643
-368.683563 404.613312
-373.145599 407.912048
-377.628540 411.198822
-382.132385 414.473663
-386.657135 417.736542
-391.202789 420.987457
-395.769318 424.226440
-400.356750 427.453461
-404.949615 430.683533
-409.553040 433.911652
-414.167053 437.137817
-418.791626 440.362061
-423.426788 443.584351
-428.072510 446.804688
-432.728821 450.023071
-437.395691 453.239502
-442.073151 456.453979
-446.761169 459.666504
-451.459778 462.877075
-456.168945 466.085693
-460.888702 469.292358
-465.619019 472.497101
-470.359924 475.699890
-475.111389 478.900726
-479.873444 482.099609
-484.646057 485.296539
-489.429260 488.491516
-494.223022 491.684540
-499.027374 494.875610
-503.842316 498.064728
-508.667816 501.251892
-513.503906 504.437134
-518.350586 507.620422
-523.207825 510.801758
-528.075623 513.981140
-532.953979 517.158569
-537.842957 520.334045
-542.742493 523.507568
-547.652588 526.679138
-552.573242 529.848755
-557.504517 533.016418
-562.446350 536.182129
-567.398743 539.345886
-572.361694 542.507690
-577.335266 545.667542
-582.319397 548.825439
-587.314087 551.981445
-592.319336 555.135498
-597.324951 558.271851
-602.334290 561.395813
-607.347412 564.507324
-612.364258 567.606384
-617.384888 570.693054
-622.409241 573.767273
-627.437378 576.829102
-632.469238 579.878479
-637.504822 582.915466
-642.544189 585.940002
-647.587280 588.952148
-652.634155 591.951843
-657.684753 594.939087
-662.739136 597.913940
-667.797241 600.876343
-672.859070 603.826355
-677.924683 606.763916
-682.994019 609.689087
-688.067139 612.601807
-693.143982 615.502075
-698.224609 618.389954
-703.308960 621.265381
-708.397095 624.128418
-713.488953 626.979004
-718.584534 629.817200
-723.683899 632.642944
-728.786987 635.456238
-733.893860 638.257141
-739.004456 641.045593
-744.118835 643.821655
-749.236938 646.585266
-754.358765 649.336487
-759.484375 652.075256
-764.613708 654.801575
-769.746826 657.515503
-774.883667 660.216980
-780.024292 662.906067
-785.168640 665.582703
-790.316772 668.246948
-795.468628 670.898743
-800.602722 673.533020
-805.726257 676.151550
-810.839233 678.754272
-815.941650 681.341187
-821.033447 683.912292
-826.114685 686.467590
-831.185364 689.007080
-836.245483 691.530762
-841.294983 694.038696
-846.333923 696.530823
-851.362305 699.007141
-856.380127 701.467651
-861.387329 703.912354
-866.383972 706.341248
-871.370056 708.754333
-876.345581 711.151611
-881.310486 713.533142
-886.264832 715.898865
-891.208618 718.248779
-896.141785 720.582886
-901.064392 722.901184
-905.976440 725.203674
-910.877930 727.490356
-915.768799 729.761230
-920.649109 732.016357
-925.518860 734.255676
-930.378052 736.479187
-935.226624 738.686890
-940.064636 740.878784
-944.892090 743.054871
-949.708984 745.215149
-954.515259 747.359680
-959.310974 749.488403
-964.096130 751.601318
-968.870728 753.698425
-973.634705 755.779724
-978.388123 757.845215
-983.130981 759.894897
-987.863281 761.928772
-992.584961 763.946899
-997.311218 765.974487
-1002.036926 768.003113
-1006.762146 770.032776
-1011.486877 772.063477
-1016.211121 774.095276
-1020.934875 776.128113
-1025.658081 778.161987
-1030.380859 780.196899
-1035.103149 782.232849
-1039.824829 784.269897
-1044.546021 786.307983
-1049.266724 788.347107
-1053.986938 790.387268
-1058.706665 792.428528
-1063.425903 794.470825
-1068.144653 796.514160
-1072.862915 798.558533
-1077.580688 800.603943
-1082.297974 802.650452
-1087.014648 804.697998
-1091.730835 806.746582
-1096.446533 808.796204
-1101.161743 810.846863
-1105.876465 812.898621
-1110.590698 814.951416
-1115.304443 817.005249
-1120.017700 819.060120
-1124.730469 821.116028
-1129.442749 823.173035
-1134.154541 825.231079
-1138.865723 827.290161
-1143.576416 829.350281
-1148.286621 831.411438
-1152.996338 833.473694
-1157.705566 835.536987
-1162.414307 837.601318
-1167.122559 839.666687
-1171.830322 841.733093
-1176.537598 843.800598
-1181.244385 845.869141
-1185.943115 847.945923
-1190.636230 850.028564
-1195.323853 852.117065
-1200.005981 854.211365
-1204.682617 856.311523
-1209.353638 858.417542
-1214.019165 860.529419
-1218.679199 862.647156
-1223.333740 864.770752
-1227.982666 866.900208
-1232.626099 869.035461
-1237.264038 871.176575
-1241.896484 873.323547
-1246.523315 875.476379
-1251.144653 877.635071
-1255.760498 879.799622
-1260.370728 881.970032
-1264.975464 884.146240
-1269.574707 886.328308
-1274.168457 888.516235
-1278.756592 890.710022
-1283.339233 892.909668
-1287.916382 895.115173
-1292.488037 897.326477
-1297.054077 899.543640
-1301.614624 901.766663
-1306.169678 903.995544
-1310.719238 906.230286
-1315.263184 908.470886
-1319.801636 910.717346
-1324.334595 912.969604
-1328.862061 915.227722
-1333.383911 917.491699
-1337.900269 919.761536
-1342.411133 922.037231
-1346.916504 924.318787
-1351.416260 926.606140
-1355.910522 928.899353
-1360.399292 931.198425
-1364.882446 933.503357
-1369.350098 935.780640
-1373.805542 938.041382
-1378.248779 940.285645
-1382.679688 942.513428
-1387.098389 944.724670
-1391.504883 946.919434
-1395.899170 949.097717
-1400.281250 951.259460
-1404.651123 953.404724
-1409.008789 955.533508
-1413.354126 957.645752
-1417.687256 959.741516
-1422.008179 961.820801
-1426.316895 963.883545
-1430.613403 965.929810
-1434.897705 967.959595
-1439.169800 969.972839
-1443.429565 971.969604
-1447.677124 973.949890
-1451.912476 975.913635
-1456.135620 977.860901
-1460.346558 979.791687
-1464.545288 981.705933
-1468.731689 983.603699
-1472.905884 985.484985
-1477.067871 987.349731
-1481.217651 989.197998
-1485.355225 991.029785
-1489.480591 992.845032
-1493.593750 994.643799
-1497.694580 996.426086
-1501.783203 998.191833
-1505.859619 999.941101
-1509.923828 1001.673828
-1513.975830 1003.390076
-1518.015625 1005.089844
-1522.043213 1006.773071
-1526.058472 1008.439819
-1530.061523 1010.090088
-1534.052368 1011.723816
-1538.061279 1013.395691
-1542.078003 1015.087463
-1546.102661 1016.799133
-1550.135254 1018.530701
-1554.175781 1020.282166
-1558.224243 1022.053528
-1562.280640 1023.844788
-1566.344971 1025.656006
-1570.417236 1027.487061
-1574.497437 1029.338013
-1578.585571 1031.208862
-1582.681641 1033.099609
-1586.785645 1035.010254
-1590.897583 1036.940796
-1595.017334 1038.891235
-1599.145020 1040.861572
-1603.280640 1042.851807
-1607.424194 1044.861938
-1611.575684 1046.891968
-1615.735107 1048.941895
-1619.902466 1051.011719
-1624.077759 1053.101440
-1628.260986 1055.211060
-1632.452148 1057.340576
-1636.651245 1059.489990
-1640.858276 1061.659302
-1645.073242 1063.848511
-1649.296021 1066.057617
-1653.526733 1068.286621
-1657.765381 1070.535522
-1662.011963 1072.804321
-1666.266479 1075.093140
-1670.528931 1077.401855
-1674.799316 1079.730469
-1679.077637 1082.078979
-1683.363892 1084.447388
-1687.658081 1086.835693
-1691.960205 1089.243896
-1696.270264 1091.671997
-1700.588135 1094.119995
-1704.918823 1096.604980
-1709.260620 1099.121216
-1713.613525 1101.668823
-1717.977539 1104.247681
-1722.352661 1106.857788
-1726.738892 1109.499268
-1731.136353 1112.171997
-1735.544922 1114.876099
-1739.964600 1117.611450
-1744.395386 1120.378052
-1748.837280 1123.176025
-1753.290283 1126.005249
-1757.754395 1128.865845
-1762.229736 1131.757690
-1766.716187 1134.680908
-1771.213745 1137.635376
-1775.722412 1140.621094
-1780.242188 1143.638184
-1784.773071 1146.686523
-1789.315063 1149.766235
-1793.868164 1152.877197
-1798.432495 1156.019409
-1803.007935 1159.192993
-1807.594482 1162.397827
-1812.192139 1165.634033
-1816.800903 1168.901489
-1821.420776 1172.200195
-1826.051758 1175.530273
-1830.693970 1178.891602
-1835.347290 1182.284302
-1840.011719 1185.708252
-1844.687256 1189.163452
-1849.373901 1192.650024
-1854.071655 1196.167847
-1858.780518 1199.717041
-1863.500610 1203.297485
-1868.231812 1206.909302
-1872.974121 1210.552368
-1877.727539 1214.226685
-1882.492065 1217.932373
-1887.236328 1221.580444
-1891.970825 1225.200684
-1896.695557 1228.792969
-1901.410400 1232.357300
-1906.115479 1235.893677
-1910.810791 1239.402222
-1915.496216 1242.882812
-1920.171875 1246.335449
-1924.837769 1249.760132
-1929.493896 1253.156982
-1934.140137 1256.525879
-1938.776611 1259.866821
-1943.403320 1263.179810
-1948.020142 1266.464966
-1952.627197 1269.722168
-1957.224487 1272.951416
-1961.812012 1276.152710
-1966.389648 1279.326050
-1970.957520 1282.471558
-1975.515625 1285.589111
-1980.063843 1288.678711
-1984.602295 1291.740356
-1989.130981 1294.774170
-1993.649902 1297.780029
-1998.158936 1300.757935
-2002.658203 1303.707886
-2007.147705 1306.630005
-2011.627319 1309.524170
-2016.097168 1312.390381
-2020.557251 1315.228638
-2025.007568 1318.039062
-2029.447998 1320.821533
-2033.878662 1323.576050
-2038.299561 1326.302612
-2042.710693 1329.001343
-2047.111938 1331.672119
-2051.503418 1334.314941
-2055.885010 1336.929810
-2060.256836 1339.516724
-2064.618896 1342.075806
-2068.979980 1344.666016
-2073.337158 1347.267822
-2077.690430 1349.881104
-2082.039551 1352.505859
-2086.384766 1355.142090
-2090.726074 1357.789795
-2095.063477 1360.449097
-2099.396973 1363.119873
-2103.726318 1365.802124
-2108.051758 1368.495850
-2112.373291 1371.201050
-2116.690918 1373.917847
-2121.004639 1376.646118
-2125.314453 1379.385864
-2129.620117 1382.137085
-2133.921875 1384.899902
-2138.219727 1387.674194
-2142.513672 1390.459961
-2146.803711 1393.257202
-2151.089600 1396.065918
-2155.371582 1398.886230
-2159.649658 1401.718018
-2163.923828 1404.561279
-2168.194092 1407.416016
-2172.460449 1410.282227
-2176.722656 1413.160034
-2180.980957 1416.049316
-2185.235352 1418.950073
-2189.485840 1421.862305
-2193.732422 1424.786011
-2197.974854 1427.721313
-2202.213379 1430.668091
-2206.447998 1433.626343
-2210.678711 1436.596069
-2214.905518 1439.577271
-2219.128418 1442.570068
-2223.347168 1445.574341
-2227.562012 1448.590088
-2231.772949 1451.617310
-2235.979980 1454.656006
-2240.197510 1457.703247
-2244.420654 1460.759888
-2248.649414 1463.825928
-2252.883789 1466.901489
-2257.123779 1469.986450
-2261.369385 1473.080933
-2265.620850 1476.184814
-2269.877930 1479.298096
-2274.140625 1482.420898
-2278.408936 1485.553101
-2282.682861 1488.694824
-2286.962402 1491.845947
-2291.247559 1495.006470
-2295.538574 1498.176514
-2299.835205 1501.355957
-2304.137451 1504.544922
-2308.445312 1507.743286
-2312.758789 1510.951172
-2317.077881 1514.168457
-2321.402588 1517.395142
-2325.733154 1520.631348
-2330.069336 1523.876953
-2334.411133 1527.132080
-2338.758545 1530.396606
-2343.111572 1533.670532
-2347.470215 1536.953979
-2351.834473 1540.246826
-2356.204590 1543.549194
-2360.580322 1546.860962
-2364.961670 1550.182251
-2369.348633 1553.512939
-2373.741211 1556.853027
-2378.139404 1560.202637
-2382.543213 1563.561646
-2386.952881 1566.930176
-2391.368164 1570.308105
-2395.789062 1573.695435
-2400.215576 1577.092285
-2404.647705 1580.498535
-2409.085449 1583.914307
-2413.508789 1587.343994
-2417.924316 1590.786011
-2422.332031 1594.240479
-2426.731934 1597.707397
-2431.124023 1601.186768
-2435.508545 1604.678589
-2439.885254 1608.182739
-2444.254150 1611.699341
-2448.615234 1615.228394
-2452.968506 1618.769897
-2457.313965 1622.323730
-2461.651855 1625.890015
-2465.981934 1629.468750
-2470.304199 1633.059937
-2474.618652 1636.663574
-2478.925293 1640.279541
-2483.224121 1643.907959
-2487.515137 1647.548828
-2491.798584 1651.202148
-2496.074219 1654.867920
-2500.342041 1658.546021
-2504.602051 1662.236572
-2508.854248 1665.939575
-2513.098633 1669.655029
-2517.335449 1673.382812
-2521.564453 1677.123047
-2525.785645 1680.875732
-2529.999023 1684.640869
-2534.204590 1688.418457
-2538.402344 1692.208374
-2542.592529 1696.010742
-2546.774902 1699.825562
-2550.949463 1703.652832
-2555.116211 1707.492554
-2559.275146 1711.344604
-2563.426270 1715.209106
-2567.569580 1719.086060
-2571.705322 1722.975464
-2575.833252 1726.877197
-2579.953369 1730.791382
-2584.072266 1734.706299
-2588.187988 1738.625854
-2592.300293 1742.550049
-2596.409180 1746.478882
-2600.514648 1750.412354
-2604.616943 1754.350464
-2608.715820 1758.293213
-2612.811279 1762.240479
-2616.903320 1766.192383
-2620.992188 1770.148926
-2625.077637 1774.110107
-2629.159668 1778.075928
-2633.238525 1782.046387
-2637.313965 1786.021484
-2641.385986 1790.001221
-2645.454590 1793.985596
-2649.520020 1797.974487
-2653.582031 1801.968018
-2657.640625 1805.966187
-2661.696045 1809.968994
-2665.748047 1813.976440
-2669.796631 1817.988525
-2673.841797 1822.005249
-2677.883789 1826.026611
-2681.922363 1830.052612
-2685.957520 1834.083130
-2689.989258 1838.118286
-2694.017822 1842.158081
-2698.042969 1846.202515
-2702.064697 1850.251587
-2706.083252 1854.305298
-2710.098389 1858.363647
-2714.110107 1862.426636
-2718.118408 1866.494141
-2722.123535 1870.566284
-2726.125244 1874.643066
-2730.123535 1878.724487
-2734.118652 1882.810547
-2738.110352 1886.901245
-2742.098633 1890.996582
-2746.097168 1895.088745
-2750.101318 1899.180420
-2754.111084 1903.271484
-2758.126465 1907.362061
-2762.147461 1911.452026
-2766.174072 1915.541504
-2770.206543 1919.630371
-2774.244629 1923.718750
-2778.288330 1927.806519
-2782.337646 1931.893799
-2786.392578 1935.980469
-2790.453125 1940.066650
-2794.519287 1944.152222
-2798.591309 1948.237305
-2802.668945 1952.321777
-2806.752197 1956.405762
-2810.841064 1960.489136
-2814.935547 1964.572021
-2819.035645 1968.654297
-2823.141357 1972.736084
-2827.252930 1976.817261
-2831.370117 1980.897949
-2835.492920 1984.978027
-2839.621338 1989.057617
-2843.755371 1993.136597
-2847.895020 1997.215088
-2852.040283 2001.292969
-2856.191406 2005.370361
-2860.348145 2009.447144
-2864.510498 2013.523315
-2868.678467 2017.598999
-2872.852051 2021.674072
-2877.031250 2025.748657
-2881.216064 2029.822632
-2885.406738 2033.896118
-2889.603027 2037.968994
-2893.804932 2042.041382
-2898.012451 2046.113159
-2902.225586 2050.184326
-2906.444336 2054.255127
-2910.644043 2058.304443
-2914.833008 2062.339355
-2919.011230 2066.359863
-2923.178711 2070.365967
-2927.335449 2074.357422
-2931.481445 2078.334473
-2935.616699 2082.297119
-2939.741211 2086.245361
-2943.854736 2090.179199
-2947.957520 2094.098389
-2952.049561 2098.003174
-2956.130859 2101.893555
-2960.201416 2105.769531
-2964.261230 2109.631104
-2968.310303 2113.478027
-2972.348389 2117.310547
-2976.375732 2121.128662
-2980.392334 2124.932373
-2984.398193 2128.721680
-2988.393311 2132.496582
-2992.377686 2136.256836
-2996.351318 2140.002686
-3000.314209 2143.734131
-3004.266113 2147.451172
-3008.207275 2151.153809
-3012.137695 2154.841797
-3016.057373 2158.515381
-3019.966309 2162.174561
-3023.864502 2165.819336
-3027.751953 2169.449707
-3031.628418 2173.065430
-3035.494141 2176.666748
-3039.349121 2180.253662
-3043.193359 2183.826172
-3047.026855 2187.384277
-3050.849609 2190.927979
-3054.661621 2194.457031
-3058.462646 2197.971680
-3062.252930 2201.471924
-3066.032471 2204.957764
-3069.817627 2208.450439
-3073.603027 2211.942871
-3077.388428 2215.435059
-3081.174072 2218.927246
-3084.959961 2222.419189
-3088.745850 2225.910889
-3092.531982 2229.402344
-3096.318359 2232.893555
-3100.104736 2236.384766
-3103.891357 2239.875732
-3107.677979 2243.366455
-3111.464844 2246.856934
-3115.251953 2250.347168
-3119.039062 2253.837158
-3122.826416 2257.327148
-3126.613770 2260.816895
-3130.401367 2264.306396
-3134.189209 2267.795654
-3137.977051 2271.284668
-3141.765137 2274.773682
-3145.553467 2278.262451
-3149.341797 2281.750977
-3153.130371 2285.239258
-3156.918945 2288.727295
-3160.707764 2292.215088
-3164.496826 2295.702881
-3168.285889 2299.190430
-3172.075195 2302.677734
-3175.864502 2306.164795
-3179.654053 2309.651611
-3183.443848 2313.138428
-3187.233643 2316.625000
-3191.023682 2320.111328
-3194.813721 2323.597412
-3198.604004 2327.083252
-3202.394531 2330.568848
-3206.185059 2334.054443
-3209.975830 2337.539795
-3213.766846 2341.024902
-3217.557861 2344.509766
-3221.324463 2347.979004
-3225.074951 2351.437744
-3228.809326 2354.885986
-3232.527588 2358.323730
-3236.229492 2361.750732
-3239.915283 2365.167236
-3243.584961 2368.573242
-3247.238525 2371.968750
-3250.875732 2375.353760
-3254.496826 2378.728271
-3258.101807 2382.092285
-3261.690674 2385.445801
-3265.263184 2388.788818
-3268.819580 2392.121094
-3272.359863 2395.442871
-3275.884033 2398.754150
-3279.391846 2402.054932
-3282.883545 2405.345215
-3286.359131 2408.625000
-3289.818604 2411.894287
-3293.261719 2415.153076
-3296.688721 2418.401367
-3300.099609 2421.638916
-3303.494385 2424.865967
-3306.872803 2428.082520
-3310.235107 2431.288574
-3313.581299 2434.484131
-3316.911377 2437.669189
-3320.225098 2440.843750
-3323.522705 2444.007812
-3326.804199 2447.161377
-3330.069580 2450.304199
-3333.318604 2453.436523
-3336.551514 2456.558350
-3339.768311 2459.669678
-3342.968994 2462.770508
-3346.153320 2465.860840
-3349.321533 2468.940674
-3352.473633 2472.010010
-3355.609619 2475.068848
-3358.743408 2478.124512
-3361.870361 2481.174805
-3364.990479 2484.219482
-3368.103760 2487.258545
-3371.210205 2490.292236
-3374.309814 2493.320312
-3377.402588 2496.342773
-3380.488525 2499.359863
-3383.567627 2502.371338
-3386.639893 2505.377441
-3389.705322 2508.377930
-3392.763916 2511.372803
-3395.815674 2514.362305
-3398.860596 2517.346191
-3401.898682 2520.324463
-3404.929932 2523.297363
-3407.954590 2526.264648
-3410.972412 2529.226318
-3413.983398 2532.182617
-3416.987549 2535.133301
-3419.984863 2538.078613
-3422.975342 2541.018311
-3425.958984 2543.952393
-3428.935791 2546.881104
-3431.905762 2549.804199
-3434.868896 2552.721680
-3437.825195 2555.633789
-3440.774658 2558.540283
-3443.717285 2561.441406
-3446.653076 2564.336914
-3449.582031 2567.226807
-3452.504150 2570.111328
-3455.419434 2572.990234
-3458.327881 2575.863525
-3461.229492 2578.731445
-3464.124268 2581.593750
-3467.012207 2584.450684
-3469.893311 2587.302002
-3472.767822 2590.147705
-3475.635498 2592.988037
-3478.516846 2595.829834
-3481.405273 2598.670654
-3484.300537 2601.510742
-3487.202881 2604.350098
-3490.112061 2607.188477
-3493.028320 2610.026123
-3495.951416 2612.863037
-3498.881592 2615.698975
-3501.818604 2618.534180
-3504.762451 2621.368408
-3507.713379 2624.201904
-3510.671143 2627.034668
-3513.635986 2629.866455
-3516.607666 2632.697510
-3519.586426 2635.527832
-3522.572021 2638.357178
-3525.564697 2641.185791
-3528.564209 2644.013428
-3531.570801 2646.840332
-3534.584229 2649.666504
-3537.604736 2652.491699
-3540.632080 2655.316162
-3543.666504 2658.139893
-3546.707764 2660.962646
-3549.755859 2663.784668
-3552.811035 2666.605713
-3555.873047 2669.426025
-3558.942139 2672.245605
-3562.018066 2675.064209
-3565.101074 2677.882080
-3568.190918 2680.698975
-3571.287842 2683.515137
-3574.391602 2686.330566
-3577.502441 2689.145020
-3580.620117 2691.958740
-3583.744873 2694.771729
-3586.876465 2697.583740
-3590.015137 2700.395020
-3593.160645 2703.205322
-3596.312988 2706.014893
-3599.464111 2708.832520
-3602.616699 2711.655029
-3605.770508 2714.482666
-3608.925781 2717.315430
-3612.082520 2720.153320
-3615.240723 2722.996094
-3618.400146 2725.843994
-3621.561035 2728.697021
-3624.723389 2731.554932
-3627.886963 2734.417969
-3631.052002 2737.286133
-3634.218506 2740.159180
-3637.386475 2743.037354
-3640.555664 2745.920654
-3643.726318 2748.808838
-3646.898438 2751.702148
-3650.072021 2754.600586
-3653.246826 2757.503906
-3656.423096 2760.412354
-3659.600830 2763.325928
-3662.780029 2766.244385
-3665.960449 2769.167969
-3669.142334 2772.096680
-3672.325684 2775.030518
-3675.510254 2777.969238
-3678.696289 2780.913086
-3681.883789 2783.862061
-3685.072754 2786.815918
-3688.262939 2789.774902
-3691.454590 2792.739014
-3694.647705 2795.708008
-3697.842285 2798.682129
-3701.038086 2801.661377
-3704.235352 2804.645508
-3707.434082 2807.634766
-3710.634277 2810.629150
-3713.835693 2813.628418
-3717.038574 2816.632812
-3720.242920 2819.642334
-3723.448730 2822.656982
-3726.669189 2825.654785
-3729.899902 2828.643066
-3733.140869 2831.621826
-3736.392090 2834.591309
-3739.653564 2837.551270
-3742.925293 2840.501709
-3746.207275 2843.442627
-3749.499512 2846.374023
-3752.802002 2849.295898
-3756.114990 2852.208496
-3759.438232 2855.111572
-3762.771729 2858.005127
-3766.115479 2860.889160
-3769.469482 2863.763672
-3772.833740 2866.628906
-3776.208252 2869.484619
-3779.593018 2872.330811
-3782.988037 2875.167480
-3786.393311 2877.994629
-3789.808838 2880.812500
-3793.234619 2883.620850
-3796.670898 2886.419678
-3800.117432 2889.208984
-3803.574219 2891.988770
-3807.041260 2894.759277
-3810.518555 2897.520264
-3814.006104 2900.271729
-3817.503906 2903.013672
-3821.011963 2905.746094
-3824.530273 2908.468994
-3828.058838 2911.182617
-3831.597656 2913.886719
-3835.146973 2916.581299
-3838.706543 2919.266357
-3842.276367 2921.941895
-3845.856445 2924.608154
-3849.446777 2927.264893
-3853.047363 2929.912109
-3856.658203 2932.549805
-3860.279297 2935.177979
-3863.922363 2937.809814
-3867.583496 2940.440918
-3871.262695 2943.071289
-3874.959961 2945.700928
-3878.675293 2948.329834
-3882.408691 2950.958008
-3886.160156 2953.585449
-3889.929688 2956.212158
-3893.717285 2958.838135
-3897.522949 2961.463379
-3901.346680 2964.087646
-3905.188721 2966.711182
-3909.048828 2969.333984
-3912.927002 2971.956055
-3916.823242 2974.577393
-3920.737549 2977.197998
-3924.669922 2979.817871
-3928.620361 2982.437012
-3932.588867 2985.055420
-3936.575439 2987.673096
-3940.580078 2990.290039
-3944.602783 2992.906250
-3948.643555 2995.521729
-3952.702393 2998.136475
-3956.779297 3000.750244
-3960.874268 3003.363281
-3964.987305 3005.975586
-3969.118408 3008.587158
-3973.267578 3011.197998
-3977.434814 3013.808105
-3981.620117 3016.417480
-3985.823486 3019.026123
-3990.044922 3021.634033
-3994.284424 3024.241211
-3998.541992 3026.847656
-4002.817627 3029.453369
-4007.111328 3032.058350
-4011.423096 3034.662354
-4015.752930 3037.265625
-4020.100830 3039.868164
-4024.457031 3042.471436
-4028.824707 3045.074707
-4033.204102 3047.678223
-4037.594971 3050.281982
-4041.997314 3052.885742
-4046.411133 3055.489746
-4050.836670 3058.093750
-4055.273682 3060.697998
-4059.722168 3063.302490
-4064.182129 3065.906982
-4068.653564 3068.511719
-4073.136719 3071.116699
-4077.631348 3073.721680
-4082.137451 3076.326904
-4086.655029 3078.932129
-4091.184082 3081.537598
-4095.724854 3084.143311
-4100.276855 3086.749023
-4104.840820 3089.354980
-4109.416016 3091.960938
-4114.002930 3094.567139
-4118.601074 3097.173584
-4123.210938 3099.780029
-4127.832520 3102.386719
-4132.465332 3104.993652
-4137.109863 3107.600586
-4141.765625 3110.207764
-4146.433105 3112.814941
-4151.112305 3115.422363
-4155.802734 3118.030029
-4160.504883 3120.637695
-4165.218262 3123.245605
-4169.943359 3125.853516
-4174.680176 3128.461670
-4179.428223 3131.070068
-4184.187988 3133.678467
-4188.958984 3136.287109
-4193.741699 3138.895996
-4198.536133 3141.504883
-4203.341797 3144.114014
-4208.125000 3146.692383
-4212.897461 3149.250244
-4217.658691 3151.787842
-4222.408691 3154.304932
-4227.147461 3156.801514
-4231.875488 3159.277832
-4236.592285 3161.733643
-4241.297852 3164.168945
-4245.992188 3166.583984
-4250.675781 3168.978516
-4255.348145 3171.352539
-4260.009277 3173.706299
-4264.659180 3176.039551
-4269.298340 3178.352295
-4273.926270 3180.644775
-4278.542969 3182.916748
-4283.148926 3185.168213
-4287.743652 3187.399414
-4292.327148 3189.610107
-4296.899414 3191.800293
-4301.460938 3193.970215
-4306.011230 3196.119629
-4310.550293 3198.248535
-4315.078125 3200.357178
-4319.595215 3202.445312
-4324.101074 3204.512939
-4328.595703 3206.560303
-4333.079590 3208.587158
-4337.552246 3210.593506
-4342.013672 3212.579590
-4346.463867 3214.545166
-4350.903320 3216.490234
-4355.331543 3218.415039
-4359.748535 3220.319336
-4364.154297 3222.203125
-4368.549316 3224.066650
-4372.933105 3225.909668
-4377.305664 3227.732422
-4381.666992 3229.534668
-4386.017578 3231.316406
-4390.348633 3233.095215
-4394.663086 3234.865234
-4398.960449 3236.626465
-4403.241211 3238.378906
-4407.505371 3240.122559
-4411.752930 3241.857422
-4415.983887 3243.583496
-4420.197754 3245.300781
-4424.395020 3247.009277
-4428.575684 3248.708984
-4432.739746 3250.399658
-4436.887207 3252.081543
-4441.017578 3253.754639
-4445.131348 3255.418945
-4449.228516 3257.074463
-4453.309082 3258.721191
-4457.373047 3260.359131
-4461.419922 3261.988281
-4465.450195 3263.608643
-4469.463867 3265.220215
-4473.460938 3266.822998
-4477.441406 3268.416992
-4481.404785 3270.002197
-4485.351562 3271.578613
-4489.281738 3273.146240
-4493.195312 3274.705078
-4497.092285 3276.255127
-4500.972168 3277.796387
-4504.835449 3279.328857
-4508.682129 3280.852539
-4512.512207 3282.367432
-4516.325684 3283.873535
-4520.122070 3285.370850
-4523.901855 3286.859131
-4527.665039 3288.338623
-4531.411621 3289.809326
-4535.141602 3291.271240
-4538.854492 3292.724365
-4542.550781 3294.168701
-4546.230469 3295.604248
-4549.915527 3297.049316
-4553.598145 3298.497803
-4557.278809 3299.949707
-4560.957520 3301.404785
-4564.633789 3302.863281
-4568.308105 3304.325195
-4571.980469 3305.790527
-4575.650391 3307.259277
-4579.318359 3308.731445
-4582.984375 3310.206787
-4586.648438 3311.685547
-4590.310059 3313.167725
-4593.969727 3314.653320
-4597.627441 3316.142334
-4601.282715 3317.634766
-4604.936035 3319.130371
-4608.587402 3320.629395
-4612.236328 3322.131836
-4615.883301 3323.637695
-4619.528320 3325.146973
-4623.171387 3326.659424
-4626.812012 3328.175293
-4630.450684 3329.694580
-4634.087402 3331.217285
-4637.721680 3332.743408
-4641.354004 3334.272949
-4644.984375 3335.805664
-4648.612305 3337.341797
-4652.238281 3338.881348
-4655.862305 3340.424316
-4659.484375 3341.970703
-4663.104004 3343.520508
-4666.721680 3345.073486
-4670.337402 3346.629883
-4673.950684 3348.189697
-4677.562012 3349.752930
-4681.171387 3351.319580
-4684.778320 3352.889404
-4688.383301 3354.462646
-4691.986328 3356.039307
-4695.593262 3357.606934
-4699.202148 3359.169678
-4702.812500 3360.727539
-4706.424805 3362.280518
-4710.039062 3363.828613
-4713.655273 3365.371826
-4717.273438 3366.910156
-4720.893555 3368.443604
-4724.515137 3369.972168
-4728.138672 3371.495605
-4731.764160 3373.014160
-4735.391602 3374.527832
-4739.020996 3376.036621
-4742.652344 3377.540527
-4746.285645 3379.039551
-4749.920410 3380.533691
-4753.557129 3382.022949
-4757.195801 3383.507324
-4760.836426 3384.986816
-4764.479004 3386.461426
-4768.123535 3387.931152
-4771.769531 3389.395996
-4775.417480 3390.855957
-4779.067383 3392.310791
-4782.719238 3393.760742
-4786.373047 3395.205811
-4790.028809 3396.645996
-4793.686035 3398.081299
-4797.345215 3399.511719
-4801.006348 3400.937256
-4804.669434 3402.357910
-4808.334473 3403.773682
-4812.001465 3405.184570
-4815.669922 3406.590576
-4819.340332 3407.991699
-4823.012695 3409.387939
-4826.687012 3410.779297
-4830.363281 3412.165527
-4834.041504 3413.546875
-4837.721680 3414.923340
-4841.407715 3416.329102
-4845.098633 3417.752930
-4848.793945 3419.194580
-4852.494141 3420.654053
-4856.199219 3422.131592
-4859.908691 3423.626953
-4863.623047 3425.140137
-4867.341797 3426.671387
-4871.065430 3428.220459
-4874.793945 3429.787354
-4878.526855 3431.372314
-4882.264648 3432.975098
-4886.007324 3434.595703
-4889.754395 3436.234375
-4893.506348 3437.890869
-4897.262695 3439.565186
-4901.023926 3441.257324
-4904.790039 3442.967529
-4908.560547 3444.695557
-4912.335938 3446.441406
-4916.116211 3448.205322
-4919.900879 3449.987061
-4923.690430 3451.786621
-4927.484375 3453.604248
-4931.283203 3455.439697
-4935.086914 3457.292969
-4938.895020 3459.164307
-4942.708008 3461.053467
-4946.525879 3462.960449
-4950.348145 3464.885498
-4954.175293 3466.828369
-4958.006836 3468.789062
-4961.843262 3470.767822
-4965.684570 3472.764404
-4969.530273 3474.778809
-4973.380859 3476.811279
-4977.236328 3478.861572
-4981.096191 3480.929688
-4984.960938 3483.015625
-4988.830078 3485.119629
-4992.719727 3487.207764
-4996.625000 3489.291260
-5000.545410 3491.369873
-5004.480957 3493.443848
-5008.431641 3495.513184
-5012.397461 3497.577881
-5016.378418 3499.637939
-5020.375000 3501.693359
-5024.386719 3503.744141
-5028.413574 3505.790283
-5032.455566 3507.831787
-5036.512695 3509.868652
-5040.585449 3511.900879
-5044.673340 3513.928467
-5048.776367 3515.951416
-5052.894531 3517.969727
-5057.027832 3519.983398
-5061.176270 3521.992432
-5065.340332 3523.996826
-5069.519531 3525.996582
-5073.713867 3527.991699
-5077.923340 3529.982178
-5082.147949 3531.968018
-5086.388184 3533.948975
-5090.643555 3535.925293
-5094.914062 3537.896973
-5099.199707 3539.864014
-5103.500488 3541.826416
-5107.816406 3543.784180
-5112.147949 3545.737305
-5116.494629 3547.685791
-5120.856445 3549.629639
-5125.233398 3551.568848
-5129.625488 3553.503418
-5134.033203 3555.433350
-5138.456055 3557.358643
-5142.894043 3559.279297
-5147.347168 3561.195312
-5151.815430 3563.106689
-5156.298828 3565.013428
-5160.793945 3566.914795
-5165.301758 3568.811035
-5169.822266 3570.701904
-5174.355469 3572.587646
-5178.901367 3574.468262
-5183.459961 3576.343750
-5188.031250 3578.214111
-5192.615234 3580.079346
-5197.211914 3581.939453
-5201.821289 3583.794434
-5206.443359 3585.644287
-5211.078125 3587.489014
-5215.725586 3589.328613
-5220.385742 3591.162842
-5225.058594 3592.991943
-5229.744141 3594.815918
-5234.442383 3596.634766
-5239.153320 3598.448486
-5243.876953 3600.257080
-5248.613281 3602.060547
-5253.362305 3603.858887
-5258.124023 3605.652100
-5262.898438 3607.440186
-5267.685547 3609.222900
-5272.485352 3611.000488
-5277.297852 3612.772949
-5282.123047 3614.540283
-5286.960938 3616.302490
-5291.811523 3618.059570
-5296.674805 3619.811523
-5301.550781 3621.558350
-5306.439453 3623.300049
-5311.340820 3625.036621
-5316.254883 3626.768066
-5321.181641 3628.494141
-5326.121094 3630.215088
-5331.073242 3631.930908
-5336.038086 3633.641602
-5341.015625 3635.347168
-5346.005859 3637.047607
-5351.032715 3638.729248
-5356.087891 3640.396729
-5361.171875 3642.050049
-5366.284180 3643.689209
-5371.425293 3645.314209
-5376.594727 3646.924805
-5381.792969 3648.521240
-5387.019531 3650.103516
-5392.274902 3651.671631
-5397.558594 3653.225586
-5402.871094 3654.765381
-5408.211914 3656.290771
-5413.581543 3657.802002
-5418.979492 3659.299072
-5424.406250 3660.781982
-5429.861328 3662.250732
-5435.344727 3663.705322
-5440.856934 3665.145508
-5446.397461 3666.571533
-5451.966797 3667.983398
-5457.564453 3669.381104
-5463.190918 3670.764648
-5468.845703 3672.134033
-5474.529297 3673.489258
-5480.241211 3674.830078
-5485.981934 3676.156738
-5491.750977 3677.469238
-5497.548828 3678.767578
-5503.375000 3680.051758
-5509.229980 3681.321777
-5515.113281 3682.577393
-5521.025391 3683.818848
-5526.965820 3685.046143
-5532.934570 3686.259277
-5538.932129 3687.458252
-5544.958008 3688.643066
-5551.012695 3689.813477
-5557.095703 3690.969727
-5563.207520 3692.111816
-5569.347656 3693.239746
-5575.519043 3694.385986
-5581.720703 3695.539795
-5587.952637 3696.701172
-5594.214844 3697.870117
-5600.507324 3699.046631
-5606.829590 3700.230713
-5613.182129 3701.422363
-5619.564941 3702.621582
-5625.978027 3703.828369
-5632.421387 3705.042725
-5638.895020 3706.264648
-5645.398926 3707.494141
-5651.933105 3708.730957
-5658.497559 3709.975342
-5665.092285 3711.227295
-5671.716797 3712.486816
-5678.371582 3713.753906
-5685.056641 3715.028564
-5691.771973 3716.310791
-5698.517578 3717.600586
-5705.293457 3718.897949
-5712.099609 3720.202881
-5718.936035 3721.515381
-5725.802734 3722.835449
-5732.699707 3724.163086
-5739.626465 3725.498047
-5746.583496 3726.840576
-5753.570801 3728.190674
-5760.588379 3729.548340
-5767.636230 3730.913574
-5774.714355 3732.286377
-5781.822754 3733.666748
-5788.961426 3735.054688
-5796.130371 3736.450195
-5803.329590 3737.853271
-5810.558594 3739.263916
-5817.817871 3740.682129
-5825.107422 3742.107910
-5832.427246 3743.541260
-5839.777344 3744.981934
-5847.144531 3746.430420
-5854.533203 3747.886475
-5861.943848 3749.350098
-5869.375977 3750.821289
-5876.829590 3752.300049
-5884.304688 3753.786377
-5891.801270 3755.280273
-5899.319336 3756.781982
-5906.858887 3758.291260
-5914.419922 3759.808105
-5922.002930 3761.332520
-5929.607422 3762.864502
-5937.233398 3764.404053
-5944.880859 3765.951172
-5952.549805 3767.505859
-5960.240234 3769.068359
-5967.952148 3770.638428
-5975.686035 3772.216064
-5983.441406 3773.801270
-5991.218262 3775.394043
-5999.016602 3776.994385
-6006.836426 3778.602295
-6014.677734 3780.218018
-6022.540527 3781.841309
-6030.425293 3783.472168
-6038.331543 3785.110596
-6046.259277 3786.756592
-6054.208496 3788.410156
-6062.179199 3790.071289
-6070.171387 3791.739990
-6078.185059 3793.416504
-6086.220215 3795.100586
-6094.277344 3796.792236
-6102.355957 3798.491455
-6110.456055 3800.198242
-6118.577637 3801.912598
-6126.720703 3803.634521
-6134.885254 3805.364014
-6143.071289 3807.101318
-6151.279297 3808.846191
-6159.506348 3810.558838
-6167.753418 3812.252441
-6176.020508 3813.927246
-6184.307617 3815.583008
-6192.614746 3817.219971
-6200.941895 3818.837891
-6209.289062 3820.437012
-6217.656250 3822.017090
-6226.043457 3823.578369
-6234.450684 3825.120605
-6242.877930 3826.644043
-6251.324707 3828.148438
-6259.791504 3829.634033
-6268.278320 3831.100586
-6276.785156 3832.548340
-6285.312012 3833.977051
-6293.858887 3835.386963
-6302.425781 3836.777832
-6311.012695 3838.149902
-6319.619629 3839.502930
-6328.246582 3840.837158
-6336.893555 3842.152344
-6345.560547 3843.448730
-6354.247559 3844.726074
-6362.954590 3845.984375
-6371.681641 3847.223877
-6380.428711 3848.444336
-6389.195801 3849.645996
-6397.982910 3850.828613
-6406.790039 3851.992432
-6415.617188 3853.137207
-6424.464355 3854.263184
-6433.331543 3855.370117
-6442.218750 3856.458252
-6451.125977 3857.527344
-6460.053223 3858.577637
-6469.000000 3859.608887
-6477.966797 3860.621338
-6486.953613 3861.614746
-6495.960449 3862.589355
-6504.982422 3863.553955
-6514.020508 3864.505371
-6523.075195 3865.443848
-6532.146484 3866.369385
-6541.234375 3867.281982
-6550.338867 3868.181396
-6559.459473 3869.067871
-6568.596680 3869.941406
-6577.750488 3870.802002
-6586.920898 3871.649414
-6596.107910 3872.483887
-6605.311035 3873.305420
-6614.530762 3874.114014
-6623.767090 3874.909424
-6633.020020 3875.691895
-6642.289062 3876.461426
-6651.574707 3877.218018
-6660.876953 3877.961426
-6670.195801 3878.691895
-6679.531250 3879.409424
-6688.882812 3880.114014
-6698.250977 3880.805420
-6707.635742 3881.483887
-6717.037109 3882.149414
-6726.455078 3882.802002
-6735.889160 3883.441406
-6745.339844 3884.067871
-6754.807129 3884.681396
-6764.291016 3885.281982
-6773.791504 3885.869385
-6783.308105 3886.443848
-6792.841309 3887.005371
-6802.391113 3887.553955
-6811.957520 3888.089355
-6821.540527 3888.611816
-6831.139648 3889.121338
-6840.755371 3889.617920
-6850.387695 3890.101318
-6860.036621 3890.571777
-6869.702148 3891.029297
-6879.378906 3891.511230
-6889.069336 3892.005127
-6898.772949 3892.510986
-6908.489746 3893.028564
-6918.219727 3893.558105
-6927.963379 3894.099609
-6937.720215 3894.653076
-6947.490234 3895.218506
-6957.273438 3895.795898
-6967.070312 3896.385010
-6976.880371 3896.986084
-6986.703613 3897.599121
-6996.540039 3898.224121
-7006.390137 3898.861084
-7016.253418 3899.510010
-7026.129883 3900.170898
-7036.019531 3900.843506
-7045.922852 3901.528076
-7055.839355 3902.224609
-7065.769043 3902.933105
-7075.711914 3903.653564
-7085.667969 3904.385986
-7095.637695 3905.130127
-7105.620605 3905.886230
-7115.616699 3906.654297
-7125.625977 3907.434326
-7135.648926 3908.226318
-7145.685059 3909.030273
-7155.734375 3909.846191
-7165.796875 3910.673828
-7175.873047 3911.513428
-7185.962402 3912.364990
-7196.064941 3913.228516
-7206.180664 3914.104004
-7216.310059 3914.991455
-7226.452637 3915.890625
-7236.608398 3916.801758
-7246.777344 3917.724854
-7256.959961 3918.659912
-7267.155762 3919.606934
-7277.268066 3920.559570
-7287.329590 3921.519775
-7297.339844 3922.487793
-7307.299316 3923.463379
-7317.207520 3924.446777
-7327.064941 3925.437744
-7336.871094 3926.436523
-7346.626465 3927.442871
-7356.330566 3928.457031
-7365.983887 3929.479004
-7375.585938 3930.508545
-7385.137207 3931.545898
-7394.637207 3932.590820
-7404.086426 3933.643555
-7413.484375 3934.703857
-7422.831543 3935.771973
-7432.127441 3936.847656
-7441.372559 3937.931152
-7450.566406 3939.022217
-7459.709473 3940.121094
-7468.801270 3941.227539
-7477.842285 3942.341797
-7486.832031 3943.463867
-7495.770996 3944.593506
-7504.658691 3945.730957
-7513.495605 3946.875977
-7522.281250 3948.028809
-7531.016113 3949.189209
-7539.699707 3950.357422
-7548.332520 3951.533203
-7556.914062 3952.716797
-7565.444824 3953.907959
-7573.924316 3955.106934
-7582.353027 3956.313477
-7590.730469 3957.527832
-7599.057129 3958.750000
-7607.332520 3959.979736
-7615.557129 3961.217285
-7623.730469 3962.462402
-7631.853027 3963.715332
-7639.890625 3964.975830
-7647.854492 3966.244141
-7655.744629 3967.520264
-7663.561035 3968.803955
-7671.303711 3970.095459
-7678.972656 3971.394775
-7686.567871 3972.701660
-7694.089844 3974.016357
-7701.538086 3975.338867
-7708.912598 3976.668945
-7716.213379 3978.006836
-7723.440430 3979.352295
-7730.593750 3980.705566
-7737.673340 3982.066650
-7744.679199 3983.435303
-7751.611816 3984.811768
-7758.470703 3986.196045
-7765.255859 3987.587891
-7771.967285 3988.987549
-7778.604980 3990.395020
-7785.168945 3991.810059
-7791.659180 3993.232910
-7798.075684 3994.663574
-7804.418457 3996.101807
-7810.687988 3997.547852
-7816.883789 3999.001465
-7823.005859 4000.462891
-7829.054199 4001.932129
-7835.028809 4003.408936
-7840.929688 4004.893555
-7846.756836 4006.385986
-7852.510254 4007.885986
-7858.189941 4009.393799
-7863.796387 4010.909424
-7869.329102 4012.432617
-7874.788086 4013.963623
-7880.173340 4015.502197
-7885.484863 4017.048584
-7890.722656 4018.602783
-7895.886719 4020.164551
-7900.973633 4021.723877
-7905.984863 4023.284180
-7910.919922 4024.845459
-7915.778809 4026.407715
-7920.562012 4027.970947
-7925.269043 4029.535156
-7929.899902 4031.100342
-7934.455078 4032.666504
-7938.934082 4034.233643
-7943.336914 4035.801514
-7947.664062 4037.370361
-7951.915039 4038.940186
-7956.089844 4040.510986
-7960.188965 4042.082764
-7964.211914 4043.655518
-7968.158691 4045.229248
-7972.029785 4046.803955
-7975.824707 4048.379639
-7979.543945 4049.956055
-7983.187012 4051.533447
-7986.753906 4053.111816
-7990.245117 4054.691162
-7993.660156 4056.271484
-7996.999023 4057.852783
-8000.262207 4059.435059
-8003.449219 4061.018311
-8006.560059 4062.602539
-8009.595215 4064.187500
-8012.554199 4065.773438
-8015.437012 4067.360352
-8018.244141 4068.948242
-8020.975098 4070.537109
-8023.629883 4072.126953
-8026.208984 4073.717773
-8028.711914 4075.309570
-8031.139160 4076.902344
-8033.490234 4078.496094
-8035.765137 4080.090576
-8037.964355 4081.686035
-8040.087402 4083.282471
-8042.180664 4084.863037
-8044.229004 4086.433350
-8046.231934 4087.993408
-8048.189941 4089.543213
-8050.103027 4091.082764
-8051.970703 4092.612061
-8053.793457 4094.131104
-8055.571289 4095.639893
-8057.303711 4097.138184
-8058.991211 4098.626465
-8060.633789 4100.104492
-8062.230957 4101.572266
-8063.783203 4103.029785
-8065.290039 4104.476562
-8066.751953 4105.913086
-8068.168945 4107.339355
-8069.540527 4108.755371
-8070.867188 4110.161133
-8072.148926 4111.556641
-8073.385254 4112.941895
-8074.576660 4114.316895
-8075.723145 4115.681641
-8076.824219 4117.036133
-8077.880371 4118.380371
-8078.891113 4119.714355
-8079.856934 4121.038086
-8080.777832 4122.351562
-8081.653320 4123.654785
-8082.483887 4124.947754
-8083.269531 4126.230469
-8084.009766 4127.502930
-8084.705078 4128.765137
-8085.355469 4130.017090
-8085.960449 4131.258789
-8086.520508 4132.490234
-8087.035156 4133.711426
-8087.504883 4134.922363
-8087.929688 4136.122559
-8088.309082 4137.312500
-8088.643555 4138.492188
-8088.963379 4139.692383
-8089.258789 4140.902832
-8089.529297 4142.123535
-8089.775391 4143.354492
-8089.996582 4144.595703
-8090.193359 4145.846680
-8090.365234 4147.107910
-8090.512695 4148.379395
-8090.635254 4149.661133
-8090.733398 4150.953125
-8090.806641 4152.255371
-8090.854980 4153.567383
-8090.878906 4154.889648
-8090.877930 4156.222168
-8090.852539 4157.564941
-8090.802246 4158.917969
-8090.727539 4160.281250
-8090.627930 4161.654297
-8090.503906 4163.037598
-8090.354980 4164.431152
-8090.181641 4165.834961
-8089.983398 4167.249023
-8089.760742 4168.673340
-8089.513184 4170.107422
-8089.241211 4171.551758
-8088.944336 4173.006348
-8088.622559 4174.471191
-8088.276367 4175.946289
-8087.905273 4177.431641
-8087.509766 4178.926758
-8087.089355 4180.432129
-8086.644531 4181.947754
-8086.174805 4183.473633
-8085.680664 4185.009766
-8085.161621 4186.556152
-8084.618164 4188.112305
-8084.049805 4189.678711
-8083.457031 4191.255371
-8082.839355 4192.842285
-8082.197266 4194.439453
-8081.520508 4196.038086
-8080.812500 4197.641113
-8080.072754 4199.248535
-8079.301758 4200.860352
-8078.499512 4202.476562
-8077.666016 4204.097168
-8076.801270 4205.722168
-8075.905273 4207.351562
-8074.978027 4208.985352
-8074.019531 4210.623535
-8073.029785 4212.265625
-8072.008789 4213.912109
-8070.956055 4215.562988
-8069.872070 4217.218262
-8068.756836 4218.877930
-8067.610352 4220.541992
-8066.432617 4222.210449
-8065.223633 4223.883301
-8063.983398 4225.560547
-8062.711914 4227.242188
-8061.409180 4228.928223
-8060.074707 4230.618652
-8058.708984 4232.313477
-8057.312012 4234.012695
-8055.883789 4235.716309
-8054.424316 4237.424316
-8052.933594 4239.136719
-8051.411621 4240.853516
-8049.858398 4242.574707
-8048.273926 4244.300293
-8046.658203 4246.030273
-8045.010742 4247.764648
-8043.332031 4249.503418
-8041.622070 4251.246582
-8039.880859 4252.994141
-8038.108398 4254.745605
-8036.304688 4256.501465
-8034.469727 4258.261719
-8032.603516 4260.026367
-8030.706055 4261.795410
-8028.777344 4263.556641
-8026.817383 4265.313477
-8024.826172 4267.066406
-8022.803711 4268.815430
-8020.750000 4270.560547
-8018.665039 4272.301758
-8016.548828 4274.039062
-8014.401367 4275.772461
-8012.222656 4277.501465
-8010.012695 4279.226562
-8007.771484 4280.947754
-8005.499023 4282.665039
-8003.195312 4284.378418
-8000.860352 4286.087891
-7998.494141 4287.793457
-7996.096680 4289.495117
-7993.667969 4291.192383
-7991.208008 4292.885742
-7988.716797 4294.575195
-7986.194336 4296.260742
-7983.640625 4297.942383
-7981.055664 4299.620117
-7978.439453 4301.293945
-7975.791992 4302.963379
-7973.113281 4304.628906
-7970.403320 4306.290527
-7967.662109 4307.948242
-7964.889648 4309.602051
-7962.085938 4311.251953
-7959.250977 4312.897949
-7956.384766 4314.539551
-7953.487305 4316.177246
-7950.558594 4317.811035
-7947.598633 4319.440918
-7944.607422 4321.066895
-7941.584961 4322.688965
-7938.531250 4324.307129
-7935.446289 4325.920898
-7932.330078 4327.530762
-7929.182617 4329.136719
-7926.003418 4330.747070
-7922.792480 4332.359375
-7919.550293 4333.973145
-7916.276367 4335.588379
-7912.970703 4337.205566
-7909.633789 4338.824219
-7906.265137 4340.444824
-7902.864746 4342.066895
-7899.433105 4343.690430
-7895.969727 4345.315918
-7892.475098 4346.942871
-7888.948730 4348.571289
-7885.390625 4350.201660
-7881.801270 4351.833496
-7878.180176 4353.467285
-7874.527832 4355.102539
-7870.843750 4356.739258
-7867.127930 4358.377930
-7863.380859 4360.018066
-7859.602051 4361.659668
-7855.791504 4363.303223
-7851.949707 4364.948242
-7848.076172 4366.595215
-7844.171387 4368.243652
-7840.234863 4369.893555
-7836.266602 4371.545410
-7832.267090 4373.198730
-7828.235840 4374.853516
-7824.173340 4376.510254
-7820.079102 4378.168457
-7815.953125 4379.828613
-7811.795898 4381.490234
-7807.606934 4383.153320
-7803.386719 4384.818359
-7799.134766 4386.484863
-7794.851074 4388.153320
-7790.536133 4389.823242
-7786.189453 4391.494629
-7781.811035 4393.167969
-7777.401367 4394.842773
-7772.986816 4396.543945
-7768.558594 4398.263184
-7764.117188 4400.000977
-7759.662109 4401.756836
-7755.193359 4403.530762
-7750.710938 4405.322754
-7746.214844 4407.133301
-7741.705078 4408.961914
-7737.182129 4410.808594
-7732.645508 4412.673340
-7728.095215 4414.556152
-7723.531250 4416.457520
-7718.953613 4418.376953
-7714.362305 4420.314453
-7709.757324 4422.270020
-7705.139160 4424.244141
-7700.507324 4426.236328
-7695.861816 4428.246582
-7691.202637 4430.274902
-7686.529785 4432.321289
-7681.843262 4434.386230
-7677.143066 4436.469238
-7672.429688 4438.570312
-7667.702637 4440.689453
-7662.961914 4442.827148
-7658.207520 4444.982910
-7653.439453 4447.156738
-7648.657715 4449.348633
-7643.862305 4451.558594
-7639.053711 4453.787109
-7634.231445 4456.033691
-7629.395508 4458.298340
-7624.545898 4460.581055
-7619.682617 4462.882324
-7614.805664 4465.201660
-7609.915527 4467.539062
-7605.011719 4469.894531
-7600.094238 4472.268066
-7595.163086 4474.660156
-7590.218262 4477.070312
-7585.256348 4479.460449
-7580.278320 4481.843262
-7575.284668 4484.218750
-7570.274902 4486.586914
-7565.249023 4488.947754
-7560.207031 4491.301270
-7555.149414 4493.647949
-7550.075684 4495.987305
-7544.985840 4498.319336
-7539.879883 4500.644043
-7534.758301 4502.961426
-7529.620605 4505.271484
-7524.466797 4507.574219
-7519.297363 4509.869629
-7514.111816 4512.157715
-7508.910156 4514.438477
-7503.692383 4516.712402
-7498.458984 4518.979004
-7493.209473 4521.238281
-7487.943848 4523.490234
-7482.662598 4525.734863
-7477.365234 4527.972168
-7472.051758 4530.202148
-7466.722168 4532.424805
-7461.376953 4534.640137
-7456.015625 4536.848145
-7450.638184 4539.049316
-7445.245117 4541.243164
-7439.835938 4543.429688
-7434.410645 4545.608887
-7428.969238 4547.780762
-7423.512207 4549.945312
-7418.039062 4552.102539
-7412.549805 4554.252441
-7407.044922 4556.395020
-7401.523926 4558.530273
-7395.986816 4560.658691
-7390.433594 4562.779785
-7384.864746 4564.893555
-7379.279785 4567.000000
-7373.682129 4569.116699
-7368.070801 4571.238281
-7362.446289 4573.364258
-7356.808105 4575.494629
-7351.156250 4577.629883
-7345.490723 4579.769531
-7339.811523 4581.914062
-7334.118652 4584.062988
-7328.412109 4586.216309
-7322.691895 4588.374512
-7316.958008 4590.537109
-7311.210449 4592.704102
-7305.449219 4594.875977
-7299.674316 4597.052246
-7293.885742 4599.233398
-7288.083496 4601.418945
-7282.267578 4603.608887
-7276.437988 4605.803711
-7270.594727 4608.002930
-7264.737793 4610.206543
-7258.867188 4612.415039
-7252.982910 4614.627930
-7247.084961 4616.845215
-7241.173340 4619.067383
-7235.248047 4621.293945
-7229.309570 4623.525391
-7223.357422 4625.761230
-7217.391602 4628.001465
-7211.412109 4630.246582
-7205.418945 4632.496094
-7199.412109 4634.750000
-7193.391602 4637.008789
-7187.357422 4639.271973
-7181.309570 4641.540039
-7175.248047 4643.812500
-7169.172852 4646.089355
-7163.083984 4648.371094
-7156.981445 4650.657227
-7150.865234 4652.947754
-7144.735352 4655.243164
-7138.593750 4657.538574
-7132.439941 4659.835938
-7126.273926 4662.134766
-7120.095703 4664.435547
-7113.905273 4666.738281
-7107.702637 4669.042480
-7101.487793 4671.348633
-7095.260254 4673.656250
-7089.020508 4675.965820
-7082.768555 4678.276855
-7076.504395 4680.589844
-7070.228027 4682.904297
-7063.939453 4685.220703
-7057.638672 4687.538574
-7051.325195 4689.858398
-7044.999512 4692.179688
-7038.661621 4694.502930
-7032.311523 4696.827637
-7025.949219 4699.154297
-7019.574707 4701.482422
-7013.187988 4703.812500
-7006.789062 4706.144531
-7000.377441 4708.478027
-6993.953613 4710.813477
-6987.517578 4713.150391
-6981.069336 4715.489258
-6974.608887 4717.829590
-6968.136230 4720.171875
-6961.651367 4722.515625
-6955.153809 4724.861328
-6948.644043 4727.208496
-6942.122070 4729.557617
-6935.587891 4731.908203
-6929.041504 4734.260742
-6922.482910 4736.614746
-6915.912109 4738.970703
-6909.328613 4741.328613
-6902.732910 4743.687988
-6896.125000 4746.049316
-6889.504883 4748.412109
-6882.888184 4750.768066
-6876.269531 4753.120117
-6869.648926 4755.468262
-6863.026367 4757.812500
-6856.401855 4760.152832
-6849.775391 4762.489258
-6843.146973 4764.821777
-6836.516602 4767.150391
-6829.884277 4769.475098
-6823.250000 4771.795410
-6816.613770 4774.111816
-6809.975586 4776.424316
-6803.335449 4778.732910
-6796.693359 4781.037598
-6790.049316 4783.338379
-6783.403320 4785.635254
-6776.755371 4787.928223
-6770.105469 4790.217285
-6763.453613 4792.502441
-6756.799805 4794.783691
-6750.144043 4797.060547
-6743.486328 4799.333496
-6736.826660 4801.602539
-6730.165039 4803.867676
-6723.501465 4806.128906
-6716.835938 4808.386230
-6710.168457 4810.639648
-6703.499023 4812.889160
-6696.827637 4815.134766
-6690.154297 4817.376465
-6683.479004 4819.614258
-6676.801758 4821.847656
-6670.122559 4824.077148
-6663.441406 4826.302734
-6656.758301 4828.524414
-6650.073242 4830.742188
-6643.386230 4832.956055
-6636.697266 4835.166016
-6630.006348 4837.372070
-6623.313477 4839.574219
-6616.632812 4841.773438
-6609.959473 4843.969727
-6603.293945 4846.162598
-6596.635742 4848.352539
-6589.985352 4850.539062
-6583.342285 4852.722656
-6576.706543 4854.902832
-6570.078613 4857.080078
-6563.458008 4859.253906
-6556.845215 4861.424805
-6550.239746 4863.592773
-6543.641602 4865.757324
-6537.051270 4867.918945
-6530.468262 4870.077148
-6523.893066 4872.232422
-6517.325195 4874.384277
-6510.765137 4876.533203
-6504.212402 4878.678711
-6497.666992 4880.821289
-6491.129395 4882.960938
-6484.599121 4885.097168
-6478.076660 4887.230469
-6471.561523 4889.360352
-6465.053711 4891.487305
-6458.553711 4893.610840
-6452.061035 4895.731445
-6445.576172 4897.848633
-6439.098633 4899.962891
-6432.628418 4902.073730
-6426.166016 4904.181641
-6419.710938 4906.286621
-6413.263672 4908.388184
-6406.823730 4910.486816
-6400.391602 4912.582031
-6393.966797 4914.674316
-6387.549316 4916.763184
-6381.139648 4918.849121
-6374.737305 4920.931641
-6368.342773 4923.011230
-6361.955566 4925.087891
-6355.571777 4927.142578
-6349.192871 4929.181152
-6342.818848 4931.204102
-6336.449219 4933.211426
-6330.084473 4935.203125
-6323.724609 4937.179199
-6317.369629 4939.139648
-6311.019043 4941.083984
-6304.673340 4943.012695
-6298.332520 4944.925781
-6291.996582 4946.823242
-6285.665527 4948.705078
-6279.338867 4950.571289
-6273.017090 4952.421875
-6266.700195 4954.256348
-6260.388184 4956.075195
-6254.080566 4957.878418
-6247.777832 4959.666016
-6241.479980 4961.437988
-6235.187012 4963.194336
-6228.898926 4964.934570
-6222.615234 4966.659180
-6216.336426 4968.368164
-6210.062500 4970.061523
-6203.793457 4971.739258
-6197.528809 4973.401367
-6191.269043 4975.047852
-6185.014160 4976.678223
-6178.764160 4978.292969
-6172.519043 4979.892090
-6166.278320 4981.475586
-6160.042480 4983.043457
-6153.811523 4984.595703
-6147.585449 4986.131836
-6141.363770 4987.652344
-6135.146973 4989.157227
-6128.935059 4990.646484
-6122.728027 4992.120117
-6116.525879 4993.578125
-6110.328125 4995.020508
-6104.140625 4996.470703
-6097.961426 4997.920898
-6091.790527 4999.371094
-6085.627930 5000.821289
-6079.474121 5002.271484
-6073.328613 5003.721680
-6067.191406 5005.171875
-6061.062500 5006.622070
-6054.941895 5008.072266
-6048.829590 5009.522461
-6042.725586 5010.972656
-6036.629883 5012.422852
-6030.542480 5013.873047
-6024.463379 5015.323242
-6018.393066 5016.773438
-6012.331055 5018.223633
-6006.277344 5019.673828
-6000.231934 5021.124512
-5994.194824 5022.575195
-5988.166016 5024.025879
-5982.145508 5025.476562
-5976.133301 5026.927246
-5970.129395 5028.377930
-5964.133789 5029.828613
-5958.146973 5031.279297
-5952.168457 5032.729980
-5946.198242 5034.180664
-5940.236328 5035.631348
-5934.282715 5037.082031
-5928.337402 5038.532715
-5922.400391 5039.983398
-5916.471680 5041.434082
-5910.551270 5042.884766
-5904.639160 5044.335449
-5898.735840 5045.786133
-5892.840820 5047.236816
-5886.954102 5048.687988
-5881.075684 5050.139160
-5875.205566 5051.590332
-5869.343750 5053.041504
-5863.494141 5054.492188
-5857.655273 5055.942871
-5851.827148 5057.393555
-5846.009766 5058.844238
-5840.203125 5060.294922
-5834.407227 5061.745117
-5828.622070 5063.195312
-5822.847656 5064.645508
-5817.083984 5066.095703
-5811.331055 5067.545410
-5805.588867 5068.995117
-5799.857422 5070.444824
-5794.136719 5071.894531
-5788.426758 5073.344238
-5782.728027 5074.793457
-5777.040039 5076.242676
-5771.362793 5077.691895
-5765.696289 5079.141113
-5760.040527 5080.590332
-5754.395508 5082.039062
-5748.761230 5083.487793
-5743.137695 5084.936523
-5737.524902 5086.385254
-5731.922852 5087.833984
-5726.331543 5089.282227
-5720.750977 5090.730469
-5715.181152 5092.178711
-5709.622070 5093.626953
-5704.073730 5095.075195
-5698.536621 5096.522949
-5693.010254 5097.970703
-5687.494629 5099.418457
-5681.989746 5100.866211
-5676.495605 5102.313965
-5671.012207 5103.761230
-5665.539551 5105.208496
-5660.077637 5106.655762
-5654.626465 5108.103027
-5649.186035 5109.550293
-5643.756348 5110.997070
-5638.336426 5112.439453
-5632.926758 5113.878906
-5627.527344 5115.314941
-5622.138184 5116.748047
-5616.759277 5118.178223
-5611.390625 5119.604980
-5606.031738 5121.028809
-5600.683105 5122.449219
-5595.344727 5123.866699
-5590.016602 5125.281250
-5584.698730 5126.692383
-5579.391113 5128.100586
-5574.093262 5129.505859
-5568.805664 5130.907715
-5563.528320 5132.306641
-5558.261230 5133.702637
-5553.004395 5135.095215
-5547.757812 5136.484863
-5542.521484 5137.871582
-5537.294922 5139.254883
-5532.078613 5140.635254
-5526.872559 5142.012695
-5521.676758 5143.386719
-5516.491211 5144.757812
-5511.315918 5146.125977
-5506.150391 5147.490723
-5500.995117 5148.852539
-5495.850098 5150.211426
-5490.715332 5151.566895
-5485.590820 5152.919434
-5480.476562 5154.268555
-5475.372070 5155.614746
-5470.277832 5156.958008
-5465.193848 5158.297852
-5460.120117 5159.634766
-5455.056641 5160.968750
-5450.003418 5162.299316
-5444.959961 5163.626953
-5439.926758 5164.951660
-5434.903809 5166.272949
-5429.875488 5167.591309
-5424.847168 5168.906250
-5419.818359 5170.218262
-5414.789551 5171.526855
-5409.760254 5172.832520
-5404.730957 5174.135254
-5399.701172 5175.434570
-5394.671387 5176.730957
-5389.641113 5178.023926
-5384.610840 5179.313965
-5379.580078 5180.600586
-5374.549316 5181.884277
-5369.518066 5183.164551
-5364.486816 5184.441895
-5359.455566 5185.716309
-5354.423828 5186.987305
-5349.392090 5188.255371
-5344.359863 5189.520020
-5339.327637 5190.781738
-5334.294922 5192.040039
-5329.262207 5193.295410
-5324.229004 5194.547363
-5319.195801 5195.796387
-5314.162109 5197.041992
-5309.128418 5198.284668
-5304.094238 5199.524414
-5299.060059 5200.760742
-5294.025879 5201.994141
-5288.991211 5203.224121
-5283.956543 5204.451172
-5278.921387 5205.674805
-5273.886230 5206.895508
-5268.850586 5208.112793
-5263.814941 5209.327148
-5258.778809 5210.538086
-5253.742676 5211.746094
-5248.706055 5212.951172
-5243.669434 5214.152832
-5238.632324 5215.351562
-5233.595215 5216.546875
-5228.574707 5217.715332
-5223.565430 5218.864258
-5218.567383 5219.994141
-5213.580078 5221.104980
-5208.604004 5222.196289
-5203.639160 5223.268555
-5198.685059 5224.321777
-5193.742188 5225.355957
-5188.810547 5226.370605
-5183.889648 5227.366211
-5178.979980 5228.342773
-5174.081543 5229.300293
-5169.193848 5230.238281
-5164.317383 5231.157227
-5159.452148 5232.057129
-5154.597656 5232.937500
-5149.754395 5233.798828
-5144.922363 5234.641113
-5140.101562 5235.464355
-5135.291504 5236.268066
-5130.492676 5237.052734
-5125.705078 5237.818359
-5120.928223 5238.564941
-5116.162598 5239.291992
-5111.408203 5240.000000
-5106.664551 5240.688965
-5101.932129 5241.358887
-5097.210938 5242.009277
-5092.500488 5242.640625
-5087.801270 5243.252930
-5083.113281 5243.845703
-5078.436035 5244.419434
-5073.770020 5244.974121
-5069.115234 5245.509766
-5064.471191 5246.025879
-5059.838379 5246.522949
-5055.216797 5247.000977
-5050.605957 5247.459961
-5046.006348 5247.899414
-5041.417969 5248.319824
-5036.823730 5248.741699
-5032.229004 5249.158203
-5027.634277 5249.569336
-5023.039062 5249.975586
-5018.443848 5250.376465
-5013.848145 5250.771973
-5009.252441 5251.162109
-5004.656250 5251.546875
-5000.060059 5251.926270
-4995.463379 5252.300293
-4990.866699 5252.668945
-4986.269531 5253.032227
-4981.672363 5253.390137
-4977.074707 5253.743164
-4972.477051 5254.090820
-4967.878906 5254.433105
-4963.280762 5254.770020
-4958.682129 5255.101562
-4954.083496 5255.427734
-4949.484375 5255.748535
-4944.885254 5256.063965
-4940.285645 5256.374023
-4935.685547 5256.678711
-4931.085449 5256.978027
-4926.484863 5257.272461
-4921.884277 5257.561523
-4917.283203 5257.845215
-4912.682129 5258.123535
-4908.080566 5258.396484
-4903.479004 5258.664062
-4898.876953 5258.926270
-4894.274902 5259.183105
-4889.672363 5259.434570
-4885.069824 5259.680664
-4880.466797 5259.921387
-4875.863770 5260.157227
-4871.260254 5260.387695
-4866.656738 5260.612793
-4862.052734 5260.832520
-4857.448730 5261.046875
-4852.851074 5261.264648
-4848.257812 5261.483398
-4843.668945 5261.702637
-4839.083984 5261.922363
-4834.503418 5262.142578
-4829.927246 5262.363770
-4825.355469 5262.585449
-4820.787598 5262.807617
-4816.224121 5263.030762
-4811.665039 5263.254395
-4807.110352 5263.478516
-4802.559570 5263.703125
-4798.013184 5263.928711
-4793.471191 5264.154785
-4788.933594 5264.381348
-4784.400391 5264.608887
-4779.871094 5264.836914
-4775.346191 5265.065430
-4770.825684 5265.294434
-4766.309570 5265.524414
-4761.797363 5265.754883
-4757.289551 5265.985840
-4752.786133 5266.217773
-4748.287109 5266.450195
-4743.791992 5266.683105
-4739.301270 5266.916504
-4734.814941 5267.150879
-4730.333008 5267.385742
-4725.854980 5267.621094
-4721.381348 5267.856934
-4716.912109 5268.093750
-4712.447266 5268.331055
-4707.986328 5268.568848
-4703.529785 5268.807617
-4699.077637 5269.046875
-4694.629883 5269.286621
-4690.186035 5269.526855
-4685.746582 5269.768066
-4681.311523 5270.009766
-4676.880859 5270.251953
-4672.458008 5270.506836
-4668.041992 5270.770020
-4663.632812 5271.041504
-4659.230469 5271.321289
-4654.834961 5271.609863
-4650.445801 5271.906738
-4646.063477 5272.211914
-4641.687988 5272.525391
-4637.319336 5272.847656
-4632.957520 5273.178223
-4628.602539 5273.517090
-4624.254395 5273.864258
-4619.913086 5274.220215
-4615.578125 5274.584473
-4611.250000 5274.957031
-4606.928711 5275.337891
-4602.614258 5275.727539
-4598.306641 5276.125488
-4594.005859 5276.531738
-4589.711914 5276.946289
-4585.424805 5277.369629
-4581.144043 5277.801270
-4576.870117 5278.241211
-4572.603027 5278.689453
-4568.342773 5279.146484
-4564.089355 5279.611816
-4559.842773 5280.085449
-4555.603027 5280.567383
-4551.370117 5281.058105
-4547.143555 5281.557129
-4542.923828 5282.064453
-4538.710938 5282.580078
-4534.504883 5283.104492
-4530.305664 5283.637207
-4526.113281 5284.178223
-4521.927734 5284.727539
-4517.749023 5285.285645
-4513.576660 5285.852051
-4509.411133 5286.426758
-4505.252441 5287.009766
-4501.106934 5287.573730
-4496.972168 5288.127930
-4492.848633 5288.671875
-4488.735840 5289.206055
-4484.634277 5289.729980
-4480.543457 5290.244141
-4476.463379 5290.748535
-4472.394531 5291.242676
-4468.336426 5291.727051
-4464.289551 5292.201172
-4460.253418 5292.665527
-4456.228516 5293.119629
-4452.214355 5293.563965
-4448.210938 5293.998535
-4444.218750 5294.422852
-4440.237305 5294.837402
-4436.267090 5295.241699
-4432.307617 5295.636230
-4428.359375 5296.020508
-4424.421875 5296.395020
-4420.495117 5296.759766
-4416.579590 5297.114258
-4412.674805 5297.458984
-4408.781250 5297.793457
-4404.898438 5298.118164
-4401.026855 5298.432617
-4397.166016 5298.737305
-4393.315918 5299.032227
-4389.477051 5299.316895
-4385.648926 5299.591797
-4381.832031 5299.856445
-4378.025879 5300.111328
-4374.230469 5300.355957
-4370.446289 5300.590820
-4366.672852 5300.815918
-4362.910645 5301.030762
-4359.159180 5301.235840
-4355.418945 5301.430664
-4351.689453 5301.615723
-4347.970703 5301.790527
-4344.270020 5301.953125
-4340.584473 5302.104492
-4336.914551 5302.244141
-4333.259766 5302.372559
-4329.620605 5302.489258
-4325.996582 5302.594727
-4322.388184 5302.688477
-4318.794922 5302.770996
-4315.217285 5302.841797
-4311.654785 5302.901367
-4308.107910 5302.949219
-4304.576172 5302.985840
-4301.060059 5303.010742
-4297.559570 5303.024414
-4294.074219 5303.026367
-4290.604492 5303.017090
-4287.149902 5302.996094
-4283.710938 5302.963867
-4280.287109 5302.919922
-4276.878906 5302.864746
-4273.485840 5302.797852
-4270.108398 5302.719727
-4266.746094 5302.629883
-4263.399414 5302.528809
-4260.068359 5302.416016
-4256.752441 5302.291992
-4253.452148 5302.156250
-4250.166992 5302.009277
-4246.897461 5301.850586
-4243.643066 5301.680664
-4240.404297 5301.499023
-4237.180664 5301.306152
-4233.972656 5301.101562
-4230.779785 5300.885742
-4227.602539 5300.658203
-4224.440430 5300.419434
-4221.293945 5300.168945
-4218.163086 5299.907227
-4215.047363 5299.633789
-4211.947266 5299.349121
-4208.879883 5299.067383
-4205.839355 5298.784180
-4202.826172 5298.499512
-4199.839844 5298.212891
-4196.880859 5297.924805
-4193.948730 5297.634766
-4191.043945 5297.343262
-4188.166016 5297.049805
-4185.315430 5296.754883
-4182.491699 5296.458496
-4179.694824 5296.160156
-4176.925293 5295.860352
-4174.182617 5295.558594
-4171.467285 5295.255371
-4168.778809 5294.950195
-4166.117676 5294.643555
-4163.483398 5294.335449
-4160.876465 5294.025391
-4158.296387 5293.713867
-4155.743652 5293.400391
-4153.217773 5293.085449
-4150.718750 5292.768555
-4148.247070 5292.450195
-4145.802246 5292.130371
-4143.384766 5291.808594
-4140.994141 5291.485352
-4138.630859 5291.160156
-4136.294434 5290.833496
-4133.985352 5290.504883
-4131.703125 5290.174805
-4129.447754 5289.843262
-4127.219727 5289.509766
-4125.018555 5289.174805
-4122.844727 5288.837891
-4120.697754 5288.499512
-4118.578125 5288.159180
-4116.485352 5287.817383
-4114.419922 5287.474121
-4112.381348 5287.128906
-4110.370117 5286.782227
-4108.383789 5286.415039
-4106.423340 5286.033691
-4104.488770 5285.638184
-4102.580078 5285.228516
-4100.696777 5284.804688
-4098.839355 5284.366699
-4097.007812 5283.914551
-4095.202148 5283.448242
-4093.422363 5282.967773
-4091.668213 5282.473145
-4089.939941 5281.964355
-4088.237549 5281.441406
-4086.560791 5280.904297
-4084.909912 5280.353027
-4083.284912 5279.787598
-4081.685547 5279.208008
-4080.112061 5278.614258
-4078.564453 5278.006348
-4077.042480 5277.384277
-4075.546387 5276.748047
-4074.076172 5276.097656
-4072.631592 5275.433105
-4071.212891 5274.754395
-4069.820068 5274.061523
-4068.452881 5273.354492
-4067.111572 5272.633301
-4065.796143 5271.897949
-4064.506348 5271.148438
-4063.242432 5270.385254
-4062.004395 5269.607910
-4060.791992 5268.816406
-4059.605469 5268.010742
-4058.444824 5267.190918
-4057.309814 5266.356934
-4056.200684 5265.508789
-4055.117432 5264.646484
-4054.059814 5263.770020
-4053.028076 5262.879395
-4052.022217 5261.974609
-4051.042236 5261.055664
-4050.086670 5260.105469
-4049.156250 5259.129395
-4048.250732 5258.127930
-4047.370117 5257.101074
-4046.514648 5256.048340
-4045.684082 5254.970215
-4044.878662 5253.866699
-4044.098145 5252.737305
-4043.342529 5251.582520
-4042.612061 5250.402344
-4041.906494 5249.196289
-4041.226074 5247.964844
-4040.570557 5246.708008
-4039.939941 5245.425293
-4039.334473 5244.117188
-4038.753906 5242.783691
-4038.198486 5241.424805
-4037.667969 5240.040039
-4037.162354 5238.629883
-4036.681885 5237.194336
-4036.226318 5235.732910
-4035.795898 5234.246094
-4035.390381 5232.733887
-4035.009766 5231.195801
-4034.654297 5229.632324
-4034.323730 5228.043457
-4034.018311 5226.428711
-4033.737793 5224.788574
-4033.482178 5223.123047
-4033.251709 5221.431641
-4033.046143 5219.714844
-4032.865723 5217.972656
-4032.710205 5216.204590
-4032.579590 5214.411133
-4032.474121 5212.592285
-4032.393555 5210.747559
-4032.338135 5208.877441
-4032.307617 5206.981934
-4032.302002 5205.060547
-4032.321533 5203.113770
-4032.363525 5201.188477
-4032.428711 5199.269043
-4032.517090 5197.355469
-4032.628662 5195.447754
-4032.763428 5193.545898
-4032.921631 5191.649902
-4033.103027 5189.759766
-4033.307617 5187.875488
-4033.535400 5185.997070
-4033.786621 5184.124023
-4034.061035 5182.256836
-4034.358643 5180.395508
-4034.679443 5178.540039
-4035.023682 5176.690430
-4035.391113 5174.846680
-4035.781738 5173.008789
-4036.195557 5171.176758
-4036.632568 5169.350586
-4037.093018 5167.530273
-4037.576660 5165.715820
-4038.083496 5163.907227
-4038.613525 5162.104492
-4039.166992 5160.307617
-4039.743652 5158.516113
-4040.343506 5156.730469
-4040.966553 5154.950684
-4041.613037 5153.176758
-4042.282715 5151.408691
-4042.975586 5149.646484
-4043.691650 5147.890137
-4044.430908 5146.139648
-4045.193604 5144.395020
-4045.979492 5142.656250
-4046.788574 5140.923340
-4047.620850 5139.196289
-4048.476562 5137.475098
-4049.355469 5135.759766
-4050.257568 5134.049805
-4051.182861 5132.345703
-4052.131592 5130.647461
-4053.088135 5128.958496
-4054.057617 5127.277344
-4055.040283 5125.604004
-4056.035889 5123.938477
-4057.044434 5122.280762
-4058.066162 5120.630859
-4059.100830 5118.988770
-4060.148438 5117.354492
-4061.209229 5115.728516
-4062.282959 5114.110352
-4063.369629 5112.500000
-4064.469482 5110.897461
-4065.582275 5109.302734
-4066.708252 5107.715820
-4067.847168 5106.136719
-4068.999023 5104.565430
-4070.164062 5103.002441
-4071.342041 5101.447266
-4072.532959 5099.899902
-4073.737061 5098.360352
-4074.954102 5096.828613
-4076.184082 5095.304688
-4077.427246 5093.788574
-4078.683350 5092.280273
-4079.952393 5090.780273
-4081.234619 5089.288086
-4082.529785 5087.803711
-4083.837891 5086.327148
-4085.159180 5084.858398
-4086.493408 5083.397461
-4087.840820 5081.944336
-4089.201172 5080.499512
-4090.574463 5079.062500
-4091.960938 5077.633301
-4093.360352 5076.211914
-4094.772705 5074.798340
-4096.198242 5073.392578
-4097.636719 5071.994629
-4099.088379 5070.604492
-4100.552734 5069.222656
-4102.098145 5067.849609
-4103.702148 5066.485352
-4105.364746 5065.129883
-4107.085449 5063.783203
-4108.864746 5062.444824
-4110.702148 5061.115234
-4112.598145 5059.794434
-4114.552734 5058.482422
-4116.565430 5057.179199
-4118.636719 5055.884766
-4120.766113 5054.598633
-4122.954102 5053.321289
-4125.200684 5052.052734
-4127.505371 5050.792969
-4129.868652 5049.541992
-4132.290039 5048.299316
-4134.770020 5047.065430
-4137.308594 5045.840332
-4139.905273 5044.624023
-4142.560547 5043.416504
-4145.273926 5042.217773
-4148.045898 5041.027344
-4150.876465 5039.845703
-4153.765137 5038.672852
-4156.712402 5037.508789
-4159.717773 5036.353516
-4162.781738 5035.206543
-4165.904297 5034.068359
-4169.084961 5032.938965
-4172.324219 5031.818359
-4175.621582 5030.706543
-4178.977539 5029.603516
-4182.392090 5028.508789
-4185.864746 5027.422852
-4189.395996 5026.345703
-4192.985840 5025.277344
-4196.633789 5024.217773
-4200.340332 5023.166504
-4204.104980 5022.124023
-4207.928223 5021.090332
-4211.685547 5020.076172
-4215.418945 5019.077637
-4219.127930 5018.094727
-4222.812500 5017.127441
-4226.472656 5016.176270
-4230.108887 5015.240723
-4233.720703 5014.320801
-4237.308105 5013.416504
-4240.871094 5012.528320
-4244.410156 5011.655762
-4247.924805 5010.798828
-4251.415039 5009.957520
-4254.880859 5009.132324
-4258.322266 5008.322754
-4261.739746 5007.528809
-4265.132812 5006.750488
-4268.501465 5005.988281
-4271.845703 5005.241699
-4275.166016 5004.510742
-4278.461914 5003.795410
-4281.733398 5003.096191
-4284.980469 5002.412598
-4288.203613 5001.744629
-4291.402344 5001.092285
-4294.576660 5000.456055
-4297.726562 4999.835449
-4300.852539 4999.230469
-4303.954102 4998.641113
-4307.031250 4998.067871
-4310.083984 4997.510254
-4313.112305 4996.968262
-4316.116699 4996.442383
-4319.096680 4995.932129
-4322.052246 4995.437500
-4324.983398 4994.958496
-4327.890625 4994.495605
-4330.773438 4994.048340
-4333.631836 4993.616699
-4336.465820 4993.200684
-4339.275879 4992.800781
-4342.012695 4992.375000
-4344.692383 4991.937500
-4347.315430 4991.488281
-4349.881348 4991.027344
-4352.390625 4990.554688
-4354.842773 4990.070312
-4357.237793 4989.574219
-4359.576172 4989.066406
-4361.857422 4988.546875
-4364.082031 4988.015625
-4366.249512 4987.472656
-4368.360352 4986.917969
-4370.414062 4986.351562
-4372.411133 4985.773438
-4374.351074 4985.183594
-4376.234375 4984.582031
-4378.060547 4983.968750
-4379.830078 4983.343750
-4381.542480 4982.707031
-4383.198242 4982.058594
-4384.796875 4981.398438
-4386.338379 4980.726562
-4387.823242 4980.042969
-4389.250977 4979.347656
-4390.622070 4978.640625
-4391.936035 4977.921875
-4393.193359 4977.191406
-4394.393555 4976.449219
-4395.537109 4975.695312
-4396.623535 4974.929688
-4397.653320 4974.152344
-4398.625977 4973.363281
-4399.541992 4972.562500
-4400.400879 4971.750000
-4401.203125 4970.925781
-4401.948242 4970.089844
-4402.636719 4969.242188
-4403.268066 4968.382812
-4403.842285 4967.511719
-4404.359863 4966.628906
-4404.838867 4965.769043
-4405.272949 4964.920898
-4405.662109 4964.084473
-4406.006836 4963.259277
-4406.306641 4962.445801
-4406.561523 4961.644043
-4406.771484 4960.853516
-4406.937012 4960.074707
-4407.057617 4959.307617
-4407.133301 4958.551758
-4407.164551 4957.807617
-4407.150879 4957.075195
-4407.092285 4956.354004
-4406.989258 4955.644531
-4406.841309 4954.946777
-4406.648438 4954.260254
-4406.410645 4953.585449
-4406.128418 4952.922363
-4405.801270 4952.270508
-4405.429199 4951.630371
-4405.012695 4951.001465
-4404.551270 4950.384277
-4404.044922 4949.778809
-4403.494141 4949.184570
-4402.898438 4948.602051
-4402.257812 4948.031250
-4401.572266 4947.471680
-4400.842285 4946.923828
-4400.067383 4946.387695
-4399.247559 4945.862793
-4398.383301 4945.349609
-4397.474121 4944.848145
-4396.520020 4944.357910
-4395.521484 4943.879395
-4394.478027 4943.412598
-4393.389648 4942.957031
-4392.256348 4942.513184
-4391.078613 4942.081055
-4389.855957 4941.660156
-4388.588379 4941.250977
-4387.308105 4940.830566
-4386.004395 4940.406738
-4384.677246 4939.979004
-4383.326660 4939.547852
-4381.952637 4939.113281
-4380.555176 4938.674805
-4379.134277 4938.232910
-4377.689941 4937.787109
-4376.221680 4937.337891
-4374.729980 4936.885254
-4373.214844 4936.428711
-4371.676270 4935.968750
-4370.114258 4935.505371
-4368.528809 4935.038086
-4366.919922 4934.567383
-4365.287598 4934.092773
-4363.631836 4933.614746
-4361.952637 4933.133301
-4360.250000 4932.647949
-4358.523926 4932.159180
-4356.774414 4931.666992
-4355.000977 4931.170898
-4353.204102 4930.671387
-4351.383789 4930.167969
-4349.540039 4929.661133
-4347.672852 4929.150879
-4345.782227 4928.636719
-4343.868164 4928.119141
-4341.930664 4927.598145
-4339.969727 4927.073242
-4337.985352 4926.544922
-4335.977539 4926.012695
-4333.946289 4925.477051
-4331.891602 4924.937988
-4329.812988 4924.395020
-4327.710938 4923.848633
-4325.585449 4923.298828
-4323.436523 4922.745117
-4321.264160 4922.187988
-4319.068359 4921.626953
-4316.891113 4921.073730
-4314.718262 4920.524414
-4312.549805 4919.979004
-4310.385742 4919.437500
-4308.226074 4918.899902
-4306.070801 4918.366211
-4303.920410 4917.836426
-4301.774414 4917.310547
-4299.632812 4916.788574
-4297.495605 4916.270508
-4295.362793 4915.756348
-4293.234375 4915.246094
-4291.110352 4914.739746
-4288.990723 4914.237305
-4286.875488 4913.738770
-4284.765137 4913.244141
-4282.659180 4912.753418
-4280.557617 4912.266602
-4278.460449 4911.783691
-4276.367676 4911.304688
-4274.279297 4910.829590
-4272.195312 4910.358398
-4270.115723 4909.891113
-4268.040527 4909.427734
-4265.970215 4908.968262
-4263.904297 4908.512695
-4261.842773 4908.061035
-4259.785645 4907.613281
-4257.732910 4907.169434
-4255.684570 4906.729492
-4253.640625 4906.293457
-4251.601074 4905.861328
-4249.565918 4905.433105
-4247.535645 4905.008789
-4245.509766 4904.588379
-4243.488281 4904.171875
-4241.471191 4903.759277
-4239.458496 4903.350586
-4237.450195 4902.945801
-4235.446289 4902.544922
-4233.394043 4902.146973
-4231.310547 4901.752441
-4229.196289 4901.361328
-4227.051270 4900.973633
-4224.875488 4900.589355
-4222.668457 4900.208496
-4220.430664 4899.831055
-4218.162109 4899.456543
-4215.862793 4899.085449
-4213.532227 4898.717773
-4211.170898 4898.353516
-4208.778809 4897.992676
-4206.355469 4897.635254
-4203.901367 4897.281250
-4201.416504 4896.930664
-4198.900879 4896.583496
-4196.354004 4896.239746
-4193.776367 4895.899414
-4191.167969 4895.562012
-4188.528320 4895.228027
-4185.857910 4894.897461
-4183.156738 4894.570312
-4180.424805 4894.246582
-4177.661621 4893.926270
-4174.867676 4893.609375
-4172.042969 4893.295898
-4169.187012 4892.985840
-4166.300293 4892.679199
-4163.382812 4892.375977
-4160.434570 4892.075684
-4157.455078 4891.778809
-4154.444824 4891.485352
-4151.403809 4891.195312
-4148.331543 4890.908691
-4145.228516 4890.625488
-4142.094727 4890.345703
-4138.930176 4890.069336
-4135.734375 4889.796387
-4132.507812 4889.526855
-4129.250488 4889.260742
-4125.981934 4889.010742
-4122.695801 4888.772949
-4119.392090 4888.547363
-4116.070312 4888.333984
-4112.730957 4888.132812
-4109.374023 4887.943848
-4105.999512 4887.767090
-4102.606934 4887.602539
-4099.196777 4887.450195
-4095.769043 4887.309570
-4092.323486 4887.181152
-4088.860352 4887.064941
-4085.379395 4886.960938
-4081.880859 4886.869141
-4078.364502 4886.789551
-4074.830566 4886.722168
-4071.278809 4886.666992
-4067.709473 4886.623535
-4064.122314 4886.592285
-4060.517578 4886.573242
-4056.895020 4886.566406
-4053.254883 4886.571777
-4049.596924 4886.589355
-4045.921387 4886.619141
-4042.228027 4886.661133
-4038.517090 4886.715332
-4034.788330 4886.781250
-4031.041992 4886.859375
-4027.277832 4886.949707
-4023.496094 4887.052246
-4019.696533 4887.166992
-4015.879395 4887.293945
-4012.044434 4887.433105
-4008.191895 4887.584473
-4004.321533 4887.748047
-4000.433594 4887.923340
-3996.527832 4888.110840
-3992.604492 4888.310547
-3988.663330 4888.522461
-3984.704590 4888.746582
-3980.746582 4888.970703
-3976.782959 4889.198730
-3972.813965 4889.430664
-3968.839600 4889.666504
-3964.859863 4889.906738
-3960.874756 4890.150879
-3956.884277 4890.398926
-3952.888428 4890.650879
-3948.887207 4890.906738
-3944.880615 4891.166504
-3940.868408 4891.430664
-3936.850830 4891.698730
-3932.827881 4891.970703
-3928.799561 4892.246582
-3924.765869 4892.526367
-3920.726807 4892.810547
-3916.682373 4893.098633
-3912.632568 4893.390625
-3908.577148 4893.686523
-3904.516357 4893.986328
-3900.450195 4894.290527
-3896.378662 4894.598633
-3892.301758 4894.910645
-3888.219482 4895.226562
-3884.131836 4895.546387
-3880.038818 4895.870605
-3875.940430 4896.198730
-3871.836426 4896.530762
-3867.727051 4896.866699
-3863.612305 4897.206543
-3859.492188 4897.550781
-3855.366699 4897.898926
-3851.235840 4898.250977
-3847.099609 4898.606934
-3842.958008 4898.966797
-3838.810791 4899.330566
-3834.658203 4899.698730
-3830.500244 4900.070801
-3826.336914 4900.446777
-3822.168213 4900.826660
-3818.008545 4901.205078
-3813.853027 4901.583984
-3809.701660 4901.963379
-3805.554443 4902.343262
-3801.411377 4902.723145
-3797.272461 4903.103516
-3793.137695 4903.484375
-3789.007080 4903.865723
-3784.880859 4904.247070
-3780.758789 4904.628906
-3776.640869 4905.011230
-3772.527100 4905.394043
-3768.417480 4905.777344
-3764.312012 4906.160645
-3760.210693 4906.544434
-3756.113525 4906.928711
-3752.020508 4907.313477
-3747.931641 4907.698242
-3743.847168 4908.083496
-3739.766846 4908.469238
-3735.690674 4908.855469
-3731.618652 4909.241699
-3727.550781 4909.628418
-3723.487061 4910.015625
-3719.427490 4910.403320
-3715.372070 4910.791504
-3711.320801 4911.179688
-3707.273682 4911.568359
-3703.230957 4911.957520
-3699.192383 4912.347168
-3695.157959 4912.736816
-3691.127686 4913.126953
-3687.101562 4913.517578
-3683.079590 4913.908691
-3679.061768 4914.299805
-3675.048096 4914.691406
-3671.038574 4915.083496
-3667.033203 4915.476074
-3663.032227 4915.868652
-3659.035400 4916.261719
-3655.023926 4916.663574
-3651.004150 4917.071289
-3646.975830 4917.485352
-3642.939209 4917.905273
-3638.894287 4918.331055
-3634.841064 4918.762695
-3630.779541 4919.200195
-3626.709473 4919.643555
-3622.631104 4920.093262
-3618.544434 4920.548828
-3614.449463 4921.010254
-3610.346191 4921.477539
-3606.234375 4921.950684
-3602.114258 4922.430176
-3597.985840 4922.915527
-3593.849121 4923.406738
-3589.704102 4923.903809
-3585.550537 4924.406738
-3581.388672 4924.915527
-3577.218506 4925.430664
-3573.040039 4925.951660
-3568.853271 4926.478516
-3564.657959 4927.011230
-3560.454346 4927.549805
-3556.242432 4928.094727
-3552.022217 4928.645508
-3547.793701 4929.202148
-3543.556641 4929.764648
-3539.311279 4930.333008
-3535.057617 4930.907715
-3530.795654 4931.488281
-3526.525391 4932.074707
-3522.246582 4932.666992
-3517.959473 4933.265137
-3513.664062 4933.869141
-3509.360352 4934.479492
-3505.048340 4935.095703
-3500.727783 4935.717773
-3496.398926 4936.345703
-3492.061768 4936.979492
-3487.645996 4937.663086
-3483.175049 4938.382324
-3478.648682 4939.136719
-3474.067139 4939.926270
-3469.430420 4940.750977
-3464.738525 4941.610840
-3459.991455 4942.505859
-3455.188965 4943.436035
-3450.331299 4944.401367
-3445.418457 4945.401855
-3440.450439 4946.437500
-3435.427246 4947.508301
-3430.348633 4948.614746
-3425.214844 4949.756348
-3420.025879 4950.933105
-3414.781738 4952.145020
-3409.482422 4953.392090
-3404.127686 4954.674316
-3398.717773 4955.991699
-3393.252686 4957.344238
-3387.732422 4958.731934
-3382.156982 4960.154785
-3376.526123 4961.612793
-3370.840088 4963.105957
-3365.098877 4964.634766
-3359.302490 4966.198730
-3353.450928 4967.797852
-3347.543945 4969.432129
-3341.581787 4971.101562
-3335.564453 4972.806152
-3329.491943 4974.545898
-3323.364258 4976.320801
-3317.181152 4978.130859
-3310.942871 4979.976074
-3304.649414 4981.856445
-3298.300781 4983.772461
-3291.896973 4985.723633
-3285.437744 4987.709961
-3278.923340 4989.731445
-3272.353760 4991.788086
-3265.691895 4993.918457
-3258.950195 4996.109863
-3252.128662 4998.362305
-3245.227295 5000.675781
-3238.246094 5003.050293
-3231.184814 5005.485840
-3224.043701 5007.982422
-3216.822754 5010.540039
-3209.521973 5013.158691
-3202.141357 5015.838379
-3194.680908 5018.579102
-3187.140381 5021.380859
-3179.520020 5024.243652
-3171.819824 5027.167480
-3164.039795 5030.152344
-3156.179932 5033.198242
-3148.240234 5036.305176
-3140.220459 5039.473145
-3132.120850 5042.702148
-3123.941406 5045.992188
-3115.682129 5049.343262
-3107.343018 5052.755371
-3098.924072 5056.228516
-3090.425049 5059.762695
-3081.846191 5063.357910
-3073.187500 5067.014160
-3064.448975 5070.731445
-3055.630615 5074.509766
-3046.732422 5078.349121
-3037.754150 5082.249512
-3028.696045 5086.210938
-3019.558105 5090.233398
-3010.340332 5094.316895
-3001.042725 5098.461426
-2991.665283 5102.666992
-2982.207764 5106.933594
-2972.670410 5111.261230
-2963.053223 5115.649902
-2953.356201 5120.099609
-2943.579346 5124.610352
-2933.772461 5129.160156
-2923.919189 5133.756348
-2914.019287 5138.399414
-2904.072998 5143.088867
-2894.080078 5147.824707
-2884.040771 5152.607422
-2873.954834 5157.436523
-2863.822266 5162.312012
-2853.643311 5167.234375
-2843.417725 5172.203125
-2833.145752 5177.218262
-2822.827148 5182.280273
-2812.462158 5187.388672
-2802.050537 5192.543457
-2791.592529 5197.745117
-2781.087891 5202.993164
-2770.536621 5208.287598
-2759.938965 5213.628906
-2749.294678 5219.016602
-2738.604004 5224.450684
-2727.866699 5229.931641
-2717.083008 5235.458984
-2706.252686 5241.032715
-2695.375732 5246.653320
-2684.452393 5252.320312
-2673.482422 5258.033691
-2662.466064 5263.793945
-2651.403076 5269.600586
-2640.293701 5275.453613
-2629.137695 5281.353516
-2617.935059 5287.299805
-2606.686035 5293.292480
-2595.390381 5299.332031
-2584.048340 5305.417969
-2572.659668 5311.550293
-2561.224609 5317.729492
-2549.742920 5323.955078
-2538.214600 5330.227051
-2526.639893 5336.545898
-2515.018555 5342.911133
-2503.319580 5349.188965
-2491.553223 5355.423828
-2479.719727 5361.615723
-2467.818848 5367.764648
-2455.850586 5373.870605
-2443.815186 5379.933594
-2431.712402 5385.953613
-2419.542480 5391.930664
-2407.305176 5397.864746
-2395.000488 5403.755859
-2382.628662 5409.604004
-2370.189453 5415.409668
-2357.682861 5421.172363
-2345.109131 5426.892090
-2332.468018 5432.568848
-2319.759521 5438.202637
-2306.983887 5443.793457
-2294.140869 5449.341309
-2281.230469 5454.846191
-2268.252930 5460.308105
-2255.208008 5465.727051
-2242.095703 5471.103027
-2228.916260 5476.436523
-2215.669434 5481.727051
-2202.355225 5486.974609
-2188.973877 5492.179199
-2175.525146 5497.340820
-2162.009033 5502.459473
-2148.425781 5507.535156
-2134.775146 5512.567871
-2121.057129 5517.557617
-2107.271973 5522.504395
-2093.419434 5527.408203
-2079.499512 5532.269531
-2065.512451 5537.087891
-2051.458008 5541.863281
-2037.336304 5546.595703
-2023.147217 5551.285156
-2008.890869 5555.931641
-1994.567261 5560.535156
-1980.180420 5565.098145
-1965.729004 5569.620117
-1951.213013 5574.100586
-1936.632446 5578.540039
-1921.987305 5582.937988
-1907.277588 5587.294922
-1892.503296 5591.610352
-1877.664429 5595.884766
-1862.760986 5600.117676
-1847.792969 5604.309570
-1832.760376 5608.459961
-1817.663208 5612.569336
-1802.501465 5616.637695
-1787.275146 5620.664551
-1771.984253 5624.650391
-1756.628784 5628.594727
-1741.208740 5632.498047
-1725.724121 5636.359863
-1710.174927 5640.180664
-1694.561157 5643.959961
-1678.882812 5647.698242
-1663.139893 5651.395020
-1647.332397 5655.050781
-1631.460327 5658.665039
-1615.523682 5662.238281
-1599.522461 5665.770020
-1583.456665 5669.260742
-1567.326294 5672.709961
-1551.131348 5676.118164
-1534.871826 5679.484863
-1518.547729 5682.810547
-1502.159058 5686.094727
-1485.705811 5689.337891
-1469.187988 5692.539551
-1452.605591 5695.700195
-1435.958618 5698.819336
-1419.247070 5701.897461
-1402.470947 5704.934570
-1385.630249 5707.930176
-1368.724976 5710.884766
-1351.807617 5713.773926
-1334.860718 5716.605957
-1317.884155 5719.380859
-1300.878052 5722.098145
-1283.842407 5724.758301
-1266.777222 5727.361328
-1249.682373 5729.907227
-1232.557983 5732.395996
-1215.404053 5734.827148
-1198.220459 5737.201172
-1181.007324 5739.518066
-1163.764648 5741.777832
-1146.492432 5743.980469
-1129.190552 5746.125488
-1111.859131 5748.213379
-1094.498169 5750.244141
-1077.107666 5752.217773
-1059.687500 5754.134277
-1042.237793 5755.993164
-1024.758545 5757.794922
-1007.249695 5759.539551
-989.711243 5761.227051
-972.143250 5762.857422
-954.545654 5764.430176
-936.918518 5765.945801
-919.261780 5767.404297
-901.575439 5768.805664
-883.859558 5770.149902
-866.114075 5771.437012
-848.339050 5772.666504
-830.534424 5773.838867
-812.700256 5774.954102
-794.836487 5776.012207
-776.943115 5777.013184
-759.020203 5777.956543
-741.067688 5778.842773
-723.085632 5779.671875
-705.073975 5780.443848
-687.032776 5781.158691
-668.961975 5781.815918
-650.847717 5782.479492
-632.694580 5783.127930
-614.502625 5783.761230
-596.271790 5784.379883
-578.002075 5784.983398
-559.693542 5785.571777
-541.346130 5786.145508
-522.959900 5786.704102
-504.534821 5787.247559
-486.070892 5787.775879
-467.568115 5788.289551
-449.026489 5788.788086
-430.445984 5789.271484
-411.826630 5789.740234
-393.168427 5790.193848
-374.471375 5790.632324
-355.735474 5791.055664
-336.960724 5791.464355
-318.147125 5791.857910
-299.294678 5792.236328
-280.403381 5792.599609
-261.473236 5792.948242
-242.504242 5793.281738
-223.496399 5793.600098
-204.449707 5793.903809
-185.364151 5794.192383
-166.239746 5794.465820
-147.076492 5794.724121
-127.874390 5794.967773
-108.633438 5795.196289
-89.353638 5795.409668
-70.034981 5795.608398
-50.677475 5795.791992
-31.281118 5795.960449
-11.845911 5796.113770
7.628147 5796.252441
27.141056 5796.375977
46.692818 5796.484375
66.283432 5796.578125
85.912895 5796.656738
105.555817 5796.749023
125.220665 5796.845215
144.907440 5796.945801
164.616135 5797.050293
184.346756 5797.159180
204.099304 5797.271973
223.873779 5797.389160
243.670181 5797.510254
263.488495 5797.635254
283.328735 5797.764648
303.190918 5797.897949
323.075012 5798.035645
342.981049 5798.177246
362.908997 5798.323242
382.858887 5798.473145
402.830688 5798.627441
422.824402 5798.785645
442.840057 5798.947754
462.877625 5799.114258
482.937134 5799.284668
503.018555 5799.459473
523.121887 5799.638184
543.247192 5799.821289
563.394409 5800.008301
583.563538 5800.199707
603.754578 5800.395020
623.967529 5800.594238
644.202454 5800.797852
664.459290 5801.005371
684.738037 5801.217285
705.038696 5801.433105
725.361267 5801.653320
745.705811 5801.877441
766.072266 5802.105957
786.460632 5802.338379
806.870911 5802.574707
827.303162 5802.815430
847.757324 5803.060059
868.233398 5803.309082
888.731384 5803.562012
909.262451 5803.812988
929.822876 5804.064453
950.412659 5804.315918
971.031799 5804.567383
991.680237 5804.818848
1012.358032 5805.070801
1033.065186 5805.322754
1053.801758 5805.574707
1074.567627 5805.826660
1095.362793 5806.079102
1116.187378 5806.331543
1137.041260 5806.583984
1157.924561 5806.836914
1178.837158 5807.089844
1199.779175 5807.342773
1220.750488 5807.595703
1241.751099 5807.849121
1262.781128 5808.102539
1283.840454 5808.355957
1304.929199 5808.609375
1326.047241 5808.863281
1347.194702 5809.117188
1368.371460 5809.371094
1389.577637 5809.625000
1410.813110 5809.879395
1432.077881 5810.133789
1453.372070 5810.388184
1474.695557 5810.642578
1496.048462 5810.897461
1517.430664 5811.152344
1538.842285 5811.407227
1560.283203 5811.662109
1581.753418 5811.917480
1603.253052 5812.172852
1624.781982 5812.428223
1646.340332 5812.683594
1667.927979 5812.939453
1689.545044 5813.195312
1711.191406 5813.451172
1732.867188 5813.707031
1754.563599 5813.963867
1776.283691 5814.221680
1798.027344 5814.479980
1819.794556 5814.739258
1841.585449 5814.999023
1863.399902 5815.259766
1885.237915 5815.520996
1907.099609 5815.782715
1928.984863 5816.045410
1950.893677 5816.308594
1972.826172 5816.572754
1994.782227 5816.837402
2016.761841 5817.103027
2038.765137 5817.369141
2060.791992 5817.636230
2082.842529 5817.903809
2104.916504 5818.171875
2127.014160 5818.440918
2149.135498 5818.710449
2171.280273 5818.980957
2193.448730 5819.251953
2215.640869 5819.523926
2237.856445 5819.796387
2260.095703 5820.069336
2282.358643 5820.343262
2304.645020 5820.617676
2326.955078 5820.893066
2349.288818 5821.168945
2371.645996 5821.445801
2394.026855 5821.723145
2416.431396 5822.000977
2438.859375 5822.279785
2461.311035 5822.559082
2483.786377 5822.839355
2506.285156 5823.120117
2528.807617 5823.401855
2551.353760 5823.684082
2573.923340 5823.966797
2596.516602 5824.250488
2619.133545 5824.534668
2641.778076 5824.821289
2664.448975 5825.109863
2687.145996 5825.399902
2709.869385 5825.691895
2732.619141 5825.985840
2755.395020 5826.281250
2778.197266 5826.578613
2801.025879 5826.877930
2823.880859 5827.178711
2846.761963 5827.481445
2869.669434 5827.785645
2892.603271 5828.091797
2915.563477 5828.399902
2938.549805 5828.709473
2961.562500 5829.020996
2984.601562 5829.334473
3007.666748 5829.649414
3030.758301 5829.966309
3053.876221 5830.285156
3077.020508 5830.605469
3100.190918 5830.927734
3123.387695 5831.251465
3146.610840 5831.577148
3169.860352 5831.904785
3193.135986 5832.233887
3216.437988 5832.564941
3239.766357 5832.897949
3263.120850 5833.232422
3286.501709 5833.568848
3309.908936 5833.907227
3333.342529 5834.247070
3356.802246 5834.588867
3380.288330 5834.932129
3403.800781 5835.277344
3427.339355 5835.624512
3450.904297 5835.973145
3474.495605 5836.323730
3498.113281 5836.676270
3521.757080 5837.030273
3545.427246 5837.386230
3569.120850 5837.745605
3592.838867 5838.107910
3616.581299 5838.473145
3640.348145 5838.841309
3664.139648 5839.211914
3687.955566 5839.585449
3711.795898 5839.961914
3735.660645 5840.341309
3759.549805 5840.723633
3783.463379 5841.108887
3807.401367 5841.497070
3831.363770 5841.888184
3855.350586 5842.282227
3879.361816 5842.678711
3903.397461 5843.078125
3927.457520 5843.480469
3951.541992 5843.885742
3975.650879 5844.293945
3999.784180 5844.705078
4023.941895 5845.119141
4048.124023 5845.536133
4072.330566 5845.956055
4096.561523 5846.378418
4120.816895 5846.803711
4145.096680 5847.231934
4169.400879 5847.663086
4193.729492 5848.097168
4218.082520 5848.534180
4242.459961 5848.974121
4266.861816 5849.416992
4291.288086 5849.862793
4315.738770 5850.311035
4340.213867 5850.762207
4364.713379 5851.216309
4389.237305 5851.673340
4413.785645 5852.133301
4438.358887 5852.596191
4462.956543 5853.062012
4487.578613 5853.530762
4512.225098 5854.002441
4536.890137 5854.472168
4561.575684 5854.941406
4586.281738 5855.410645
4611.008789 5855.879395
4635.756348 5856.348145
4660.524414 5856.816406
4685.312988 5857.284668
4710.122559 5857.752441
4734.952637 5858.220215
4759.803223 5858.687500
4784.674316 5859.154785
4809.566406 5859.621582
4834.479004 5860.088379
4859.412109 5860.554688
4884.365723 5861.020996
4909.340332 5861.486816
4934.335449 5861.952637
4959.351074 5862.417969
4984.387207 5862.883301
5009.443848 5863.348145
5034.521484 5863.812988
5059.619629 5864.277344
5084.738281 5864.741699
5109.877441 5865.205566
5135.037598 5865.669434
5160.218262 5866.132812
5185.419434 5866.595703
5210.641113 5867.058594
5235.883789 5867.520996
5261.146973 5867.983398
5286.430664 5868.445312
5311.734863 5868.907227
5337.060059 5869.368652
5362.405762 5869.830078
5387.771973 5870.291016
5413.158691 5870.751953
5438.566406 5871.212402
5463.994629 5871.672852
5489.443359 5872.132812
5514.912598 5872.592773
5540.397949 5873.052246
5565.900879 5873.511719
5591.421387 5873.970703
5616.959961 5874.429688
5642.516113 5874.888184
5668.089844 5875.346191
5693.681152 5875.804199
5719.290039 5876.261719
5744.916504 5876.719238
5770.560547 5877.176270
5796.222168 5877.633301
5821.901367 5878.089844
5847.598145 5878.545898
5873.312988 5879.001953
5899.045410 5879.457520
5924.795410 5879.913086
5950.562988 5880.368164
5976.348145 5880.823242
6002.150879 5881.277832
6027.971191 5881.732422
6053.809082 5882.186523
6079.664551 5882.640137
6105.537598 5883.093750
6131.428223 5883.546875
6157.336914 5884.000000
6183.263184 5884.452637
6209.207031 5884.905273
6235.168457 5885.357422
6261.147461 5885.809082
6287.144043 5886.260742
6313.158203 5886.711914
6339.189941 5887.163086
6365.239258 5887.613770
6391.306152 5888.064453
6417.391113 5888.514648
6443.493652 5888.964844
6469.613770 5889.414551
6495.751465 5889.863770
6521.906738 5890.312988
6548.079590 5890.761719
6574.272949 5891.214355
6600.485840 5891.669434
6626.718262 5892.126953
6652.970215 5892.586914
6679.241699 5893.049316
6705.532715 5893.514160
6731.843262 5893.981445
6758.173340 5894.451172
6784.522949 5894.923340
6810.892090 5895.397949
6837.280762 5895.875000
6863.689453 5896.354492
6890.117676 5896.836426
6916.565430 5897.320801
6943.032715 5897.807617
6969.519531 5898.296875
6996.025879 5898.788086
7022.551758 5899.281738
7049.097168 5899.777832
7075.662109 5900.276367
7102.246582 5900.777344
7128.850586 5901.280762
7155.474121 5901.786621
7182.117188 5902.294922
7208.779785 5902.805664
7235.461914 5903.318848
7262.163574 5903.834473
7288.884766 5904.352539
7315.625488 5904.873047
7342.385742 5905.395996
7369.165527 5905.921387
7395.964844 5906.449219
7422.783691 5906.979492
7449.622070 5907.512207
7476.479980 5908.047363
7503.357422 5908.584961
7530.254395 5909.125000
7557.171387 5909.667480
7584.107910 5910.212402
7611.063965 5910.759766
7638.047852 5911.306152
7665.056641 5911.853027
7692.090820 5912.400391
7719.150391 5912.948242
7746.234863 5913.496094
7773.344727 5914.044434
7800.479492 5914.593262
7827.639648 5915.142578
7854.824707 5915.692383
7882.035156 5916.242188
7909.270508 5916.792480
7936.531250 5917.343262
7963.817383 5917.894531
7991.128418 5918.445801
8018.464844 5918.997559
8045.826172 5919.549805
8073.212891 5920.102539
8100.624512 5920.655273
8128.061523 5921.208496
8155.523926 5921.762207
8183.011230 5922.316406
8210.523438 5922.871094
8238.061523 5923.425781
8265.624023 5923.980957
8293.211914 5924.536621
8320.825195 5925.092773
8348.463867 5925.648926
8376.126953 5926.205566
8403.815430 5926.762695
8431.529297 5927.320312
8459.268555 5927.877930
8487.033203 5928.436035
8514.822266 5928.994629
8542.636719 5929.553711
8570.476562 5930.112793
8598.341797 5930.672363
8626.232422 5931.232422
8654.147461 5931.792969
8682.087891 5932.354004
8710.053711 5932.915039
8738.041016 5933.473633
8766.050781 5934.030762
8794.083008 5934.586426
8822.137695 5935.140625
8850.214844 5935.693359
8878.314453 5936.244629
8906.436523 5936.794434
8934.581055 5937.342285
8962.748047 5937.888672
8990.937500 5938.433594
9019.149414 5938.977051
9047.383789 5939.519043
9075.640625 5940.059570
9103.919922 5940.598633
9132.221680 5941.136230
9160.546875 5941.671875
9188.894531 5942.206055
9217.264648 5942.738770
9245.657227 5943.270020
9274.072266 5943.799805
9302.509766 5944.328125
9330.969727 5944.854980
9359.452148 5945.380371
9387.957031 5945.903809
9416.484375 5946.425781
9445.034180 5946.946289
9473.606445 5947.465332
9502.201172 5947.982910
9530.818359 5948.499023
9559.458008 5949.013672
9588.121094 5949.526855
9616.806641 5950.038086
9645.514648 5950.547852
9674.245117 5951.056152
9702.998047 5951.562988
9731.773438 5952.068359
9760.571289 5952.572266
9789.391602 5953.074707
9818.234375 5953.575684
9847.099609 5954.074707
