-0.050137 0.034425
-0.133700 0.091800
-0.250687 0.172125
-0.401100 0.275400
-0.584937 0.401625
-0.802200 0.550800
-1.052887 0.722925
-1.337000 0.918000
-1.654537 1.136026
-2.005500 1.377001
-2.389887 1.640926
-2.807700 1.927801
-3.258937 2.237626
-3.743600 2.570401
-4.261687 2.926127
-4.813199 3.304802
-5.398137 3.706427
-6.016499 4.131002
-6.668287 4.578527
-7.353499 5.049003
-8.072136 5.542428
-8.824199 6.058803
-9.609686 6.598129
-10.428599 7.160404
-11.280936 7.745629
-12.166698 8.353804
-13.085886 8.984930
-14.038498 9.639005
-15.024536 10.316031
-16.043998 11.016006
-17.096885 11.738931
-18.183198 12.484807
-19.302935 13.253632
-20.456097 14.045407
-21.642685 14.860133
-22.862697 15.697808
-24.116134 16.558434
-25.402997 17.442009
-26.723284 18.348535
-28.076997 19.278010
-29.463159 20.231486
-30.882096 21.208611
-32.333808 22.209387
-33.818296 23.233812
-35.335558 24.281888
-36.885595 25.353613
-38.468407 26.448989
-40.083995 27.568014
-41.732357 28.710689
-43.413494 29.877015
-45.127406 31.066990
-46.874093 32.280616
-48.653555 33.517891
-50.465792 34.778816
-52.310805 36.063392
-54.188592 37.371617
-56.099154 38.703493
-58.042491 40.059018
-60.018603 41.438193
-62.027490 42.841019
-64.069152 44.267494
-66.143589 45.717620
-68.250801 47.191395
-70.390788 48.688820
-72.563550 50.209896
-74.769087 51.754621
-77.007399 53.322996
-79.278485 54.915022
-81.582347 56.530697
-83.918984 58.170022
-86.288396 59.832998
-88.690583 61.519623
-91.125545 63.229898
-93.593282 64.963823
-96.093793 66.721399
-98.627080 68.502624
-101.193142 70.307499
-103.791979 72.136025
-106.423590 73.988200
-109.087977 75.864025
-111.781464 77.767063
-114.505276 79.696125
-117.259412 81.651213
-120.043874 83.632326
-122.858661 85.639463
-125.703772 87.672626
-128.579209 89.731814
-131.484970 91.817026
-134.421057 93.928264
-137.387469 96.065526
-140.384205 98.228814
-143.411267 100.418126
-146.468653 102.633463
-149.556365 104.874826
-152.674401 107.142213
-155.822763 109.435626
-159.001450 111.755063
-162.210461 114.100525
-165.449798 116.472013
-168.719459 118.869525
-172.019445 121.293062
-175.349757 123.742624
-178.710393 126.218211
-182.101355 128.719823
-185.522641 131.247461
-188.974253 133.801123
-192.456189 136.380810
-195.968450 138.986522
-199.511037 141.618259
-203.083948 144.276021
-206.687185 146.959808
-210.320746 149.669620
-213.984632 152.405457
-217.678844 155.167319
-221.403380 157.955205
-225.158241 160.769117
-228.943427 163.609054
-232.758939 166.475016
-236.604775 169.367003
-240.480936 172.285014
-244.374785 175.193164
-248.290534 178.103413
-252.228183 181.015762
-256.187732 183.930211
-260.169181 186.846761
-264.172530 189.765410
-268.197779 192.686159
-272.244928 195.609008
-276.313977 198.533957
-280.404926 201.461006
-284.517775 204.390156
-288.652525 207.321405
-292.809174 210.254754
-296.987723 213.190203
-301.188173 216.127752
-305.410522 219.067401
-309.654772 222.009150
-313.920921 224.952999
-318.208971 227.898948
-322.518921 230.846997
-326.850770 233.797147
-331.204520 236.749396
-335.580170 239.703745
-339.977720 242.660194
-344.397169 245.618743
-348.838519 248.579392
-353.301769 251.542141
-357.786919 254.506990
-362.293969 257.473939
-366.822919 260.442988
-371.373769 263.414137
-375.946519 266.387386
-380.541170 269.362735
-385.157720 272.340183
-389.796170 275.319732
-394.456520 278.301381
-399.138771 281.285130
-403.842921 284.270979
-408.568972 287.258928
-413.316922 290.248977
-418.071285 293.227588
-422.837223 296.199275
-427.614736 299.164036
-432.403824 302.121873
-437.204487 305.072785
-442.016725 308.016771
-446.840539 310.953833
-451.675927 313.883969
-456.522890 316.807181
-461.381428 319.723468
-466.251541 322.632830
-471.133230 325.535267
-476.026493 328.430778
-480.931331 331.319365
-485.847744 334.201027
-490.775733 337.075764
-495.715296 339.943576
-500.666434 342.804463
-505.629148 345.658425
-510.603436 348.505463
-515.589299 351.345575
-520.586738 354.178762
-525.595751 357.005024
-530.616340 359.824361
-535.648503 362.636774
-540.692242 365.442261
-545.747555 368.240823
-550.814444 371.032461
-555.892908 373.817173
-560.982946 376.594961
-566.084560 379.365823
-571.197748 382.129761
-576.322512 384.886773
-581.458851 387.636861
-586.606764 390.380024
-591.766253 393.116261
-596.937317 395.845574
-602.119956 398.567962
-607.314170 401.283425
-612.519958 403.991962
-617.727085 406.741913
-622.938961 409.517163
-628.155587 412.317713
-633.376964 415.143563
-638.603090 417.994714
-643.833966 420.871164
-649.069593 423.772914
-654.309969 426.699964
-659.555095 429.652314
-664.804972 432.629964
-670.059598 435.632914
-675.318974 438.661165
-680.583101 441.714715
-685.851977 444.793565
-691.125604 447.897715
-696.403980 451.027165
-701.687106 454.181915
-706.974983 457.361965
-712.267609 460.567315
-717.564986 463.797964
-722.867112 467.053914
-728.173988 470.335164
-733.485615 473.641714
-738.801991 476.973564
-744.123118 480.330714
-749.448994 483.713164
-754.779621 487.120913
-760.114997 490.553963
-765.455124 494.012313
-770.800000 497.495963
-776.149627 501.004912
-781.504003 504.539162
-786.863130 508.098712
-792.227006 511.683561
-797.595633 515.293711
-802.969009 518.929161
-808.347136 522.589910
-813.730012 526.275960
-819.117639 529.987309
-824.510015 533.723959
-829.885654 537.486471
-835.251718 541.274658
-840.608207 545.088520
-845.955121 548.928057
-851.292460 552.793269
-856.620224 556.684156
-861.938413 560.600718
-867.247027 564.542955
-872.546065 568.510867
-877.835529 572.504454
-883.115418 576.523716
-888.385732 580.568653
-893.646470 584.639265
-898.897634 588.735552
-904.139223 592.857514
-909.371236 597.005151
-914.593675 601.178463
-919.806539 605.377450
-925.009827 609.602111
-930.203541 613.852448
-935.387679 618.128460
-940.562243 622.430147
-945.727231 626.757509
-950.882645 631.110546
-956.028483 635.489258
-961.164746 639.893644
-966.291435 644.323706
-971.408548 648.779443
-976.516086 653.260855
-981.614050 657.767942
-986.702438 662.300703
-991.781251 666.859140
-996.850489 671.443252
-1001.910153 676.053039
-1006.960241 680.688500
-1012.000754 685.349637
-1017.031692 690.036449
-1022.053055 694.748936
-1027.064843 699.487097
-1032.067056 704.250934
-1037.074807 709.061483
-1042.083057 713.911732
-1047.091808 718.801682
-1052.101059 723.731331
-1057.110809 728.700680
-1062.121060 733.709729
-1067.131811 738.758478
-1072.143061 743.846927
-1077.154812 748.975076
-1082.167062 754.142925
-1087.179813 759.350474
-1092.193064 764.597723
-1097.206814 769.884672
-1102.221065 775.211321
-1107.235816 780.577670
-1112.251067 785.983719
-1117.266817 791.429467
-1122.283068 796.914916
-1127.299819 802.440065
-1132.317069 808.004914
-1137.334820 813.609463
-1142.353071 819.253711
-1147.371822 824.937660
-1152.391073 830.661309
-1157.410823 836.424657
-1162.431074 842.227706
-1167.451825 848.070455
-1172.473076 853.952903
-1177.494827 859.875052
-1182.517077 865.836900
-1187.539828 871.838449
-1192.563079 877.879698
-1197.586830 883.960646
-1202.611081 890.081295
-1207.635832 896.241643
-1212.661082 902.441691
-1217.686833 908.681440
-1222.713084 914.960888
-1227.739835 921.280037
-1232.767086 927.638885
-1237.787299 934.050146
-1242.802988 940.509582
-1247.814151 947.017193
-1252.820790 953.572979
-1257.822903 960.176940
-1262.820491 966.829077
-1267.813555 973.529388
-1272.802093 980.277874
-1277.786106 987.074536
-1282.765595 993.919372
-1287.740558 1000.812383
-1292.710996 1007.753570
-1297.676910 1014.742932
-1302.638298 1021.780468
-1307.595161 1028.866180
-1312.547500 1036.000067
-1317.495313 1043.182128
-1322.438601 1050.412365
-1327.377365 1057.690777
-1332.311603 1065.017364
-1337.241316 1072.392126
-1342.166504 1079.815063
-1347.087168 1087.286175
-1352.003306 1094.805462
-1356.914919 1102.372924
-1361.822007 1109.988562
-1366.724571 1117.652374
-1371.622609 1125.364361
-1376.516122 1133.124524
-1381.405110 1140.932861
-1386.289574 1148.789374
-1391.169512 1156.694061
-1396.044925 1164.646924
-1400.915813 1172.647962
-1405.782176 1180.697174
-1410.644015 1188.794562
-1415.501328 1196.940125
-1420.354116 1205.133863
-1425.202379 1213.375776
-1430.046117 1221.665864
-1434.875281 1229.959202
-1439.693219 1238.270765
-1444.499932 1246.600553
-1449.295420 1254.948566
-1454.079684 1263.314804
-1458.852722 1271.699267
-1463.614535 1280.101955
-1468.365124 1288.522868
-1473.104487 1296.962006
-1477.832626 1305.419369
-1482.549539 1313.894957
-1487.255228 1322.388770
-1491.949691 1330.900808
-1496.632930 1339.431072
-1501.304944 1347.979560
-1505.965732 1356.546273
-1510.615296 1365.131211
-1515.253635 1373.734374
-1519.880749 1382.355763
-1524.496637 1390.995376
-1529.101301 1399.653214
-1533.694740 1408.329277
-1538.276954 1417.023566
-1542.847943 1425.736079
-1547.407707 1434.466817
-1551.956246 1443.215781
-1556.493560 1451.982969
-1561.019649 1460.768382
-1565.534513 1469.572021
-1570.038152 1478.393884
-1574.530566 1487.233972
-1579.011755 1496.092286
-1583.481719 1504.968824
-1587.940458 1513.863588
-1592.387973 1522.776576
-1596.824262 1531.707790
-1601.249326 1540.657228
-1605.663165 1549.624892
-1610.065780 1558.610780
-1614.457169 1567.614894
-1618.867559 1576.627145
-1623.286873 1585.650896
-1627.715112 1594.686147
-1632.152277 1603.732898
-1636.598366 1612.791149
-1641.053381 1621.860900
-1645.517320 1630.942151
-1649.990185 1640.034902
-1654.471974 1649.139153
-1658.962689 1658.254904
-1663.462329 1667.382155
-1667.970893 1676.520907
-1672.488383 1685.671158
-1677.014798 1694.832909
-1681.550137 1704.006160
-1686.094402 1713.190911
-1690.647592 1722.387162
-1695.209706 1731.594913
-1699.780746 1740.814165
-1704.360711 1750.044916
-1708.949601 1759.287167
-1713.547416 1768.540918
-1718.154155 1777.806169
-1722.769820 1787.082921
-1727.394410 1796.371172
-1732.027925 1805.670923
-1736.670365 1814.982174
-1741.321730 1824.304926
-1745.982020 1833.639177
-1750.651235 1842.984928
-1755.329375 1852.342179
-1760.016440 1861.710931
-1764.712430 1871.091182
-1769.417345 1880.482933
-1774.131185 1889.886185
-1778.853950 1899.300936
-1783.585641 1908.727187
-1788.326256 1918.164939
-1793.075796 1927.614190
-1797.834261 1937.074941
-1802.606451 1946.573218
-1807.390766 1956.100344
-1812.187206 1965.656320
-1816.995772 1975.241147
-1821.816462 1984.854823
-1826.649277 1994.497349
-1831.494217 2004.168726
-1836.351282 2013.868952
-1841.220472 2023.598028
-1846.101787 2033.355955
-1850.995227 2043.142731
-1855.900791 2052.958357
-1860.818481 2062.802833
-1865.748296 2072.676160
-1870.690236 2082.578336
-1875.644301 2092.509362
-1880.610491 2102.469238
-1885.588806 2112.457964
-1890.579245 2122.475541
-1895.581810 2132.521967
-1900.596500 2142.597243
-1905.623314 2152.701369
-1910.662254 2162.834346
-1915.713319 2172.996172
-1920.776508 2183.186848
-1925.851823 2193.406374
-1930.939263 2203.654750
-1936.038827 2213.931976
-1941.150517 2224.238052
-1946.274331 2234.572979
-1951.410271 2244.936755
-1956.558335 2255.329381
-1961.718525 2265.750857
-1966.890839 2276.201183
-1972.075278 2286.680359
-1977.271843 2297.188385
-1982.480532 2307.725261
-1987.701347 2318.290987
-1992.934286 2328.885564
-1998.179350 2339.508990
-2003.405152 2350.146416
-2008.622154 2360.802792
-2013.830356 2371.478118
-2019.029757 2382.172394
-2024.220359 2392.885620
-2029.402161 2403.617796
-2034.575163 2414.368922
-2039.739364 2425.138998
-2044.894766 2435.928024
-2050.041368 2446.736000
-2055.179170 2457.562926
-2060.308171 2468.408802
-2065.428373 2479.273629
-2070.539775 2490.157405
-2075.642376 2501.060131
-2080.736178 2511.981807
-2085.821180 2522.922433
-2090.897381 2533.882009
-2095.964783 2544.860535
-2101.023385 2555.858011
-2106.073186 2566.874437
-2111.114188 2577.909813
-2116.146390 2588.964139
-2121.169791 2600.037415
-2126.184393 2611.129641
-2131.190195 2622.240818
-2136.187196 2633.370944
-2141.175398 2644.520020
-2146.154799 2655.688046
-2151.125401 2666.875022
-2156.087203 2678.080948
-2161.040204 2689.305824
-2165.984406 2700.549650
-2170.919807 2711.812426
-2175.846409 2723.094152
-2180.764210 2734.394828
-2185.673212 2745.714454
-2190.573413 2757.053031
-2195.464815 2768.410557
-2200.347416 2779.787033
-2205.229993 2791.162284
-2210.109619 2802.543035
-2214.986296 2813.929286
-2219.860023 2825.321037
-2224.730799 2836.718288
-2229.598626 2848.121039
-2234.463502 2859.529290
-2239.325429 2870.943041
-2244.184406 2882.362292
-2249.040432 2893.787043
-2253.893509 2905.217294
-2258.743635 2916.653045
-2263.590812 2928.094297
-2268.435039 2939.541048
-2273.276315 2950.993299
-2278.114642 2962.451050
-2282.950019 2973.914301
-2287.782445 2985.383052
-2292.611922 2996.857303
-2297.438449 3008.337054
-2302.262026 3019.822305
-2307.082652 3031.313056
-2311.900329 3042.809307
-2316.715056 3054.311058
-2321.526833 3065.818309
-2326.335659 3077.331060
-2331.141536 3088.849311
-2335.944463 3100.373062
-2340.744440 3111.902313
-2345.541466 3123.437064
-2350.335543 3134.977315
-2355.126670 3146.523065
-2359.914847 3158.074316
-2364.700074 3169.631067
-2369.482351 3181.193318
-2374.261678 3192.761069
-2379.038054 3204.334320
-2383.811481 3215.913071
-2388.581958 3227.497322
-2393.349485 3239.087073
-2398.128462 3250.697549
-2402.914089 3262.323675
-2407.706366 3273.965451
-2412.505293 3285.622877
-2417.310870 3297.295953
-2422.123097 3308.984678
-2426.941974 3320.689054
-2431.767501 3332.409080
-2436.599678 3344.144756
-2441.438506 3355.896082
-2446.283983 3367.663058
-2451.136110 3379.445683
-2455.994887 3391.243959
-2460.860314 3403.057885
-2465.732392 3414.887461
-2470.611119 3426.732686
-2475.496496 3438.593562
-2480.388523 3450.470088
-2485.287201 3462.362264
-2490.192528 3474.270089
-2495.104506 3486.193565
-2500.023133 3498.132691
-2504.948410 3510.087467
-2509.880338 3522.057892
-2514.818915 3534.043968
-2519.764143 3546.045693
-2524.716020 3558.063069
-2529.674548 3570.096095
-2534.639726 3582.144770
-2539.611553 3594.209096
-2544.590031 3606.289072
-2549.575159 3618.384697
-2554.566936 3630.495973
-2559.565364 3642.622898
-2564.570442 3654.765474
-2569.582169 3666.923699
-2574.600547 3679.097575
-2579.625575 3691.287100
-2584.657253 3703.492276
-2589.695581 3715.713101
-2594.720421 3727.927677
-2599.738486 3740.143303
-2604.749777 3752.359978
-2609.754292 3764.577704
-2614.752032 3776.796479
-2619.742998 3789.016305
-2624.727188 3801.237180
-2629.704604 3813.459106
-2634.675244 3825.682081
-2639.639109 3837.906107
-2644.596200 3850.131182
-2649.546515 3862.357308
-2654.490056 3874.584483
-2659.426821 3886.812709
-2664.356812 3899.041984
-2669.280027 3911.272310
-2674.196468 3923.503686
-2679.106133 3935.736111
-2684.009023 3947.969587
-2688.905139 3960.204112
-2693.794479 3972.439688
-2698.677045 3984.676313
-2703.552836 3996.913989
-2708.421851 4009.152715
-2713.284092 4021.392490
-2718.139557 4033.633316
-2722.988248 4045.875191
-2727.830163 4058.118117
-2732.665304 4070.362092
-2737.493669 4082.607118
-2742.315260 4094.853194
-2747.130076 4107.100319
-2751.938116 4119.348495
-2756.739382 4131.597720
-2761.533872 4143.847996
-2766.321588 4156.099322
-2771.102529 4168.351697
-2775.876694 4180.605123
-2780.644085 4192.859599
-2785.404701 4205.115124
-2790.165179 4217.336412
-2794.923307 4229.535225
-2799.679085 4241.711563
-2804.432514 4253.865427
-2809.183592 4265.996815
-2813.932321 4278.105728
-2818.678699 4290.192166
-2823.422728 4302.256129
-2828.164406 4314.297617
-2832.903735 4326.316630
-2837.640713 4338.313168
-2842.375342 4350.287231
-2847.107621 4362.238819
-2851.837550 4374.167932
-2856.565128 4386.074570
-2861.290357 4397.958733
-2866.013236 4409.820422
-2870.733765 4421.659635
-2875.451944 4433.476373
-2880.167773 4445.270636
-2884.881252 4457.042424
-2889.592381 4468.791737
-2894.301160 4480.518575
-2899.007590 4492.222938
-2903.711669 4503.904826
-2908.413398 4515.564239
-2913.112777 4527.201177
-2917.809807 4538.815640
-2922.504486 4550.407628
-2927.196816 4561.977141
-2931.886795 4573.524179
-2936.574425 4585.048742
-2941.259704 4596.550830
-2945.942634 4608.030443
-2950.623213 4619.487581
-2955.301443 4630.922244
-2959.977323 4642.334432
-2964.650853 4653.724145
-2969.322033 4665.091383
-2973.990862 4676.436145
-2978.670842 4687.806508
-2983.357472 4699.186446
-2988.050752 4710.575959
-2992.750682 4721.975047
-2997.457262 4733.383710
-3002.170492 4744.801948
-3006.890372 4756.229761
-3011.616902 4767.667149
-3016.350082 4779.114112
-3021.089912 4790.570650
-3025.836392 4802.036763
-3030.589522 4813.512450
-3035.349303 4824.997713
-3040.115733 4836.492551
-3044.888813 4847.996964
-3049.668543 4859.510952
-3054.454923 4871.034515
-3059.247954 4882.567653
-3064.047634 4894.110365
-3068.853964 4905.662653
-3073.666945 4917.224516
-3078.486575 4928.795954
-3083.312855 4940.376967
-3088.145786 4951.967555
-3092.985366 4963.567717
-3097.831597 4975.177455
-3102.684477 4986.796768
-3107.544008 4998.425656
-3112.410188 5010.064119
-3117.283019 5021.712156
-3122.162499 5033.369769
-3127.048630 5045.036957
-3131.941411 5056.713720
-3136.840841 5068.400057
-3141.746922 5080.095970
-3146.659653 5091.801458
-3151.579033 5103.516521
-3156.505064 5115.241158
-3161.437745 5126.975371
-3166.377076 5138.719159
-3171.298419 5150.466672
-3176.209987 5162.219859
-3181.111780 5173.978722
-3186.003799 5185.743260
-3190.886042 5197.513473
-3195.758510 5209.289361
-3200.621203 5221.070924
-3205.474122 5232.858162
-3210.317265 5244.651075
-3215.150633 5256.449663
-3219.974226 5268.253926
-3224.788044 5280.063864
-3229.592088 5291.879477
-3234.386356 5303.700765
-3239.170849 5315.527728
-3243.945567 5327.360366
-3248.710510 5339.198679
-3253.465679 5351.042668
-3258.211072 5362.892331
-3262.946690 5374.747669
-3267.672533 5386.608682
-3272.388601 5398.475371
-3277.094894 5410.347734
-3281.791412 5422.225772
-3286.478156 5434.109486
-3291.155124 5445.998874
-3295.822317 5457.893938
-3300.479735 5469.794676
-3305.127378 5481.701089
-3309.765246 5493.613178
-3314.393339 5505.530942
-3319.011657 5517.454380
-3323.620201 5529.383494
-3328.218969 5541.318282
-3332.807962 5553.258746
-3337.387180 5565.204885
-3341.956623 5577.156698
-3346.516291 5589.114187
-3351.066184 5601.077351
-3355.606302 5613.046189
-3360.153033 5625.023816
-3364.700913 5637.009192
-3369.249944 5649.002318
-3373.800124 5661.003194
-3378.351455 5673.011820
-3382.903935 5685.028197
-3387.457566 5697.052323
-3392.012346 5709.084199
-3396.568277 5721.123825
-3401.125357 5733.171201
-3405.683588 5745.226327
-3410.242968 5757.289203
-3414.803499 5769.359830
-3419.365180 5781.438206
-3423.928010 5793.524332
-3428.491991 5805.618208
-3433.057121 5817.719834
-3437.623402 5829.829210
-3442.190832 5841.946336
-3446.759413 5854.071212
-3451.329143 5866.203838
-3455.900024 5878.344214
-3460.472054 5890.492340
-3465.045235 5902.648216
-3469.619565 5914.811842
-3474.195046 5926.983218
-3478.771676 5939.162344
-3483.349456 5951.349220
-3487.928387 5963.543846
-3492.508467 5975.746222
-3497.089698 5987.956348
-3501.672078 6000.174224
-3506.255609 6012.399849
-3510.840289 6024.633225
-3515.426120 6036.874351
-3520.013100 6049.123227
-3524.601231 6061.379853
-3529.190511 6073.644229
-3533.780942 6085.916355
-3538.372522 6098.196230
-3542.940765 6110.501331
-3547.493833 6122.825832
-3552.031726 6135.169733
-3556.554444 6147.533034
-3561.061987 6159.915735
-3565.554354 6172.317836
-3570.031547 6184.739337
-3574.493565 6197.180238
-3578.940408 6209.640540
-3583.372076 6222.120241
-3587.788569 6234.619342
-3592.189887 6247.137843
-3596.576030 6259.675744
-3600.946997 6272.233046
-3605.302790 6284.809747
-3609.643408 6297.405849
-3613.968851 6310.021350
-3618.279119 6322.656251
-3622.574211 6335.310553
-3626.854129 6347.984254
-3631.118872 6360.677356
-3635.368440 6373.389858
-3639.602833 6386.121759
-3643.822050 6398.873061
-3648.026093 6411.643763
-3652.214961 6424.433864
-3656.388654 6437.243366
-3660.547171 6450.072268
-3664.690514 6462.920570
-3668.818682 6475.788272
-3672.931675 6488.675373
-3677.029492 6501.581875
-3681.112135 6514.507777
-3685.179603 6527.453079
-3689.231895 6540.417781
-3693.269013 6553.401883
-3697.290956 6566.405386
-3701.297723 6579.428288
-3705.289316 6592.470590
-3709.265734 6605.532292
-3713.241001 6618.613844
-3717.210444 6631.715097
-3721.174062 6644.836049
-3725.131855 6657.976701
-3729.083822 6671.137053
-3733.029965 6684.317106
-3736.970283 6697.516858
-3740.904776 6710.736310
-3744.833444 6723.975463
-3748.756287 6737.234315
-3752.673305 6750.512867
-3756.584498 6763.811120
-3760.489866 6777.129072
-3764.389409 6790.466724
-3768.283128 6803.824077
-3772.171021 6817.201129
-3776.053089 6830.597881
-3779.929332 6844.014334
-3783.799750 6857.450486
-3787.664344 6870.906339
-3791.523112 6884.381891
-3795.376055 6897.877144
-3799.223174 6911.392096
-3803.064467 6924.926749
-3806.899936 6938.481101
-3810.729579 6952.055154
-3814.553398 6965.648906
-3818.371391 6979.262359
-3822.183560 6992.895512
-3825.989904 7006.548364
-3829.790422 7020.220917
-3833.585116 7033.913169
-3837.373985 7047.625122
-3841.157028 7061.356775
-3844.934247 7075.108127
-3848.705641 7088.879180
-3852.471210 7102.669933
-3856.230954 7116.480385
-3859.984873 7130.310538
-3863.732966 7144.160391
-3867.495898 7158.031856
-3871.266779 7171.924296
-3875.045611 7185.837711
-3878.832393 7199.772101
-3882.627124 7213.727467
-3886.429806 7227.703807
-3890.240437 7241.701122
-3894.059019 7255.719412
-3897.885551 7269.758677
-3901.720033 7283.818917
-3905.562464 7297.900132
-3909.412846 7312.002322
-3913.271178 7326.125487
-3917.137460 7340.269627
-3921.011692 7354.434742
-3924.893874 7368.620832
-3928.784006 7382.827897
-3932.682088 7397.055937
-3936.588120 7411.304952
-3940.502102 7425.574942
-3944.424034 7439.865907
-3948.353916 7454.177847
-3952.291748 7468.510762
-3956.237530 7482.864652
-3960.191262 7497.239517
-3964.152945 7511.635356
-3968.122577 7526.052171
-3972.100159 7540.489961
-3976.085691 7554.948726
-3980.079174 7569.428466
-3984.080606 7583.929180
-3988.089989 7598.450870
-3992.107321 7612.993535
-3996.132603 7627.557175
-4000.165836 7642.141789
-4004.207018 7656.747379
-4008.256151 7671.373944
-4012.313234 7686.021484
-4016.378266 7700.689998
-4020.451249 7715.379488
-4024.523857 7730.082265
-4028.598864 7744.800892
-4032.676272 7759.535369
-4036.756079 7774.285696
-4040.838287 7789.051874
-4044.922894 7803.833901
-4049.009902 7818.631778
-4053.099310 7833.445505
-4057.191117 7848.275082
-4061.285325 7863.120509
-4065.381932 7877.981786
-4069.480940 7892.858913
-4073.582347 7907.751890
-4077.686154 7922.660717
-4081.792362 7937.585394
-4085.900969 7952.525921
-4090.011977 7967.482298
-4094.125384 7982.454525
-4098.241192 7997.442602
-4102.359399 8012.446529
-4106.480006 8027.466306
-4110.603014 8042.501933
-4114.728421 8057.553409
-4118.856229 8072.620736
-4122.986436 8087.703913
-4127.119043 8102.802940
-4131.254051 8117.917817
-4135.391458 8133.048544
-4139.531265 8148.195121
-4143.673472 8163.357548
-4147.818080 8178.535824
-4151.965087 8193.729951
-4156.114494 8208.939928
-4160.266301 8224.165755
-4164.420509 8239.407431
-4168.577116 8254.664958
-4172.736123 8269.938335
-4176.897530 8285.227562
-4181.061337 8300.532638
-4185.227545 8315.853565
-4189.409464 8331.175604
-4193.602659 8346.503669
-4197.807129 8361.837758
-4202.022873 8377.177872
-4206.249893 8392.524011
-4210.488188 8407.876176
-4214.737758 8423.234365
-4218.998602 8438.598579
-4223.270722 8453.968819
-4227.554117 8469.345083
-4231.848787 8484.727372
-4236.154731 8500.115687
-4240.471951 8515.510026
-4244.800446 8530.910390
-4249.140216 8546.316780
-4253.491261 8561.729194
-4257.853580 8577.147633
-4262.227175 8592.572098
-4266.612045 8608.002587
-4271.008190 8623.439102
-4275.415610 8638.881641
-4279.834305 8654.330205
-4284.264275 8669.784795
-4288.705519 8685.245409
-4293.158039 8700.712049
-4297.621834 8716.184713
-4302.096904 8731.663403
-4306.583249 8747.148117
-4311.080869 8762.638857
-4315.589764 8778.135621
-4320.109934 8793.638411
-4324.641379 8809.147225
-4329.184099 8824.662065
-4333.738094 8840.182929
-4338.303364 8855.709819
-4342.879909 8871.242733
-4347.467729 8886.781673
-4352.066824 8902.326637
-4356.677194 8917.877627
-4361.298839 8933.434642
-4365.943459 8948.975106
-4370.607154 8964.506546
-4375.289924 8980.028960
-4379.991769 8995.542350
-4384.712689 9011.046715
-4389.452684 9026.542055
-4394.211754 9042.028369
-4398.989899 9057.505659
-4403.787119 9072.973924
-4408.603414 9088.433164
-4413.438785 9103.883379
-4418.293230 9119.324569
-4423.166750 9134.756734
-4428.059345 9150.179874
-4432.971015 9165.593989
-4437.901761 9180.999079
-4442.851581 9196.395144
-4447.820476 9211.782184
-4452.808446 9227.160199
-4457.815492 9242.529190
-4462.841612 9257.889155
-4467.886807 9273.240095
-4472.951078 9288.582010
-4478.034423 9303.914901
-4483.136843 9319.238766
-4488.258339 9334.553606
-4493.398909 9349.859422
-4498.558555 9365.156212
-4503.737275 9380.443978
-4508.935070 9395.722718
-4514.151941 9410.992434
-4519.387886 9426.253124
-4524.642907 9441.504790
-4529.917002 9456.747430
-4535.210173 9471.981046
-4540.522418 9487.205637
-4545.853739 9502.421202
-4551.204134 9517.627743
-4556.573605 9532.825259
-4561.962150 9548.013750
-4567.359946 9563.223178
-4572.770267 9578.443556
-4578.193112 9593.674884
-4583.628483 9608.917163
-4589.076379 9624.170391
-4594.536800 9639.434570
-4600.009746 9654.709698
-4605.495217 9669.995776
-4610.993213 9685.292805
-4616.503734 9700.600783
-4622.026780 9715.919712
-4627.562351 9731.249590
-4633.110448 9746.590418
-4638.671069 9761.942197
-4644.244215 9777.304925
-4649.829887 9792.678604
-4655.428083 9808.063232
-4661.038805 9823.458811
-4666.662051 9838.865339
-4672.297823 9854.282818
-4677.946120 9869.711247
-4683.606941 9885.150625
-4689.280288 9900.600954
-4694.966160 9916.062232
-4700.664557 9931.534461
-4706.375479 9947.017640
-4712.098926 9962.511768
-4717.834898 9978.016847
-4723.583395 9993.532876
-4729.344417 10009.059854
-4735.117964 10024.597783
-4740.904036 10040.146662
-4746.702634 10055.706490
-4752.513756 10071.277269
-4758.337403 10086.858998
-4764.173576 10102.451677
-4770.022273 10118.055306
-4775.883496 10133.669884
-4781.757243 10149.295413
-4787.643516 10164.931892
-4793.508376 10180.575946
-4799.363136 10196.228700
-4805.207797 10211.890154
-4811.042357 10227.560307
-4816.866817 10243.239161
-4822.681177 10258.926715
-4828.485437 10274.622969
-4834.279598 10290.327923
-4840.063658 10306.041577
-4845.837618 10321.763931
-4851.601479 10337.494985
-4857.355239 10353.234739
-4863.098899 10368.983193
-4868.832460 10384.740347
-4874.555920 10400.506201
-4880.269280 10416.280755
-4885.972541 10432.064009
-4891.665701 10447.855963
-4897.348762 10463.656617
-4903.021722 10479.465971
-4908.684582 10495.284026
-4914.337343 10511.110780
-4919.980003 10526.946234
-4925.612564 10542.790388
-4931.235024 10558.643242
-4936.847385 10574.504796
-4942.449646 10590.375050
-4948.041806 10606.254005
-4953.623867 10622.141659
-4959.195827 10638.038013
-4964.757688 10653.943067
-4970.309448 10669.856822
-4975.851109 10685.779276
-4981.382670 10701.710430
-4986.904130 10717.650284
-4992.415491 10733.598839
-4997.916752 10749.556093
-5003.407913 10765.522047
-5008.888973 10781.496702
-5014.359934 10797.480056
-5019.812395 10813.467648
-5025.249155 10829.460965
-5030.670216 10845.460007
-5036.075577 10861.464774
-5041.465237 10877.475266
-5046.839198 10893.491483
-5052.197459 10909.513425
-5057.540019 10925.541092
-5062.866880 10941.574484
-5068.178040 10957.613601
-5073.473501 10973.658443
-5078.753261 10989.709010
-5084.017322 11005.765302
-5089.265682 11021.827319
-5094.498343 11037.895061
-5099.715303 11053.968528
-5104.916563 11070.047721
-5110.102124 11086.132638
-5115.271984 11102.223280
-5120.426144 11118.319647
-5125.564605 11134.421740
-5130.687365 11150.529557
-5135.794425 11166.643099
-5140.885786 11182.762366
-5145.961446 11198.887359
-5151.021406 11215.018076
-5156.065666 11231.154518
-5161.094226 11247.296686
-5166.107087 11263.444578
-5171.104247 11279.598196
-5176.085707 11295.757538
-5181.051467 11311.922606
-5186.001527 11328.093398
-5190.935887 11344.269916
-5195.854547 11360.452158
-5200.757507 11376.640126
-5205.644767 11392.833818
-5210.516327 11409.033236
-5215.372187 11425.238378
-5220.212347 11441.449246
-5225.058707 11457.696101
-5229.903967 11473.968856
-5234.748127 11490.267511
-5239.591187 11506.592067
-5244.433147 11522.942522
-5249.274007 11539.318877
-5254.113767 11555.721133
-5258.952427 11572.149288
-5263.789987 11588.603343
-5268.626447 11605.083299
-5273.461807 11621.589154
-5278.296067 11638.120910
-5283.129227 11654.678565
-5287.961287 11671.262121
-5292.792247 11687.871576
-5297.622107 11704.506932
-5302.450867 11721.168187
-5307.278527 11737.855343
-5312.105087 11754.568399
-5316.930547 11771.307354
-5321.754907 11788.072210
-5326.578167 11804.862966
-5331.400327 11821.679622
-5336.221387 11838.522177
-5341.041347 11855.390633
-5345.860207 11872.284989
-5350.677967 11889.205245
-5355.494627 11906.151401
-5360.310187 11923.123457
-5365.124647 11940.121413
-5369.938007 11957.145269
-5374.750267 11974.195025
-5379.561427 11991.270681
-5384.371487 12008.372237
-5389.180447 12025.499693
-5393.988307 12042.653049
-5398.795068 12059.832305
-5403.600728 12077.037462
-5408.405288 12094.268518
-5413.208748 12111.525474
-5418.017070 12128.780018
-5422.828268 12146.041587
-5427.642341 12163.310180
-5432.459288 12180.585799
-5437.279111 12197.868443
-5442.101809 12215.158112
-5446.927381 12232.454805
-5451.755829 12249.758524
-5456.587152 12267.069268
-5461.421349 12284.387037
-5466.258422 12301.711830
-5471.098370 12319.043649
-5475.941192 12336.382493
-5480.786890 12353.728362
-5485.635463 12371.081256
-5490.486910 12388.441174
-5495.341233 12405.808118
-5500.198431 12423.182087
-5505.058504 12440.563081
-5509.921451 12457.951100
-5514.787274 12475.346144
-5519.655972 12492.748212
-5524.527545 12510.157306
-5529.401992 12527.573425
-5534.279315 12544.996569
-5539.159513 12562.426738
-5544.042586 12579.863932
-5548.928534 12597.308150
-5553.817356 12614.759394
-5558.709054 12632.217663
-5563.603627 12649.682957
-5568.501075 12667.155276
-5573.401398 12684.634620
-5578.304596 12702.120989
-5583.210669 12719.614382
-5588.119616 12737.114801
-5593.031439 12754.622245
-5597.946137 12772.136714
-5602.863710 12789.658208
-5607.784158 12807.186727
-5612.711718 12824.694671
-5617.644979 12842.191240
-5622.583939 12859.676433
-5627.528599 12877.150252
-5632.478960 12894.612696
-5637.435020 12912.063765
-5642.396780 12929.503459
-5647.364240 12946.931777
-5652.337400 12964.348721
-5657.316261 12981.754290
-5662.300821 12999.148484
-5667.291081 13016.531303
-5672.287041 13033.902746
-5677.288701 13051.262815
-5682.296061 13068.611509
-5687.309121 13085.948827
-5692.327881 13103.274771
-5697.352341 13120.589340
-5702.382501 13137.892534
-5707.418361 13155.184352
-5712.459921 13172.464796
-5717.507181 13189.733865
-5722.560141 13206.991558
-5727.618801 13224.237877
-5732.683160 13241.472820
-5737.753220 13258.696389
-5742.828980 13275.908583
-5747.910440 13293.109401
-5752.997599 13310.298845
-5758.090459 13327.476913
-5763.189019 13344.643607
-5768.293278 13361.798926
-5773.403238 13378.942869
-5778.518898 13396.075438
-5783.640257 13413.196631
-5788.767317 13430.306450
-5793.900076 13447.404893
-5799.038536 13464.491962
-5804.182695 13481.567655
-5809.332555 13498.631974
-5814.503902 13515.686605
-5819.691474 13532.730986
-5824.895271 13549.765117
-5830.115293 13566.788997
-5835.351540 13583.802628
-5840.604012 13600.806009
-5845.872710 13617.799140
-5851.157632 13634.782021
-5856.458779 13651.754652
-5861.776151 13668.717033
-5867.109749 13685.669163
-5872.459571 13702.611044
-5877.825618 13719.542675
-5883.207891 13736.464056
-5888.606388 13753.375186
-5894.021110 13770.276067
-5899.452058 13787.166698
-5904.899230 13804.047078
-5910.362628 13820.917209
-5915.842250 13837.777090
-5921.338098 13854.626720
-5926.850170 13871.466101
-5932.378468 13888.295231
-5937.922991 13905.114112
-5943.483738 13921.922743
-5949.060711 13938.721123
-5954.653909 13955.509254
-5960.263331 13972.287134
-5965.888979 13989.054765
-5971.530852 14005.812145
-5977.188950 14022.559275
-5982.863272 14039.296156
-5988.553820 14056.022786
-5994.260593 14072.739167
-5999.983591 14089.445297
-6005.722814 14106.141177
-6011.478262 14122.826808
-6017.249935 14139.502188
-6023.037833 14156.167318
-6028.841956 14172.822199
-6034.658516 14189.443579
-6040.488777 14206.039209
-6046.332737 14222.609090
-6052.190398 14239.153220
-6058.061758 14255.671601
-6063.946819 14272.164231
-6069.845579 14288.631111
-6075.758040 14305.072242
-6081.684201 14321.487622
-6087.624061 14337.877253
-6093.577622 14354.241133
-6099.544882 14370.579264
-6105.525843 14386.891644
-6111.520504 14403.178275
-6117.528864 14419.439156
-6123.550925 14435.674286
-6129.586685 14451.883667
-6135.636146 14468.067297
-6141.699307 14484.225178
-6147.776167 14500.357309
-6153.866728 14516.463690
-6159.970989 14532.544320
-6166.088949 14548.599201
-6172.220610 14564.628332
-6178.365971 14580.631713
-6184.525032 14596.609343
-6190.697792 14612.561224
-6196.884253 14628.487355
-6203.084414 14644.387736
-6209.298275 14660.262367
-6215.525835 14676.111248
-6221.767096 14691.934378
-6228.022057 14707.731759
-6234.290718 14723.503390
-6240.573078 14739.249271
-6246.869139 14754.969402
-6253.178900 14770.663783
-6259.502361 14786.332414
-6265.839522 14801.975295
-6272.190382 14817.592426
-6278.578718 14833.217220
-6284.996604 14848.838538
-6291.444040 14864.456382
-6297.921026 14880.070750
-6304.427562 14895.681644
-6310.963647 14911.289062
-6317.529283 14926.893006
-6324.124469 14942.493474
-6330.749205 14958.090467
-6337.403490 14973.683986
-6344.087326 14989.274029
-6350.800712 15004.860597
-6357.543648 15020.443691
-6364.316133 15036.023309
-6371.118169 15051.599452
-6377.949755 15067.172121
-6384.810891 15082.741314
-6391.701576 15098.307032
-6398.621812 15113.869275
-6405.571598 15129.428043
-6412.550933 15144.983337
-6419.559819 15160.535155
-6426.598255 15176.083498
-6433.666240 15191.628366
-6440.763776 15207.169759
-6447.890862 15222.707677
-6455.047497 15238.242120
-6462.233683 15253.773088
-6469.449419 15269.300581
-6476.694704 15284.824599
-6483.969540 15300.345142
-6491.273926 15315.862210
-6498.607861 15331.375803
-6505.971347 15346.885921
-6513.364382 15362.392564
-6520.786968 15377.895732
-6528.239104 15393.395425
-6535.720789 15408.891643
-6543.232025 15424.384385
-6550.772810 15439.873653
-6558.345658 15455.325809
-6565.949731 15470.752064
-6573.585029 15486.152419
-6581.251553 15501.526875
-6588.949301 15516.875430
-6596.678274 15532.198085
-6604.438472 15547.494841
-6612.229895 15562.765696
-6620.052543 15578.010651
-6627.906416 15593.229707
-6635.791514 15608.422862
-6643.707837 15623.590117
-6651.655385 15638.731473
-6659.634158 15653.846928
-6667.644156 15668.936483
-6675.685379 15684.000139
-6683.757827 15699.037894
-6691.861500 15714.049749
-6699.996398 15729.035705
-6708.162521 15743.995760
-6716.359869 15758.929915
-6724.588442 15773.838171
-6732.848240 15788.720526
-6741.139263 15803.576982
-6749.461511 15818.407537
-6757.814984 15833.212192
-6766.199682 15847.990948
-6774.615605 15862.743803
-6783.062753 15877.470758
-6791.541125 15892.171814
-6800.050723 15906.846969
-6808.591546 15921.496224
-6817.163594 15936.119580
-6825.766867 15950.717035
-6834.401365 15965.288591
-6843.067088 15979.834246
-6851.764036 15994.354001
-6860.492209 16008.847857
-6869.251607 16023.315812
-6878.042230 16037.757867
-6886.851065 16052.184373
-6895.682450 16066.591878
-6904.536386 16080.980383
-6913.412871 16095.349889
-6922.311906 16109.700394
-6931.233492 16124.031899
-6940.177627 16138.344405
-6949.144312 16152.637910
-6958.133547 16166.912415
-6967.145333 16181.167920
-6976.179668 16195.404425
-6985.236553 16209.621931
-6994.315988 16223.820436
-7003.417973 16237.999941
-7012.542508 16252.160446
-7021.689593 16266.301951
-7030.859228 16280.424456
-7040.051413 16294.527961
-7049.266148 16308.612466
-7058.503433 16322.677971
-7067.763268 16336.724476
-7077.045653 16350.751981
-7086.350588 16364.760486
-7095.678073 16378.749991
-7105.028108 16392.720496
-7114.400693 16406.672001
-7123.795828 16420.604506
-7133.213512 16434.518011
-7142.653747 16448.412516
-7152.116532 16462.288021
-7161.601867 16476.144526
-7171.109752 16489.982031
-7180.640186 16503.800536
-7190.193171 16517.600040
-7199.768706 16531.380545
-7209.366790 16545.142050
-7218.987425 16558.884555
-7228.630610 16572.608059
-7238.296344 16586.312564
-7247.984629 16599.998069
-7257.693138 16613.680849
-7267.422648 16627.355478
-7277.173157 16641.021958
-7286.944667 16654.680288
-7296.737177 16668.330468
-7306.550686 16681.972497
-7316.385196 16695.606377
-7326.240705 16709.232107
-7336.117215 16722.849687
-7346.014724 16736.459116
-7355.933234 16750.060396
-7365.872743 16763.653526
-7375.833253 16777.238506
-7385.814763 16790.815336
-7395.817272 16804.384015
-7405.840782 16817.944545
-7415.885291 16831.496925
-7425.950801 16845.041155
-7436.037310 16858.577235
-7446.144820 16872.105164
-7456.273329 16885.624944
-7466.422839 16899.136574
-7476.593348 16912.640054
-7486.784858 16926.135384
-7496.997368 16939.622563
-7507.230877 16953.101593
-7517.485387 16966.572473
-7527.760896 16980.035203
-7538.057406 16993.489783
-7548.374915 17006.936213
-7558.713425 17020.374492
-7569.072934 17033.804622
-7579.453444 17047.226602
-7589.854953 17060.640432
-7600.277463 17074.046112
-7610.720972 17087.443642
-7621.185482 17100.833022
-7631.670991 17114.214251
-7642.177501 17127.587331
-7652.705010 17140.952261
-7663.248270 17154.315154
-7673.809029 17167.673971
-7684.387289 17181.028713
-7694.983048 17194.379381
-7705.596308 17207.725973
-7716.227067 17221.068491
-7726.875327 17234.406933
-7737.541086 17247.741300
-7748.224346 17261.071593
-7758.925105 17274.397810
-7769.643365 17287.719952
-7780.379125 17301.038020
-7791.132384 17314.352012
-7801.903144 17327.661930
-7812.691403 17340.967772
-7823.497163 17354.269540
-7834.320423 17367.567232
-7845.161182 17380.860849
-7856.019442 17394.150392
-7866.895201 17407.435859
-7877.788461 17420.717252
-7888.699221 17433.994569
-7899.627480 17447.267811
-7910.573240 17460.536979
-7921.536500 17473.802071
-7932.517259 17487.063089
-7943.515519 17500.320031
-7954.531278 17513.572899
-7965.564538 17526.821691
-7976.615298 17540.066408
-7987.683557 17553.307051
-7998.769317 17566.543618
-8009.872577 17579.776111
-8020.993337 17593.004528
-8032.131596 17606.228871
-8043.287356 17619.449138
-8054.460616 17632.665330
-8065.651375 17645.877448
-8076.859635 17659.085490
-8088.085395 17672.289458
-8099.323855 17685.482375
-8110.576614 17698.666568
-8121.843674 17711.842035
-8133.125034 17725.008777
-8144.420694 17738.166795
-8155.730654 17751.316087
-8167.054914 17764.456654
-8178.393474 17777.588496
-8189.746334 17790.711614
-8201.113494 17803.826006
-8212.494954 17816.931673
-8223.890714 17830.028615
-8235.300774 17843.116832
-8246.725135 17856.196324
-8258.163795 17869.267091
-8269.616755 17882.329133
-8281.084015 17895.382450
-8292.565576 17908.427042
-8304.061436 17921.462909
-8315.571597 17934.490051
-8327.096057 17947.508468
-8338.634818 17960.518160
-8350.187878 17973.519127
-8361.755239 17986.511369
-8373.336899 17999.494886
-8384.932860 18012.469677
-8396.543120 18025.435744
-8408.167681 18038.393086
-8419.806542 18051.341703
-8431.459703 18064.281594
-8443.127163 18077.212761
-8454.808924 18090.135203
-8466.504985 18103.048919
-8478.215346 18115.953911
-8489.940007 18128.850177
-8501.678968 18141.737719
-8513.432229 18154.616535
-8525.199790 18167.486627
-8536.981651 18180.347993
-8548.777812 18193.200635
-8560.491785 18206.051901
-8572.155734 18218.899343
-8583.769658 18231.742959
-8595.333556 18244.582750
-8606.847430 18257.418717
-8618.311279 18270.250858
-8629.725103 18283.079174
-8641.088902 18295.903666
-8652.402675 18308.724332
-8663.666424 18321.541173
-8674.880148 18334.354189
-8686.043847 18347.163380
-8697.157521 18359.968746
-8708.221170 18372.770288
-8719.234794 18385.568004
-8730.198393 18398.361895
-8741.111968 18411.151961
-8751.975517 18423.938202
-8762.789041 18436.720618
-8773.552540 18449.499209
-8784.266014 18462.273975
-8794.929464 18475.044916
-8805.542888 18487.812032
-8816.106287 18500.575322
-8826.619662 18513.334788
-8837.083011 18526.090429
-8847.496336 18538.842245
-8857.859635 18551.590236
-8868.172910 18564.334401
-8878.436159 18577.074742
-8888.649384 18589.811258
-8898.812583 18602.543949
-8908.925758 18615.272814
-8918.988908 18627.997855
-8929.002032 18640.719070
-8938.965132 18653.436461
-8948.878207 18666.150027
-8958.741257 18678.859767
-8968.554282 18691.565683
-8978.317281 18704.267773
-8987.996281 18716.945639
-8997.602606 18729.606079
-9007.136256 18742.249095
-9016.597231 18754.874685
-9025.985531 18767.482851
-9035.301156 18780.073591
-9044.544106 18792.646907
-9053.714381 18805.202798
-9062.811981 18817.741263
-9071.836906 18830.262304
-9080.789156 18842.765919
-9089.668731 18855.252110
-9098.475631 18867.720875
-9107.209856 18880.172216
-9115.871406 18892.606132
-9124.460281 18905.022622
-9132.976481 18917.421688
-9141.420006 18929.803329
-9149.790856 18942.167544
-9158.089031 18954.514335
-9166.314531 18966.843700
-9174.467356 18979.155641
-9182.547506 18991.450157
-9190.554981 19003.727247
-9198.489781 19015.986913
-9206.351906 19028.229154
-9214.141357 19040.453970
-9221.858132 19052.661360
-9229.502232 19064.851326
-9237.073657 19077.023867
-9244.572407 19089.178982
-9251.998482 19101.316673
-9259.351883 19113.436939
-9266.632608 19125.539780
-9273.840658 19137.625195
-9280.976033 19149.693186
-9288.038734 19161.743752
-9295.028759 19173.776893
-9301.946109 19185.792608
-9308.790784 19197.790899
-9315.559297 19209.797452
-9322.252810 19221.803706
-9328.871323 19233.809659
-9335.414835 19245.815313
-9341.883348 19257.820666
-9348.276861 19269.825719
-9354.595374 19281.830473
-9360.838887 19293.834926
-9367.007399 19305.839080
-9373.100912 19317.842933
-9379.119425 19329.846487
-9385.062938 19341.849741
-9390.931451 19353.852694
-9396.724964 19365.855348
-9402.443476 19377.857701
-9408.086989 19389.859755
-9413.655502 19401.861509
-9419.149015 19413.862963
-9424.567528 19425.864116
-9429.911041 19437.864970
-9435.179554 19449.865524
-9440.373066 19461.865778
-9445.491579 19473.865732
-9450.535092 19485.865386
-9455.503605 19497.864739
-9460.397118 19509.863793
-9465.215631 19521.862547
-9469.959144 19533.861001
-9474.627657 19545.859155
-9479.221170 19557.857009
-9483.739682 19569.854563
-9488.183195 19581.851817
-9492.551708 19593.848772
-9496.845221 19605.845426
-9501.063734 19617.841780
-9505.207247 19629.837834
-9509.275760 19641.833588
-9513.269273 19653.829042
-9517.187786 19665.824197
-9521.031299 19677.819051
-9524.846162 19689.780793
-9528.616925 19701.720360
-9532.343588 19713.637751
-9536.026151 19725.532968
-9539.664614 19737.406010
-9543.258977 19749.256876
-9546.809240 19761.085568
-9550.315403 19772.892085
-9553.777466 19784.676427
-9557.195429 19796.438593
-9560.569292 19808.178585
-9563.899055 19819.896402
-9567.184718 19831.592043
-9570.426281 19843.265510
-9573.623744 19854.916802
-9576.777107 19866.545918
-9579.886370 19878.152860
-9582.951533 19889.737627
-9585.972596 19901.300218
-9588.949559 19912.840635
-9591.882422 19924.358877
-9594.771185 19935.854943
-9597.615848 19947.328835
-9600.416411 19958.780551
-9603.172874 19970.210093
-9605.885238 19981.617460
-9608.553501 19993.002651
-9611.177664 20004.365668
-9613.757727 20015.706509
-9616.293690 20027.025176
-9618.785553 20038.321667
-9621.233316 20049.595984
-9623.636979 20060.848125
-9625.996543 20072.078092
-9628.312006 20083.285884
-9630.583369 20094.471500
-9632.810632 20105.634942
-9634.993795 20116.776208
-9637.132858 20127.895300
-9639.227822 20138.992216
-9641.309322 20150.062608
-9643.367148 20161.107924
-9645.401299 20172.128166
-9647.411774 20183.123332
-9649.398575 20194.093424
-9651.361701 20205.038440
-9653.301152 20215.958382
-9655.216927 20226.853249
-9657.109028 20237.723040
-9658.977454 20248.567757
-9660.822204 20259.387398
-9662.643280 20270.181965
-9664.440681 20280.951457
-9666.214406 20291.695873
-9667.964457 20302.415215
-9669.690833 20313.109482
-9671.393534 20323.778674
-9673.072559 20334.422790
-9674.727910 20345.041832
-9676.359586 20355.635799
-9677.967586 20366.204690
-9679.551912 20376.748507
-9681.112563 20387.267249
-9682.649539 20397.760916
-9684.162839 20408.229508
-9685.652465 20418.673024
-9687.118416 20429.091466
-9688.560692 20439.484833
-9689.979292 20449.853125
-9691.374218 20460.196342
-9692.745469 20470.514484
-9694.093044 20480.807550
-9695.416945 20491.075542
-9696.717171 20501.318459
-9697.993722 20511.536301
-9699.246597 20521.729068
-9700.475798 20531.896760
-9701.681324 20542.039377
-9702.863175 20552.156919
-9704.021350 20562.249386
-9705.145914 20572.344153
-9706.240177 20582.432095
-9707.304140 20592.513212
-9708.337804 20602.587504
-9709.341167 20612.654971
-9710.314230 20622.715612
-9711.256994 20632.769429
-9712.169457 20642.816421
-9713.051620 20652.856588
-9713.903484 20662.889930
-9714.725047 20672.916447
-9715.516311 20682.936139
-9716.277274 20692.949006
-9717.007938 20702.955047
-9717.708301 20712.954264
-9718.378365 20722.946656
-9719.018128 20732.932223
-9719.627592 20742.910965
-9720.206755 20752.882882
-9720.755619 20762.847973
-9721.274183 20772.806240
-9721.762446 20782.757682
-9722.220410 20792.702299
-9722.648073 20802.640091
-9723.045437 20812.571057
-9723.412501 20822.495199
-9723.749264 20832.412516
-9724.055728 20842.323008
-9724.331892 20852.226674
-9724.577756 20862.123516
-9724.793319 20872.013533
-9724.978583 20881.896724
-9725.133547 20891.773091
-9725.258211 20901.642633
-9725.352575 20911.505350
-9725.416638 20921.361241
-9725.450402 20931.210308
-9725.453866 20941.052550
-9725.427030 20950.887966
-9725.369894 20960.716558
-9725.282533 20970.539637
-9725.164922 20980.356766
-9725.017061 20990.167946
-9724.838950 20999.973175
-9724.630589 21009.772454
-9724.391978 21019.565783
-9724.123117 21029.353162
-9723.824006 21039.134592
-9723.494645 21048.910071
-9723.135034 21058.679600
-9722.745173 21068.443179
-9722.325062 21078.200809
-9721.874701 21087.952488
-9721.394090 21097.698217
-9720.883229 21107.437997
-9720.342119 21117.171826
-9719.770758 21126.899705
-9719.169147 21136.621635
-9718.537286 21146.337614
-9717.875175 21156.047644
-9717.182815 21165.751723
-9716.460204 21175.449852
-9715.707343 21185.142032
-9714.924233 21194.828261
-9714.110872 21204.508541
-9713.267261 21214.182870
-9712.393401 21223.851250
-9711.489290 21233.513679
-9710.554929 21243.170159
-9709.590319 21252.820688
-9708.595458 21262.465268
-9707.570348 21272.103897
-9706.514987 21281.736577
-9705.429377 21291.363306
-9704.313516 21300.984086
-9703.167406 21310.598915
-9701.991045 21320.207795
-9700.784435 21329.810724
-9699.547574 21339.407704
-9698.280464 21348.998734
-9696.982653 21358.576951
-9695.654293 21368.144643
-9694.295383 21377.701810
-9692.905922 21387.248452
-9691.485912 21396.784569
-9690.035352 21406.310161
-9688.554241 21415.825228
-9687.042581 21425.329770
-9685.500371 21434.823787
-9683.927610 21444.307279
-9682.324300 21453.780246
-9680.690440 21463.242688
-9679.026029 21472.694605
-9677.331069 21482.135997
-9675.605559 21491.566864
-9673.849499 21500.987206
-9672.062888 21510.397023
-9670.245728 21519.796315
-9668.398018 21529.185081
-9666.519758 21538.563323
-9664.610948 21547.931040
-9662.671587 21557.288232
-9660.701677 21566.634899
-9658.701217 21575.971041
-9656.670207 21585.296658
-9654.608647 21594.611749
-9652.516537 21603.916316
-9650.393877 21613.210358
-9648.240667 21622.493875
-9646.056907 21631.766867
-9643.842597 21641.029333
-9641.597736 21650.281275
-9639.322326 21659.522692
-9637.016366 21668.753584
-9634.679856 21677.973950
-9632.312796 21687.183792
-9629.915186 21696.383109
-9627.487026 21705.571900
-9625.028316 21714.750167
-9622.539057 21723.917909
-9620.046172 21733.084013
-9617.540687 21742.245517
-9615.022602 21751.402421
-9612.491917 21760.554725
-9609.948632 21769.702430
-9607.392747 21778.845534
-9604.824262 21787.984038
-9602.243177 21797.117942
-9599.649492 21806.247246
-9597.043206 21815.371950
-9594.424321 21824.492055
-9591.792836 21833.607559
-9589.148751 21842.718463
-9586.492066 21851.824767
-9583.822781 21860.926471
-9581.140896 21870.023575
-9578.446411 21879.116079
-9575.739326 21888.203983
-9573.019641 21897.287288
-9570.287356 21906.365992
-9567.542470 21915.440096
-9564.784985 21924.509600
-9562.014900 21933.574504
-9559.232215 21942.634808
-9556.436930 21951.690512
-9553.629045 21960.741616
-9550.808559 21969.788120
-9547.975474 21978.830024
-9545.129789 21987.867329
-9542.271504 21996.900033
-9539.400619 22005.928137
-9536.517133 22014.951641
-9533.621048 22023.970545
-9530.712363 22032.984849
-9527.791078 22041.994553
-9524.857192 22050.999657
-9521.910707 22060.000161
-9518.951622 22068.996065
-9515.979937 22077.987369
-9512.995651 22086.974073
-9509.995203 22095.957827
-9506.979781 22104.938081
-9503.949383 22113.914835
-9500.904010 22122.888089
-9497.843663 22131.857843
-9494.768340 22140.824097
-9491.678042 22149.786852
-9488.572769 22158.746106
-9485.452522 22167.701860
-9482.317299 22176.654114
-9479.167102 22185.602868
-9476.001929 22194.548122
-9472.821781 22203.489876
-9469.626659 22212.428130
-9466.416561 22221.362884
-9463.191489 22230.294138
-9459.951441 22239.221892
-9456.696419 22248.146146
-9453.426421 22257.066900
-9450.141449 22265.984154
-9446.841501 22274.897908
-9443.526579 22283.808162
-9440.196681 22292.714916
-9436.851809 22301.618170
-9433.491961 22310.517924
-9430.117139 22319.414179
-9426.727342 22328.306933
-9423.322569 22337.196187
-9419.902822 22346.081941
-9416.468100 22354.964195
-9413.018402 22363.842949
-9409.553730 22372.718203
-9406.074083 22381.589957
-9402.579460 22390.458211
-9399.069863 22399.322965
-9395.545291 22408.184219
-9392.005744 22417.041973
-9388.451221 22425.896227
-9384.881724 22434.746981
-9381.297252 22443.594235
-9377.701292 22452.443127
-9374.092682 22461.291944
-9370.471423 22470.140685
-9366.837513 22478.989352
-9363.190953 22487.837944
-9359.531744 22496.686461
-9355.859884 22505.534903
-9352.175374 22514.383269
-9348.478215 22523.231561
-9344.768405 22532.079778
-9341.045946 22540.927920
-9337.310836 22549.775987
-9333.563076 22558.623979
-9329.802667 22567.471897
-9326.029607 22576.319739
-9322.243897 22585.167506
-9318.445538 22594.015198
-9314.634528 22602.862816
-9310.810869 22611.710358
-9306.974559 22620.557825
-9303.125599 22629.405218
-9299.263990 22638.252535
-9295.389730 22647.099778
-9291.502821 22655.946945
-9287.603261 22664.794038
-9283.691052 22673.641055
-9279.766192 22682.487998
-9275.828683 22691.334866
-9271.878523 22700.181658
-9267.915713 22709.028376
-9263.940254 22717.875019
-9259.952144 22726.721587
-9255.951385 22735.568080
-9251.937975 22744.414498
-9247.911916 22753.260841
-9243.873206 22762.107109
-9239.821847 22770.953302
-9235.757837 22779.799420
-9231.681178 22788.645463
-9227.591868 22797.491431
-9223.491971 22806.333162
-9219.380799 22815.172042
-9215.258352 22824.008073
-9211.124630 22832.841254
-9206.979633 22841.671585
-9202.823361 22850.499066
-9198.655814 22859.323696
-9194.476992 22868.145477
-9190.286895 22876.964408
-9186.085523 22885.780489
-9181.872876 22894.593720
-9177.648953 22903.404101
-9173.413756 22912.211632
-9169.167284 22921.016313
-9164.909537 22929.818144
-9160.640515 22938.617125
-9156.360217 22947.413256
-9152.068645 22956.206537
-9147.765798 22964.996969
-9143.451675 22973.784550
-9139.126278 22982.569281
-9134.789606 22991.351162
-9130.441658 23000.130194
-9126.082436 23008.906375
-9121.711939 23017.679706
-9117.330166 23026.450188
-9112.937119 23035.217819
-9108.532797 23043.982600
-9104.117199 23052.744532
-9099.690327 23061.503613
-9095.252179 23070.259845
-9090.802757 23079.013226
-9086.342059 23087.763758
-9081.870087 23096.511439
-9077.386839 23105.256271
-9072.892317 23113.998252
-9068.386519 23122.737384
-9063.869446 23131.473666
-9059.341099 23140.207097
-9054.801476 23148.937679
-9050.266066 23157.667661
-9045.729706 23166.396292
-9041.192396 23175.123574
-9036.654136 23183.849506
-9032.114926 23192.574087
-9027.574765 23201.297319
-9023.033655 23210.019201
-9018.491595 23218.739732
-9013.948585 23227.458914
-9009.404625 23236.176746
-9004.859715 23244.893227
-9000.313855 23253.608359
-8995.767045 23262.322140
-8991.219285 23271.034572
-8986.670574 23279.745654
-8982.120914 23288.455385
-8977.570304 23297.163767
-8973.018744 23305.870798
-8968.466234 23314.576480
-8963.912774 23323.280811
-8959.358364 23331.983793
-8954.803003 23340.685424
-8950.246693 23349.385706
-8945.689433 23358.084637
-8941.131223 23366.782219
-8936.572063 23375.478450
-8932.011953 23384.173332
-8927.450893 23392.866863
-8922.888882 23401.559045
-8918.325922 23410.249876
-8913.762012 23418.939358
-8909.197152 23427.627489
-8904.631342 23436.314271
-8900.064582 23444.999702
-8895.496872 23453.683783
-8890.928211 23462.366515
-8886.358601 23471.047896
-8881.788041 23479.727928
-8877.216531 23488.406609
-8872.644071 23497.083940
-8868.084873 23505.756097
-8863.534201 23514.424353
-8858.992053 23523.088710
-8854.458431 23531.749166
-8849.933333 23540.405723
-8845.416761 23549.058379
-8840.908713 23557.707136
-8836.409191 23566.351993
-8831.918193 23574.992949
-8827.435721 23583.630006
-8822.961774 23592.263163
-8818.496351 23600.892420
-8814.039454 23609.517776
-8809.591082 23618.139233
-8805.151235 23626.756790
-8800.719912 23635.370447
-8796.297115 23643.980204
-8791.882843 23652.586061
-8787.477096 23661.188018
-8783.079874 23669.786075
-8778.691177 23678.380232
-8774.311005 23686.970489
-8769.939358 23695.556846
-8765.576236 23704.139303
-8761.221639 23712.717860
-8756.875567 23721.292517
-8752.538020 23729.863275
-8748.208999 23738.430132
-8743.888502 23746.993089
-8739.576530 23755.552147
-8735.273083 23764.107304
-8730.978162 23772.658561
-8726.691765 23781.205919
-8722.413893 23789.749376
-8718.144547 23798.288934
-8713.883725 23806.824591
-8709.631428 23815.356349
-8705.387657 23823.884206
-8701.152410 23832.408164
-8696.925689 23840.928221
-8692.703367 23849.435042
-8688.486821 23857.931737
-8684.276049 23866.418307
-8680.071053 23874.894752
-8675.871832 23883.361072
-8671.678385 23891.817267
-8667.490714 23900.263338
-8663.308818 23908.699283
-8659.132696 23917.125103
-8654.962350 23925.540798
-8650.797779 23933.946369
-8646.638982 23942.341814
-8642.485961 23950.727134
-8638.338715 23959.102329
-8634.197244 23967.467400
-8630.061548 23975.822345
-8625.931626 23984.167165
-8621.807480 23992.501861
-8617.689109 24000.826431
-8613.576513 24009.140876
-8609.469692 24017.445197
-8605.368646 24025.739392
-8601.273375 24034.023462
-8597.183879 24042.297408
-8593.100158 24050.561228
-8589.022212 24058.814924
-8584.950041 24067.058494
-8580.883645 24075.291939
-8576.823024 24083.515260
-8572.768178 24091.728455
-8568.719107 24099.931526
-8564.675811 24108.124471
-8560.638291 24116.307292
-8556.606545 24124.479987
-8552.580574 24132.642558
-8548.560378 24140.795003
-8544.545957 24148.937324
-8540.537312 24157.069519
-8536.534441 24165.191590
-8532.537345 24173.303535
-8528.551387 24181.409781
-8524.574779 24189.508852
-8520.607521 24197.600747
-8516.649612 24205.685468
-8512.701054 24213.763013
-8508.761846 24221.833384
-8504.831988 24229.896580
-8500.911480 24237.952600
-8497.000322 24246.001446
-8493.098513 24254.043117
-8489.206055 24262.077612
-8485.322947 24270.104933
-8481.449189 24278.125079
-8477.584781 24286.138049
-8473.729723 24294.143845
-8469.884015 24302.142466
-8466.047657 24310.133911
-8462.220649 24318.118182
-8458.402991 24326.095278
-8454.594683 24334.065199
-8450.795725 24342.027944
-8447.006117 24349.983515
-8443.225859 24357.931911
-8439.454951 24365.873132
-8435.693393 24373.807177
-8431.941185 24381.734048
-8428.198327 24389.653744
-8424.464819 24397.566265
-8420.740661 24405.471611
-8417.025853 24413.369782
-8413.320395 24421.260777
-8409.624287 24429.144598
-8405.937529 24437.021244
-8402.260121 24444.890715
-8398.592063 24452.753011
-8394.933356 24460.608132
-8391.283998 24468.456078
-8387.643990 24476.296849
-8384.013332 24484.130444
-8380.392024 24491.956865
-8376.783704 24499.771311
-8373.187158 24507.575382
-8369.602388 24515.369078
-8366.029392 24523.152399
-8362.468172 24530.925345
-8358.918726 24538.687916
-8355.381056 24546.440112
-8351.855160 24554.181933
-8348.341040 24561.913379
-8344.838694 24569.634450
-8341.348124 24577.345146
-8337.869328 24585.045467
-8334.402308 24592.735413
-8330.947062 24600.414984
-8327.503591 24608.084180
-8324.071896 24615.743001
-8320.651975 24623.391447
-8317.243829 24631.029518
-8313.847458 24638.657214
-8310.462863 24646.274535
-8307.090042 24653.881481
-8303.728996 24661.478052
-8300.379725 24669.064248
-8297.042229 24676.640070
-8293.716508 24684.205516
-8290.402562 24691.760587
-8287.100392 24699.305283
-8283.809996 24706.839604
-8280.531375 24714.363550
-8277.264529 24721.877121
-8274.009458 24729.380317
-8270.766162 24736.873138
-8267.534641 24744.355585
-8264.314895 24751.827656
-8261.106924 24759.289352
-8257.910727 24766.740673
-8254.726306 24774.181619
-8251.553660 24781.612190
-8248.392789 24789.032387
-8245.243693 24796.442208
-8242.105472 24803.855229
-8238.978426 24811.266925
-8235.862554 24818.677296
-8232.757858 24826.086342
-8229.664337 24833.494064
-8226.581991 24840.900460
-8223.510820 24848.305531
-8220.450824 24855.709277
-8217.402003 24863.111698
-8214.364357 24870.512794
-8211.337885 24877.912565
-8208.322589 24885.311011
-8205.318468 24892.708132
-8202.325522 24900.103928
-8199.343751 24907.498399
-8196.373155 24914.891545
-8193.413734 24922.283366
-8190.465488 24929.673862
-8187.528417 24937.063033
-8184.602521 24944.450879
-8181.687800 24951.837400
-8178.784254 24959.222596
-8175.891883 24966.606467
-8173.010687 24973.989013
-8170.140666 24981.370234
-8167.281820 24988.750130
-8164.434149 24996.128701
-8161.597653 25003.505947
-8158.772332 25010.881867
-8155.958186 25018.256463
-8153.155215 25025.629734
-8150.363419 25033.001680
-8147.582798 25040.372301
-8144.813352 25047.741597
-8142.055081 25055.109567
-8139.307985 25062.476213
-8136.572064 25069.841534
-8133.847318 25077.205530
-8131.133748 25084.568200
-8128.431352 25091.929546
-8125.724531 25099.271942
-8123.018485 25106.601263
-8120.313214 25113.917509
-8117.608718 25121.220679
-8114.904998 25128.510775
-8112.202052 25135.787796
-8109.499881 25143.051742
-8106.798485 25150.302613
-8104.097865 25157.540409
-8101.398019 25164.765130
-8098.698948 25171.976776
-8096.000653 25179.175347
-8093.303132 25186.360844
-8090.606387 25193.533265
-8087.910416 25200.692611
-8085.215221 25207.838882
-8082.520800 25214.972078
-8079.827155 25222.092200
-8077.134284 25229.199246
-8074.442189 25236.293217
-8071.750869 25243.374114
-8069.060323 25250.441935
-8066.370553 25257.496681
-8063.681558 25264.538353
-8060.993337 25271.566949
-8058.305892 25278.582471
-8055.619222 25285.584917
-8052.933327 25292.574289
-8050.248206 25299.550585
-8047.563861 25306.513807
-8044.880291 25313.463954
-8042.197496 25320.401025
-8039.515476 25327.325022
-8036.834231 25334.235944
-8034.153761 25341.133790
-8031.474066 25348.018562
-8028.795146 25354.890259
-8026.117001 25361.748881
-8023.439631 25368.594428
-8020.763036 25375.426900
-8018.104166 25382.252559
-8015.457371 25389.069318
-8012.822651 25395.877178
-8010.200006 25402.676137
-8007.589436 25409.466197
-8004.990941 25416.247356
-8002.404522 25423.019616
-7999.830177 25429.782975
-7997.267907 25436.537435
-7994.717712 25443.282995
-7992.179592 25450.019654
-7989.653547 25456.747414
-7987.139577 25463.466274
-7984.637683 25470.176233
-7982.147863 25476.877293
-7979.670118 25483.569453
-7977.204448 25490.252712
-7974.750853 25496.927072
-7972.309334 25503.592532
-7969.879889 25510.249092
-7967.462519 25516.896752
-7965.057224 25523.535511
-7962.664004 25530.165371
-7960.282860 25536.786331
-7957.913790 25543.398391
-7955.556795 25550.001551
-7953.211875 25556.595811
-7950.879031 25563.181171
-7948.558261 25569.757631
-7946.249566 25576.325191
-7943.952947 25582.883851
-7941.668402 25589.433611
-7939.395932 25595.974471
-7937.135537 25602.506431
-7934.887218 25609.029491
-7932.650973 25615.543651
-7930.426803 25622.048911
-7928.214709 25628.545272
-7926.014689 25635.032732
-7923.826744 25641.511292
-7921.633887 25647.994265
-7919.441780 25654.477212
-7917.250423 25660.960135
-7915.059816 25667.443033
-7912.869959 25673.925905
-7910.680852 25680.408753
-7908.492495 25686.891575
-7906.304888 25693.374373
-7904.118031 25699.857145
-7901.931925 25706.339893
-7899.746568 25712.822615
-7897.561961 25719.305313
-7895.378104 25725.787985
-7893.194997 25732.270633
-7891.012641 25738.753255
-7888.831034 25745.235853
-7886.650177 25751.718425
-7884.470071 25758.200972
-7882.290714 25764.683495
-7880.112107 25771.165992
-7877.934251 25777.648464
-7875.757144 25784.130911
-7873.580788 25790.613334
-7871.405181 25797.095731
-7869.230325 25803.578103
-7867.056218 25810.060450
-7864.882862 25816.542773
-7862.710256 25823.025070
-7860.538399 25829.507342
-7858.367293 25835.989589
-7856.196937 25842.471811
-7854.027330 25848.954008
-7851.858474 25855.436180
-7849.690368 25861.918327
-7847.523012 25868.400449
-7845.356406 25874.882546
-7843.190550 25881.364618
-7841.025444 25887.846665
-7838.861087 25894.328687
-7836.697481 25900.810684
-7834.541413 25907.278706
-7832.390619 25913.737403
-7830.245101 25920.186775
-7828.104858 25926.626822
-7825.969889 25933.057544
-7823.840196 25939.478941
-7821.715777 25945.891013
-7819.596634 25952.293760
-7817.482766 25958.687182
-7815.374172 25965.071280
-7813.270854 25971.446052
-7811.172811 25977.811499
-7809.080043 25984.167621
-7806.992550 25990.514418
-7804.910331 25996.851890
-7802.833388 26003.180038
-7800.761720 26009.498860
-7798.695327 26015.808357
-7796.634209 26022.108529
-7794.578366 26028.399377
-7792.527798 26034.680899
-7790.482505 26040.953096
-7788.442487 26047.215969
-7786.407744 26053.469516
-7784.378276 26059.713738
-7782.354084 26065.948636
-7780.335166 26072.174208
-7778.321523 26078.390456
-7776.313155 26084.597378
-7774.310062 26090.794976
-7772.312245 26096.983248
-7770.319702 26103.162196
-7768.332434 26109.331818
-7766.350442 26115.492116
-7764.373724 26121.643088
-7762.402281 26127.784736
-7760.436114 26133.917058
-7758.475221 26140.040056
-7756.519604 26146.153729
-7754.569261 26152.258076
-7752.627944 26158.347136
-7750.694401 26164.422897
-7748.768634 26170.485357
-7746.850641 26176.534517
-7744.940424 26182.570377
-7743.037981 26188.592937
-7741.143314 26194.602197
-7739.256421 26200.598157
-7737.377304 26206.580818
-7735.505961 26212.550178
-7733.642394 26218.506238
-7731.786601 26224.448998
-7729.938584 26230.378458
-7728.098341 26236.294619
-7726.265874 26242.197479
-7724.441181 26248.087039
-7722.624264 26253.963299
-7720.815121 26259.826260
-7719.013754 26265.675920
-7717.220161 26271.512280
-7715.434344 26277.335340
-7713.656301 26283.145101
-7711.886034 26288.941561
-7710.123541 26294.724721
-7708.368824 26300.494581
-7706.621881 26306.251142
-7704.882714 26311.994402
-7703.151321 26317.724362
-7701.427704 26323.441023
-7699.711861 26329.144383
-7698.003794 26334.834443
-7696.303502 26340.511204
-7694.610984 26346.174664
-7692.926242 26351.824824
-7691.249274 26357.461685
-7689.580082 26363.085245
-7687.918664 26368.695505
-7686.265022 26374.292466
-7684.619154 26379.876126
-7682.981062 26385.446486
-7681.357007 26391.012172
-7679.744902 26396.570307
-7678.144747 26402.120893
-7676.556542 26407.663928
-7674.980287 26413.199414
-7673.415982 26418.727349
-7671.863626 26424.247735
-7670.323221 26429.760571
-7668.794766 26435.265856
-7667.278261 26440.763592
-7665.773706 26446.253778
-7664.281100 26451.736414
-7662.800445 26457.211500
-7661.331740 26462.679035
-7659.874985 26468.139021
-7658.430179 26473.591457
-7656.997324 26479.036343
-7655.576419 26484.473679
-7654.167463 26489.903465
-7652.770458 26495.325702
-7651.385402 26500.740388
-7650.012297 26506.147524
-7648.651142 26511.547110
-7647.301936 26516.939146
-7645.964681 26522.323633
-7644.639375 26527.700569
-7643.326019 26533.069955
-7642.024614 26538.431792
-7640.735158 26543.786078
-7639.457653 26549.132815
-7638.192097 26554.472001
-7636.938491 26559.803638
-7635.696836 26565.127724
-7634.467130 26570.444261
-7633.249374 26575.753247
-7632.043569 26581.054684
-7630.849713 26586.348571
-7629.667807 26591.634908
-7628.497851 26596.913694
-7627.339845 26602.184931
-7626.200465 26607.437855
-7625.077484 26612.676055
-7623.970903 26617.899529
-7622.880722 26623.108278
-7621.806941 26628.302302
-7620.749560 26633.481602
-7619.708579 26638.646176
-7618.683998 26643.796025
-7617.675818 26648.931149
-7616.684037 26654.051548
-7615.708656 26659.157223
-7614.749675 26664.248172
-7613.807094 26669.324396
-7612.880913 26674.385895
-7611.971132 26679.432669
-7611.077751 26684.464718
-7610.200770 26689.482042
-7609.340189 26694.484641
-7608.496007 26699.472515
-7607.668226 26704.445664
-7606.856845 26709.404088
-7606.061864 26714.347787
-7605.283283 26719.276761
-7604.521102 26724.191010
-7603.775321 26729.090534
-7603.045940 26733.975333
-7602.332958 26738.845407
-7601.636377 26743.700756
-7600.956196 26748.541380
-7600.292415 26753.367278
-7599.645034 26758.178452
-7599.014052 26762.974901
-7598.399471 26767.756625
-7597.801290 26772.523624
-7597.219509 26777.275898
-7596.654127 26782.013446
-7596.105146 26786.736270
-7595.572565 26791.444369
-7595.056383 26796.137743
-7594.556602 26800.816391
-7594.090733 26805.464003
-7593.652939 26810.086014
-7593.243221 26814.682425
-7592.861577 26819.253236
-7592.508008 26823.798448
-7592.182514 26828.318059
-7591.885095 26832.812071
-7591.615751 26837.280482
-7591.374482 26841.723293
-7591.161288 26846.140505
-7590.976170 26850.532116
-7590.819126 26854.898128
-7590.690157 26859.238539
-7590.589263 26863.553351
-7590.516444 26867.842562
-7590.471700 26872.106174
-7590.455031 26876.344185
-7590.466437 26880.556597
-7590.505918 26884.743409
-7590.573474 26888.904620
-7590.669105 26893.040232
-7590.792811 26897.150244
-7590.944592 26901.234656
-7591.124449 26905.293467
-7591.332380 26909.326679
-7591.568386 26913.334291
-7591.832467 26917.316303
-7592.124623 26921.272714
-7592.444854 26925.203526
-7592.793160 26929.108738
-7593.169541 26932.988350
-7593.573997 26936.842362
-7594.006528 26940.670774
-7594.467134 26944.473586
-7594.955815 26948.250798
-7595.472571 26952.002410
-7596.017402 26955.728422
-7596.590308 26959.428834
-7597.191288 26963.103646
-7597.820344 26966.752858
-7598.475563 26970.391920
-7599.157581 26974.015682
-7599.866400 26977.624144
-7600.602018 26981.217306
-7601.364437 26984.795168
-7602.153655 26988.357730
-7602.969673 26991.904992
-7603.812492 26995.436954
-7604.682110 26998.953616
-7605.578528 27002.454978
-7606.501747 27005.941040
-7607.451765 27009.411802
-7608.428584 27012.867264
-7609.432202 27016.307426
-7610.462620 27019.732287
-7611.519839 27023.141849
-7612.603857 27026.536111
-7613.714675 27029.915073
-7614.852293 27033.278735
-7616.016712 27036.627097
-7617.207930 27039.960158
-7618.425948 27043.277920
-7619.670767 27046.580382
-7620.942385 27049.867544
-7622.240803 27053.139405
-7623.566021 27056.395967
-7624.918040 27059.637229
-7626.296858 27062.863190
-7627.702476 27066.073852
-7629.134894 27069.269214
-7630.594112 27072.449275
-7632.080131 27075.614037
-7633.592949 27078.763499
-7635.132567 27081.897660
-7636.698985 27085.016522
-7638.292203 27088.120084
-7639.912221 27091.208345
-7641.559040 27094.281307
-7643.232658 27097.338968
-7644.933076 27100.381330
-7646.659094 27103.408691
-7648.411112 27106.420953
-7650.189130 27109.418115
-7651.993149 27112.400176
-7653.823167 27115.367138
-7655.679185 27118.318999
-7657.561203 27121.255761
-7659.469222 27124.177423
-7661.403240 27127.083984
-7663.363258 27129.975446
-7665.349277 27132.851808
-7667.361295 27135.713069
-7669.399314 27138.559231
-7671.463332 27141.390293
-7673.553351 27144.206255
-7675.669369 27147.007116
-7677.811388 27149.792878
-7679.979406 27152.563540
-7682.173425 27155.319102
-7684.393443 27158.059563
-7686.639462 27160.784925
-7688.911481 27163.495187
-7691.209499 27166.190349
-7693.533518 27168.870411
-7695.883537 27171.535373
-7698.259555 27174.185235
-7700.661574 27176.819996
-7703.089593 27179.439658
-7705.543612 27182.044220
-7708.023631 27184.633682
-7710.529649 27187.208044
-7713.061668 27189.767306
-7715.619687 27192.311468
-7718.203706 27194.840530
-7720.813725 27197.354492
-7723.449744 27199.853354
-7726.111763 27202.337116
-7728.799782 27204.805778
-7731.513801 27207.259340
-7734.253820 27209.697802
-7737.017214 27212.112089
-7739.804858 27214.505226
-7742.616752 27216.877213
-7745.452896 27219.228051
-7748.313290 27221.557738
-7751.197934 27223.866275
-7754.106828 27226.153662
-7757.039972 27228.419899
-7759.997365 27230.664986
-7762.979009 27232.888924
-7765.984903 27235.091711
-7769.015047 27237.273348
-7772.069440 27239.433835
-7775.148084 27241.573173
-7778.250978 27243.691360
-7781.378122 27245.788397
-7784.529515 27247.864284
-7787.705159 27249.919022
-7790.905053 27251.952609
-7794.129196 27253.965046
-7797.377590 27255.956334
-7800.650233 27257.926471
-7803.947127 27259.875459
-7807.268270 27261.803296
-7810.613664 27263.709983
-7813.983307 27265.595521
-7817.377201 27267.459908
-7820.795344 27269.303146
-7824.237738 27271.125233
-7827.704381 27272.926171
-7831.195274 27274.705958
-7834.710418 27276.464596
-7838.249811 27278.202083
-7841.813454 27279.918421
-7845.401347 27281.613608
-7849.013491 27283.287646
-7852.649884 27284.940534
-7856.310527 27286.572271
-7859.995420 27288.182859
-7863.704564 27289.772296
-7867.422619 27291.334846
-7871.154700 27292.872422
-7874.900805 27294.385022
-7878.660936 27295.872647
-7882.435092 27297.335296
-7886.223272 27298.772971
-7890.025478 27300.185671
-7893.841708 27301.573396
-7897.671964 27302.936146
-7901.516245 27304.273921
-7905.374550 27305.586721
-7909.246881 27306.874545
-7913.133236 27308.137395
-7917.033617 27309.375270
-7920.948022 27310.588169
-7924.876453 27311.776094
-7928.818908 27312.939044
-7932.775389 27314.077018
-7936.745894 27315.190018
-7940.730424 27316.278042
-7944.728980 27317.341091
-7948.741560 27318.379166
-7952.768166 27319.392265
-7956.808796 27320.380390
-7960.863451 27321.343539
-7964.932132 27322.281713
-7969.014837 27323.194913
-7973.111567 27324.083137
-7977.222323 27324.946386
-7981.347103 27325.784660
-7985.485908 27326.597959
-7989.638739 27327.386283
-7993.805594 27328.149632
-7997.986474 27328.888006
-8002.181379 27329.601405
-8006.390310 27330.289829
-8010.613265 27330.953278
-8014.850245 27331.591752
-8019.101250 27332.205251
-8023.366280 27332.793775
-8027.713398 27333.399211
-8032.119916 27334.007598
-8036.585834 27334.618934
-8041.111152 27335.233221
-8045.695869 27335.850457
-8050.339987 27336.470644
-8055.043505 27337.093780
-8059.806423 27337.719867
-8064.628741 27338.348903
-8069.510459 27338.980890
-8074.451578 27339.615827
-8079.452096 27340.253713
-8084.512014 27340.894550
-8089.631332 27341.538336
-8094.810050 27342.185073
-8100.048169 27342.834760
-8105.345687 27343.487397
-8110.702605 27344.142983
-8116.118924 27344.801520
-8121.594642 27345.463007
-8127.129761 27346.127444
-8132.724279 27346.794830
-8138.378198 27347.465167
-8144.091516 27348.138454
-8149.864235 27348.814691
-8155.696354 27349.493878
-8161.587872 27350.176015
-8167.538791 27350.861102
-8173.549110 27351.549139
-8179.618829 27352.240126
-8185.747948 27352.934063
-8191.936466 27353.630950
-8198.184385 27354.330787
-8204.491704 27355.033574
-8210.858423 27355.739311
-8217.284542 27356.447998
-8223.770061 27357.159635
-8230.314981 27357.874222
-8236.919300 27358.591759
-8243.583019 27359.312247
-8250.182088 27359.991921
-8256.757857 27360.645371
-8263.310326 27361.272595
-8269.839495 27361.873595
-8276.345365 27362.448370
-8282.827934 27362.996919
-8289.287203 27363.519244
-8295.723172 27364.015343
-8302.135841 27364.485218
-8308.525210 27364.928867
-8314.891279 27365.346292
-8321.234048 27365.737491
-8327.553517 27366.102466
-8333.849686 27366.441215
-8340.122555 27366.753740
-8346.372124 27367.040039
-8352.598392 27367.300113
-8358.801361 27367.533963
-8364.981030 27367.741587
-8371.137399 27367.922987
-8377.270468 27368.078161
-8383.380237 27368.207110
-8389.466706 27368.309835
-8395.529874 27368.386334
-8401.569743 27368.436608
-8407.586312 27368.460657
-8413.579581 27368.458482
-8419.549550 27368.430081
-8425.496218 27368.375455
-8431.419587 27368.294604
-8437.319656 27368.187528
-8443.196424 27368.054228
-8449.049893 27367.894702
-8454.880062 27367.708951
-8460.686930 27367.496975
-8466.470499 27367.258774
-8472.230768 27366.994348
-8477.967736 27366.703697
-8483.681405 27366.386821
-8489.371773 27366.043720
-8494.989942 27365.693407
-8500.552211 27365.329544
-8506.058579 27364.952130
-8511.509048 27364.561167
-8516.903616 27364.156653
-8522.242285 27363.738590
-8527.525053 27363.306977
-8532.751922 27362.861813
-8537.922890 27362.403100
-8543.037958 27361.930836
-8548.097127 27361.445023
-8553.100395 27360.945660
-8558.047764 27360.432746
-8562.939232 27359.906283
-8567.774800 27359.366270
-8572.554469 27358.812707
-8577.278237 27358.245593
-8581.946105 27357.664930
-8586.558074 27357.070717
-8591.114142 27356.462953
-8595.614310 27355.841640
-8600.058578 27355.206777
-8604.446947 27354.558364
-8608.779415 27353.896400
-8613.055983 27353.220887
-8617.276651 27352.531824
-8621.441420 27351.829211
-8625.550288 27351.113048
-8629.603256 27350.383334
-8633.600324 27349.640071
-8637.541492 27348.883258
-8641.426760 27348.112895
-8645.256128 27347.328982
-8649.029596 27346.531519
-8652.747164 27345.720506
-8656.408832 27344.895942
-8660.014600 27344.057829
-8663.564468 27343.206166
-8667.058436 27342.340953
-8670.496504 27341.462190
-8673.896860 27340.574789
-8677.253440 27339.677114
-8680.566246 27338.769163
-8683.835277 27337.850937
-8687.060532 27336.922437
-8690.242013 27335.983661
-8693.379718 27335.034610
-8696.473649 27334.075285
-8699.523804 27333.105684
-8702.530185 27332.125808
-8705.492790 27331.135658
-8708.411621 27330.135232
-8711.286677 27329.124531
-8714.117957 27328.103555
-8716.905463 27327.072304
-8719.649193 27326.030779
-8722.349149 27324.978978
-8725.005330 27323.916902
-8727.617735 27322.844551
-8730.186366 27321.761925
-8732.711222 27320.669024
-8735.192302 27319.565848
-8737.629608 27318.452398
-8740.023139 27317.328672
-8742.372894 27316.194671
-8744.678875 27315.050395
-8746.941081 27313.895844
-8749.159511 27312.731018
-8751.334167 27311.555917
-8753.465048 27310.370541
-8755.552154 27309.174890
-8757.595484 27307.968964
-8759.595040 27306.752763
-8761.550821 27305.526287
-8763.462827 27304.289536
-8765.331057 27303.042509
-8767.155513 27301.785208
-8768.936194 27300.517632
-8770.673100 27299.239781
-8772.366231 27297.951655
-8774.047536 27296.634166
-8775.706367 27295.293678
-8777.342723 27293.930189
-8778.956603 27292.543700
-8780.548009 27291.134212
-8782.116940 27289.701723
-8783.663395 27288.246234
-8785.187376 27286.767746
-8786.688881 27285.266257
-8788.167911 27283.741768
-8789.624467 27282.194280
-8791.058547 27280.623791
-8792.470152 27279.030302
-8793.859283 27277.413814
-8795.225938 27275.774325
-8796.570118 27274.111836
-8797.891823 27272.426348
-8799.191053 27270.717859
-8800.467808 27268.986370
-8801.722088 27267.231882
-8802.953893 27265.454393
-8804.163223 27263.653904
-8805.350078 27261.830416
-8806.514458 27259.983927
-8807.656363 27258.114438
-8808.775793 27256.221950
-8809.872748 27254.306461
-8810.947227 27252.367972
-8811.999232 27250.406484
-8813.028762 27248.421995
-8814.035816 27246.414506
-8815.020396 27244.384017
-8815.982500 27242.330529
-8816.922130 27240.254040
-8817.839284 27238.154551
-8818.733964 27236.032063
-8819.606168 27233.886574
-8820.455897 27231.718085
-8821.283152 27229.526597
-8822.087931 27227.312108
-8822.912123 27225.102294
-8823.741765 27222.887930
-8824.576856 27220.669017
-8825.417398 27218.445553
-8826.263390 27216.217540
-8827.114832 27213.984976
-8827.971723 27211.747862
-8828.834065 27209.506199
-8829.701857 27207.259985
-8830.575098 27205.009222
-8831.453790 27202.753908
-8832.337932 27200.494045
-8833.227523 27198.229631
-8834.122565 27195.960668
-8835.023056 27193.687155
-8835.928998 27191.409091
-8836.840390 27189.126478
-8837.757231 27186.839315
-8838.679523 27184.547601
-8839.607264 27182.251338
-8840.540456 27179.950525
-8841.479097 27177.645161
-8842.423189 27175.335248
-8843.372730 27173.020785
-8844.327722 27170.701772
-8845.288163 27168.378208
-8846.254055 27166.050095
-8847.225396 27163.717432
-8848.202188 27161.380219
-8849.184429 27159.038456
-8850.172120 27156.692143
-8851.165262 27154.341280
-8852.163853 27151.985867
-8853.167895 27149.625904
-8854.177386 27147.261391
-8855.192327 27144.892328
-8856.212719 27142.518715
-8857.238560 27140.140552
-8858.269851 27137.757839
-8859.306593 27135.370576
-8860.295759 27132.977188
-8861.255025 27130.578200
-8862.184392 27128.173612
-8863.083858 27125.763425
-8863.953425 27123.347637
-8864.793091 27120.926249
-8865.602858 27118.499261
-8866.382724 27116.066674
-8867.132691 27113.628486
-8867.852758 27111.184699
-8868.542924 27108.735311
-8869.203191 27106.280324
-8869.833558 27103.819736
-8870.434024 27101.353549
-8871.004591 27098.881761
-8871.545258 27096.404374
-8872.056025 27093.921386
-8872.536892 27091.432799
-8872.987859 27088.938612
-8873.408926 27086.438825
-8873.800092 27083.933437
-8874.161359 27081.422450
-8874.492727 27078.905863
-8874.794194 27076.383676
-8875.065761 27073.855889
-8875.307428 27071.322502
-8875.519195 27068.783515
-8875.701062 27066.238928
-8875.853029 27063.688741
-8875.975097 27061.132954
-8876.067264 27058.571567
-8876.129531 27056.004580
-8876.161898 27053.431993
-8876.164366 27050.853806
-8876.136933 27048.270019
-8876.079601 27045.680633
-8875.992368 27043.085646
-8875.875235 27040.485059
-8875.728203 27037.878873
-8875.551271 27035.267086
-8875.364238 27032.645724
-8875.160506 27030.016113
-8874.940073 27027.378251
-8874.702941 27024.732139
-8874.449108 27022.077777
-8874.178576 27019.415166
-8873.891344 27016.744304
-8873.587411 27014.065192
-8873.266779 27011.377830
-8872.929446 27008.682219
-8872.575414 27005.978357
-8872.204682 27003.266245
-8871.817249 27000.545883
-8871.413117 26997.817271
-8870.992285 26995.080410
-8870.554753 26992.335298
-8870.100520 26989.581936
-8869.629588 26986.820324
-8869.141956 26984.050462
-8868.637624 26981.272350
-8868.116591 26978.485988
-8867.578859 26975.691376
-8867.024427 26972.888514
-8866.453295 26970.077402
-8865.865463 26967.258040
-8865.260930 26964.430428
-8864.639698 26961.594566
-8864.001766 26958.750454
-8863.347134 26955.898092
-8862.675802 26953.037480
-8861.987770 26950.168618
-8861.283038 26947.291506
-8860.561606 26944.406144
-8859.823473 26941.512532
-8859.068641 26938.610670
-8858.297109 26935.700558
-8857.508877 26932.782196
-8856.703945 26929.855583
-8855.882313 26926.920721
-8855.043981 26923.977609
-8854.207399 26921.013159
-8853.366417 26918.031735
-8852.521035 26915.033335
-8851.671253 26912.017960
-8850.817071 26908.985611
-8849.958489 26905.936286
-8849.095507 26902.869986
-8848.228125 26899.786712
-8847.356343 26896.686462
-8846.480161 26893.569237
-8845.599579 26890.435038
-8844.714597 26887.283863
-8843.825215 26884.115713
-8842.931433 26880.930589
-8842.033251 26877.728489
-8841.130669 26874.509414
-8840.223687 26871.273365
-8839.312305 26868.020340
-8838.396523 26864.750340
-8837.476341 26861.463366
-8836.551759 26858.159416
-8835.622777 26854.838491
-8834.689395 26851.500592
-8833.751613 26848.145717
-8832.809431 26844.773867
-8831.862849 26841.385043
-8830.911867 26837.979243
-8829.956485 26834.556468
-8828.996703 26831.116719
-8828.032521 26827.659994
-8827.063939 26824.186294
-8826.090957 26820.695620
-8825.113575 26817.187970
-8824.131793 26813.663345
-8823.145611 26810.121746
-8822.155029 26806.563171
-8821.160047 26802.987621
-8820.160665 26799.395096
-8819.156883 26795.785597
-8818.148701 26792.159122
-8817.150481 26788.528647
-8816.157437 26784.889848
-8815.169567 26781.242723
-8814.186873 26777.587273
-8813.209353 26773.923498
-8812.237009 26770.251399
-8811.269839 26766.570974
-8810.307845 26762.882224
-8809.351026 26759.185149
-8808.399381 26755.479750
-8807.452912 26751.766025
-8806.511617 26748.043975
-8805.575498 26744.313600
-8804.644554 26740.574900
-8803.718784 26736.827875
-8802.798190 26733.072526
-8801.882771 26729.308851
-8800.972526 26725.536851
-8800.067457 26721.756526
-8799.167563 26717.967876
-8798.272843 26714.170901
-8797.383299 26710.365601
-8796.498930 26706.551976
-8795.619735 26702.730026
-8794.745716 26698.899751
-8793.876872 26695.061151
-8793.013203 26691.214226
-8792.154708 26687.358976
-8791.301389 26683.495401
-8790.453245 26679.623501
-8789.610276 26675.743276
-8788.772481 26671.854726
-8787.939862 26667.957851
-8787.112418 26664.052651
-8786.290149 26660.139126
-8785.473055 26656.217276
-8784.661136 26652.287101
-8783.854391 26648.348601
-8783.052822 26644.401776
-8782.256428 26640.446626
-8781.446421 26636.469651
-8780.629065 26632.475351
-8779.804358 26628.463726
-8778.972301 26624.434776
-8778.132895 26620.388501
-8777.286138 26616.324901
-8776.432031 26612.243976
-8775.570575 26608.145726
-8774.701768 26604.030151
-8773.825611 26599.897251
-8772.942104 26595.747026
-8772.051247 26591.579476
-8771.153041 26587.394601
-8770.247484 26583.192401
-8769.334577 26578.972876
-8768.414320 26574.736026
-8767.486713 26570.481852
-8766.551756 26566.210352
-8765.609450 26561.921527
-8764.659793 26557.615377
-8763.702786 26553.291902
-8762.738429 26548.951103
-8761.766722 26544.592978
-8760.787665 26540.217528
-8759.801258 26535.824753
-8758.807501 26531.414654
-8757.806394 26526.987229
-8756.797937 26522.542479
-8755.782130 26518.080405
-8754.758973 26513.601005
-8753.728466 26509.104281
-8752.690609 26504.590231
-8751.645402 26500.058856
-8750.592845 26495.510157
-8749.532938 26490.944132
-8748.465681 26486.360783
-8747.391073 26481.760108
-8746.309116 26477.142109
-8745.219809 26472.506784
-8744.123152 26467.854135
-8742.948832 26463.178348
-8741.720288 26458.481361
-8740.437518 26453.763174
-8739.100523 26449.023787
-8737.709304 26444.263200
-8736.263859 26439.481413
-8734.764189 26434.678427
-8733.210295 26429.854240
-8731.602175 26425.008853
-8729.939830 26420.142266
-8728.223261 26415.254479
-8726.452466 26410.345492
-8724.627446 26405.415306
-8722.748201 26400.463919
-8720.814732 26395.491332
-8718.827037 26390.497545
-8716.785117 26385.482559
-8714.688973 26380.446372
-8712.538603 26375.388985
-8710.334008 26370.310398
-8708.075188 26365.210612
-8705.762144 26360.089625
-8703.394874 26354.947439
-8700.973379 26349.784052
-8698.497659 26344.599465
-8695.967714 26339.393679
-8693.383545 26334.166692
-8690.745150 26328.918505
-8688.052530 26323.649119
-8685.305685 26318.358532
-8682.504615 26313.046746
-8679.649321 26307.713759
-8676.739801 26302.359573
-8673.776056 26296.984186
-8670.758086 26291.587600
-8667.685891 26286.169813
-8664.559471 26280.730827
-8661.378827 26275.270640
-8658.143957 26269.789254
-8654.854862 26264.286668
-8651.474567 26258.762431
-8648.015397 26253.216695
-8644.477352 26247.649458
-8640.860433 26242.060722
-8637.164638 26236.450485
-8633.389968 26230.818749
-8629.536423 26225.165513
-8625.604004 26219.490776
-8621.592709 26213.794540
-8617.502539 26208.076803
-8613.333494 26202.337567
-8609.085575 26196.576831
-8604.758780 26190.794594
-8600.353110 26184.990858
-8595.868565 26179.165621
-8591.305146 26173.318885
-8586.662851 26167.450649
-8581.941681 26161.560912
-8577.141637 26155.649676
-8572.262717 26149.716939
-8567.304922 26143.762703
-8562.268253 26137.786967
-8557.152708 26131.789730
-8551.958289 26125.770994
-8546.684994 26119.730757
-8541.332824 26113.669021
-8535.901780 26107.585785
-8530.391860 26101.481048
-8524.803066 26095.354812
-8519.135396 26089.207075
-8513.388851 26083.037839
-8507.563432 26076.847103
-8501.659137 26070.634866
-8495.675968 26064.401130
-8489.613923 26058.145893
-8483.473004 26051.869157
-8477.253209 26045.570921
-8470.954540 26039.251184
-8464.576995 26032.909948
-8458.120576 26026.547212
-8451.635307 26020.190838
-8445.104512 26013.831539
-8438.528193 26007.469315
-8431.906348 26001.104166
-8425.238979 25994.736092
-8418.526084 25988.365093
-8411.767665 25981.991169
-8404.963720 25975.614320
-8398.114250 25969.234546
-8391.219256 25962.851847
-8384.278736 25956.466223
-8377.292692 25950.077674
-8370.261122 25943.686200
-8363.184028 25937.291801
-8356.061408 25930.894477
-8348.893264 25924.494228
-8341.679594 25918.091054
-8334.420399 25911.684955
-8327.115680 25905.275931
-8319.765435 25898.863982
-8312.369666 25892.449108
-8304.928371 25886.031309
-8297.441551 25879.610585
-8289.909207 25873.186936
-8282.331337 25866.760362
-8274.707942 25860.330863
-8267.039023 25853.898438
-8259.324578 25847.463089
-8251.564608 25841.024815
-8243.759114 25834.583616
-8235.908094 25828.139492
-8228.011549 25821.692443
-8220.069480 25815.242469
-8212.081885 25808.789569
-8204.048765 25802.333745
-8195.970120 25795.874996
-8187.845951 25789.413322
-8179.676256 25782.948723
-8171.461036 25776.481198
-8163.200292 25770.010749
-8154.862859 25763.539363
-8146.459127 25757.066376
-8137.989095 25750.591789
-8129.452763 25744.115603
-8120.850131 25737.637816
-8112.181198 25731.158430
-8103.445966 25724.677444
-8094.644434 25718.194857
-8085.776602 25711.710671
-8076.842470 25705.224885
-8067.842038 25698.737499
-8058.775305 25692.248513
-8049.642273 25685.757927
-8040.442941 25679.265740
-8031.177309 25672.771954
-8021.845377 25666.276569
-8012.447145 25659.779583
-8002.982613 25653.280997
-7993.451781 25646.780811
-7983.854649 25640.279025
-7974.191217 25633.775640
-7964.461485 25627.270654
-7954.665453 25620.764068
-7944.803121 25614.255883
-7934.874489 25607.746097
-7924.879557 25601.234712
-7914.818325 25594.721726
-7904.690793 25588.207141
-7894.496961 25581.690956
-7884.236829 25575.173170
-7873.910397 25568.653785
-7863.517665 25562.132800
-7853.058633 25555.610215
-7842.533302 25549.086030
-7831.941670 25542.560245
-7821.283738 25536.032860
-7810.559506 25529.503875
-7799.768974 25522.973290
-7788.912142 25516.441105
-7777.989010 25509.907320
-7767.003666 25503.343023
-7755.954747 25496.757851
-7744.842252 25490.151803
-7733.666183 25483.524881
-7722.426539 25476.877084
-7711.123320 25470.208412
-7699.756525 25463.518865
-7688.326156 25456.808443
-7676.832212 25450.077146
-7665.274693 25443.324973
-7653.653599 25436.551926
-7641.968930 25429.758004
-7630.220685 25422.943207
-7618.408866 25416.107535
-7606.533472 25409.250988
-7594.594503 25402.373566
-7582.591959 25395.475269
-7570.525840 25388.556098
-7558.396146 25381.616051
-7546.202877 25374.655129
-7533.946033 25367.673332
-7521.625614 25360.670660
-7509.241620 25353.647113
-7496.794051 25346.602692
-7484.282907 25339.537395
-7471.708188 25332.451223
-7459.069894 25325.344177
-7446.368025 25318.216255
-7433.602582 25311.067458
-7420.773563 25303.897787
-7407.880969 25296.707240
-7394.924800 25289.495818
-7381.905056 25282.263522
-7368.821737 25275.010350
-7355.674844 25267.736304
-7342.464375 25260.441382
-7329.190331 25253.125586
-7315.852712 25245.788914
-7302.451519 25238.431368
-7288.986750 25231.052947
-7275.510906 25223.672963
-7262.006487 25216.284979
-7248.473494 25208.888995
-7234.911925 25201.485011
-7221.321781 25194.073027
-7207.703063 25186.653043
-7194.055769 25179.225060
-7180.379901 25171.789076
-7166.675457 25164.345092
-7152.942438 25156.893108
-7139.180845 25149.433125
-7125.390676 25141.965141
-7111.571933 25134.489157
-7097.724614 25127.005173
-7083.848721 25119.513190
-7069.944252 25112.013206
-7056.011209 25104.505222
-7042.049591 25096.989239
-7028.059397 25089.465255
-7014.040629 25081.933271
-6999.993285 25074.393288
-6985.917367 25066.845304
-6971.812874 25059.289321
-6957.679805 25051.725337
-6943.518162 25044.153353
-6929.327944 25036.573370
-6915.109150 25028.985386
-6900.861782 25021.389403
-6886.585839 25013.785419
-6872.281321 25006.173436
-6857.948227 24998.553452
-6843.586559 24990.925469
-6829.196316 24983.289485
-6814.777498 24975.645502
-6800.330105 24967.993519
-6785.854136 24960.333535
-6771.349593 24952.665552
-6756.816475 24944.989568
-6742.254782 24937.305585
-6727.664514 24929.613602
-6713.031758 24921.909718
-6698.361153 24914.195235
-6683.652697 24906.470152
-6668.906392 24898.734469
-6654.122236 24890.988186
-6639.300231 24883.231302
-6624.440375 24875.463819
-6609.542670 24867.685736
-6594.607115 24859.897053
-6579.633709 24852.097770
-6564.622454 24844.287887
-6549.573349 24836.467404
-6534.486393 24828.636322
-6519.361588 24820.794639
-6504.198933 24812.942356
-6488.998427 24805.079473
-6473.760072 24797.205990
-6458.483867 24789.321908
-6443.169812 24781.427225
-6427.817907 24773.521942
-6412.428152 24765.606060
-6397.000547 24757.679577
-6381.535091 24749.742495
-6366.031786 24741.794812
-6350.490631 24733.836530
-6334.911626 24725.867648
-6319.294771 24717.888165
-6303.640066 24709.898083
-6287.947511 24701.897401
-6272.217107 24693.886118
-6256.448852 24685.864236
-6240.642747 24677.831754
-6224.798792 24669.788672
-6208.916987 24661.734990
-6192.997332 24653.670708
-6177.039827 24645.595826
-6161.044473 24637.510344
-6145.011268 24629.414262
-6128.940213 24621.307580
-6112.831309 24613.190298
-6096.709941 24605.077041
-6080.567649 24596.962934
-6064.404432 24588.847977
-6048.220290 24580.732171
-6032.015222 24572.615514
-6015.789230 24564.498007
-5999.542313 24556.379650
-5983.274470 24548.260443
-5966.985703 24540.140387
-5950.676011 24532.019480
-5934.345393 24523.897723
-5917.993851 24515.775116
-5901.621384 24507.651660
-5885.227991 24499.527353
-5868.813674 24491.402196
-5852.378432 24483.276190
-5835.922264 24475.149333
-5819.445172 24467.021627
-5802.947154 24458.893070
-5786.428212 24450.763663
-5769.888344 24442.633407
-5753.327552 24434.502300
-5736.745834 24426.370344
-5720.143192 24418.237537
-5703.519624 24410.103881
-5686.875132 24401.969374
-5670.209714 24393.834018
-5653.523372 24385.697811
-5636.816104 24377.560755
-5620.087912 24369.422848
-5603.338794 24361.284092
-5586.568752 24353.144486
-5569.777784 24345.004029
-5552.965891 24336.862723
-5536.133074 24328.720566
-5519.279331 24320.577560
-5502.404664 24312.433704
-5485.509071 24304.288998
-5468.592553 24296.143441
-5451.655111 24287.997035
-5434.685605 24279.836654
-5417.687750 24271.666672
-5400.661545 24263.487091
-5383.606990 24255.297910
-5366.524085 24247.099129
-5349.412829 24238.890747
-5332.273224 24230.672766
-5315.105269 24222.445185
-5297.908964 24214.208003
-5280.684308 24205.961222
-5263.431303 24197.704841
-5246.149948 24189.438860
-5228.840242 24181.163278
-5211.502187 24172.878097
-5194.135782 24164.583316
-5176.741026 24156.278935
-5159.317921 24147.964953
-5141.866466 24139.641372
-5124.386660 24131.308191
-5106.878505 24122.965410
-5089.342000 24114.613028
-5071.777144 24106.251047
-5054.183939 24097.879466
-5036.562383 24089.498285
-5018.912478 24081.107503
-5001.234222 24072.707122
-4983.527617 24064.297141
-4965.792661 24055.877560
-4948.029356 24047.448378
-4930.237700 24039.009597
-4912.417695 24030.561216
-4894.569339 24022.103235
-4876.692634 24013.635653
-4858.787578 24005.158472
-4840.854173 23996.671691
-4822.892417 23988.175310
-4804.902312 23979.669329
-4786.883856 23971.153747
-4768.837051 23962.628566
-4750.761895 23954.093785
-4732.667014 23945.547566
-4714.549534 23936.990522
-4696.409453 23928.422654
-4678.246773 23919.843960
-4660.061492 23911.254442
-4641.853611 23902.654098
-4623.623130 23894.042929
-4605.370050 23885.420936
-4587.094369 23876.788117
-4568.796088 23868.144474
-4550.475208 23859.490005
-4532.131727 23850.824712
-4513.765646 23842.148594
-4495.376965 23833.461650
-4476.965684 23824.763882
-4458.531804 23816.055288
-4440.075323 23807.335870
-4421.596242 23798.605627
-4403.094561 23789.864558
-4384.570280 23781.112665
-4366.023399 23772.349947
-4347.453918 23763.576404
-4328.861838 23754.792035
-4310.247157 23745.996842
-4291.609876 23737.190824
-4272.949995 23728.373981
-4254.267514 23719.546313
-4235.562433 23710.707820
-4216.834752 23701.858502
-4198.084471 23692.998358
-4179.311590 23684.127390
-4160.516109 23675.245597
-4141.698028 23666.352979
-4122.857347 23657.449536
-4103.994066 23648.535268
-4085.108184 23639.610176
-4066.199703 23630.674258
-4047.268622 23621.727515
-4028.314941 23612.769947
-4009.338660 23603.801554
-3990.335729 23594.819261
-3971.307498 23585.824093
-3952.253966 23576.816051
-3933.175135 23567.795133
-3914.071004 23558.761340
-3894.941573 23549.714673
-3875.786842 23540.655130
-3856.606810 23531.582713
-3837.401479 23522.497420
-3818.170848 23513.399253
-3798.914917 23504.288210
-3779.633685 23495.164293
-3760.327154 23486.027501
-3740.995323 23476.877833
-3721.638191 23467.715291
-3702.255760 23458.539874
-3682.848029 23449.351582
-3663.414997 23440.150415
-3643.956666 23430.936372
-3624.473035 23421.709455
-3604.964103 23412.469663
-3585.429872 23403.216996
-3565.870341 23393.951454
-3546.285509 23384.673038
-3526.675378 23375.381746
-3507.039946 23366.077579
-3487.379215 23356.760537
-3467.693183 23347.430620
-3447.981852 23338.087829
-3428.245220 23328.732162
-3408.483289 23319.363620
-3388.696057 23309.982204
-3368.883526 23300.587912
-3349.045694 23291.180746
-3329.182563 23281.760704
-3309.294131 23272.327788
-3289.380400 23262.881996
-3269.441368 23253.423330
-3249.477037 23243.951789
-3229.487405 23234.467372
-3209.475286 23224.970606
-3189.439742 23215.461315
-3169.380773 23205.939499
-3149.298379 23196.405157
-3129.192560 23186.858291
-3109.063316 23177.298900
-3088.910646 23167.726984
-3068.734552 23158.142542
-3048.535033 23148.545576
-3028.312089 23138.936085
-3008.065720 23129.314069
-2987.795926 23119.679528
-2967.502707 23110.032461
-2947.186062 23100.372870
-2926.845993 23090.700754
-2906.482499 23081.016113
-2886.095580 23071.318947
-2865.685236 23061.609256
-2845.251467 23051.887039
-2824.794272 23042.152298
-2804.313653 23032.405032
-2783.809609 23022.645241
-2763.282140 23012.872925
-2742.731246 23003.088084
-2722.156926 22993.290718
-2701.559182 22983.480827
-2680.938013 22973.658411
-2660.293419 22963.823469
-2639.625399 22953.976003
-2618.933955 22944.116012
-2598.219086 22934.243496
-2577.480792 22924.358455
-2556.719072 22914.460889
-2535.933928 22904.550798
-2515.125359 22894.628182
-2494.293365 22884.693041
-2473.437945 22874.745375
-2452.559101 22864.785184
-2431.656832 22854.812468
-2410.731137 22844.827227
-2389.787718 22834.829499
-2368.824674 22824.819270
-2347.842005 22814.796542
-2326.839710 22804.761313
-2305.817791 22794.713585
-2284.776247 22784.653356
-2263.715078 22774.580628
-2242.634283 22764.495399
-2221.533864 22754.397671
-2200.413820 22744.287443
-2179.274151 22734.164714
-2158.114857 22724.029486
-2136.935938 22713.881757
-2115.737393 22703.721529
-2094.519224 22693.548800
-2073.281430 22683.363572
-2052.024011 22673.165844
-2030.746967 22662.955615
-2009.450298 22652.732887
-1988.134004 22642.497658
-1966.798085 22632.249930
-1945.442541 22621.989702
-1924.067372 22611.716973
-1902.672578 22601.431745
-1881.258159 22591.134017
-1859.824115 22580.823788
-1838.370446 22570.501060
-1816.897152 22560.165831
-1795.404233 22549.818103
-1773.891689 22539.457875
-1752.359520 22529.085146
-1730.807726 22518.699918
-1709.236307 22508.302190
-1687.645263 22497.891961
-1666.034594 22487.469233
-1644.404300 22477.034005
-1622.754381 22466.586276
-1601.084837 22456.126048
-1579.395668 22445.653320
-1557.686874 22435.168092
-1535.962956 22424.668901
-1514.222412 22414.156235
-1492.465243 22403.630094
-1470.691449 22393.090479
-1448.901031 22382.537388
-1427.093987 22371.970822
-1405.270319 22361.390782
-1383.430025 22350.797266
-1361.573107 22340.190275
-1339.699563 22329.569810
-1317.809395 22318.935869
-1295.902602 22308.288454
-1273.979183 22297.627563
-1252.039140 22286.953198
-1230.082472 22276.265357
-1208.109179 22265.564042
-1186.119260 22254.849251
-1164.112717 22244.120986
-1142.089549 22233.379245
-1120.049756 22222.624030
-1097.993338 22211.855340
-1075.920295 22201.073174
-1053.830628 22190.277534
-1031.724335 22179.468419
-1009.601417 22168.645829
-987.461874 22157.809763
-965.305707 22146.960223
-943.132914 22136.097208
-920.943496 22125.220718
-898.737454 22114.330753
-876.514786 22103.427313
-854.275494 22092.510397
-832.019576 22081.580007
-809.747034 22070.636142
-787.457866 22059.678802
-765.152074 22048.707987
-742.829657 22037.723697
-720.490615 22026.725932
-698.134947 22015.714692
-675.762655 22004.689977
-653.370851 21993.649125
-630.960496 21982.593022
-608.531591 21971.521670
-586.084137 21960.435068
-563.618132 21949.333215
-541.133577 21938.216113
-518.630473 21927.083760
-496.108818 21915.936158
-473.568614 21904.773305
-451.009859 21893.595203
-428.432554 21882.401851
-405.836700 21871.193248
-383.222295 21859.969396
-360.589341 21848.730293
-337.937836 21837.475941
-315.267782 21826.206339
-292.579177 21814.921486
-269.872022 21803.621384
-247.146318 21792.306031
-224.402063 21780.975429
-201.639259 21769.629577
-178.857904 21758.268474
-156.058000 21746.892122
-133.239545 21735.500519
-110.402541 21724.093667
-87.546986 21712.671565
-64.672882 21701.234212
-41.780227 21689.781610
-18.869023 21678.313758
4.060732 21666.830655
27.009036 21655.332303
49.975891 21643.818700
72.961295 21632.289848
95.965250 21620.745746
118.987754 21609.186393
142.028808 21597.611791
165.088413 21586.021939
188.166567 21574.416836
211.263272 21562.796484
234.378526 21551.160882
257.520768 21539.503317
280.687185 21527.826027
303.877777 21516.129012
327.092543 21504.412272
350.331485 21492.675807
373.594602 21480.919618
396.881894 21469.143703
420.193360 21457.348063
443.529002 21445.532698
466.888819 21433.697608
490.272810 21421.842793
513.680977 21409.968253
537.113319 21398.073989
560.569835 21386.159999
584.050527 21374.226284
607.555393 21362.272844
631.084435 21350.299679
654.637651 21338.306789
678.215043 21326.294174
701.816609 21314.261834
725.442351 21302.209769
749.092267 21290.137980
772.766358 21278.046465
796.464625 21265.935225
820.187066 21253.804260
843.933682 21241.653570
867.704474 21229.483155
891.499440 21217.293015
915.318581 21205.083150
939.161897 21192.853560
963.029389 21180.604245
986.921055 21168.335205
1010.836896 21156.046441
1034.776912 21143.737951
1058.741103 21131.409736
1082.729469 21119.061796
1106.742010 21106.694131
1130.778726 21094.306741
1154.839617 21081.899626
1178.924683 21069.472786
1203.029949 21057.027459
1227.156740 21044.563231
1251.305056 21032.080104
1275.474897 21019.578076
1299.666263 21007.057149
1323.879154 20994.517321
1348.113570 20981.958594
1372.369511 20969.380967
1396.646977 20956.784439
1420.945968 20944.169012
1445.266484 20931.534684
1469.608525 20918.881457
1493.972090 20906.209329
1518.357181 20893.518302
1542.763797 20880.808375
1567.191938 20868.079547
1591.641604 20855.331820
1616.112795 20842.565192
1640.605511 20829.779665
1665.119751 20816.975237
1689.655517 20804.151910
1714.212808 20791.309683
1738.791624 20778.448555
1763.391965 20765.568528
1788.013830 20752.669600
1812.657221 20739.751773
1837.322137 20726.815045
1862.008578 20713.859418
1886.716544 20700.884891
1911.446034 20687.891463
1936.197050 20674.879136
1960.969591 20661.847908
1985.763657 20648.797781
2010.579247 20635.728754
2035.416363 20622.640826
2060.275004 20609.533999
2085.155169 20596.408271
2110.056860 20583.263644
2134.980076 20570.100116
2159.924816 20556.917689
