-0.051637 0.078075
-0.137700 0.208200
-0.258187 0.390375
-0.413100 0.624601
-0.602437 0.910876
-0.826200 1.249201
-1.084387 1.639576
-1.377000 2.082002
-1.704037 2.576478
-2.065499 3.123003
-2.461387 3.721579
-2.891699 4.372204
-3.356436 5.074880
-3.855599 5.829606
-4.389186 6.636382
-4.957199 7.495207
-5.559636 8.406083
-6.196498 9.369009
-6.867786 10.383986
-7.573498 11.451012
-8.313636 12.570087
-9.088199 13.741214
-9.897186 14.964390
-10.740599 16.239616
-11.618436 17.566893
-12.530699 18.946218
-13.477386 20.377594
-14.458499 21.861019
-15.474036 23.396496
-16.523998 24.984022
-17.608385 26.623598
-18.727198 28.315224
-19.880436 30.058899
-21.068098 31.854626
-22.290186 33.702400
-23.546700 35.602226
-24.837637 37.554104
-26.163000 39.558029
-27.522787 41.614006
-28.917000 43.722031
-30.344662 45.841305
-31.806099 47.985432
-33.301311 50.154408
-34.830299 52.348232
-36.393063 54.566906
-37.989601 56.810432
-39.619915 59.078808
-41.284004 61.372032
-42.981865 63.690105
-44.713501 66.033028
-46.478912 68.400803
-48.278099 70.793427
-50.111061 73.210899
-51.977798 75.653221
-53.878311 78.120392
-55.812599 80.612419
-57.780663 83.129295
-59.782501 85.671021
-61.818115 88.237595
-63.887505 90.829018
-65.990669 93.445290
-68.127609 96.086411
-70.298325 98.752380
-72.502815 101.443207
-74.741081 104.158882
-77.013123 106.899406
-79.318939 109.664780
-81.658524 112.455002
-84.031883 115.270073
-86.439018 118.109993
-88.879929 120.974762
-91.354614 123.864388
-93.863075 126.778862
-96.405312 129.718185
-98.981323 132.682358
-101.591110 135.671387
-104.234673 138.685257
-106.912010 141.723984
-109.623123 144.787552
-112.368011 147.875977
-115.142998 150.971283
-117.949310 154.079468
-120.786949 157.200531
-123.655914 160.334473
-126.556206 163.481277
-129.487823 166.640961
-132.450760 169.813522
-135.445023 172.998962
-138.470612 176.197266
-141.527527 179.408447
-144.615768 182.632507
-147.735336 185.869446
-150.886230 189.119263
-154.068436 192.381943
-157.281967 195.657501
-160.526825 198.945938
-163.803009 202.247253
-167.110519 205.561432
-170.449356 208.888489
-173.819519 212.228424
-177.221008 215.581238
-180.653824 218.946930
-184.117966 222.325485
-187.613434 225.716919
-191.140213 229.121231
-194.698318 232.538422
-198.287750 235.968475
-201.908508 239.411407
-205.560593 242.867218
-209.244003 246.335907
-212.958740 249.817474
-216.704803 253.311905
-220.482193 256.819214
-224.290909 260.339386
-228.130951 263.872437
-232.002304 267.418365
-235.904984 270.977173
-239.838989 274.548859
-243.804321 278.133423
-247.800980 281.730865
-251.816330 285.302429
-255.854584 288.861053
-259.915741 292.406738
-263.999786 295.939453
-268.106720 299.459229
-272.236572 302.966064
-276.389313 306.459930
-280.564972 309.940857
-284.763519 313.408844
-288.984955 316.863861
-293.229309 320.305939
-297.496552 323.735077
-301.786713 327.151245
-306.099762 330.554474
-310.435699 333.944763
-314.794556 337.322083
-319.176300 340.686462
-323.580933 344.037903
-328.008484 347.376373
-332.458923 350.701904
-336.932281 354.014465
-341.428528 357.314087
-345.947662 360.600769
-350.489716 363.874481
-355.054657 367.135254
-359.642517 370.383087
-364.253265 373.617950
-368.886902 376.839874
-373.543457 380.048859
-378.222900 383.244873
-382.925262 386.427948
-387.650513 389.598083
-392.398651 392.755249
-397.169708 395.899475
-401.963654 399.030762
-406.780518 402.149078
-411.620270 405.254456
-416.482910 408.346893
-421.368469 411.426361
-426.276917 414.492889
-431.192780 417.561462
-436.121216 420.627075
-441.062225 423.689758
-446.015808 426.749481
-450.981964 429.806244
-455.960693 432.860077
-460.951996 435.910950
-465.955872 438.958862
-470.972351 442.003845
-476.001404 445.045868
-481.043030 448.084930
-486.097229 451.121063
-491.164001 454.154236
-496.243347 457.184448
-501.335266 460.211731
-506.439758 463.236053
-511.556824 466.257446
-516.686462 469.275879
-521.828674 472.291351
-526.983459 475.303894
-532.150818 478.313477
-537.330750 481.320099
-542.523254 484.323792
-547.728333 487.324524
-552.945984 490.322296
-558.176208 493.317139
-563.419006 496.309021
-568.674377 499.297943
-573.942322 502.283936
-579.222839 505.266968
-584.515930 508.247040
-589.821594 511.224182
-595.139893 514.198364
-600.470764 517.169617
-605.814209 520.137878
-611.170227 523.103210
-616.538818 526.065613
-621.919983 529.025024
-627.313721 531.981506
-632.720032 534.935059
-638.128662 537.869934
-643.543030 540.791382
-648.963135 543.699402
-654.389038 546.593994
-659.820679 549.475159
-665.258057 552.342896
-670.701172 555.197205
-676.150024 558.038086
-681.604675 560.865540
-687.065063 563.679565
-692.531189 566.480164
-698.003052 569.267334
-703.480713 572.041077
-708.964111 574.801392
-714.453247 577.548279
-719.948120 580.281738
-725.448730 583.001831
-730.955139 585.708496
-736.467285 588.401733
-741.985168 591.081543
-747.508789 593.747925
-753.038147 596.400879
-758.573303 599.040405
-764.114197 601.666504
-769.660828 604.279175
-775.213196 606.878418
-780.771362 609.464233
-786.335266 612.036621
-791.904907 614.595581
-797.480286 617.141113
-803.061401 619.673218
-808.648315 622.191895
-814.240967 624.697144
-819.839355 627.188965
-825.443481 629.667358
-831.053345 632.132324
-836.669006 634.583862
-842.290405 637.021973
-847.917542 639.446655
-853.550415 641.857971
-859.167542 644.250793
-864.776123 646.626770
-870.376099 648.985962
-875.967529 651.328369
-881.550354 653.653992
-887.124634 655.962769
-892.690308 658.254761
-898.247437 660.529968
-903.795959 662.788391
-909.335938 665.029968
-914.867310 667.254761
-920.390137 669.462769
-925.904358 671.653992
-931.410034 673.828369
-936.907166 675.985962
-942.395691 678.126770
-947.875671 680.250793
-953.347046 682.357971
-958.809875 684.448364
-964.264099 686.521973
-969.709778 688.578796
-975.146851 690.618774
-980.575378 692.641968
-985.995300 694.648376
-991.406677 696.638000
-996.809448 698.610779
-1002.203674 700.566772
-1007.589294 702.505981
-1012.966370 704.428406
-1018.334839 706.333984
-1023.694763 708.222778
-1029.046143 710.094788
-1034.388916 711.950012
-1039.723145 713.788391
-1045.048706 715.609985
-1050.365723 717.414795
-1055.674194 719.202820
-1060.974121 720.973999
-1066.265381 722.728394
-1071.548096 724.466003
-1076.837402 726.212097
-1082.128174 727.958252
-1087.420410 729.704407
-1092.714233 731.450623
-1098.009521 733.196899
-1103.306274 734.943237
-1108.604492 736.689636
-1113.904297 738.436035
-1119.205566 740.182495
-1124.508301 741.929016
-1129.812622 743.675598
-1135.118408 745.422241
-1140.425659 747.168945
-1145.734375 748.915649
-1151.044678 750.662415
-1156.356445 752.409241
-1161.669678 754.156128
-1166.984497 755.903076
-1172.300781 757.650024
-1177.618530 759.397034
-1182.937744 761.144104
-1188.258545 762.891235
-1193.580811 764.638428
-1198.904541 766.385681
-1204.229858 768.132935
-1209.556641 769.880249
-1214.884888 771.627625
-1220.214600 773.375061
-1225.545898 775.122559
-1230.878662 776.870056
-1236.212891 778.617615
-1241.548706 780.365234
-1246.885986 782.112915
-1252.224731 783.860657
-1257.564941 785.608459
-1262.906738 787.356262
-1268.250000 789.104126
-1273.594727 790.852051
-1278.941040 792.600037
-1284.288818 794.348083
-1289.630493 796.103333
-1294.968750 797.863464
-1300.303467 799.628418
-1305.634644 801.398254
-1310.962280 803.172913
-1316.286377 804.952454
-1321.606934 806.736816
-1326.923950 808.526062
-1332.237427 810.320129
-1337.547485 812.119080
-1342.854004 813.922852
-1348.156982 815.731506
-1353.456421 817.544983
-1358.752319 819.363281
-1364.044678 821.186462
-1369.333496 823.014465
-1374.618774 824.847351
-1379.900635 826.685059
-1385.178955 828.527649
-1390.453735 830.375061
-1395.724976 832.227356
-1400.992676 834.084473
-1406.256836 835.946472
-1411.517456 837.813293
-1416.774536 839.684998
-1422.028198 841.561523
-1427.278320 843.442871
-1432.524902 845.329102
-1437.767944 847.220154
-1443.007446 849.116089
-1448.243408 851.016846
-1453.475830 852.922485
-1458.704712 854.832947
-1463.930176 856.748291
-1469.152100 858.668457
-1474.370483 860.593506
-1479.585327 862.523376
-1484.796631 864.458130
-1490.004395 866.397705
-1495.208618 868.342102
-1500.399292 870.257874
-1505.579712 872.156128
-1510.750000 874.036865
-1515.910034 875.900085
-1521.059814 877.745850
-1526.199341 879.574097
-1531.328735 881.384827
-1536.447876 883.178101
-1541.556763 884.953857
-1546.655396 886.712097
-1551.743896 888.452820
-1556.822144 890.176086
-1561.890137 891.881836
-1566.947876 893.570068
-1571.995361 895.240845
-1577.032715 896.894104
-1582.059814 898.529846
-1587.076660 900.148071
-1592.083252 901.748840
-1597.079712 903.332092
-1602.065918 904.897827
-1607.041870 906.446106
-1612.007568 907.976868
-1616.963135 909.490112
-1621.908447 910.985840
-1626.843506 912.464111
-1631.768311 913.924866
-1636.682983 915.368103
-1641.587402 916.793823
-1646.481567 918.202087
-1651.365479 919.592834
-1656.239258 920.966064
-1661.102783 922.321838
-1665.956055 923.660095
-1670.799072 924.980835
-1675.631836 926.284058
-1680.454468 927.569824
-1685.266846 928.838074
-1690.068970 930.088806
-1694.860840 931.322083
-1699.672729 932.592407
-1704.494629 933.881653
-1709.326416 935.189819
-1714.168091 936.516846
-1719.019653 937.862793
-1723.881226 939.227661
-1728.752686 940.611389
-1733.634033 942.014038
-1738.525391 943.435608
-1743.426636 944.876038
-1748.337769 946.335388
-1753.258911 947.813660
-1758.189941 949.310791
-1763.130859 950.826843
-1768.081787 952.361816
-1773.042603 953.915649
-1778.013306 955.488403
-1782.993896 957.080078
-1787.984497 958.690613
-1792.984985 960.320068
-1797.995361 961.968445
-1803.015747 963.635681
-1808.046021 965.321838
-1813.086182 967.026917
-1818.136353 968.750854
-1823.196411 970.493713
-1828.266357 972.255432
-1833.346313 974.036072
-1838.436157 975.835632
-1843.535889 977.654053
-1848.645508 979.491394
-1853.765137 981.347656
-1858.894653 983.222778
-1864.034058 985.116821
-1869.183472 987.029785
-1874.342773 988.961609
-1879.511963 990.912354
-1884.691162 992.882019
-1889.880249 994.870544
-1895.079224 996.877991
-1900.292969 998.921448
-1905.519775 1000.995178
-1910.759766 1003.099243
-1916.012817 1005.233582
-1921.279053 1007.398254
-1926.558350 1009.593201
-1931.850830 1011.818481
-1937.156372 1014.074036
-1942.475098 1016.359863
-1947.806885 1018.676025
-1953.151855 1021.022461
-1958.510010 1023.399231
-1963.881226 1025.806274
-1969.265625 1028.243652
-1974.663086 1030.711304
-1980.073730 1033.209229
-1985.497437 1035.737427
-1990.934326 1038.296021
-1996.384277 1040.884888
-2001.847412 1043.504028
-2007.323608 1046.153442
-2012.812988 1048.833252
-2018.315430 1051.543335
-2023.831055 1054.283691
-2029.359741 1057.054321
-2034.901611 1059.855225
-2040.456543 1062.686523
-2046.024658 1065.548096
-2051.605957 1068.439941
-2057.200195 1071.362061
-2062.807617 1074.314453
-2068.428223 1077.297241
-2074.062012 1080.310303
-2079.708740 1083.353638
-2085.368652 1086.427246
-2091.041748 1089.531250
-2096.728027 1092.665527
-2102.427490 1095.830078
-2108.139893 1099.024902
-2113.865479 1102.250000
-2119.572754 1105.416626
-2125.272217 1108.554321
-2130.963867 1111.663086
-2136.647705 1114.742920
-2142.323730 1117.793823
-2147.991943 1120.815796
-2153.652588 1123.808838
-2159.305420 1126.772949
-2164.950439 1129.708130
-2170.587646 1132.614380
-2176.217041 1135.491699
-2181.838623 1138.340088
-2187.452393 1141.159546
-2193.058350 1143.950195
-2198.656494 1146.711914
-2204.246826 1149.444702
-2209.829346 1152.148560
-2215.404053 1154.823486
-2220.970947 1157.469482
-2226.530029 1160.086548
-2232.081299 1162.674683
-2237.624756 1165.233887
-2243.160400 1167.764160
-2248.688232 1170.265503
-2254.208252 1172.737915
-2259.720459 1175.181396
-2265.225098 1177.595947
-2270.721924 1179.981567
-2276.210938 1182.338257
-2281.692139 1184.666016
-2287.165527 1186.964844
-2292.631104 1189.234741
-2298.088867 1191.475708
-2303.538818 1193.687744
-2308.980957 1195.870972
-2314.415283 1198.025269
-2319.841797 1200.150635
-2325.260498 1202.247070
-2330.671387 1204.314575
-2336.074463 1206.353149
-2341.478516 1208.421875
-2346.880615 1210.501099
-2352.280762 1212.590820
-2357.678955 1214.691040
-2363.075195 1216.801758
-2368.469482 1218.922974
-2373.861816 1221.054688
-2379.252197 1223.196899
-2384.640625 1225.349609
-2390.027100 1227.512817
-2395.411621 1229.686523
-2400.794189 1231.870728
-2406.174805 1234.065430
-2411.553467 1236.270630
-2416.930176 1238.486328
-2422.304932 1240.712524
-2427.677734 1242.949341
-2433.048584 1245.196655
-2438.417480 1247.454468
-2443.784424 1249.722778
-2449.149414 1252.001587
-2454.512451 1254.290894
-2459.873535 1256.590698
-2465.232910 1258.901001
-2470.590332 1261.221802
-2475.945801 1263.553101
-2481.299316 1265.894897
-2486.650879 1268.247192
-2492.000488 1270.609985
-2497.348145 1272.983276
-2502.693848 1275.367065
-2508.037598 1277.761353
-2513.379395 1280.166138
-2518.719238 1282.581421
-2524.057129 1285.007202
-2529.393066 1287.443481
-2534.727051 1289.890259
-2540.059082 1292.347534
-2545.389160 1294.815308
-2550.717285 1297.293579
-2556.057861 1299.779297
-2561.406006 1302.273438
-2566.761719 1304.776001
-2572.125244 1307.286987
-2577.496338 1309.806519
-2582.875000 1312.334473
-2588.261475 1314.870850
-2593.655518 1317.415649
-2599.057129 1319.968872
-2604.466553 1322.530640
-2609.883545 1325.100830
-2615.308105 1327.679443
-2620.740479 1330.266479
-2626.180420 1332.862061
-2631.627930 1335.466064
-2637.083252 1338.078491
-2642.546143 1340.699341
-2648.016602 1343.328613
-2653.494873 1345.966431
-2658.980713 1348.612671
-2664.474121 1351.267334
-2669.975342 1353.930420
-2675.484131 1356.602051
-2681.000488 1359.282104
-2686.524658 1361.970581
-2692.056396 1364.667480
-2697.595703 1367.372803
-2703.142822 1370.086670
-2708.697510 1372.808960
-2714.259766 1375.539673
-2719.829834 1378.278809
-2725.407471 1381.026489
-2730.992676 1383.782593
-2736.585693 1386.547119
-2742.186279 1389.320068
-2747.794434 1392.101440
-2753.410400 1394.891357
-2759.033936 1397.689697
-2764.665039 1400.496460
-2770.303955 1403.311646
-2775.930420 1406.139771
-2781.551025 1408.979370
-2787.165771 1411.830322
-2792.774902 1414.692749
-2798.378174 1417.566650
-2803.975586 1420.451904
-2809.567383 1423.348633
-2815.153320 1426.256714
-2820.733398 1429.176270
-2826.307861 1432.107178
-2831.876465 1435.049561
-2837.439209 1438.003418
-2842.996338 1440.968628
-2848.547607 1443.945312
-2854.093018 1446.933350
-2859.632812 1449.932861
-2865.166748 1452.943848
-2870.694824 1455.966187
-2876.217285 1459.000000
-2881.733887 1462.045166
-2887.244873 1465.101807
-2892.750000 1468.169922
-2898.249268 1471.249390
-2903.742920 1474.340332
-2909.230713 1477.442627
-2914.712646 1480.556396
-2920.188965 1483.681641
-2925.659424 1486.818237
-2931.124023 1489.966309
-2936.583008 1493.125732
-2942.036133 1496.296631
-2947.483398 1499.479004
-2952.925049 1502.672729
-2958.360840 1505.877930
-2963.790771 1509.094482
-2969.215088 1512.322510
-2974.633545 1515.562012
-2980.046143 1518.812866
-2985.453125 1522.075195
-2990.854248 1525.348877
-2996.256348 1528.622314
-3001.656982 1531.899414
-3007.056396 1535.180054
-3012.454346 1538.464355
-3017.850830 1541.752319
-3023.246094 1545.043945
-3028.639893 1548.339111
-3034.032471 1551.637939
-3039.423584 1554.940430
-3044.813477 1558.246460
-3050.201904 1561.556152
-3055.589111 1564.869507
-3060.974854 1568.186401
-3066.359375 1571.506958
-3071.742432 1574.831177
-3077.124268 1578.158936
-3082.504639 1581.490356
-3087.883789 1584.825439
-3093.261475 1588.164185
-3098.637939 1591.506470
-3104.012939 1594.852417
-3109.386719 1598.202026
-3114.759033 1601.555176
-3120.129883 1604.911987
-3125.499512 1608.272461
-3130.867676 1611.636475
-3136.234619 1615.004150
-3141.600098 1618.375488
-3146.964355 1621.750488
-3152.327148 1625.129028
-3157.688721 1628.511230
-3163.048828 1631.897095
-3168.407715 1635.286499
-3173.765137 1638.679565
-3179.121338 1642.076294
-3184.476074 1645.476562
-3189.829590 1648.880493
-3195.181641 1652.288086
-3200.532471 1655.699219
-3205.881836 1659.114014
-3211.243408 1662.524658
-3216.612549 1665.933838
-3221.989258 1669.341431
-3227.373779 1672.747437
-3232.765869 1676.151855
-3238.165527 1679.554810
-3243.572998 1682.956177
-3248.988037 1686.355957
-3254.410645 1689.754272
-3259.841064 1693.151001
-3265.279053 1696.546143
-3270.724609 1699.939819
-3276.177979 1703.331909
-3281.638916 1706.722412
-3287.107422 1710.111450
-3292.583740 1713.498901
-3298.067627 1716.884766
-3303.559082 1720.269043
-3309.058350 1723.651855
-3314.565186 1727.033081
-3320.079590 1730.412720
-3325.601807 1733.790894
-3331.131592 1737.167480
-3336.668945 1740.542480
-3342.214111 1743.916016
-3347.766846 1747.287964
-3353.327148 1750.658325
-3358.895264 1754.027100
-3364.470947 1757.394409
-3370.054199 1760.760132
-3375.645264 1764.124268
-3381.243896 1767.486938
-3386.850098 1770.848022
-3392.464111 1774.207520
-3398.085693 1777.565552
-3403.714844 1780.921997
-3409.351807 1784.276855
-3414.996338 1787.630127
-3420.648438 1790.981934
-3426.308350 1794.332153
-3431.951172 1797.660034
-3437.585205 1800.972412
-3443.210449 1804.269287
-3448.826904 1807.550781
-3454.434570 1810.816772
-3460.033447 1814.067383
-3465.623779 1817.302490
-3471.205322 1820.522217
-3476.778076 1823.726440
-3482.342041 1826.915161
-3487.897217 1830.088501
-3493.443604 1833.246338
-3498.981201 1836.388794
-3504.510010 1839.515747
-3510.030029 1842.627319
-3515.541260 1845.723389
-3521.043701 1848.804077
-3526.537354 1851.869263
-3532.022217 1854.918945
-3537.498291 1857.953247
-3542.965576 1860.972046
-3548.424072 1863.975464
-3553.873779 1866.963379
-3559.314697 1869.935913
-3564.747070 1872.892944
-3570.170654 1875.834473
-3575.585449 1878.760620
-3580.991455 1881.671265
-3586.388672 1884.566528
-3591.777100 1887.446289
-3597.156738 1890.310669
-3602.527588 1893.159546
-3607.889648 1895.992920
-3613.242920 1898.810913
-3618.587402 1901.613403
-3623.923096 1904.400513
-3629.250000 1907.172119
-3634.568115 1909.928345
-3639.877441 1912.669067
-3645.177979 1915.394287
-3650.486328 1918.125488
-3655.796631 1920.855469
-3661.109131 1923.584229
-3666.423828 1926.311890
-3671.740723 1929.038330
-3677.059814 1931.763550
-3682.380859 1934.487549
-3687.704102 1937.210327
-3693.029541 1939.931885
-3698.357178 1942.652344
-3703.687012 1945.371582
-3709.018799 1948.089600
-3714.352783 1950.806396
-3719.688965 1953.521973
-3725.027344 1956.236328
-3730.367920 1958.949585
-3735.710449 1961.661621
-3741.055176 1964.372437
-3746.402100 1967.082031
-3751.751221 1969.790405
-3757.102539 1972.497559
-3762.456055 1975.203613
-3767.811523 1977.908447
-3773.169189 1980.612061
-3778.529053 1983.314453
-3783.891113 1986.015625
-3789.255371 1988.715576
-3794.621582 1991.414429
-3799.989990 1994.112061
-3805.360596 1996.808472
-3810.733398 1999.503662
-3816.108398 2002.197632
-3821.485352 2004.890381
-3826.864502 2007.582031
-3832.245850 2010.272461
-3837.629395 2012.961670
-3843.015137 2015.649658
-3848.402832 2018.336426
-3853.792725 2021.021973
-3859.184814 2023.706421
-3864.554688 2026.374146
-3869.910156 2029.030396
-3875.251465 2031.675049
-3880.578613 2034.308228
-3885.891602 2036.929810
-3891.190430 2039.539917
-3896.475098 2042.138428
-3901.745605 2044.725464
-3907.001953 2047.301025
-3912.244141 2049.864990
-3917.472168 2052.417480
-3922.686035 2054.958496
-3927.885742 2057.488037
-3933.071289 2060.005859
-3938.242676 2062.512207
-3943.399902 2065.007080
-3948.542969 2067.490479
-3953.671875 2069.962158
-3958.786377 2072.422363
-3963.886719 2074.871094
-3968.972900 2077.308350
-3974.044922 2079.734131
-3979.102783 2082.148193
-3984.146484 2084.550781
-3989.176025 2086.941895
-3994.191406 2089.321533
-3999.192627 2091.689697
-4004.179688 2094.046143
-4009.152588 2096.391113
-4014.111328 2098.724609
-4019.055908 2101.046631
-4023.986328 2103.357178
-4028.902588 2105.656006
-4033.804688 2107.943359
-4038.692383 2110.219238
-4043.565918 2112.483643
-4048.425293 2114.736572
-4053.270508 2116.977783
-4058.101562 2119.207520
-4062.918457 2121.425781
-4067.735352 2123.639893
-4072.547363 2125.847656
-4077.354492 2128.048828
-4082.156738 2130.243408
-4086.954346 2132.431641
-4091.747070 2134.613281
-4096.534668 2136.788330
-4101.317871 2138.956787
-4106.096191 2141.118896
-4110.869629 2143.274414
-4115.638184 2145.423340
-4120.401855 2147.565674
-4125.160645 2149.701660
-4129.914551 2151.831055
-4134.663574 2153.953857
-4139.408203 2156.070312
-4144.147949 2158.180176
-4148.882812 2160.283447
-4153.612793 2162.380127
-4158.337891 2164.470459
-4163.058105 2166.554199
-4167.773438 2168.631348
-4172.483887 2170.701904
-4177.189453 2172.766113
-4181.890625 2174.823730
-4186.586914 2176.874756
-4191.278320 2178.919434
-4195.964844 2180.957520
-4200.646484 2182.989014
-4205.323242 2185.013916
-4209.995117 2187.032471
-4214.662109 2189.044434
-4219.324707 2191.049805
-4223.982422 2193.048584
-4228.635254 2195.041016
-4233.283203 2197.026855
-4237.926270 2199.006104
-4242.564453 2200.979004
-4247.197754 2202.945312
-4251.826172 2204.905029
-4256.470703 2206.865234
-4261.124023 2208.823730
-4265.786133 2210.780273
-4270.457520 2212.735107
-4275.137695 2214.687988
-4279.826660 2216.639160
-4284.524902 2218.588379
-4289.231934 2220.535889
-4293.947754 2222.481445
-4298.672852 2224.425293
-4303.406738 2226.367432
-4308.149414 2228.307617
-4312.901367 2230.246094
-4317.662109 2232.182617
-4322.431641 2234.117432
-4327.210449 2236.050293
-4331.998047 2237.981445
-4336.794434 2239.910645
-4341.600098 2241.838135
-4346.414551 2243.763672
-4351.237793 2245.687500
-4356.070312 2247.609375
-4360.911621 2249.529541
-4365.761719 2251.447754
-4370.621094 2253.364258
-4375.489258 2255.278809
-4380.366211 2257.191650
-4385.252441 2259.102539
-4390.147461 2261.011719
-4395.051270 2262.918945
-4399.964355 2264.824463
-4404.886230 2266.728271
-4409.816895 2268.630127
-4414.756836 2270.530273
-4419.705566 2272.428467
-4424.663086 2274.324951
-4429.629883 2276.219482
-4434.605469 2278.112305
-4439.589844 2280.003174
-4444.583496 2281.892334
-4449.577637 2283.788330
-4454.575195 2285.688477
-4459.576172 2287.592773
-4464.580566 2289.500977
-4469.588379 2291.413330
-4474.599609 2293.329590
-4479.614258 2295.250000
-4484.632324 2297.174316
-4489.653809 2299.102783
-4494.678711 2301.035400
-4499.707031 2302.971924
-4504.738770 2304.912598
-4509.773926 2306.857178
-4514.812012 2308.805908
-4519.853516 2310.758789
-4524.898438 2312.715576
-4529.946777 2314.676514
-4534.998535 2316.641357
-4540.053711 2318.610352
-4545.112305 2320.583496
-4550.174316 2322.560547
-4555.239746 2324.541748
-4560.308594 2326.526855
-4565.380859 2328.516113
-4570.456543 2330.509277
-4575.535645 2332.506592
-4580.618164 2334.508057
-4585.704102 2336.513428
-4590.793457 2338.522949
-4595.886230 2340.536377
-4600.982422 2342.553955
-4606.082031 2344.575684
-4611.185059 2346.601318
-4616.291504 2348.631104
-4621.401367 2350.664795
-4626.514648 2352.702637
-4631.631348 2354.744629
-4636.751465 2356.790527
-4641.875000 2358.840576
-4647.001953 2360.894531
-4652.145508 2362.930908
-4657.301270 2364.956787
-4662.469238 2366.972168
-4667.649414 2368.977051
-4672.841797 2370.971436
-4678.046387 2372.955322
-4683.263672 2374.928711
-4688.493164 2376.891602
-4693.734863 2378.843994
-4698.988770 2380.786133
-4704.254883 2382.717773
-4709.533203 2384.638916
-4714.823730 2386.549561
-4720.126953 2388.449707
-4725.442383 2390.339355
-4730.770020 2392.218506
-4736.109863 2394.087158
-4741.461914 2395.945312
-4746.826172 2397.792969
-4752.202637 2399.630127
-4757.591797 2401.457031
-4762.993164 2403.273438
-4768.406738 2405.079346
-4773.832520 2406.874756
-4779.270508 2408.659668
-4784.720703 2410.434082
-4790.183105 2412.197998
-4795.658203 2413.951416
-4801.145508 2415.694336
-4806.645020 2417.426758
-4812.156738 2419.148926
-4817.680664 2420.860596
-4823.216797 2422.561768
-4828.765137 2424.252441
-4834.325684 2425.932617
-4839.898926 2427.602295
-4845.484375 2429.261475
-4851.082031 2430.910156
-4856.691895 2432.548340
-4862.313965 2434.176025
-4867.959961 2435.806396
-4873.625977 2437.435059
-4879.312012 2439.062012
-4885.018555 2440.687256
-4890.745117 2442.310547
-4896.491699 2443.932129
-4902.258301 2445.552002
-4908.044922 2447.170166
-4913.851562 2448.786621
-4919.678223 2450.401367
-4925.524902 2452.014160
-4931.392090 2453.625244
-4937.279297 2455.234619
-4943.186523 2456.842285
-4949.113770 2458.448242
-4955.061035 2460.052490
-4961.028320 2461.654785
-4967.015625 2463.255371
-4973.022949 2464.854248
-4979.050293 2466.451416
-4985.098145 2468.046875
-4991.166016 2469.640625
-4997.253906 2471.232422
-5003.361816 2472.822510
-5009.489746 2474.410889
-5015.637695 2475.997559
-5021.805664 2477.582520
-5027.993652 2479.165771
-5034.201660 2480.747070
-5040.430176 2482.326660
-5046.678711 2483.904541
-5052.947266 2485.480713
-5059.235840 2487.055176
-5065.544434 2488.627930
-5071.873047 2490.198730
-5078.221680 2491.767822
-5084.590332 2493.335205
-5090.979004 2494.900879
-5097.388184 2496.464844
-5103.817383 2498.027100
-5110.256836 2499.588867
-5116.709473 2501.149658
-5123.175781 2502.709717
-5129.655762 2504.268799
-5136.148926 2505.827148
-5142.655762 2507.384521
-5149.176270 2508.941162
-5155.710449 2510.496826
-5162.257812 2512.051758
-5168.818848 2513.605957
-5175.393555 2515.159180
-5181.981445 2516.711670
-5188.583008 2518.263184
-5195.198242 2519.813965
-5201.826660 2521.363770
-5208.468750 2522.912842
-5215.124512 2524.460938
-5221.793945 2526.008301
-5228.476562 2527.554688
-5235.172852 2529.100342
-5241.882812 2530.645020
-5248.605957 2532.188965
-5255.342773 2533.731934
-5262.093262 2535.274170
-5268.856934 2536.815430
-5275.634277 2538.355957
-5282.425293 2539.895508
-5289.229980 2541.434326
-5296.047852 2542.972168
-5302.879395 2544.509277
-5309.724609 2546.045410
-5316.583008 2547.580811
-5323.455078 2549.115234
-5330.340820 2550.648926
-5337.239746 2552.181641
-5344.152344 2553.713623
-5351.078613 2555.244873
-5358.018555 2556.775146
-5364.971680 2558.304688
-5371.938477 2559.833252
-5378.884766 2561.330078
-5385.822266 2562.805420
-5392.750488 2564.259521
-5399.669434 2565.692139
-5406.579590 2567.103271
-5413.480469 2568.492920
-5420.372070 2569.861328
-5427.254883 2571.208252
-5434.128418 2572.533691
-5440.992676 2573.837646
-5447.848145 2575.120361
-5454.694336 2576.381592
-5461.531250 2577.621338
-5468.359375 2578.839600
-5475.178223 2580.036621
-5481.988281 2581.212158
-5488.789062 2582.366211
-5495.580566 2583.498779
-5502.363281 2584.610107
-5509.136719 2585.699951
-5515.900879 2586.768311
-5522.656250 2587.815186
-5529.402344 2588.840820
-5536.139160 2589.844971
-5542.867188 2590.827637
-5549.585938 2591.788818
-5556.295898 2592.728760
-5562.996582 2593.647217
-5569.687988 2594.544189
-5576.370605 2595.419678
-5583.043945 2596.273682
-5589.708008 2597.106445
-5596.363281 2597.917725
-5603.009277 2598.707520
-5609.645996 2599.475830
-5616.273926 2600.222900
-5622.892578 2600.948486
-5629.502441 2601.652588
-5636.103027 2602.335205
-5642.694336 2602.996582
-5649.268066 2603.653809
-5655.827148 2604.301270
-5662.371582 2604.938965
-5668.901367 2605.566895
-5675.416504 2606.185059
-5681.916992 2606.793457
-5688.402832 2607.392090
-5694.874023 2607.980713
-5701.330566 2608.559570
-5707.772461 2609.128662
-5714.199219 2609.687988
-5720.611328 2610.237549
-5727.008789 2610.777344
-5733.391602 2611.307373
-5739.759766 2611.827393
-5746.113281 2612.337646
-5752.452148 2612.838135
-5758.776367 2613.328857
-5765.085938 2613.809814
-5771.380371 2614.281006
-5777.660156 2614.742432
-5783.925293 2615.193848
-5790.175781 2615.635498
-5796.411621 2616.067383
-5802.632812 2616.489502
-5808.839355 2616.901855
-5815.031250 2617.304443
-5821.208496 2617.697266
-5827.371094 2618.080078
-5833.518555 2618.453125
-5839.651367 2618.816406
-5845.769531 2619.169922
-5851.873047 2619.513672
-5857.961914 2619.847656
-5864.036133 2620.171875
-5870.095703 2620.486084
-5876.140625 2620.790527
-5882.170898 2621.085205
-5888.186035 2621.370117
-5894.186523 2621.645264
-5900.194336 2621.928955
-5906.202148 2622.214844
-5912.209961 2622.503174
-5918.217285 2622.793945
-5924.224609 2623.086914
-5930.231934 2623.382324
-5936.239258 2623.680176
-5942.246582 2623.980469
-5948.253418 2624.282959
-5954.260254 2624.587891
-5960.267090 2624.895264
-5966.273926 2625.205078
-5972.280762 2625.517090
-5978.287109 2625.831543
-5984.293457 2626.148438
-5990.299805 2626.467529
-5996.306152 2626.789062
-6002.312500 2627.113037
-6008.318359 2627.439453
-6014.324219 2627.768066
-6020.330078 2628.099121
-6026.335938 2628.432617
-6032.341797 2628.768555
-6038.347168 2629.106689
-6044.352539 2629.447266
-6050.357910 2629.790283
-6056.363281 2630.135498
-6062.368652 2630.483154
-6068.373535 2630.833252
-6074.378418 2631.185791
-6080.383301 2631.540527
-6086.388184 2631.897705
-6092.393066 2632.257324
-6098.397461 2632.619385
-6104.401855 2632.983643
-6110.406250 2633.350342
-6116.410645 2633.719482
-6122.415039 2634.090820
-6128.418945 2634.464600
-6134.422852 2634.840820
-6140.432617 2635.207031
-6146.446289 2635.567383
-6152.463867 2635.921631
-6158.485352 2636.270020
-6164.510742 2636.612549
-6170.540039 2636.949219
-6176.573242 2637.280029
-6182.610352 2637.604980
-6188.651367 2637.923828
-6194.696289 2638.236816
-6200.744629 2638.543945
-6206.796875 2638.845215
-6212.853027 2639.140625
-6218.913086 2639.430176
-6224.977051 2639.713623
-6231.044922 2639.991211
-6237.116699 2640.262939
-6243.192383 2640.528809
-6249.271973 2640.788818
-6255.355469 2641.042969
-6261.442871 2641.291016
-6267.534180 2641.533203
-6273.629395 2641.769531
-6279.728516 2642.000000
-6285.831543 2642.224609
-6291.937988 2642.443359
-6298.048340 2642.656006
-6304.162598 2642.862793
-6310.280762 2643.063721
-6316.402832 2643.258789
-6322.528809 2643.447998
-6328.658691 2643.631348
-6334.792480 2643.808594
-6340.930176 2643.979980
-6347.071777 2644.145508
-6353.217285 2644.305176
-6359.366699 2644.458984
-6365.520020 2644.606934
-6371.677246 2644.748779
-6377.838379 2644.884766
-6384.007324 2645.049072
-6390.183105 2645.230225
-6396.365723 2645.428467
-6402.554688 2645.643555
-6408.750488 2645.875488
-6414.953125 2646.124268
-6421.162598 2646.390137
-6427.378418 2646.672852
-6433.601074 2646.972412
-6439.830566 2647.288818
-6446.066406 2647.622070
-6452.309082 2647.972412
-6458.558594 2648.339600
-6464.814941 2648.723633
-6471.077637 2649.124512
-6477.347168 2649.542480
-6483.623535 2649.977295
-6489.906250 2650.428955
-6496.195801 2650.897461
-6502.492188 2651.382812
-6508.795410 2651.885254
-6515.104980 2652.404541
-6521.421387 2652.940674
-6527.744629 2653.493652
-6534.074707 2654.063721
-6540.411133 2654.650635
-6546.754395 2655.254395
-6553.104492 2655.875000
-6559.460938 2656.512451
-6565.824219 2657.166992
-6572.194336 2657.838379
-6578.571289 2658.526611
-6584.954590 2659.231689
-6591.344727 2659.953857
-6597.741699 2660.692871
-6604.145020 2661.448730
-6610.555176 2662.221436
-6616.972168 2663.010986
-6623.395996 2663.817627
-6629.826172 2664.641113
-6636.278809 2665.447754
-6642.749023 2666.248535
-6649.236328 2667.043701
-6655.740723 2667.833252
-6662.262695 2668.617188
-6668.801758 2669.395508
-6675.357910 2670.168213
-6681.931152 2670.935303
-6688.521973 2671.696533
-6695.129883 2672.452148
-6701.754883 2673.202148
-6708.396973 2673.946533
-6715.056641 2674.685303
-6721.733398 2675.418457
-6728.427246 2676.145996
-6735.138672 2676.867676
-6741.867188 2677.583740
-6748.612793 2678.294189
-6755.375488 2678.999023
-6762.155762 2679.698242
-6768.953125 2680.391846
-6775.767578 2681.079834
-6782.599121 2681.761963
-6789.448242 2682.438477
-6796.314453 2683.109375
-6803.197754 2683.774658
-6810.098633 2684.434326
-6817.016602 2685.088379
-6823.951660 2685.736816
-6830.903809 2686.379395
-6837.873535 2687.016357
-6844.860352 2687.647705
-6851.864258 2688.273438
-6858.885742 2688.893555
-6865.924316 2689.508057
-6872.979980 2690.116943
-6880.052734 2690.719971
-6887.143066 2691.317383
-6894.250488 2691.909180
-6901.375000 2692.495361
-6908.513184 2693.075195
-6915.666016 2693.648926
-6922.833496 2694.216309
-6930.015625 2694.777588
-6937.212402 2695.332764
-6944.423828 2695.881836
-6951.649902 2696.424805
-6958.890625 2696.961426
-6966.146484 2697.491943
-6973.416992 2698.016357
-6980.702148 2698.534668
-6988.001953 2699.046875
-6995.316406 2699.552979
-7002.645508 2700.052734
-7009.989258 2700.546387
-7017.347656 2701.033936
-7024.720703 2701.515381
-7032.108398 2701.990723
-7039.511230 2702.459717
-7046.928711 2702.922607
-7054.360840 2703.379395
-7061.807617 2703.830078
-7069.269043 2704.274658
-7076.745117 2704.712891
-7084.235840 2705.145020
-7091.741211 2705.571045
-7099.261230 2705.990967
-7106.796387 2706.404785
-7114.346191 2706.812256
-7121.910645 2707.213623
-7129.489746 2707.608887
-7137.083496 2707.998047
-7144.691895 2708.381104
-7152.314941 2708.758057
-7159.952637 2709.128662
-7167.604980 2709.493164
-7175.272461 2709.851562
-7182.954590 2710.203857
-7190.651367 2710.550049
-7198.362793 2710.889893
-7206.112793 2711.210205
-7213.893066 2711.515137
-7221.704102 2711.804932
-7229.545410 2712.079590
-7237.417480 2712.339111
-7245.319824 2712.583252
-7253.252930 2712.812256
-7261.216797 2713.026123
-7269.210938 2713.224854
-7277.235840 2713.408203
-7285.291016 2713.576416
-7293.376953 2713.729492
-7301.493164 2713.867188
-7309.640137 2713.989746
-7317.817871 2714.097168
-7326.025879 2714.189453
-7334.264648 2714.266357
-7342.533691 2714.328125
-7350.833496 2714.374756
-7359.163574 2714.406250
-7367.524414 2714.422363
-7375.916016 2714.423340
-7384.337891 2714.409180
-7392.790527 2714.379883
-7401.273438 2714.335205
-7409.787109 2714.275391
-7418.331055 2714.200439
-7426.905762 2714.110352
-7435.510742 2714.004883
-7444.146484 2713.884277
-7452.812988 2713.748535
-7461.509766 2713.597656
-7470.237305 2713.431396
-7478.995117 2713.250000
-7487.783691 2713.053467
-7496.602539 2712.841797
-7505.452148 2712.614746
-7514.332520 2712.372559
-7523.243164 2712.115234
-7532.184570 2711.842529
-7541.158691 2711.587402
-7550.165039 2711.338867
-7559.203613 2711.096924
-7568.274414 2710.861328
-7577.377441 2710.632324
-7586.512695 2710.409912
-7595.680176 2710.194092
-7604.879883 2709.984863
-7614.111816 2709.781982
-7623.375977 2709.585693
-7632.672363 2709.395996
-7642.000977 2709.212891
-7651.361816 2709.036377
-7660.754883 2708.866455
-7670.180176 2708.702881
-7679.637695 2708.545898
-7689.127441 2708.395508
-7698.649414 2708.251709
-7708.203613 2708.114502
-7717.790039 2707.983887
-7727.408691 2707.859619
-7737.059570 2707.741943
-7746.742676 2707.630859
-7756.458008 2707.526367
-7766.205566 2707.428467
-7775.985352 2707.337158
-7785.797363 2707.252197
-7795.641602 2707.173828
-7805.518066 2707.102051
-7815.426758 2707.036865
-7825.367676 2706.978271
-7835.340820 2706.926270
-7845.346191 2706.880615
-7855.383789 2706.841553
-7865.453613 2706.809082
-7875.555664 2706.783203
-7885.689941 2706.763916
-7895.856445 2706.751221
-7906.055176 2706.744873
-7916.286133 2706.745117
-7926.536621 2706.751953
-7936.810547 2706.765381
-7947.107910 2706.785400
-7957.428711 2706.812012
-7967.773438 2706.845215
-7978.141602 2706.885010
-7988.533203 2706.931641
-7998.948242 2706.984863
-8009.386719 2707.044678
-8019.849121 2707.111084
-8030.334961 2707.184082
-8040.844238 2707.263672
-8051.376953 2707.349854
-8061.933594 2707.442627
-8072.513672 2707.541992
-8083.117188 2707.647949
-8093.744141 2707.760498
-8104.395020 2707.879639
-8115.069336 2708.005371
-8125.767090 2708.137695
-8136.488281 2708.276611
-8147.232910 2708.422119
-8158.001465 2708.574219
-8168.793457 2708.732910
-8179.608887 2708.898193
-8190.447754 2709.070068
-8201.310547 2709.248535
-8212.196289 2709.433594
-8223.106445 2709.625244
-8234.040039 2709.823486
-8244.997070 2710.028320
-8255.977539 2710.239746
-8266.981445 2710.457764
-8278.008789 2710.682373
-8289.059570 2710.913574
-8300.133789 2711.151367
-8311.231445 2711.395996
-8322.353516 2711.647217
-8333.499023 2711.905029
-8344.667969 2712.169434
-8355.858398 2712.400635
-8367.070312 2712.611816
-8378.304688 2712.802979
-8389.560547 2712.974365
-8400.838867 2713.125732
-8412.138672 2713.257324
-8423.460938 2713.368896
-8434.804688 2713.460449
-8446.170898 2713.532227
-8457.558594 2713.583984
-8468.968750 2713.615967
-8480.400391 2713.627930
-8491.854492 2713.619873
-8503.330078 2713.592041
-8514.828125 2713.544189
-8526.347656 2713.476562
-8537.889648 2713.388916
-8549.454102 2713.281250
-8561.040039 2713.153809
-8572.648438 2713.006348
-8584.278320 2712.838867
-8595.930664 2712.651611
-8607.604492 2712.444336
-8619.300781 2712.217285
-8631.018555 2711.970215
-8642.758789 2711.703125
-8654.520508 2711.416260
-8666.304688 2711.109375
-8678.110352 2710.782715
-8689.938477 2710.436035
-8701.788086 2710.069336
-8713.660156 2709.682861
-8725.553711 2709.276367
-8737.469727 2708.849854
-8749.407227 2708.403564
-8761.367188 2707.937256
-8773.349609 2707.451172
-8785.353516 2706.945068
-8797.379883 2706.418945
-8809.427734 2705.873047
-8821.492188 2705.316162
-8833.575195 2704.745117
-8845.676758 2704.160156
-8857.796875 2703.561279
-8869.935547 2702.948242
-8882.092773 2702.321289
-8894.268555 2701.680420
-8906.462891 2701.025391
-8918.675781 2700.356445
-8930.907227 2699.673340
-8943.157227 2698.976318
-8955.425781 2698.265381
-8967.712891 2697.540283
-8980.018555 2696.801270
-8992.342773 2696.048340
-9004.684570 2695.281250
-9017.044922 2694.500244
-9029.423828 2693.705322
-9041.821289 2692.896240
-9054.237305 2692.073242
-9066.671875 2691.236328
-9079.125000 2690.385254
-9091.596680 2689.520264
-9104.086914 2688.641357
-9116.595703 2687.748291
-9129.123047 2686.841309
-9141.668945 2685.920410
-9154.233398 2684.985352
-9166.816406 2684.036377
-9179.417969 2683.073486
-9192.038086 2682.096436
-9204.676758 2681.105469
-9217.333984 2680.100586
-9230.008789 2679.081543
-9242.702148 2678.048584
-9255.414062 2677.001709
-9268.144531 2675.940674
-9280.893555 2674.865723
-9293.661133 2673.776855
-9306.447266 2672.673828
-9319.247070 2671.594238
-9332.062500 2670.525635
-9344.892578 2669.467773
-9357.738281 2668.420898
-9370.599609 2667.385010
-9383.475586 2666.360107
-9396.367188 2665.345947
-9409.274414 2664.342773
-9422.196289 2663.350586
-9435.133789 2662.369385
-9448.086914 2661.398926
-9461.054688 2660.439453
-9474.038086 2659.490967
-9487.037109 2658.553467
-9500.050781 2657.626709
-9513.080078 2656.710938
-9526.125000 2655.806152
-9539.184570 2654.912354
-9552.259766 2654.029297
-9565.350586 2653.157227
-9578.456055 2652.296143
-9591.577148 2651.446045
-9604.713867 2650.606689
-9617.865234 2649.778320
-9631.032227 2648.960938
-9644.214844 2648.154541
-9657.412109 2647.358887
-9670.625000 2646.574219
-9683.853516 2645.800537
-9697.096680 2645.037842
-9710.355469 2644.285889
-9723.629883 2643.544922
-9736.918945 2642.814941
-9750.223633 2642.095947
-9763.543945 2641.387695
-9776.878906 2640.690430
-9790.229492 2640.004150
-9803.595703 2639.328857
-9816.976562 2638.664307
-9830.373047 2638.010742
-9843.688477 2637.361816
-9856.955078 2636.719482
-9870.172852 2636.083984
-9883.340820 2635.455078
-9896.459961 2634.833008
-9909.530273 2634.217529
-9922.551758 2633.608887
-9935.524414 2633.006836
-9948.447266 2632.411621
-9961.321289 2631.822998
-9974.146484 2631.240967
-9986.922852 2630.665771
-9999.650391 2630.097168
-10012.328125 2629.535400
-10024.957031 2628.980225
-10037.537109 2628.431885
-10050.068359 2627.890137
-10062.550781 2627.354980
-10074.983398 2626.826660
-10087.367188 2626.304932
-10099.702148 2625.790039
-10111.988281 2625.281738
-10124.225586 2624.780273
-10136.413086 2624.285400
-10148.551758 2623.797363
-10160.641602 2623.315918
-10172.682617 2622.841064
-10184.674805 2622.373047
-10196.617188 2621.911621
-10208.510742 2621.457031
-10220.355469 2621.009033
-10232.151367 2620.567871
-10243.898438 2620.133301
-10255.595703 2619.705566
-10267.244141 2619.284424
-10278.843750 2618.869873
-10290.394531 2618.462158
-10301.896484 2618.061035
-10313.348633 2617.666748
-10324.751953 2617.279053
-10336.072266 2616.898193
-10347.321289 2616.523926
-10358.498047 2616.156494
-10369.603516 2615.795654
-10380.637695 2615.441650
-10391.599609 2615.094482
-10402.490234 2614.753906
-10413.308594 2614.420166
-10424.055664 2614.093018
-10434.731445 2613.772705
-10445.334961 2613.458984
-10455.867188 2613.152100
-10466.327148 2612.851807
-10476.715820 2612.558350
-10487.033203 2612.271484
-10497.278320 2611.991455
-10507.452148 2611.718262
-10517.553711 2611.451660
-10527.583984 2611.191895
-10537.542969 2610.938721
-10547.429688 2610.692383
-10557.245117 2610.452637
-10566.988281 2610.219727
-10576.660156 2609.993408
-10586.260742 2609.773926
-10595.789062 2609.561035
-10605.246094 2609.354980
-10614.631836 2609.155762
-10623.945312 2608.963135
-10633.187500 2608.777344
-10642.357422 2608.598145
-10651.456055 2608.425781
-10660.483398 2608.260010
-10669.438477 2608.101074
-10678.322266 2607.948730
-10687.133789 2607.803223
-10695.874023 2607.664307
-10704.542969 2607.532227
-10713.139648 2607.406982
-10721.665039 2607.288330
-10730.115234 2607.166260
-10738.491211 2607.044189
-10746.792969 2606.922119
-10755.020508 2606.799805
-10763.174805 2606.677490
-10771.254883 2606.555176
-10779.260742 2606.432861
-10787.192383 2606.310547
-10795.050781 2606.187988
-10802.834961 2606.065430
-10810.544922 2605.942871
-10818.180664 2605.820312
-10825.742188 2605.697754
-10833.230469 2605.574951
-10840.644531 2605.452148
-10847.984375 2605.329346
-10855.250000 2605.206543
-10862.442383 2605.083740
-10869.560547 2604.960693
-10876.604492 2604.837646
-10883.574219 2604.714600
-10890.470703 2604.591553
-10897.292969 2604.468506
-10904.041016 2604.345215
-10910.714844 2604.221924
-10917.314453 2604.098633
-10923.840820 2603.975342
-10930.292969 2603.852051
-10936.670898 2603.728516
-10942.974609 2603.604980
-10949.205078 2603.481445
-10955.361328 2603.357910
-10961.443359 2603.234131
-10967.451172 2603.110352
-10973.384766 2602.986572
-10979.245117 2602.862793
-10985.031250 2602.739014
-10990.743164 2602.614990
-10996.380859 2602.490967
-11001.945312 2602.366943
-11007.481445 2602.226074
-11012.974609 2602.073975
-11018.424805 2601.910645
-11023.832031 2601.735840
-11029.196289 2601.549805
-11034.517578 2601.352539
-11039.794922 2601.144043
-11045.029297 2600.924316
-11050.220703 2600.693115
-11055.369141 2600.450684
-11060.474609 2600.197021
-11065.537109 2599.932129
-11070.556641 2599.656006
-11075.532227 2599.368652
-11080.464844 2599.069824
-11085.354492 2598.759766
-11090.201172 2598.438477
-11095.004883 2598.105957
-11099.765625 2597.762207
-11104.483398 2597.406982
-11109.158203 2597.040527
-11113.789062 2596.662842
-11118.376953 2596.273926
-11122.921875 2595.873779
-11127.423828 2595.462402
-11131.882812 2595.039551
-11136.298828 2594.605469
-11140.671875 2594.160156
-11145.000977 2593.703613
-11149.287109 2593.235840
-11153.530273 2592.756592
-11157.730469 2592.266113
-11161.887695 2591.764404
-11166.001953 2591.251465
-11170.073242 2590.727295
-11174.101562 2590.191650
-11178.085938 2589.644775
-11182.027344 2589.086670
-11185.925781 2588.517334
-11189.781250 2587.936768
-11193.624023 2587.375488
-11197.444336 2586.823486
-11201.242188 2586.280518
-11205.017578 2585.746826
-11208.769531 2585.222412
-11212.499023 2584.707031
-11216.206055 2584.200928
-11219.890625 2583.703857
-11223.551758 2583.216064
-11227.190430 2582.737305
-11230.806641 2582.267822
-11234.400391 2581.807617
-11237.971680 2581.356445
-11241.519531 2580.914551
-11245.044922 2580.481689
-11248.547852 2580.058105
-11252.028320 2579.643799
-11255.485352 2579.238525
-11258.919922 2578.842529
-11262.332031 2578.455566
-11265.721680 2578.077881
-11269.088867 2577.709229
-11272.432617 2577.349854
-11275.753906 2576.999756
-11279.052734 2576.658691
-11282.329102 2576.326904
-11285.583008 2576.004150
-11288.813477 2575.690674
-11292.021484 2575.386230
-11295.207031 2575.091064
-11298.370117 2574.805176
-11301.509766 2574.528320
-11304.626953 2574.260742
-11307.721680 2574.002197
-11310.793945 2573.752930
-11313.843750 2573.512939
-11316.870117 2573.281982
-11319.874023 2573.060303
-11322.855469 2572.847656
-11325.814453 2572.644287
-11328.740234 2572.441406
-11331.636719 2572.241943
-11334.503906 2572.045654
-11337.341797 2571.852783
-11340.150391 2571.663330
-11342.929688 2571.477295
-11345.679688 2571.294678
-11348.400391 2571.115479
-11351.091797 2570.939453
-11353.753906 2570.766846
-11356.386719 2570.597656
-11358.990234 2570.431885
-11361.564453 2570.269531
-11364.109375 2570.110596
-11366.625000 2569.954834
-11369.111328 2569.802490
-11371.568359 2569.653564
-11373.996094 2569.508057
-11376.394531 2569.365967
-11378.763672 2569.227051
-11381.103516 2569.091553
-11383.414062 2568.959473
-11385.695312 2568.830811
-11387.947266 2568.705566
-11390.169922 2568.583740
-11392.363281 2568.465088
-11394.527344 2568.349854
-11396.662109 2568.238037
-11398.767578 2568.129639
-11400.843750 2568.024658
-11402.890625 2567.923096
-11404.908203 2567.824707
-11406.896484 2567.729736
-11408.855469 2567.638184
-11410.785156 2567.550049
-11412.685547 2567.465332
-11414.556641 2567.383789
-11416.398438 2567.305664
-11418.210938 2567.230957
-11419.994141 2567.159668
-11421.748047 2567.079102
-11423.472656 2566.993652
-11425.167969 2566.903320
-11426.833984 2566.807861
-11428.470703 2566.707520
-11430.078125 2566.602295
-11431.657227 2566.491943
-11433.207031 2566.376709
-11434.727539 2566.256348
-11436.218750 2566.131104
-11437.680664 2566.000977
-11439.113281 2565.865723
-11440.516602 2565.725586
-11441.890625 2565.580566
-11443.235352 2565.430420
-11444.550781 2565.275391
-11445.836914 2565.115234
-11447.093750 2564.950195
-11448.321289 2564.780273
-11449.519531 2564.605225
-11450.688477 2564.425293
-11451.828125 2564.240479
-11452.938477 2564.050537
-11454.019531 2563.855713
-11455.071289 2563.655762
-11456.093750 2563.450928
-11457.086914 2563.241211
-11458.051758 2563.026367
-11458.987305 2562.806641
-11459.893555 2562.582031
-11460.770508 2562.352295
-11461.618164 2562.117676
-11462.436523 2561.877930
-11463.225586 2561.633301
-11463.985352 2561.383789
-11464.715820 2561.129150
-11465.416992 2560.869629
-11466.088867 2560.605225
-11466.731445 2560.335693
-11467.344727 2560.061279
-11467.928711 2559.790283
-11468.482422 2559.520020
-11469.006836 2559.250244
-11469.501953 2558.981201
-11469.967773 2558.712891
-11470.403320 2558.445068
-11470.809570 2558.177979
-11471.186523 2557.911621
-11471.534180 2557.645752
-11471.851562 2557.380615
-11472.139648 2557.116211
-11472.398438 2556.852295
-11472.627930 2556.589111
-11472.827148 2556.326660
-11472.997070 2556.064697
-11473.137695 2555.803467
-11473.249023 2555.542969
-11473.330078 2555.282959
-11473.381836 2555.023682
-11473.404297 2554.765137
-11473.397461 2554.507080
-11473.360352 2554.249756
-11473.293945 2553.993164
-11473.198242 2553.737061
-11473.072266 2553.481689
-11472.916992 2553.227051
-11472.732422 2552.972900
-11472.518555 2552.719482
-11472.274414 2552.466553
-11472.000977 2552.214355
-11471.698242 2551.962891
-11471.366211 2551.711914
-11471.003906 2551.461670
-11470.612305 2551.212158
-11470.191406 2550.963135
-11469.741211 2550.714844
-11469.260742 2550.467285
-11468.750977 2550.220215
-11468.211914 2549.973877
-11467.643555 2549.728271
-11467.072266 2549.508057
-11466.489258 2549.304932
-11465.894531 2549.119141
-11465.288086 2548.950439
-11464.669922 2548.798828
-11464.040039 2548.664551
-11463.399414 2548.547363
-11462.747070 2548.447266
-11462.083008 2548.364502
-11461.407227 2548.298828
-11460.719727 2548.250244
-11460.020508 2548.218994
-11459.309570 2548.204834
-11458.586914 2548.208008
-11457.853516 2548.228271
-11457.108398 2548.265625
-11456.351562 2548.320312
-11455.583008 2548.392090
-11454.802734 2548.480957
-11454.010742 2548.587158
-11453.207031 2548.710449
-11452.391602 2548.850830
-11451.565430 2549.008545
-11450.727539 2549.183350
-11449.877930 2549.375244
-11449.016602 2549.584473
-11448.143555 2549.810791
-11447.258789 2550.054199
-11446.362305 2550.314941
-11445.454102 2550.592773
-11444.535156 2550.887695
-11443.604492 2551.199951
-11442.662109 2551.529297
-11441.708008 2551.875732
-11440.742188 2552.239502
-11439.764648 2552.620361
-11438.775391 2553.018555
-11437.774414 2553.433838
-11436.762695 2553.866211
-11435.739258 2554.315918
-11434.700195 2554.744629
-11433.647461 2555.165039
-11432.580078 2555.577148
-11431.499023 2555.980957
-11430.404297 2556.376465
-11429.295898 2556.763672
-11428.172852 2557.142578
-11427.036133 2557.513184
-11425.885742 2557.875488
-11424.720703 2558.229736
-11423.541992 2558.575684
-11422.349609 2558.913330
-11421.142578 2559.242676
-11419.921875 2559.563721
-11418.687500 2559.876465
-11417.438477 2560.180908
-11416.175781 2560.477051
-11414.899414 2560.764893
-11413.609375 2561.044434
-11412.304688 2561.315918
-11410.986328 2561.579102
-11409.654297 2561.833984
-11408.307617 2562.080566
-11406.947266 2562.318848
-11405.573242 2562.548828
-11404.184570 2562.770508
-11402.782227 2562.983887
-11401.366211 2563.188965
-11399.935547 2563.385986
-11398.491211 2563.574707
-11397.033203 2563.755127
-11395.560547 2563.927246
-11394.074219 2564.091064
-11392.574219 2564.246582
-11391.060547 2564.393799
-11389.532227 2564.532715
-11387.990234 2564.663330
-11386.434570 2564.785645
-11384.864258 2564.899902
-11383.280273 2565.005859
-11381.685547 2565.121338
-11380.079102 2565.240234
-11378.460938 2565.362793
-11376.831055 2565.489014
-11375.190430 2565.618652
-11373.538086 2565.751953
-11371.874023 2565.888672
-11370.198242 2566.029053
-11368.510742 2566.173096
-11366.811523 2566.320557
-11365.100586 2566.471680
-11363.377930 2566.626465
-11361.643555 2566.784668
-11359.897461 2566.946533
-11358.139648 2567.112061
-11356.370117 2567.281006
-11354.588867 2567.453613
-11352.795898 2567.629883
-11350.992188 2567.809570
-11349.176758 2567.992920
-11347.349609 2568.179688
-11345.510742 2568.370117
-11343.660156 2568.564209
-11341.797852 2568.761719
-11339.923828 2568.962891
-11338.038086 2569.167725
-11336.140625 2569.375977
-11334.231445 2569.587891
-11332.310547 2569.803467
-11330.377930 2570.022461
-11328.433594 2570.245117
-11326.477539 2570.471436
-11324.510742 2570.701172
-11322.532227 2570.934570
-11320.541992 2571.171387
-11318.540039 2571.411865
-11316.526367 2571.656006
-11314.500977 2571.903564
-11312.463867 2572.154785
-11310.415039 2572.409668
-11308.356445 2572.663818
-11306.288086 2572.918701
-11304.208984 2573.174316
-11302.120117 2573.430664
-11300.020508 2573.687744
-11297.911133 2573.945557
-11295.791016 2574.204102
-11293.661133 2574.463379
-11291.520508 2574.723389
-11289.369141 2574.984131
-11287.208008 2575.245605
-11285.036133 2575.507568
-11282.854492 2575.770264
-11280.662109 2576.033691
-11278.459961 2576.297852
-11276.247070 2576.562744
-11274.024414 2576.828369
-11271.791016 2577.094727
-11269.547852 2577.361816
-11267.293945 2577.629639
-11265.030273 2577.898193
-11262.755859 2578.167480
-11260.471680 2578.437500
-11258.176758 2578.708252
-11255.872070 2578.979736
-11253.556641 2579.251953
-11251.231445 2579.524902
-11248.895508 2579.798584
-11246.549805 2580.072998
-11244.193359 2580.348145
-11241.827148 2580.624023
-11239.450195 2580.900635
-11237.063477 2581.177979
-11234.666016 2581.456055
-11232.257812 2581.734863
-11229.839844 2582.014404
-11227.411133 2582.294678
-11224.972656 2582.575684
-11222.523438 2582.857422
-11220.064453 2583.139893
-11217.610352 2583.414551
-11215.156250 2583.684082
-11212.702148 2583.948730
-11210.248047 2584.208496
-11207.793945 2584.463379
-11205.339844 2584.713135
-11202.885742 2584.958008
-11200.432617 2585.197998
-11197.979492 2585.433105
-11195.526367 2585.663086
-11193.073242 2585.888184
-11190.620117 2586.108398
-11188.166992 2586.323486
-11185.713867 2586.533691
-11183.260742 2586.739014
-11180.807617 2586.939453
-11178.354492 2587.134766
-11175.901367 2587.325195
-11173.448242 2587.510742
-11170.995117 2587.691406
-11168.541992 2587.866943
-11166.088867 2588.037598
-11163.635742 2588.203369
-11161.182617 2588.364014
-11158.729492 2588.519775
-11156.276367 2588.670654
-11153.824219 2588.816650
-11151.372070 2588.957520
-11148.919922 2589.093506
-11146.467773 2589.224609
-11144.015625 2589.350586
-11141.563477 2589.471680
-11139.111328 2589.587891
-11136.659180 2589.699219
-11134.207031 2589.805420
-11131.754883 2589.906738
-11129.302734 2590.003174
-11126.850586 2590.094727
-11124.398438 2590.181152
-11121.946289 2590.262695
-11119.508789 2590.340576
-11117.081055 2590.414307
-11114.662109 2590.483887
-11112.252930 2590.549316
-11109.853516 2590.610596
-11107.463867 2590.667725
-11105.083008 2590.720703
-11102.711914 2590.769531
-11100.350586 2590.814209
-11097.999023 2590.854736
-11095.656250 2590.891113
-11093.323242 2590.923340
-11091.000000 2590.951416
-11088.686523 2590.975342
-11086.381836 2590.995117
-11084.086914 2591.010742
-11081.801758 2591.022217
-11079.526367 2591.029541
-11077.259766 2591.032715
-11075.002930 2591.031738
-11072.755859 2591.026611
-11070.518555 2591.017334
-11068.290039 2591.003906
-11066.071289 2590.986328
-11063.862305 2590.964600
-11061.663086 2590.938721
-11059.472656 2590.908691
-11057.291992 2590.874512
-11055.121094 2590.836182
-11052.959961 2590.793701
-11050.807617 2590.747070
-11048.665039 2590.696289
-11046.532227 2590.641357
-11044.409180 2590.582275
-11042.294922 2590.519043
-11040.190430 2590.451660
-11038.095703 2590.380127
-11036.010742 2590.304443
-11033.934570 2590.224609
-11031.868164 2590.140625
-11029.807617 2590.033691
-11027.753906 2589.909912
-11025.707031 2589.769531
-11023.666992 2589.612305
-11021.632812 2589.438477
-11019.605469 2589.248047
-11017.584961 2589.040771
-11015.571289 2588.816895
-11013.564453 2588.576172
-11011.564453 2588.318848
-11009.571289 2588.044922
-11007.584961 2587.754150
-11005.605469 2587.446777
-11003.632812 2587.122559
-11001.666992 2586.781738
-10999.708008 2586.424316
-10997.755859 2586.050049
-10995.810547 2585.659180
-10993.872070 2585.251465
-10991.940430 2584.827148
-10990.014648 2584.386230
-10988.095703 2583.928467
-10986.183594 2583.454102
-10984.278320 2582.962891
-10982.379883 2582.455078
-10980.488281 2581.930664
-10978.603516 2581.389404
-10976.725586 2580.831543
-10974.854492 2580.256836
-10972.990234 2579.665527
-10971.132812 2579.057373
-10969.282227 2578.432617
-10967.438477 2577.791260
-10965.601562 2577.133057
-10963.771484 2576.458252
-10961.948242 2575.766602
-10960.130859 2575.058350
-10958.320312 2574.333496
-10956.516602 2573.591797
-10954.719727 2572.833496
-10952.935547 2572.082031
-10951.161133 2571.329590
-10949.397461 2570.576172
-10947.644531 2569.821777
-10945.901367 2569.066406
-10944.168945 2568.310059
-10942.446289 2567.552734
-10940.734375 2566.794434
-10939.032227 2566.035156
-10937.340820 2565.274902
-10935.660156 2564.513672
-10933.989258 2563.751465
-10932.329102 2562.988281
-10930.678711 2562.224121
-10929.039062 2561.458984
-10927.410156 2560.692871
-10925.791016 2559.925781
-10924.182617 2559.157715
-10922.583984 2558.388672
-10920.996094 2557.618652
-10919.418945 2556.847656
-10917.851562 2556.075684
-10916.294922 2555.302734
-10914.748047 2554.528809
-10913.211914 2553.753906
-10911.686523 2552.978027
-10910.170898 2552.201172
-10908.666016 2551.423340
-10907.170898 2550.644531
-10905.686523 2549.864746
-10904.212891 2549.083984
-10902.749023 2548.302246
-10901.295898 2547.519531
-10899.852539 2546.735840
-10898.419922 2545.951172
-10896.998047 2545.165527
-10895.585938 2544.378906
-10894.184570 2543.591309
-10892.792969 2542.802734
-10891.412109 2542.013184
-10890.044922 2541.222656
-10888.690430 2540.430908
-10887.349609 2539.638184
-10886.021484 2538.844238
-10884.706055 2538.049316
-10883.403320 2537.253174
-10882.113281 2536.456055
-10880.835938 2535.657715
-10879.571289 2534.858398
-10878.319336 2534.057861
-10877.080078 2533.256348
-10875.853516 2532.453613
-10874.639648 2531.649658
-10873.438477 2530.844727
-10872.250977 2530.038574
-10871.076172 2529.231445
-10869.914062 2528.423096
-10868.764648 2527.613770
-10867.627930 2526.803223
-10866.503906 2525.991699
-10865.392578 2525.178955
-10864.293945 2524.365234
-10863.208008 2523.550293
-10862.134766 2522.734375
-10861.074219 2521.917236
-10860.026367 2521.099121
-10858.991211 2520.279785
-10857.969727 2519.459473
-10856.960938 2518.637939
-10855.964844 2517.815430
-10854.981445 2516.991699
-10854.010742 2516.166992
-10853.052734 2515.341064
-10852.107422 2514.514160
-10851.174805 2513.686035
-10850.254883 2512.856934
-10849.347656 2512.026611
-10848.453125 2511.195312
-10847.571289 2510.362793
-10846.703125 2509.529297
-10845.846680 2508.690186
-10845.001953 2507.846924
-10844.169922 2506.999512
-10843.349609 2506.148193
-10842.541992 2505.292725
-10841.746094 2504.433105
-10840.962891 2503.569336
-10840.191406 2502.701416
-10839.431641 2501.829590
-10838.684570 2500.953613
-10837.949219 2500.073486
-10837.226562 2499.189209
-10836.515625 2498.300781
-10835.817383 2497.408447
-10835.130859 2496.511963
-10834.457031 2495.611328
-10833.794922 2494.706543
-10833.145508 2493.797607
-10832.507812 2492.884766
-10831.882812 2491.967773
-10831.269531 2491.046631
-10830.668945 2490.121338
-10830.080078 2489.191895
-10829.502930 2488.258545
-10828.938477 2487.321045
-10828.385742 2486.379395
-10827.845703 2485.433594
-10827.317383 2484.483643
-10826.801758 2483.529785
-10826.297852 2482.571777
-10825.806641 2481.609619
-10825.327148 2480.643311
-10824.860352 2479.673096
-10824.405273 2478.698730
-10823.962891 2477.720215
-10823.532227 2476.737549
-10823.114258 2475.750732
-10822.708008 2474.760010
-10822.313477 2473.765137
-10821.931641 2472.766113
-10821.545898 2471.762939
-10821.162109 2470.755615
-10820.780273 2469.744141
-10820.400391 2468.728516
-10820.022461 2467.708740
-10819.646484 2466.684814
-10819.271484 2465.656738
-10818.898438 2464.624512
-10818.527344 2463.588135
-10818.158203 2462.547607
-10817.791016 2461.502930
-10817.424805 2460.454102
-10817.060547 2459.401123
-10816.698242 2458.343994
-10816.337891 2457.282715
-10815.979492 2456.217285
-10815.623047 2455.147705
-10815.267578 2454.073975
-10814.914062 2452.996094
-10814.562500 2451.914062
-10814.212891 2450.827881
-10813.865234 2449.737549
-10813.518555 2448.643066
-10813.173828 2447.544434
-10812.831055 2446.441650
-10812.490234 2445.334717
-10812.151367 2444.223633
-10811.814453 2443.108398
-10811.478516 2441.989014
-10811.144531 2440.865479
-10810.812500 2439.737793
-10810.482422 2438.605957
-10810.154297 2437.469971
-10809.827148 2436.329834
-10809.501953 2435.185547
-10809.178711 2434.037109
-10808.857422 2432.884521
-10808.538086 2431.727783
-10808.219727 2430.566895
-10807.903320 2429.401855
-10807.605469 2428.208496
-10807.321289 2426.995117
-10807.049805 2425.761475
-10806.791992 2424.507812
-10806.546875 2423.233887
-10806.314453 2421.939697
-10806.095703 2420.625488
-10805.889648 2419.291016
-10805.697266 2417.936279
-10805.517578 2416.561523
-10805.350586 2415.166504
-10805.197266 2413.751221
-10805.056641 2412.315918
-10804.929688 2410.860352
-10804.815430 2409.384766
-10804.713867 2407.888916
-10804.625977 2406.372803
-10804.550781 2404.836670
-10804.488281 2403.280273
-10804.439453 2401.703613
-10804.403320 2400.106934
-10804.380859 2398.489990
-10804.371094 2396.852783
-10804.374023 2395.195557
-10804.390625 2393.518066
-10804.419922 2391.820557
-10804.462891 2390.102783
-10804.518555 2388.364746
-10804.586914 2386.606689
-10804.668945 2384.828369
-10804.763672 2383.029785
-10804.872070 2381.211182
-10804.993164 2379.372314
-10805.126953 2377.513184
-10805.274414 2375.634033
-10805.434570 2373.734619
-10805.607422 2371.815186
-10805.793945 2369.875488
-10805.993164 2367.915527
-10806.206055 2365.935547
-10806.415039 2363.956055
-10806.625000 2361.970215
-10806.836914 2359.978027
-10807.050781 2357.979492
-10807.266602 2355.974609
-10807.484375 2353.963623
-10807.703125 2351.946289
-10807.923828 2349.922607
-10808.146484 2347.892578
-10808.371094 2345.856201
-10808.597656 2343.813477
-10808.825195 2341.764404
-10809.054688 2339.708984
-10809.286133 2337.647217
-10809.519531 2335.579102
-10809.754883 2333.504639
-10809.991211 2331.424072
-10810.229492 2329.337158
-10810.469727 2327.243896
-10810.711914 2325.144287
-10810.955078 2323.038330
-10811.200195 2320.926025
-10811.447266 2318.807373
-10811.696289 2316.682373
-10811.947266 2314.551025
-10812.199219 2312.413330
-10812.453125 2310.269531
-10812.708984 2308.119385
-10812.966797 2305.962891
-10813.226562 2303.800049
-10813.487305 2301.630859
-10813.750000 2299.455322
-10814.014648 2297.273438
-10814.281250 2295.085205
-10814.549805 2292.890625
-10814.819336 2290.689697
-10815.090820 2288.482422
-10815.364258 2286.269043
-10815.639648 2284.049316
-10815.916992 2281.823242
-10816.202148 2279.599609
-10816.494141 2277.375732
-10816.791992 2275.151367
-10817.096680 2272.926758
-10817.407227 2270.701660
-10817.723633 2268.476318
-10818.046875 2266.250488
-10818.375977 2264.024414
-10818.711914 2261.797852
-10819.053711 2259.571045
-10819.402344 2257.343750
-10819.756836 2255.115967
-10820.117188 2252.887939
-10820.484375 2250.659424
-10820.857422 2248.430664
-10821.237305 2246.201416
-10821.623047 2243.971924
-10822.015625 2241.741943
-10822.414062 2239.511719
-10822.818359 2237.281006
-10823.229492 2235.050049
-10823.646484 2232.818604
-10824.070312 2230.586914
-10824.500000 2228.354736
-10824.935547 2226.122070
-10825.377930 2223.889160
-10825.826172 2221.655762
-10826.281250 2219.422119
-10826.742188 2217.187988
-10827.209961 2214.953613
-10827.683594 2212.718750
-10828.163086 2210.483643
-10828.649414 2208.248047
-10829.141602 2206.012207
-10829.640625 2203.775879
-10830.145508 2201.539307
-10830.657227 2199.302246
-10831.174805 2197.064941
-10831.698242 2194.827148
-10832.228516 2192.588867
-10832.768555 2190.362061
-10833.317383 2188.142578
-10833.875000 2185.930664
-10834.441406 2183.726074
-10835.016602 2181.528809
-10835.600586 2179.339111
-10836.193359 2177.156738
-10836.794922 2174.981934
-10837.405273 2172.814453
-10838.024414 2170.654541
-10838.652344 2168.501953
-10839.289062 2166.356689
-10839.934570 2164.218994
-10840.588867 2162.088623
-10841.251953 2159.965820
-10841.923828 2157.850342
-10842.604492 2155.742188
-10843.293945 2153.641602
-10843.992188 2151.548340
-10844.699219 2149.462646
-10845.415039 2147.384277
-10846.139648 2145.313477
-10846.873047 2143.250000
-10847.615234 2141.193848
-10848.366211 2139.145264
-10849.125977 2137.104004
-10849.894531 2135.070312
-10850.671875 2133.043945
-10851.458008 2131.024902
-10852.252930 2129.013428
-10853.056641 2127.009277
-10853.869141 2125.012695
-10854.690430 2123.023438
-10855.520508 2121.041504
-10856.359375 2119.067139
-10857.207031 2117.100098
-10858.063477 2115.140625
-10858.928711 2113.188477
-10859.802734 2111.243896
-10860.685547 2109.306641
-10861.583008 2107.349121
-10862.493164 2105.380615
-10863.416016 2103.401123
-10864.352539 2101.410645
-10865.301758 2099.409180
-10866.263672 2097.396973
-10867.239258 2095.373779
-10868.227539 2093.339600
-10869.228516 2091.294434
-10870.242188 2089.238281
-10871.269531 2087.171143
-10872.309570 2085.093018
-10873.362305 2083.003906
-10874.427734 2080.903809
-10875.506836 2078.792725
-10876.598633 2076.670654
-10877.703125 2074.537598
-10878.820312 2072.393555
-10879.951172 2070.238525
-10881.094727 2068.072510
-10882.250977 2065.895508
-10883.419922 2063.707520
-10884.602539 2061.508545
-10885.797852 2059.298584
-10887.005859 2057.077637
-10888.226562 2054.845703
-10889.460938 2052.603027
-10890.708008 2050.349365
-10891.967773 2048.084717
-10893.241211 2045.808960
-10894.527344 2043.522217
-10895.826172 2041.224609
-10897.137695 2038.916016
-10898.462891 2036.596436
-10899.800781 2034.265869
-10901.151367 2031.924316
-10902.514648 2029.571777
-10903.891602 2027.208252
-10905.281250 2024.833740
-10906.683594 2022.448242
-10908.105469 2020.049561
-10909.544922 2017.638428
-10911.001953 2015.214844
-10912.476562 2012.778687
-10913.968750 2010.330078
-10915.477539 2007.869019
-10917.003906 2005.395508
-10918.547852 2002.909546
-10920.109375 2000.411011
-10921.688477 1997.900024
-10923.284180 1995.376587
-10924.897461 1992.840698
-10926.528320 1990.292358
-10928.176758 1987.731445
-10929.842773 1985.158081
-10931.526367 1982.572266
-10933.226562 1979.973999
-10934.944336 1977.363281
-10936.679688 1974.739990
-10938.432617 1972.104248
-10940.203125 1969.456055
-10941.990234 1966.795410
-10943.794922 1964.122314
-10945.617188 1961.436646
-10947.457031 1958.738525
-10949.314453 1956.027954
-10951.188477 1953.304932
-10953.080078 1950.569458
-10954.989258 1947.821411
-10956.916016 1945.060913
-10958.860352 1942.287964
-10960.822266 1939.502563
-10962.800781 1936.704712
-10964.796875 1933.894287
-10966.810547 1931.071411
-10968.841797 1928.236084
-10970.890625 1925.388306
-10972.956055 1922.528076
-10975.039062 1919.655396
-10977.139648 1916.770142
-10979.275391 1913.887207
-10981.440430 1911.001587
-10983.633789 1908.113281
-10985.856445 1905.222290
-10988.108398 1902.328613
-10990.389648 1899.432251
-10992.700195 1896.533203
-10995.039062 1893.631470
-10997.407227 1890.727051
-10999.804688 1887.819946
-11002.231445 1884.910156
-11004.686523 1881.997681
-11007.170898 1879.082642
-11009.684570 1876.164917
-11012.227539 1873.244507
-11014.798828 1870.321411
-11017.399414 1867.395630
-11020.029297 1864.467163
-11022.688477 1861.536011
-11025.376953 1858.602173
-11028.093750 1855.665649
-11030.839844 1852.726440
-11033.615234 1849.784546
-11036.419922 1846.840088
-11039.252930 1843.892944
-11042.115234 1840.943115
-11045.006836 1837.990601
-11047.927734 1835.035400
-11050.877930 1832.077515
-11053.856445 1829.116943
-11056.864258 1826.153687
-11059.901367 1823.187744
-11062.967773 1820.219116
-11066.062500 1817.247803
-11069.186523 1814.273804
-11072.339844 1811.297241
-11075.522461 1808.317993
-11078.733398 1805.336060
-11081.973633 1802.351440
-11085.243164 1799.364136
-11088.540039 1796.355469
-11091.864258 1793.331665
-11095.216797 1790.292603
-11098.596680 1787.238403
-11102.004883 1784.169067
-11105.440430 1781.084595
-11108.904297 1777.984985
-11112.395508 1774.870239
-11115.915039 1771.740356
-11119.461914 1768.595337
-11123.036133 1765.435181
-11126.638672 1762.259766
-11130.268555 1759.069214
-11133.926758 1755.863525
-11137.612305 1752.642700
-11141.326172 1749.406738
-11145.067383 1746.155640
-11148.836914 1742.889404
-11152.633789 1739.608032
-11156.458984 1736.311523
-11160.311523 1732.999756
-11164.192383 1729.672852
-11168.100586 1726.330811
-11172.037109 1722.973633
-11176.000977 1719.601318
-11179.993164 1716.213867
-11184.012695 1712.811279
-11188.059570 1709.393555
-11192.134766 1705.960693
-11196.237305 1702.512695
-11200.368164 1699.049438
-11204.526367 1695.571045
-11208.712891 1692.077515
-11212.926758 1688.568848
-11217.168945 1685.045044
-11221.438477 1681.506104
-11225.736328 1677.952026
-11230.061523 1674.382812
-11234.415039 1670.798462
-11238.795898 1667.198853
-11243.203125 1663.567017
-11247.637695 1659.908691
-11252.099609 1656.223755
-11256.587891 1652.512329
-11261.103516 1648.774292
-11265.646484 1645.009766
-11270.215820 1641.218628
-11274.812500 1637.401001
-11279.435547 1633.556763
-11284.085938 1629.686035
-11288.763672 1625.788696
-11293.467773 1621.864868
-11298.199219 1617.914429
-11302.958008 1613.937500
-11307.743164 1609.933960
-11312.555664 1605.903931
-11317.395508 1601.847290
-11322.261719 1597.764160
-11327.155273 1593.654419
-11332.076172 1589.518188
-11337.023438 1585.355347
-11341.998047 1581.166016
-11347.000000 1576.950073
-11352.028320 1572.707642
-11357.083984 1568.438599
-11362.166016 1564.143066
-11367.275391 1559.820923
-11372.412109 1555.472290
-11377.575195 1551.097046
-11382.765625 1546.695312
-11387.983398 1542.266968
-11393.227539 1537.812134
-11398.499023 1533.330688
-11403.797852 1528.822754
-11409.123047 1524.288208
-11414.475586 1519.727173
-11419.855469 1515.139526
-11425.261719 1510.525391
-11430.695312 1505.884644
-11436.156250 1501.217407
-11441.641602 1496.570679
-11447.151367 1491.928711
-11452.686523 1487.291626
-11458.247070 1482.659302
-11463.833008 1478.031860
-11469.444336 1473.409302
-11475.081055 1468.791504
-11480.743164 1464.178589
-11486.429688 1459.570435
-11492.141602 1454.967163
-11497.878906 1450.368652
-11503.641602 1445.775024
-11509.429688 1441.186157
-11515.243164 1436.602173
-11521.082031 1432.022949
-11526.945312 1427.448608
-11532.833984 1422.879028
-11538.748047 1418.314331
-11544.687500 1413.754395
-11550.652344 1409.199341
-11556.642578 1404.649048
-11562.657227 1400.103638
-11568.697266 1395.562988
-11574.762695 1391.027222
-11580.853516 1386.496338
-11586.969727 1381.970215
-11593.111328 1377.448975
-11599.278320 1372.932495
-11605.469727 1368.420898
-11611.686523 1363.914062
-11617.928711 1359.412109
-11624.196289 1354.914917
-11630.489258 1350.422607
-11636.807617 1345.935059
-11643.151367 1341.452393
-11649.519531 1336.974487
-11655.913086 1332.501465
-11662.332031 1328.033203
-11668.776367 1323.569824
-11675.246094 1319.111206
-11681.725586 1314.660522
-11688.219727 1310.216675
-11694.729492 1305.779785
-11701.253906 1301.349731
-11707.793945 1296.926514
-11714.348633 1292.510254
-11720.917969 1288.100830
-11727.502930 1283.698242
-11734.102539 1279.302612
-11740.717773 1274.913818
-11747.347656 1270.531860
-11753.992188 1266.156860
-11760.652344 1261.788696
-11767.327148 1257.427368
-11774.016602 1253.072998
-11780.721680 1248.725464
-11787.441406 1244.384766
-11794.176758 1240.051025
-11800.926758 1235.724121
-11807.691406 1231.404053
-11814.471680 1227.090942
-11821.266602 1222.784668
-11828.077148 1218.485229
-11834.902344 1214.192749
-11841.742188 1209.907104
-11848.597656 1205.628296
-11855.467773 1201.356323
-11862.352539 1197.091309
-11869.252930 1192.833130
-11876.167969 1188.581787
-11883.098633 1184.337402
-11890.043945 1180.099854
-11897.003906 1175.869141
-11903.979492 1171.645386
-11910.969727 1167.428467
-11917.975586 1163.218384
-11924.996094 1159.015259
-11932.031250 1154.818970
-11939.082031 1150.629517
-11946.147461 1146.447021
-11953.295898 1142.272583
-11960.504883 1138.105835
-11967.774414 1133.946777
-11975.104492 1129.795410
-11982.495117 1125.651733
-11989.945312 1121.515869
-11997.456055 1117.387695
-12005.027344 1113.267212
-12012.659180 1109.154419
-12020.351562 1105.049316
-12028.104492 1100.951904
-12035.917969 1096.862183
-12043.791016 1092.780151
-12051.724609 1088.705811
-12059.718750 1084.639160
-12067.773438 1080.580200
-12075.888672 1076.528931
-12084.064453 1072.485352
-12092.299805 1068.449585
-12100.595703 1064.421509
-12108.952148 1060.401123
-12117.369141 1056.388428
-12125.846680 1052.383423
-12134.384766 1048.386108
-12142.983398 1044.396484
-12151.641602 1040.414551
-12160.360352 1036.440308
-12169.139648 1032.473755
-12177.979492 1028.514893
-12186.879883 1024.563721
-12195.840820 1020.620300
-12204.862305 1016.684570
-12213.943359 1012.756531
-12223.084961 1008.836182
-12232.287109 1004.923584
-12241.549805 1001.018677
-12250.873047 997.121460
-12260.256836 993.231934
-12269.700195 989.350098
-12279.204102 985.475952
-12288.644531 981.620117
-12298.062500 977.778992
-12307.458008 973.952637
-12316.832031 970.141052
-12326.183594 966.344177
-12335.512695 962.562073
-12344.819336 958.794739
-12354.103516 955.042114
-12363.365234 951.304260
-12372.605469 947.581177
-12381.823242 943.872803
-12391.018555 940.179199
-12400.191406 936.500366
-12409.341797 932.836243
-12418.469727 929.186890
-12427.576172 925.552307
-12436.660156 921.932434
-12445.721680 918.327332
-12454.760742 914.737000
-12463.777344 911.161377
-12472.771484 907.600525
-12481.744141 904.054443
-12490.694336 900.523071
-12499.622070 897.006470
-12508.527344 893.504639
-12517.410156 890.017517
-12526.270508 886.545166
-12535.109375 883.087585
-12543.925781 879.644714
-12552.719727 876.216614
-12561.491211 872.803284
-12570.240234 869.404663
-12578.966797 866.020813
-12587.671875 862.651733
-12596.354492 859.297363
-12605.014648 855.957764
-12613.652344 852.632935
-12622.267578 849.322815
-12630.860352 846.027466
-12639.431641 842.746887
-12647.931641 839.439819
-12656.375977 836.120056
-12664.765625 832.787537
-12673.100586 829.442322
-12681.380859 826.084351
-12689.606445 822.713684
-12697.776367 819.330261
-12705.891602 815.934143
-12713.952148 812.525269
-12721.958008 809.103699
-12729.908203 805.669373
-12737.803711 802.222351
-12745.644531 798.762573
-12753.430664 795.290100
-12761.162109 791.804871
-12768.837891 788.306946
-12776.458984 784.796265
-12784.025391 781.272888
-12791.537109 777.736755
-12798.994141 774.187927
-12806.395508 770.626343
-12813.742188 767.052063
-12821.034180 763.465027
-12828.271484 759.865295
-12835.453125 756.252808
-12842.580078 752.627625
-12849.652344 748.989685
-12856.669922 745.339050
-12863.632812 741.675720
-12870.540039 737.999634
-12877.392578 734.310852
-12884.190430 730.609314
-12890.933594 726.895081
-12897.621094 723.168091
-12904.253906 719.428406
-12910.832031 715.675964
-12917.355469 711.910828
-12923.824219 708.132935
-12930.237305 704.342346
-12936.595703 700.539001
-12942.917969 696.757874
-12949.197266 692.987305
-12955.433594 689.227234
-12961.626953 685.477722
-12967.777344 681.738770
-12973.885742 678.010376
-12979.951172 674.292542
-12985.973633 670.585266
-12991.953125 666.888550
-12997.889648 663.202332
-13003.784180 659.526672
-13009.635742 655.861572
-13015.444336 652.207031
-13021.209961 648.563049
-13026.932617 644.929626
-13032.613281 641.306702
-13038.250977 637.694336
-13043.845703 634.092529
-13049.397461 630.501282
-13054.906250 626.920593
-13060.373047 623.350464
-13065.796875 619.790894
-13071.177734 616.241821
-13076.515625 612.703308
-13081.810547 609.175354
-13087.063477 605.657959
-13092.273438 602.151123
-13097.440430 598.654846
-13102.564453 595.169128
-13107.645508 591.693909
-13112.684570 588.229248
-13117.680664 584.775146
-13122.633789 581.331604
-13127.543945 577.898621
-13132.411133 574.476196
-13137.236328 571.064331
-13142.018555 567.662964
-13146.757812 564.272156
-13151.454102 560.891907
-13156.107422 557.522217
-13160.750000 554.140320
-13165.371094 550.753845
-13169.970703 547.362793
-13174.548828 543.967102
-13179.105469 540.566833
-13183.640625 537.161987
-13188.154297 533.752502
-13192.646484 530.338440
-13197.117188 526.919800
-13201.566406 523.496521
-13205.994141 520.068665
-13210.400391 516.636169
-13214.785156 513.199097
-13219.148438 509.757416
-13223.490234 506.311157
-13227.810547 502.860291
-13232.109375 499.404816
-13236.386719 495.944733
-13240.642578 492.480072
-13244.876953 489.010803
-13249.089844 485.536926
-13253.281250 482.058441
-13257.451172 478.575378
-13261.599609 475.087708
-13265.726562 471.595428
-13269.832031 468.098572
-13273.916016 464.597107
-13277.978516 461.091034
-13282.019531 457.580353
-13286.040039 454.065094
-13290.039062 450.545227
-13294.016602 447.020752
-13297.972656 443.491669
-13301.907227 439.958008
-13305.820312 436.419739
-13309.711914 432.876862
-13313.582031 429.329376
-13317.430664 425.777313
-13321.257812 422.220642
-13325.063477 418.659363
-13328.889648 415.104736
-13332.721680 411.553009
-13336.560547 408.004181
-13340.405273 404.458252
-13344.256836 400.915222
-13348.115234 397.375092
-13351.979492 393.837860
-13355.850586 390.303528
-13359.727539 386.772095
-13363.611328 383.243561
-13367.501953 379.717926
-13371.398438 376.195190
-13375.301758 372.675354
-13379.210938 369.158417
-13383.126953 365.644379
-13387.049805 362.133270
-13390.978516 358.625061
-13394.914062 355.119751
-13398.855469 351.617340
-13402.803711 348.117828
-13406.758789 344.621216
-13410.719727 341.127502
-13414.687500 337.636688
-13418.661133 334.148773
-13422.641602 330.663757
-13426.628906 327.181641
-13430.622070 323.702423
-13434.622070 320.226105
-13438.627930 316.752686
-13442.640625 313.282166
-13446.660156 309.814545
-13450.685547 306.349823
-13454.717773 302.888000
-13458.755859 299.429077
-13462.800781 295.973053
-13466.852539 292.519928
-13470.910156 289.069702
-13474.974609 285.622375
-13479.044922 282.177948
-13483.122070 278.736420
-13487.152344 275.296997
-13491.154297 271.859955
-13495.126953 268.425293
-13499.071289 264.993011
-13502.986328 261.563110
-13506.872070 258.135559
-13510.729492 254.710403
-13514.557617 251.287613
-13518.357422 247.867203
-13522.127930 244.449173
-13525.869141 241.033508
-13529.582031 237.620224
-13533.265625 234.209305
-13536.920898 230.800766
-13540.546875 227.394608
-13544.143555 223.990814
-13547.711914 220.589401
-13551.250977 217.190369
-13554.761719 213.793701
-13558.243164 210.399414
-13561.696289 207.007507
-13565.120117 203.617966
-13568.514648 200.230804
-13571.880859 196.846024
-13575.217773 193.463608
-13578.526367 190.083572
-13581.805664 186.705917
-13585.055664 183.330627
-13588.277344 179.957718
-13591.469727 176.587189
-13594.633789 173.219025
-13597.768555 169.853241
-13600.874023 166.489838
-13603.951172 163.128799
-13606.999023 159.770142
-13610.018555 156.413864
-13613.008789 153.059952
-13615.969727 149.708420
-13618.902344 146.359268
-13621.805664 143.012482
-13624.700195 139.681229
-13627.579102 136.361130
-13630.442383 133.052185
-13633.290039 129.754395
-13636.122070 126.467751
-13638.938477 123.192253
-13641.738281 119.927910
-13644.522461 116.674713
-13647.291016 113.432663
-13650.043945 110.201767
-13652.781250 106.982018
-13655.502930 103.773422
-13658.208984 100.575974
-13660.899414 97.389679
-13663.574219 94.214531
-13666.233398 91.050529
-13668.876953 87.897682
-13671.504883 84.755981
-13674.117188 81.625435
-13676.712891 78.506035
-13679.292969 75.397789
-13681.857422 72.300690
-13684.406250 69.214745
-13686.939453 66.139946
-13689.457031 63.076298
-13691.958984 60.023800
-13694.445312 56.982452
-13696.916016 53.952251
-13699.371094 50.933201
-13701.810547 47.925301
-13704.234375 44.928551
-13706.642578 41.942951
-13709.034180 38.968502
-13711.410156 36.005203
-13713.770508 33.053055
-13716.115234 30.112055
-13718.444336 27.182205
-13720.757812 24.263504
-13723.055664 21.355953
-13725.337891 18.459553
-13727.623047 15.562077
-13729.904297 12.667601
-13732.182617 9.776125
-13734.457031 6.887650
-13736.728516 4.002174
-13738.996094 1.119698
-13741.260742 -1.759777
-13743.521484 -4.636253
-13745.779297 -7.509728
-13748.033203 -10.380204
-13750.284180 -13.247680
-13752.531250 -16.112156
-13754.775391 -18.973631
-13757.015625 -21.832106
-13759.252930 -24.687580
-13761.487305 -27.540056
-13763.717773 -30.389532
-13765.945312 -33.236008
-13768.168945 -36.079483
-13770.389648 -38.919960
-13772.606445 -41.757435
-13774.820312 -44.591911
-13777.030273 -47.423386
-13779.237305 -50.251862
-13781.440430 -53.077335
-13783.640625 -55.899811
-13785.836914 -58.719284
-13788.030273 -61.535759
-13790.219727 -64.349236
-13792.406250 -67.159714
-13794.588867 -69.967186
-13796.768555 -72.771660
-13798.944336 -75.573135
-13801.117188 -78.371613
-13803.286133 -81.167084
-13805.452148 -83.959557
-13807.614258 -86.749031
-13809.773438 -89.535507
-13811.928711 -92.318985
-13814.081055 -95.099457
-13816.244141 -97.882370
-13818.414062 -100.665909
-13820.589844 -103.450073
-13822.771484 -106.234863
-13824.958984 -109.020279
-13827.153320 -111.806313
-13829.353516 -114.592972
-13831.559570 -117.380257
-13833.772461 -120.168167
-13835.991211 -122.956703
-13838.215820 -125.745865
-13840.447266 -128.535645
-13842.684570 -131.326050
-13844.927734 -134.117081
-13847.177734 -136.908737
-13849.433594 -139.701019
-13851.695312 -142.493927
-13853.963867 -145.287460
-13856.238281 -148.081619
-13858.518555 -150.876404
-13860.805664 -153.671814
-13863.098633 -156.467850
-13865.397461 -159.264511
-13867.703125 -162.061798
-13870.014648 -164.859711
-13872.332031 -167.658249
-13874.656250 -170.457413
-13876.986328 -173.257202
-13879.322266 -176.057617
-13881.665039 -178.858658
-13884.013672 -181.660324
-13886.368164 -184.462601
-13888.729492 -187.265503
-13891.096680 -190.069031
-13893.469727 -192.873184
-13895.849609 -195.677963
-13898.235352 -198.483368
-13900.626953 -201.289398
-13903.024414 -204.096054
-13905.428711 -206.903336
-13907.820312 -209.702881
-13910.205078 -212.497482
-13912.583984 -215.287125
-13914.956055 -218.071823
-13917.322266 -220.851562
-13919.681641 -223.626358
-13922.035156 -226.396210
-13924.381836 -229.161102
-13926.722656 -231.921051
-13929.056641 -234.676041
-13931.384766 -237.426086
-13933.706055 -240.171188
-13936.021484 -242.911331
-13938.330078 -245.646530
-13940.632812 -248.376770
-13942.928711 -251.102066
-13945.218750 -253.822418
-13947.501953 -256.537811
-13949.779297 -259.248260
-13952.049805 -261.953766
-13954.314453 -264.654297
-13956.572266 -267.349884
-13958.824219 -270.040527
-13961.069336 -272.726227
-13963.308594 -275.406982
-13965.541016 -278.082764
-13967.767578 -280.753601
-13969.987305 -283.419495
-13972.201172 -286.080444
-13974.408203 -288.736450
-13976.609375 -291.387482
-13978.803711 -294.033569
-13980.992188 -296.674713
-13983.173828 -299.310913
-13985.349609 -301.942169
-13987.518555 -304.568451
-13989.681641 -307.189789
-13991.837891 -309.806183
-13993.988281 -312.417633
-13996.131836 -315.024139
-13998.199219 -317.581818
-14000.212891 -320.105286
-14002.173828 -322.594543
-14004.081055 -325.049622
-14005.935547 -327.470490
-14007.736328 -329.857147
-14009.484375 -332.209625
-14011.178711 -334.527893
-14012.820312 -336.811951
-14014.408203 -339.061829
-14015.943359 -341.277496
-14017.424805 -343.458954
-14018.853516 -345.606232
-14020.228516 -347.719299
-14021.550781 -349.798157
-14022.819336 -351.842834
-14024.035156 -353.853302
-14025.197266 -355.829559
-14026.306641 -357.771637
-14027.362305 -359.679504
-14028.365234 -361.553162
-14029.314453 -363.392639
-14030.210938 -365.197906
-14031.053711 -366.968964
-14031.843750 -368.705841
-14032.580078 -370.408508
-14033.263672 -372.076965
-14033.893555 -373.711243
-14034.470703 -375.311310
-14034.994141 -376.877167
-14035.464844 -378.408844
-14035.881836 -379.906311
-14036.246094 -381.369568
-14036.556641 -382.798645
-14036.814453 -384.193512
-14037.018555 -385.554169
-14037.169922 -386.880646
-14037.267578 -388.172913
-14037.312500 -389.430969
-14037.303711 -390.654846
-14037.205078 -391.805786
-14037.028320 -392.896698
-14036.773438 -393.927582
-14036.441406 -394.898438
-14036.031250 -395.809265
-14035.542969 -396.660065
-14034.976562 -397.450836
-14034.333008 -398.181580
-14033.611328 -398.852325
-14032.811523 -399.463043
-14031.933594 -400.013733
-14030.978516 -400.504395
-14029.945312 -400.935028
-14028.833984 -401.305634
-14027.644531 -401.616211
-14026.377930 -401.866760
-14025.033203 -402.057281
-14023.610352 -402.187775
-14022.109375 -402.258270
-14020.531250 -402.268738
-14018.875000 -402.219177
-14017.140625 -402.109589
-14015.328125 -401.939972
-14013.438477 -401.710327
-14011.470703 -401.420654
-14009.424805 -401.070953
-14007.300781 -400.661224
-14005.099609 -400.191467
-14002.820312 -399.661713
-14000.462891 -399.071930
-13998.027344 -398.422119
-13995.514648 -397.712280
-13992.923828 -396.942413
-13990.254883 -396.112518
-13987.508789 -395.222595
-13984.684570 -394.272644
-13981.782227 -393.262665
-13978.801758 -392.192657
-13975.744141 -391.062653
-13972.608398 -389.872620
-13969.444336 -388.644257
-13966.236328 -387.370361
-13962.983398 -386.050903
-13959.686523 -384.685913
-13956.344727 -383.275360
-13952.958008 -381.819244
-13949.527344 -380.317596
-13946.051758 -378.770386
-13942.532227 -377.177643
-13938.967773 -375.539337
-13935.358398 -373.855469
-13931.705078 -372.126068
-13928.006836 -370.351105
-13924.264648 -368.530609
-13920.477539 -366.664551
-13916.645508 -364.752960
-13912.769531 -362.795807
-13908.848633 -360.793091
-13904.883789 -358.744843
-13900.874023 -356.651031
-13896.819336 -354.511688
-13892.720703 -352.326782
-13888.577148 -350.096313
-13884.389648 -347.820312
-13880.157227 -345.498749
-13875.879883 -343.131653
-13871.558594 -340.718994
-13867.192383 -338.260803
-13862.782227 -335.757050
-13858.327148 -333.207733
-13853.827148 -330.612885
-13849.283203 -327.972473
-13844.694336 -325.286530
-13840.061523 -322.555023
-13835.383789 -319.777954
-13830.662109 -316.955353
-13825.895508 -314.087189
-13821.083984 -311.173492
-13816.228516 -308.214233
-13811.328125 -305.209412
-13806.352539 -302.293274
-13801.311523 -299.421051
-13796.205078 -296.592743
-13791.033203 -293.808380
-13785.795898 -291.067932
-13780.493164 -288.371399
-13775.125000 -285.718811
-13769.692383 -283.110138
-13764.194336 -280.545380
-13758.630859 -278.024567
-13753.001953 -275.547668
-13747.307617 -273.114685
-13741.547852 -270.725647
-13735.722656 -268.380524
-13729.832031 -266.079315
-13723.876953 -263.822052
-13717.856445 -261.608704
-13711.770508 -259.439270
-13705.619141 -257.313782
-13699.402344 -255.232208
-13693.120117 -253.194565
-13686.772461 -251.200851
-13680.360352 -249.251053
-13673.882812 -247.345184
-13667.339844 -245.483246
-13660.731445 -243.665222
-13654.057617 -241.891129
-13647.318359 -240.160965
-13640.513672 -238.474716
-13633.643555 -236.832397
-13626.708984 -235.234009
-13619.708984 -233.679535
-13612.643555 -232.168991
-13605.512695 -230.702377
-13598.316406 -229.279678
-13591.054688 -227.900909
-13583.727539 -226.566071
-13576.335938 -225.275146
-13568.878906 -224.028152
-13561.356445 -222.825089
-13553.772461 -221.663437
-13546.125977 -220.544037
-13538.416992 -219.466888
-13530.645508 -218.431976
-13522.811523 -217.439316
-13514.915039 -216.488907
-13506.956055 -215.580750
-13498.934570 -214.714844
-13490.850586 -213.891190
-13482.703125 -213.109787
-13474.493164 -212.370636
-13466.220703 -211.673737
-13457.885742 -211.019089
-13449.488281 -210.406677
-13441.028320 -209.836517
-13432.505859 -209.308609
-13423.920898 -208.822952
-13415.273438 -208.379547
-13406.563477 -207.978394
-13397.791016 -207.619492
-13388.956055 -207.302841
-13380.058594 -207.028442
-13371.097656 -206.796280
-13362.074219 -206.606369
-13352.988281 -206.458710
-13343.839844 -206.353302
-13334.628906 -206.290146
-13325.355469 -206.269241
-13316.019531 -206.290588
-13306.621094 -206.354187
-13297.160156 -206.460037
-13287.636719 -206.608139
-13278.050781 -206.798477
-13268.402344 -207.031067
-13258.691406 -207.305908
-13248.916992 -207.623001
-13239.080078 -207.982346
-13229.180664 -208.383942
-13219.218750 -208.827789
-13209.194336 -209.313889
-13199.160156 -209.866196
-13189.098633 -210.476730
-13179.008789 -211.145493
-13168.891602 -211.872467
-13158.747070 -212.657669
-13148.575195 -213.501099
-13138.375000 -214.402756
-13128.147461 -215.362640
-13117.892578 -216.380753
-13107.610352 -217.457077
-13097.299805 -218.591629
-13086.961914 -219.784409
-13076.596680 -221.035416
-13066.204102 -222.344650
-13055.783203 -223.712112
-13045.334961 -225.137787
-13034.859375 -226.621689
-13024.356445 -228.163818
-13013.826172 -229.764175
-13003.267578 -231.422760
-12992.681641 -233.139572
-12982.068359 -234.914597
-12971.427734 -236.747849
-12960.758789 -238.639328
-12950.062500 -240.589035
-12939.338867 -242.596970
-12928.587891 -244.663132
-12917.808594 -246.787506
-12907.001953 -248.970108
-12896.167969 -251.210938
-12885.306641 -253.509995
-12874.416992 -255.867279
-12863.500000 -258.282776
-12852.555664 -260.756500
-12841.583984 -263.288452
-12830.584961 -265.878632
-12819.557617 -268.527039
-12808.502930 -271.233673
-12797.420898 -273.998535
-12786.311523 -276.821625
-12775.160156 -279.639587
-12763.971680 -282.473541
-12752.747070 -285.323517
-12741.485352 -288.189484
-12730.186523 -291.071442
-12718.850586 -293.969421
-12707.478516 -296.883392
-12696.069336 -299.813354
-12684.623047 -302.759338
-12673.139648 -305.721313
-12661.620117 -308.699280
-12650.063477 -311.693237
-12638.469727 -314.703217
-12626.839844 -317.729187
-12615.172852 -320.771149
-12603.468750 -323.829132
-12591.727539 -326.903107
-12579.950195 -329.993073
-12568.135742 -333.099030
-12556.284180 -336.221008
-12544.395508 -339.358978
-12532.470703 -342.512939
-12520.508789 -345.682922
-12508.509766 -348.868896
-12496.473633 -352.070862
-12484.401367 -355.288818
-12472.291992 -358.522797
-12460.145508 -361.772766
-12447.962891 -365.038727
-12435.743164 -368.320709
-12423.486328 -371.618683
-12411.192383 -374.932648
-12398.862305 -378.262604
-12386.495117 -381.608582
-12374.090820 -384.970551
-12361.649414 -388.348511
-12349.171875 -391.742493
-12336.657227 -395.152466
-12324.105469 -398.578430
-12311.516602 -402.020386
-12298.916992 -405.449677
-12286.296875 -408.875824
-12273.657227 -412.298859
-12260.998047 -415.718781
-12248.318359 -419.135559
-12235.619141 -422.549225
-12222.899414 -425.959747
-12210.160156 -429.367157
-12197.400391 -432.771454
-12184.621094 -436.172607
-12171.822266 -439.570648
-12159.002930 -442.965546
-12146.164062 -446.357330
-12133.304688 -449.746002
-12120.425781 -453.131531
-12107.527344 -456.513947
-12094.608398 -459.893219
-12081.669922 -463.269379
-12068.710938 -466.642426
-12055.732422 -470.012329
-12042.734375 -473.379120
-12029.715820 -476.742767
-12016.677734 -480.103302
-12003.619141 -483.460724
-11990.541016 -486.815002
-11977.443359 -490.166168
-11964.325195 -493.514191
-11951.187500 -496.859100
-11938.029297 -500.200897
-11924.851562 -503.539551
-11911.654297 -506.875092
-11898.436523 -510.207489
-11885.199219 -513.536743
-11871.941406 -516.862915
-11858.664062 -520.185974
-11845.367188 -523.505859
-11832.049805 -526.822632
-11818.712891 -530.136292
-11805.355469 -533.446838
-11791.978516 -536.754272
-11778.570312 -540.064575
-11765.134766 -543.375732
-11751.671875 -546.687744
-11738.181641 -550.000671
-11724.664062 -553.314453
-11711.119141 -556.629089
-11697.546875 -559.944641
-11683.947266 -563.261047
-11670.320312 -566.578308
-11656.666016 -569.896484
-11642.984375 -573.215515
-11629.275391 -576.535400
-11615.539062 -579.856201
-11601.775391 -583.177856
-11587.984375 -586.500366
-11574.166016 -589.823792
-11560.320312 -593.148071
-11546.447266 -596.473206
-11532.546875 -599.799255
-11518.619141 -603.126160
-11504.664062 -606.453918
-11490.681641 -609.782593
-11476.671875 -613.112122
-11462.634766 -616.442505
-11448.570312 -619.773804
-11434.478516 -623.105957
-11420.359375 -626.438965
-11406.212891 -629.772888
-11392.039062 -633.107666
-11377.837891 -636.443298
-11363.609375 -639.779846
-11349.353516 -643.117249
-11335.070312 -646.455505
-11320.759766 -649.794678
-11306.421875 -653.134705
-11292.056641 -656.475586
-11277.664062 -659.817383
-11263.244141 -663.160034
-11248.796875 -666.503540
-11234.322266 -669.847961
-11219.829102 -673.192383
-11205.314453 -676.537109
-11190.778320 -679.882141
-11176.219727 -683.227478
-11161.639648 -686.573120
-11147.038086 -689.919067
-11132.415039 -693.265259
-11117.770508 -696.611755
-11103.104492 -699.958557
-11088.416992 -703.305664
-11073.708008 -706.653076
-11058.976562 -710.000793
-11044.223633 -713.348816
-11029.449219 -716.697144
-11014.653320 -720.045776
-10999.835938 -723.394714
-10984.997070 -726.743958
-10970.136719 -730.093506
-10955.254883 -733.443298
-10940.350586 -736.793396
-10925.424805 -740.143799
-10910.477539 -743.494507
-10895.508789 -746.845520
-10880.518555 -750.196838
-10865.506836 -753.548462
-10850.473633 -756.900391
-10835.418945 -760.252625
-10820.342773 -763.605164
-10805.244141 -766.958008
-10790.124023 -770.311157
-10774.982422 -773.664551
-10759.819336 -777.018250
-10744.634766 -780.372253
-10729.428711 -783.726562
-10714.201172 -787.081177
-10698.952148 -790.436096
-10683.680664 -793.791321
-10668.387695 -797.146851
-10653.073242 -800.502686
-10637.737305 -803.858826
-10622.375977 -807.213623
-10606.990234 -810.567627
-10591.580078 -813.920898
-10576.145508 -817.273376
-10560.686523 -820.625061
-10545.203125 -823.976013
-10529.696289 -827.326172
-10514.165039 -830.675537
-10498.609375 -834.024170
-10483.029297 -837.372009
-10467.424805 -840.719055
-10451.795898 -844.065308
-10436.142578 -847.410828
-10420.464844 -850.755554
-10404.763672 -854.099487
-10389.038086 -857.442688
-10373.288086 -860.785095
-10357.513672 -864.126709
-10341.714844 -867.467590
-10325.891602 -870.807678
-10310.043945 -874.146973
-10294.171875 -877.485474
-10278.275391 -880.823242
-10262.355469 -884.160217
-10246.411133 -887.496399
-10230.442383 -890.831848
-10214.449219 -894.166504
-10198.431641 -897.500366
-10182.389648 -900.833496
-10166.323242 -904.165833
-10150.232422 -907.497375
-10134.118164 -910.828125
-10117.979492 -914.158142
-10101.816406 -917.487366
-10085.628906 -920.815796
-10069.416992 -924.143494
-10053.180664 -927.470398
-10036.919922 -930.796509
-10020.634766 -934.121887
-10004.325195 -937.446472
-9987.994141 -940.768616
-9971.640625 -944.088867
-9955.265625 -947.407288
-9938.868164 -950.723816
-9922.448242 -954.038452
-9906.005859 -957.351257
-9889.541016 -960.662170
-9873.053711 -963.971191
-9856.543945 -967.278320
-9840.011719 -970.583618
-9823.457031 -973.887024
-9806.879883 -977.188538
-9790.280273 -980.488220
-9773.658203 -983.786011
-9757.013672 -987.081909
-9740.346680 -990.375916
-9723.657227 -993.668091
-9706.945312 -996.958374
-9690.210938 -1000.246765
-9673.454102 -1003.533264
-9656.674805 -1006.817932
-9639.873047 -1010.100708
-9623.048828 -1013.381592
-9606.202148 -1016.660645
-9589.333008 -1019.937805
-9572.441406 -1023.213074
-9555.527344 -1026.486450
-9538.590820 -1029.757935
-9521.631836 -1033.027588
-9504.651367 -1036.295410
-9487.648438 -1039.561279
-9470.623047 -1042.825317
-9453.575195 -1046.087524
-9436.504883 -1049.347778
-9419.412109 -1052.606201
-9402.296875 -1055.862671
-9385.159180 -1059.117310
-9367.999023 -1062.370117
-9350.816406 -1065.620972
-9333.611328 -1068.869995
-9316.389648 -1072.121826
-9299.149414 -1075.374878
-9281.890625 -1078.629272
-9264.613281 -1081.884888
-9247.316406 -1085.141724
-9230.000977 -1088.399780
-9212.666992 -1091.659180
-9195.314453 -1094.919800
-9177.943359 -1098.181641
-9160.553711 -1101.444702
-9143.145508 -1104.708984
-9125.718750 -1107.974609
-9108.273438 -1111.241455
-9090.809570 -1114.509521
-9073.327148 -1117.778809
-9055.826172 -1121.049438
-9038.306641 -1124.321289
-9020.768555 -1127.594360
-9003.210938 -1130.868652
-8985.634766 -1134.144287
-8968.040039 -1137.421143
-8950.426758 -1140.699219
-8932.794922 -1143.978516
-8915.144531 -1147.259155
-8897.475586 -1150.541016
-8879.788086 -1153.824097
-8862.082031 -1157.108398
-8844.357422 -1160.394043
-8826.614258 -1163.680908
-8808.852539 -1166.968994
-8791.072266 -1170.258301
-8773.273438 -1173.548950
-8755.455078 -1176.840820
-8737.618164 -1180.133911
-8719.762695 -1183.428223
-8701.888672 -1186.723877
-8683.996094 -1190.020752
-8666.084961 -1193.318848
-8648.155273 -1196.618164
-8630.207031 -1199.918701
-8612.244141 -1203.220581
-8594.265625 -1206.523682
-8576.271484 -1209.828125
-8558.261719 -1213.133789
-8540.236328 -1216.440796
-8522.195312 -1219.749023
-8504.138672 -1223.058594
-8486.066406 -1226.369385
-8467.978516 -1229.681519
-8449.875000 -1232.994873
-8431.755859 -1236.309448
-8413.621094 -1239.625366
-8395.470703 -1242.942505
-8377.304688 -1246.260986
-8359.123047 -1249.580688
-8340.925781 -1252.901733
-8322.712891 -1256.223999
-8304.484375 -1259.547607
-8286.240234 -1262.872437
-8267.980469 -1266.198486
-8249.705078 -1269.525879
-8231.414062 -1272.854492
-8213.107422 -1276.184448
-8194.785156 -1279.515625
-8176.447754 -1282.848145
-8158.094727 -1286.181885
-8139.726074 -1289.516968
-8121.341797 -1292.853271
-8102.941895 -1296.190796
-8084.526367 -1299.529663
-8066.095215 -1302.869751
-8047.648438 -1306.211182
-8029.186035 -1309.553833
-8010.708008 -1312.897827
-7992.214355 -1316.243042
-7973.705078 -1319.589600
-7955.180176 -1322.937378
-7936.639648 -1326.286377
-7918.083496 -1329.636719
-7899.511719 -1332.988281
-7880.921387 -1336.337158
-7862.313477 -1339.684570
-7843.687988 -1343.030518
-7825.044922 -1346.375122
-7806.384277 -1349.718262
-7787.706055 -1353.059937
-7769.010254 -1356.400269
-7750.296875 -1359.739136
-7731.566406 -1363.076538
-7712.818359 -1366.412598
-7694.052734 -1369.747192
-7675.269531 -1373.080322
-7656.468750 -1376.412109
-7637.650391 -1379.742432
-7618.814453 -1383.071289
-7599.960938 -1386.398804
-7581.089844 -1389.724854
-7562.201172 -1393.049438
-7543.294922 -1396.372681
-7524.371094 -1399.694458
-7505.429688 -1403.014771
-7486.470703 -1406.333618
-7467.494141 -1409.651123
-7448.500000 -1412.967163
-7429.488281 -1416.281738
-7410.458984 -1419.594971
-7391.412598 -1422.906738
-7372.348633 -1426.217041
-7353.267090 -1429.526001
-7334.167969 -1432.833496
-7315.051270 -1436.139526
-7295.916992 -1439.444214
-7276.765137 -1442.747437
-7257.595703 -1446.049194
-7238.408691 -1449.349609
-7219.204102 -1452.648560
-7199.981934 -1455.946045
-7180.742188 -1459.242188
-7161.484863 -1462.536865
-7142.209961 -1465.830078
-7122.909180 -1469.125000
-7103.585449 -1472.420532
-7084.238281 -1475.716675
-7064.868164 -1479.013428
-7045.474609 -1482.310791
-7026.058105 -1485.608765
-7006.618164 -1488.907471
-6987.155273 -1492.206787
-6967.668945 -1495.506714
-6948.159668 -1498.807251
-6928.626953 -1502.108398
-6909.071289 -1505.410156
-6889.492676 -1508.712524
-6869.890625 -1512.015503
-6850.265625 -1515.319214
-6830.617188 -1518.623535
-6810.945801 -1521.928467
-6791.250977 -1525.234009
-6771.533203 -1528.540161
-6751.791992 -1531.846924
-6732.027832 -1535.154297
-6712.240234 -1538.462280
-6692.429688 -1541.770996
-6672.595703 -1545.080322
-6652.738770 -1548.390259
-6632.858887 -1551.700806
-6612.955566 -1555.011963
-6593.029297 -1558.323730
-6573.079590 -1561.636108
-6553.106934 -1564.949097
-6533.110840 -1568.262695
-6513.091797 -1571.577026
-6493.049316 -1574.891968
-6472.983887 -1578.207520
-6452.895020 -1581.523682
-6432.783203 -1584.840454
-6412.648438 -1588.157837
-6392.490234 -1591.475830
-6372.309082 -1594.794434
-6352.104492 -1598.113770
-6331.880859 -1601.436523
-6311.636719 -1604.761841
-6291.372070 -1608.089600
-6271.086914 -1611.419922
-6250.781250 -1614.752808
-6230.455078 -1618.088135
-6210.108398 -1621.426025
-6189.741211 -1624.766479
-6169.353516 -1628.109375
-6148.944824 -1631.454834
-6128.515625 -1634.802856
-6108.065918 -1638.153442
-6087.595703 -1641.506470
-6067.104980 -1644.862061
-6046.593750 -1648.220215
-6026.062012 -1651.580811
-6005.509766 -1654.943970
-5984.937012 -1658.309692
-5964.343750 -1661.677856
-5943.729980 -1665.048584
-5923.095703 -1668.421875
-5902.440918 -1671.797607
-5881.765625 -1675.175903
-5861.069824 -1678.556763
-5840.353516 -1681.940063
-5819.616699 -1685.325928
-5798.859375 -1688.714355
-5778.081543 -1692.105225
-5757.283203 -1695.498657
-5736.464355 -1698.894653
-5715.625000 -1702.293213
-5694.765137 -1705.694214
-5673.884766 -1709.097778
-5652.983887 -1712.503906
-5632.062500 -1715.912476
-5611.120605 -1719.323608
-5590.158203 -1722.737305
-5569.174805 -1726.153442
-5548.170898 -1729.572144
-5527.146484 -1732.993408
