-0.053137 0.079575
-0.141700 0.212200
-0.265687 0.397875
-0.425100 0.636600
-0.619937 0.928376
-0.850200 1.273201
-1.115887 1.671076
-1.416999 2.122001
-1.753537 2.625977
-2.125499 3.183002
-2.532886 3.793078
-2.975698 4.456203
-3.453936 5.172379
-3.967598 5.941604
-4.516685 6.763880
-5.101197 7.639205
-5.721134 8.567581
-6.376496 9.549006
-7.067284 10.583482
-7.793496 11.671007
-8.555133 12.811583
-9.352195 14.005208
-10.184682 15.251884
-11.052594 16.551609
-11.955932 17.904385
-12.894694 19.310211
-13.868881 20.769087
-14.878493 22.281013
-15.923531 23.845989
-17.003992 25.464016
-18.119879 27.135092
-19.271191 28.859219
-20.457928 30.636395
-21.680090 32.466621
-22.937677 34.349899
-24.230690 36.286224
-25.559128 38.275600
-26.922989 40.318027
-28.322275 42.413506
-29.756987 44.562031
-31.226149 46.722809
-32.730083 48.909435
-34.268795 51.121910
-35.842281 53.360237
-37.450542 55.624413
-39.093578 57.914440
-40.771389 60.230316
-42.483974 62.572044
-44.231335 64.939621
-46.013470 67.333046
-47.830383 69.752319
-49.682072 72.197449
-51.568535 74.668427
-53.489773 77.165253
-55.445786 79.687927
-57.436573 82.236458
-59.462135 84.810837
-61.522472 87.411064
-63.617584 90.037140
-65.747475 92.689064
-67.912140 95.366844
-70.111580 98.070473
-72.345795 100.799950
-74.614784 103.555275
-76.918549 106.336456
-79.257088 109.143486
-81.630402 111.976364
-84.038490 114.835091
-86.481354 117.719666
-88.958992 120.630096
-91.471405 123.566376
-94.018593 126.528503
-96.600555 129.516479
-99.217293 132.530304
-101.868805 135.569977
-104.555092 138.635498
-107.276154 141.726883
-110.031990 144.844116
-112.822601 147.987198
-115.647987 151.156128
-118.504471 154.332947
-121.393280 157.523636
-124.314415 160.728195
-127.267876 163.946640
-130.253662 167.178955
-133.271774 170.425140
-136.322205 173.685211
-139.404968 176.959152
-142.520050 180.246964
-145.667465 183.548660
-148.847198 186.864227
-152.059265 190.193665
-155.303650 193.536987
-158.580368 196.894180
-161.889404 200.265244
-165.230774 203.650192
-168.604462 207.049011
-172.010468 210.461700
-175.448807 213.888260
-178.919464 217.328705
-182.422455 220.783020
-185.957764 224.251205
-189.525406 227.733276
-193.125366 231.229218
-196.757660 234.739029
-200.422272 238.262726
-204.119217 241.800293
-207.848480 245.351730
-211.610062 248.917053
-215.403976 252.496246
-219.230209 256.089325
-223.088776 259.696259
-226.979660 263.317078
-230.902878 266.951782
-234.858414 270.600342
-238.846283 274.262787
-242.866470 277.939117
-246.918976 281.629303
-251.003815 285.333374
-255.120972 289.051331
-259.257812 292.744415
-263.418549 296.425537
-267.603210 300.094727
-271.811768 303.751953
-276.044220 307.397217
-280.300568 311.030548
-284.580811 314.651917
-288.884949 318.261353
-293.213013 321.858826
-297.564972 325.444366
-301.940826 329.017944
-306.340576 332.579559
-310.764221 336.129242
-315.211761 339.666962
-319.683228 343.192749
-324.178589 346.706573
-328.697845 350.208466
-333.240997 353.698395
-337.808044 357.176361
-342.398987 360.642395
-347.013824 364.096466
-351.652588 367.538605
-356.315247 370.968781
-361.001801 374.387024
-365.712250 377.793304
-370.446594 381.187622
-375.204834 384.570007
-379.987000 387.940430
-384.793060 391.298920
-389.623016 394.645447
-394.476868 397.980011
-399.354614 401.302643
-404.256256 404.613312
-409.181793 407.912048
-414.131256 411.198822
-419.104614 414.473663
-424.101868 417.736542
-429.123016 420.987457
-434.168060 424.226440
-439.237000 427.453461
-444.314362 430.683533
-449.405304 433.911652
-454.509827 437.137817
-459.627930 440.362061
-464.759583 443.584351
-469.904816 446.804688
-475.063629 450.023071
-480.236023 453.239502
-485.421997 456.453979
-490.621552 459.666504
-495.834656 462.877075
-501.061340 466.085693
-506.301605 469.292358
-511.555450 472.497101
-516.822876 475.699890
-522.103882 478.900726
-527.398438 482.099609
-532.706604 485.296539
-538.028320 488.491516
-543.363586 491.684540
-548.712463 494.875610
-554.074890 498.064728
-559.450928 501.251892
-564.840515 504.437134
-570.243652 507.620422
-575.660400 510.801758
-581.090698 513.981140
-586.534607 517.158569
-591.992065 520.334045
-597.463135 523.507568
-602.947754 526.679138
-608.445923 529.848755
-613.957703 533.016418
-619.483032 536.182129
-625.021973 539.345886
-630.574463 542.507690
-636.140503 545.667542
-641.720154 548.825439
-647.313354 551.981445
-652.920166 555.135498
-658.530273 558.271851
-664.147156 561.395813
-669.770813 564.507324
-675.401184 567.606384
-681.038330 570.693054
-686.682190 573.767273
-692.332825 576.829102
-697.990234 579.878479
-703.654358 582.915466
-709.325256 585.940002
-715.002869 588.952148
-720.687256 591.951843
-726.378357 594.939087
-732.076233 597.913940
-737.780884 600.876343
-743.492249 603.826355
-749.210388 606.763916
-754.935242 609.689087
-760.666870 612.601807
-766.405273 615.502075
-772.150391 618.389954
-777.902283 621.265381
-783.660889 624.128418
-789.426270 626.979004
-795.198425 629.817200
-800.977295 632.642944
-806.762939 635.456238
-812.555298 638.257141
-818.354431 641.045593
-824.160339 643.821655
-829.972961 646.585266
-835.792358 649.336487
-841.618469 652.075256
-847.451355 654.801575
-853.291016 657.515503
-859.137390 660.216980
-864.990540 662.906067
-870.850403 665.582703
-876.717041 668.246948
-882.590454 670.898743
-888.449097 673.533020
-894.300171 676.151550
-900.143677 678.754272
-905.979614 681.341187
-911.807983 683.912292
-917.628784 686.467590
-923.441956 689.007080
-929.247559 691.530762
-935.045593 694.038696
-940.836060 696.530823
-946.618958 699.007141
-952.394287 701.467651
-958.162048 703.912354
-963.922241 706.341248
-969.674866 708.754333
-975.419861 711.151611
-981.157288 713.533142
-986.887146 715.898865
-992.609436 718.248779
-998.324158 720.582886
-1004.031311 722.901184
-1009.730896 725.203674
-1015.422913 727.490356
-1021.107361 729.761230
-1026.784180 732.016357
-1032.453491 734.255676
-1038.115234 736.479187
-1043.769409 738.686890
-1049.416016 740.878784
-1055.054932 743.054871
-1060.686279 745.215149
-1066.310059 747.359680
-1071.926270 749.488403
-1077.534912 751.601318
-1083.135986 753.698425
-1088.729492 755.779724
-1094.315430 757.845215
-1099.893799 759.894897
-1105.464600 761.928772
-1111.027832 763.946899
-1116.598633 765.974487
-1122.171875 768.003113
-1127.747681 770.032776
-1133.325928 772.063477
-1138.906738 774.095276
-1144.489990 776.128113
-1150.075806 778.161987
-1155.664062 780.196899
-1161.254761 782.232849
-1166.848022 784.269897
-1172.443726 786.307983
-1178.041992 788.347107
-1183.642700 790.387268
-1189.245972 792.428528
-1194.851685 794.470825
-1200.459961 796.514160
-1206.070679 798.558533
-1211.683960 800.603943
-1217.299683 802.650452
-1222.917969 804.697998
-1228.538696 806.746582
-1234.161987 808.796204
-1239.787720 810.846863
-1245.416016 812.898621
-1251.046753 814.951416
-1256.680054 817.005249
-1262.315796 819.060120
-1267.954102 821.116028
-1273.594849 823.173035
-1279.238159 825.231079
-1284.883911 827.290161
-1290.532227 829.350281
-1296.182983 831.411438
-1301.836182 833.473694
-1307.491943 835.536987
-1313.150146 837.601318
-1318.810913 839.666687
-1324.474121 841.733093
-1330.139893 843.800598
-1335.808105 845.869141
-1341.471313 847.945923
-1347.131958 850.028564
-1352.790161 852.117065
-1358.445801 854.211365
-1364.098877 856.311523
-1369.749512 858.417542
-1375.397583 860.529419
-1381.043091 862.647156
-1386.686157 864.770752
-1392.326660 866.900208
-1397.964600 869.035461
-1403.600098 871.176575
-1409.233032 873.323547
-1414.863403 875.476379
-1420.491333 877.635071
-1426.116699 879.799622
-1431.739502 881.970032
-1437.359741 884.146240
-1442.977539 886.328308
-1448.592773 888.516235
-1454.205444 890.710022
-1459.815674 892.909668
-1465.423340 895.115173
-1471.028442 897.326477
-1476.631104 899.543640
-1482.231201 901.766663
-1487.828735 903.995544
-1493.423828 906.230286
-1499.016357 908.470886
-1504.606323 910.717346
-1510.193848 912.969604
-1515.778809 915.227722
-1521.361206 917.491699
-1526.941162 919.761536
-1532.518555 922.037231
-1538.093384 924.318787
-1543.665771 926.606140
-1549.235596 928.899353
-1554.802856 931.198425
-1560.367554 933.503357
-1565.919678 935.780640
-1571.462646 938.041382
-1576.996338 940.285645
-1582.520874 942.513428
-1588.036133 944.724670
-1593.542236 946.919434
-1599.039062 949.097717
-1604.526611 951.259460
-1610.005005 953.404724
-1615.474121 955.533508
-1620.934082 957.645752
-1626.384766 959.741516
-1631.826294 961.820801
-1637.258545 963.883545
-1642.681519 965.929810
-1648.095337 967.959595
-1653.499878 969.972839
-1658.895264 971.969604
-1664.281372 973.949890
-1669.658325 975.913635
-1675.026001 977.860901
-1680.384399 979.791687
-1685.733643 981.705933
-1691.073608 983.603699
-1696.404419 985.484985
-1701.725952 987.349731
-1707.038330 989.197998
-1712.341431 991.029785
-1717.635254 992.845032
-1722.919922 994.643799
-1728.195312 996.426086
-1733.461548 998.191833
-1738.718506 999.941101
-1743.966309 1001.673828
-1749.204834 1003.390076
-1754.434082 1005.089844
-1759.654175 1006.773071
-1764.864990 1008.439819
-1770.066650 1010.090088
-1775.259033 1011.723816
-1780.472412 1013.395691
-1785.696777 1015.087463
-1790.932007 1016.799133
-1796.178223 1018.530701
-1801.435303 1020.282166
-1806.703369 1022.053528
-1811.982300 1023.844788
-1817.272217 1025.656006
-1822.572998 1027.487061
-1827.884766 1029.338013
-1833.207397 1031.208862
-1838.541016 1033.099609
-1843.885498 1035.010254
-1849.240967 1036.940796
-1854.607300 1038.891235
-1859.984619 1040.861572
-1865.372803 1042.851807
-1870.771973 1044.861938
-1876.182007 1046.891968
-1881.603027 1048.941895
-1887.034912 1051.011719
-1892.477783 1053.101440
-1897.931519 1055.211060
-1903.396240 1057.340576
-1908.871826 1059.489990
-1914.358398 1061.659302
-1919.855835 1063.848511
-1925.364258 1066.057617
-1930.883545 1068.286621
-1936.413818 1070.535522
-1941.954956 1072.804321
-1947.507080 1075.093140
-1953.070068 1077.401855
-1958.644043 1079.730469
-1964.228882 1082.078979
-1969.824707 1084.447388
-1975.431396 1086.835693
-1981.049072 1089.243896
-1986.677612 1091.671997
-1992.317139 1094.119995
-1997.972290 1096.604980
-2003.641602 1099.121216
-2009.325073 1101.668823
-2015.022705 1104.247681
-2020.734375 1106.857788
-2026.460205 1109.499268
-2032.200195 1112.171997
-2037.954224 1114.876099
-2043.722412 1117.611450
-2049.504639 1120.378052
-2055.301025 1123.176025
-2061.111572 1126.005249
-2066.936279 1128.865845
-2072.775146 1131.757690
-2078.628174 1134.680908
-2084.495361 1137.635376
-2090.376465 1140.621094
-2096.271729 1143.638184
-2102.181152 1146.686523
-2108.104736 1149.766235
-2114.042480 1152.877197
-2119.994385 1156.019409
-2125.960449 1159.192993
-2131.940430 1162.397827
-2137.934570 1165.634033
-2143.942871 1168.901489
-2149.965332 1172.200195
-2156.001953 1175.530273
-2162.052734 1178.891602
-2168.117676 1182.284302
-2174.196533 1185.708252
-2180.289551 1189.163452
-2186.396729 1192.650024
-2192.518066 1196.167847
-2198.653564 1199.717041
-2204.803223 1203.297485
-2210.966797 1206.909302
-2217.144531 1210.552368
-2223.336426 1214.226685
-2229.542480 1217.932373
-2235.731201 1221.580444
-2241.913330 1225.200684
-2248.088623 1228.792969
-2254.257080 1232.357300
-2260.418701 1235.893677
-2266.573486 1239.402222
-2272.721436 1242.882812
-2278.862549 1246.335449
-2284.997070 1249.760132
-2291.124756 1253.156982
-2297.245605 1256.525879
-2303.359619 1259.866821
-2309.466797 1263.179810
-2315.567139 1266.464966
-2321.660645 1269.722168
-2327.747559 1272.951416
-2333.827637 1276.152710
-2339.900879 1279.326050
-2345.967285 1282.471558
-2352.026855 1285.589111
-2358.079590 1288.678711
-2364.125488 1291.740356
-2370.164795 1294.774170
-2376.197266 1297.780029
-2382.222900 1300.757935
-2388.241699 1303.707886
-2394.253662 1306.630005
-2400.258789 1309.524170
-2406.257080 1312.390381
-2412.248779 1315.228638
-2418.233643 1318.039062
-2424.211670 1320.821533
-2430.182861 1323.576050
-2436.147217 1326.302612
-2442.104736 1329.001343
-2448.055420 1331.672119
-2453.999512 1334.314941
-2459.936768 1336.929810
-2465.867188 1339.516724
-2471.790771 1342.075806
-2477.716309 1344.666016
-2483.640869 1347.267822
-2489.564453 1349.881104
-2495.487061 1352.505859
-2501.408936 1355.142090
-2507.329834 1357.789795
-2513.249756 1360.449097
-2519.168701 1363.119873
-2525.086670 1365.802124
-2531.003662 1368.495850
-2536.919678 1371.201050
-2542.834717 1373.917847
-2548.748779 1376.646118
-2554.662109 1379.385864
-2560.574463 1382.137085
-2566.485840 1384.899902
-2572.396240 1387.674194
-2578.305664 1390.459961
-2584.214111 1393.257202
-2590.121582 1396.065918
-2596.028076 1398.886230
-2601.933594 1401.718018
-2607.838379 1404.561279
-2613.742188 1407.416016
-2619.645020 1410.282227
-2625.546875 1413.160034
-2631.447754 1416.049316
-2637.347656 1418.950073
-2643.246582 1421.862305
-2649.144531 1424.786011
-2655.041504 1427.721313
-2660.937744 1430.668091
-2666.833008 1433.626343
-2672.727295 1436.596069
-2678.620605 1439.577271
-2684.512939 1442.570068
-2690.404297 1445.574341
-2696.294678 1448.590088
-2702.184082 1451.617310
-2708.072510 1454.656006
-2713.974609 1457.703247
-2719.885254 1460.759888
-2725.804443 1463.825928
-2731.732422 1466.901489
-2737.668945 1469.986450
-2743.614258 1473.080933
-2749.568115 1476.184814
-2755.530762 1479.298096
-2761.501953 1482.420898
-2767.481689 1485.553101
-2773.470215 1488.694824
-2779.467285 1491.845947
-2785.473145 1495.006470
-2791.487549 1498.176514
-2797.510742 1501.355957
-2803.542480 1504.544922
-2809.582764 1507.743286
-2815.631836 1510.951172
-2821.689453 1514.168457
-2827.755859 1517.395142
-2833.830811 1520.631348
-2839.914551 1523.876953
-2846.006836 1527.132080
-2852.107666 1530.396606
-2858.217285 1533.670532
-2864.335449 1536.953979
-2870.462402 1540.246826
-2876.597900 1543.549194
-2882.742188 1546.860962
-2888.895020 1550.182251
-2895.056396 1553.512939
-2901.226562 1556.853027
-2907.405273 1560.202637
-2913.592773 1563.561646
-2919.788818 1566.930176
-2925.993652 1570.308105
-2932.207031 1573.695435
-2938.428955 1577.092285
-2944.659668 1580.498535
-2950.898926 1583.914307
-2957.126709 1587.343994
-2963.349854 1590.786011
-2969.568115 1594.240479
-2975.781738 1597.707397
-2981.990479 1601.186768
-2988.194336 1604.678589
-2994.393555 1608.182739
-3000.587891 1611.699341
-3006.777588 1615.228394
-3012.962402 1618.769897
-3019.142578 1622.323730
-3025.317871 1625.890015
-3031.488525 1629.468750
-3037.654297 1633.059937
-3043.815186 1636.663574
-3049.971436 1640.279541
-3056.122803 1643.907959
-3062.269531 1647.548828
-3068.411377 1651.202148
-3074.548584 1654.867920
-3080.680908 1658.546021
-3086.808350 1662.236572
-3092.931152 1665.939575
-3099.049072 1669.655029
-3105.162354 1673.382812
-3111.270752 1677.123047
-3117.374512 1680.875732
-3123.473389 1684.640869
-3129.567627 1688.418457
-3135.656982 1692.208374
-3141.741455 1696.010742
-3147.821289 1699.825562
-3153.896240 1703.652832
-3159.966553 1707.492554
-3166.031982 1711.344604
-3172.092773 1715.209106
-3178.148682 1719.086060
-3184.199951 1722.975464
-3190.246338 1726.877197
-3196.287842 1730.791382
-3202.331299 1734.706299
-3208.374512 1738.625854
-3214.417236 1742.550049
-3220.459717 1746.478882
-3226.501709 1750.412354
-3232.543457 1754.350464
-3238.584717 1758.293213
-3244.625732 1762.240479
-3250.666504 1766.192383
-3256.706787 1770.148926
-3262.746826 1774.110107
-3268.786377 1778.075928
-3274.825684 1782.046387
-3280.864502 1786.021484
-3286.903076 1790.001221
-3292.941406 1793.985596
-3298.979248 1797.974487
-3305.016846 1801.968018
-3311.053955 1805.966187
-3317.090820 1809.968994
-3323.127197 1813.976440
-3329.163330 1817.988525
-3335.199219 1822.005249
-3341.234619 1826.026611
-3347.269775 1830.052612
-3353.304443 1834.083130
-3359.338867 1838.118286
-3365.372803 1842.158081
-3371.406494 1846.202515
-3377.439697 1850.251587
-3383.472656 1854.305298
-3389.505371 1858.363647
-3395.537598 1862.426636
-3401.569580 1866.494141
-3407.601074 1870.566284
-3413.632324 1874.643066
-3419.663086 1878.724487
-3425.693604 1882.810547
-3431.723877 1886.901245
-3437.753662 1890.996582
-3443.796631 1895.088745
-3449.848145 1899.180420
-3455.908447 1903.271484
-3461.977295 1907.362061
-3468.054932 1911.452026
-3474.141113 1915.541504
-3480.236084 1919.630371
-3486.339600 1923.718750
-3492.451660 1927.806519
-3498.572510 1931.893799
-3504.701904 1935.980469
-3510.840088 1940.066650
-3516.986816 1944.152222
-3523.142334 1948.237305
-3529.306396 1952.321777
-3535.479004 1956.405762
-3541.660400 1960.489136
-3547.850342 1964.572021
-3554.049072 1968.654297
-3560.256348 1972.736084
-3566.472412 1976.817261
-3572.697021 1980.897949
-3578.930176 1984.978027
-3585.172119 1989.057617
-3591.422607 1993.136597
-3597.681885 1997.215088
-3603.949707 2001.292969
-3610.226318 2005.370361
-3616.511475 2009.447144
-3622.805176 2013.523315
-3629.107666 2017.598999
-3635.418701 2021.674072
-3641.738525 2025.748657
-3648.066895 2029.822632
-3654.404053 2033.896118
-3660.749756 2037.968994
-3667.104004 2042.041382
-3673.467041 2046.113159
-3679.838623 2050.184326
-3686.218994 2054.255127
-3692.583252 2058.304443
-3698.939697 2062.339355
-3705.288574 2066.359863
-3711.629639 2070.365967
-3717.962891 2074.357422
-3724.288330 2078.334473
-3730.605957 2082.297119
-3736.915771 2086.245361
-3743.218018 2090.179199
-3749.512451 2094.098389
-3755.799072 2098.003174
-3762.077881 2101.893555
-3768.348877 2105.769531
-3774.612061 2109.631104
-3780.867432 2113.478027
-3787.115234 2117.310547
-3793.355225 2121.128662
-3799.587402 2124.932373
-3805.811768 2128.721680
-3812.028320 2132.496582
-3818.237061 2136.256836
-3824.438232 2140.002686
-3830.631592 2143.734131
-3836.817139 2147.451172
-3842.994873 2151.153809
-3849.164795 2154.841797
-3855.326904 2158.515381
-3861.481201 2162.174561
-3867.627930 2165.819336
-3873.766846 2169.449707
-3879.897949 2173.065430
-3886.021240 2176.666748
-3892.136719 2180.253662
-3898.244385 2183.826172
-3904.344482 2187.384277
-3910.436768 2190.927979
-3916.521240 2194.457031
-3922.597900 2197.971680
-3928.666748 2201.471924
-3934.727783 2204.957764
-3940.797607 2208.450439
-3946.870361 2211.942871
-3952.946289 2215.435059
-3959.025391 2218.927246
-3965.107666 2222.419189
-3971.193115 2225.910889
-3977.281738 2229.402344
-3983.373535 2232.893555
-3989.468506 2236.384766
-3995.566650 2239.875732
-4001.667969 2243.366455
-4007.772461 2246.856934
-4013.879883 2250.347168
-4019.990479 2253.837158
-4026.104248 2257.327148
-4032.221191 2260.816895
-4038.341309 2264.306396
-4044.464600 2267.795654
-4050.591064 2271.284668
-4056.720703 2274.773682
-4062.853516 2278.262451
-4068.989502 2281.750977
-4075.128418 2285.239258
-4081.270508 2288.727295
-4087.415771 2292.215088
-4093.564209 2295.702881
-4099.715820 2299.190430
-4105.870605 2302.677734
-4112.028320 2306.164795
-4118.189453 2309.651611
-4124.353516 2313.138428
-4130.520996 2316.625000
-4136.691406 2320.111328
-4142.865234 2323.597412
-4149.041992 2327.083252
-4155.222168 2330.568848
-4161.405273 2334.054443
-4167.591309 2337.539795
-4173.780762 2341.024902
-4179.973145 2344.509766
-4186.144531 2347.979004
-4192.302734 2351.437744
-4198.447754 2354.885986
-4204.579590 2358.323730
-4210.698242 2361.750732
-4216.803711 2365.167236
-4222.895996 2368.573242
-4228.975098 2371.968750
-4235.041016 2375.353760
-4241.093750 2378.728271
-4247.133301 2382.092285
-4253.159668 2385.445801
-4259.172852 2388.788818
-4265.172852 2392.121094
-4271.159668 2395.442871
-4277.133301 2398.754150
-4283.093750 2402.054932
-4289.041016 2405.345215
-4294.975098 2408.625000
-4300.895996 2411.894287
-4306.803711 2415.153076
-4312.698242 2418.401367
-4318.579590 2421.638916
-4324.447754 2424.865967
-4330.302734 2428.082520
-4336.144531 2431.288574
-4341.973145 2434.484131
-4347.788574 2437.669189
-4353.590820 2440.843750
-4359.379883 2444.007812
-4365.155762 2447.161377
-4370.918457 2450.304199
-4376.667969 2453.436523
-4382.404297 2456.558350
-4388.127441 2459.669678
-4393.837402 2462.770508
-4399.534180 2465.860840
-4405.217773 2468.940674
-4410.888184 2472.010010
-4416.545410 2475.068848
-4422.203613 2478.124512
-4427.857910 2481.174805
-4433.508301 2484.219482
-4439.155273 2487.258545
-4444.798340 2490.292236
-4450.437500 2493.320312
-4456.072754 2496.342773
-4461.704102 2499.359863
-4467.331543 2502.371338
-4472.955566 2505.377441
-4478.575684 2508.377930
-4484.191895 2511.372803
-4489.804199 2514.362305
-4495.412598 2517.346191
-4501.017090 2520.324463
-4506.618164 2523.297363
-4512.215332 2526.264648
-4517.808594 2529.226318
-4523.397949 2532.182617
-4528.983398 2535.133301
-4534.564941 2538.078613
-4540.143066 2541.018311
-4545.717285 2543.952393
-4551.287598 2546.881104
-4556.854004 2549.804199
-4562.416504 2552.721680
-4567.975098 2555.633789
-4573.530273 2558.540283
-4579.081543 2561.441406
-4584.628906 2564.336914
-4590.172363 2567.226807
-4595.711914 2570.111328
-4601.247559 2572.990234
-4606.779785 2575.863525
-4612.308105 2578.731445
-4617.832520 2581.593750
-4623.353027 2584.450684
-4628.869629 2587.302002
-4634.382324 2590.147705
-4639.891602 2592.988037
-4645.417480 2595.829834
-4650.953125 2598.670654
-4656.499023 2601.510742
-4662.054688 2604.350098
-4667.620605 2607.188477
-4673.196289 2610.026123
-4678.781738 2612.863037
-4684.377441 2615.698975
-4689.982910 2618.534180
-4695.598145 2621.368408
-4701.223633 2624.201904
-4706.858887 2627.034668
-4712.504395 2629.866455
-4718.159668 2632.697510
-4723.824707 2635.527832
-4729.500000 2638.357178
-4735.185059 2641.185791
-4740.879883 2644.013428
-4746.584961 2646.840332
-4752.299805 2649.666504
-4758.024902 2652.491699
-4763.759766 2655.316162
-4769.504395 2658.139893
-4775.259277 2660.962646
-4781.023926 2663.784668
-4786.798828 2666.605713
-4792.583496 2669.426025
-4798.377930 2672.245605
-4804.182617 2675.064209
-4809.997070 2677.882080
-4815.821289 2680.698975
-4821.655762 2683.515137
-4827.500000 2686.330566
-4833.354492 2689.145020
-4839.218750 2691.958740
-4845.092773 2694.771729
-4850.977051 2697.583740
-4856.871094 2700.395020
-4862.774902 2703.205322
-4868.688965 2706.014893
-4874.604492 2708.832520
-4880.524414 2711.655029
-4886.448730 2714.482666
-4892.377441 2717.315430
-4898.310547 2720.153320
-4904.248047 2722.996094
-4910.189941 2725.843994
-4916.136230 2728.697021
-4922.086914 2731.554932
-4928.041992 2734.417969
-4934.001465 2737.286133
-4939.965332 2740.159180
-4945.933594 2743.037354
-4951.906250 2745.920654
-4957.883301 2748.808838
-4963.864746 2751.702148
-4969.850586 2754.600586
-4975.840820 2757.503906
-4981.835449 2760.412354
-4987.834473 2763.325928
-4993.837891 2766.244385
-4999.845703 2769.167969
-5005.857910 2772.096680
-5011.874512 2775.030518
-5017.895508 2777.969238
-5023.920898 2780.913086
-5029.950684 2783.862061
-5035.984863 2786.815918
-5042.023438 2789.774902
-5048.066406 2792.739014
-5054.113770 2795.708008
-5060.165527 2798.682129
-5066.221680 2801.661377
-5072.282227 2804.645508
-5078.347656 2807.634766
-5084.417480 2810.629150
-5090.491699 2813.628418
-5096.570312 2816.632812
-5102.653320 2819.642334
-5108.740723 2822.656982
-5114.845703 2825.654785
-5120.963867 2828.643066
-5127.095215 2831.621826
-5133.239746 2834.591309
-5139.397949 2837.551270
-5145.569336 2840.501709
-5151.753906 2843.442627
-5157.951660 2846.374023
-5164.162598 2849.295898
-5170.387207 2852.208496
-5176.625000 2855.111572
-5182.875977 2858.005127
-5189.140137 2860.889160
-5195.417480 2863.763672
-5201.708008 2866.628906
-5208.012207 2869.484619
-5214.329590 2872.330811
-5220.660156 2875.167480
-5227.003906 2877.994629
-5233.360840 2880.812500
-5239.731445 2883.620850
-5246.115234 2886.419678
-5252.512207 2889.208984
-5258.922363 2891.988770
-5265.345703 2894.759277
-5271.782715 2897.520264
-5278.232910 2900.271729
-5284.696289 2903.013672
-5291.172852 2905.746094
-5297.662598 2908.468994
-5304.165527 2911.182617
-5310.682129 2913.886719
-5317.211914 2916.581299
-5323.754883 2919.266357
-5330.311035 2921.941895
-5336.880371 2924.608154
-5343.463379 2927.264893
-5350.059570 2929.912109
-5356.668945 2932.549805
-5363.291504 2935.177979
-5369.938965 2937.809814
-5376.607422 2940.440918
-5383.297363 2943.071289
-5390.008301 2945.700928
-5396.740234 2948.329834
-5403.493164 2950.958008
-5410.267090 2953.585449
-5417.062012 2956.212158
-5423.878418 2958.838135
-5430.715820 2961.463379
-5437.574219 2964.087646
-5444.453613 2966.711182
-5451.354004 2969.333984
-5458.275391 2971.956055
-5465.218262 2974.577393
-5472.182129 2977.197998
-5479.166992 2979.817871
-5486.172852 2982.437012
-5493.199707 2985.055420
-5500.247559 2987.673096
-5507.316895 2990.290039
-5514.407227 2992.906250
-5521.518555 2995.521729
-5528.650879 2998.136475
-5535.804199 3000.750244
-5542.978516 3003.363281
-5550.173828 3005.975586
-5557.390625 3008.587158
-5564.628418 3011.197998
-5571.887207 3013.808105
-5579.166992 3016.417480
-5586.467773 3019.026123
-5593.789551 3021.634033
-5601.132812 3024.241211
-5608.497070 3026.847656
-5615.882324 3029.453369
-5623.288574 3032.058350
-5630.715820 3034.662354
-5638.164062 3037.265625
-5645.633789 3039.868164
-5653.114746 3042.471436
-5660.609863 3045.074707
-5668.119629 3047.678223
-5675.644043 3050.281982
-5683.183105 3052.885742
-5690.736328 3055.489746
-5698.304199 3058.093750
-5705.886719 3060.697998
-5713.483887 3063.302490
-5721.095215 3065.906982
-5728.721191 3068.511719
-5736.361816 3071.116699
-5744.017090 3073.721680
-5751.686523 3076.326904
-5759.370605 3078.932129
-5767.069336 3081.537598
-5774.782715 3084.143311
-5782.510254 3086.749023
-5790.252441 3089.354980
-5798.009277 3091.960938
-5805.780762 3094.567139
-5813.566406 3097.173584
-5821.366699 3099.780029
-5829.181641 3102.386719
-5837.011230 3104.993652
-5844.854980 3107.600586
-5852.713379 3110.207764
-5860.586426 3112.814941
-5868.474121 3115.422363
-5876.375977 3118.030029
-5884.292480 3120.637695
-5892.223633 3123.245605
-5900.169434 3125.853516
-5908.129395 3128.461670
-5916.104004 3131.070068
-5924.093262 3133.678467
-5932.097168 3136.287109
-5940.115234 3138.895996
-5948.147949 3141.504883
-5956.195312 3144.114014
-5964.223145 3146.692383
-5972.242676 3149.250244
-5980.254395 3151.787842
-5988.257812 3154.304932
-5996.253418 3156.801514
-6004.240723 3159.277832
-6012.219727 3161.733643
-6020.190918 3164.168945
-6028.153809 3166.583984
-6036.108887 3168.978516
-6044.055664 3171.352539
-6051.994629 3173.706299
-6059.925293 3176.039551
-6067.847656 3178.352295
-6075.762207 3180.644775
-6083.668457 3182.916748
-6091.566895 3185.168213
-6099.457031 3187.399414
-6107.338867 3189.610107
-6115.212891 3191.800293
-6123.078613 3193.970215
-6130.936523 3196.119629
-6138.786133 3198.248535
-6146.627441 3200.357178
-6154.460938 3202.445312
-6162.286133 3204.512939
-6170.103516 3206.560303
-6177.912598 3208.587158
-6185.713867 3210.593506
-6193.506836 3212.579590
-6201.291504 3214.545166
-6209.068359 3216.490234
-6216.836914 3218.415039
-6224.597656 3220.319336
-6232.350098 3222.203125
-6240.094238 3224.066650
-6247.830566 3225.909668
-6255.558594 3227.732422
-6263.278809 3229.534668
-6270.990723 3231.316406
-6278.686035 3233.095215
-6286.367676 3234.865234
-6294.035645 3236.626465
-6301.689941 3238.378906
-6309.330566 3240.122559
-6316.957520 3241.857422
-6324.570801 3243.583496
-6332.170410 3245.300781
-6339.756348 3247.009277
-6347.328613 3248.708984
-6354.887207 3250.399658
-6362.432129 3252.081543
-6369.963379 3253.754639
-6377.480469 3255.418945
-6384.983887 3257.074463
-6392.473633 3258.721191
-6399.949707 3260.359131
-6407.412109 3261.988281
-6414.860840 3263.608643
-6422.295898 3265.220215
-6429.717285 3266.822998
-6437.125000 3268.416992
-6444.519043 3270.002197
-6451.899414 3271.578613
-6459.266113 3273.146240
-6466.619141 3274.705078
-6473.958496 3276.255127
-6481.284180 3277.796387
-6488.596191 3279.328857
-6495.894531 3280.852539
-6503.179199 3282.367432
-6510.449707 3283.873535
-6517.706543 3285.370850
-6524.949707 3286.859131
-6532.179199 3288.338623
-6539.395020 3289.809326
-6546.597168 3291.271240
-6553.785645 3292.724365
-6560.960449 3294.168701
-6568.121582 3295.604248
-6575.291016 3297.049316
-6582.461426 3298.497803
-6589.632324 3299.949707
-6596.804199 3301.404785
-6603.977051 3302.863281
-6611.150879 3304.325195
-6618.325684 3305.790527
-6625.501465 3307.259277
-6632.678223 3308.731445
-6639.855469 3310.206787
-6647.033691 3311.685547
-6654.212891 3313.167725
-6661.393066 3314.653320
-6668.574219 3316.142334
-6675.756348 3317.634766
-6682.938965 3319.130371
-6690.122559 3320.629395
-6697.307129 3322.131836
-6704.492676 3323.637695
-6711.679199 3325.146973
-6718.866699 3326.659424
-6726.054688 3328.175293
-6733.243652 3329.694580
-6740.433594 3331.217285
-6747.624512 3332.743408
-6754.816406 3334.272949
-6762.009277 3335.805664
-6769.203125 3337.341797
-6776.397461 3338.881348
-6783.592773 3340.424316
-6790.789062 3341.970703
-6797.986328 3343.520508
-6805.184570 3345.073486
-6812.383789 3346.629883
-6819.583496 3348.189697
-6826.784180 3349.752930
-6833.985840 3351.319580
-6841.188477 3352.889404
-6848.392090 3354.462646
-6855.596680 3356.039307
-6862.808105 3357.606934
-6870.024414 3359.169678
-6877.245605 3360.727539
-6884.471680 3362.280518
-6891.702637 3363.828613
-6898.938477 3365.371826
-6906.179199 3366.910156
-6913.424805 3368.443604
-6920.675293 3369.972168
-6927.930664 3371.495605
-6935.190918 3373.014160
-6942.456055 3374.527832
-6949.726074 3376.036621
-6957.000977 3377.540527
-6964.280273 3379.039551
-6971.564453 3380.533691
-6978.853516 3382.022949
-6986.147461 3383.507324
-6993.446289 3384.986816
-7000.750000 3386.461426
-7008.058594 3387.931152
-7015.372070 3389.395996
-7022.690430 3390.855957
-7030.013672 3392.310791
-7037.341797 3393.760742
-7044.674805 3395.205811
-7052.012695 3396.645996
-7059.355469 3398.081299
-7066.703125 3399.511719
-7074.055664 3400.937256
-7081.413086 3402.357910
-7088.775391 3403.773682
-7096.142578 3405.184570
-7103.514648 3406.590576
-7110.891602 3407.991699
-7118.273438 3409.387939
-7125.660156 3410.779297
-7133.051758 3412.165527
-7140.448242 3413.546875
-7147.849609 3414.923340
-7155.260254 3416.329102
-7162.678711 3417.752930
-7170.104492 3419.194580
-7177.538086 3420.654053
-7184.979492 3422.131592
-7192.428711 3423.626953
-7199.885254 3425.140137
-7207.349609 3426.671387
-7214.821777 3428.220459
-7222.301758 3429.787354
-7229.789062 3431.372314
-7237.284180 3432.975098
-7244.787109 3434.595703
-7252.297852 3436.234375
-7259.816406 3437.890869
-7267.342285 3439.565186
-7274.875977 3441.257324
-7282.417480 3442.967529
-7289.966797 3444.695557
-7297.523438 3446.441406
-7305.087891 3448.205322
-7312.660156 3449.987061
-7320.240234 3451.786621
-7327.827637 3453.604248
-7335.422852 3455.439697
-7343.025879 3457.292969
-7350.636719 3459.164307
-7358.255371 3461.053467
-7365.881348 3462.960449
-7373.515137 3464.885498
-7381.156738 3466.828369
-7388.806152 3468.789062
-7396.462891 3470.767822
-7404.127441 3472.764404
-7411.799805 3474.778809
-7419.479980 3476.811279
-7427.167480 3478.861572
-7434.862793 3480.929688
-7442.565918 3483.015625
-7450.276855 3485.119629
-7458.011230 3487.207764
-7465.763672 3489.291260
-7473.534668 3491.369873
-7481.323730 3493.443848
-7489.130859 3495.513184
-7496.956543 3497.577881
-7504.800293 3499.637939
-7512.662109 3501.693359
-7520.541992 3503.744141
-7528.440430 3505.790283
-7536.356934 3507.831787
-7544.291504 3509.868652
-7552.244629 3511.900879
-7560.215820 3513.928467
-7568.205078 3515.951416
-7576.212891 3517.969727
-7584.238770 3519.983398
-7592.282715 3521.992432
-7600.345215 3523.996826
-7608.425781 3525.996582
-7616.524414 3527.991699
-7624.641602 3529.982178
-7632.776855 3531.968018
-7640.930176 3533.948975
-7649.102051 3535.925293
-7657.291992 3537.896973
-7665.500000 3539.864014
-7673.726562 3541.826416
-7681.971191 3543.784180
-7690.233887 3545.737305
-7698.515137 3547.685791
-7706.814453 3549.629639
-7715.131836 3551.568848
-7723.467773 3553.503418
-7731.821777 3555.433350
-7740.193848 3557.358643
-7748.584473 3559.279297
-7756.993164 3561.195312
-7765.419922 3563.106689
-7773.865234 3565.013428
-7782.324707 3566.914795
-7790.799805 3568.811035
-7799.290527 3570.701904
-7807.797363 3572.587646
-7816.319824 3574.468262
-7824.857910 3576.343750
-7833.411621 3578.214111
-7841.980957 3580.079346
-7850.565918 3581.939453
-7859.166504 3583.794434
-7867.783203 3585.644287
-7876.415527 3587.489014
-7885.063477 3589.328613
-7893.727051 3591.162842
-7902.406250 3592.991943
-7911.101074 3594.815918
-7919.812012 3596.634766
-7928.538574 3598.448486
-7937.280762 3600.257080
-7946.038574 3602.060547
-7954.812012 3603.858887
-7963.601074 3605.652100
-7972.406250 3607.440186
-7981.227051 3609.222900
-7990.063477 3611.000488
-7998.915527 3612.772949
-8007.783203 3614.540283
-8016.666504 3616.302490
-8025.565430 3618.059570
-8034.480469 3619.811523
-8043.411133 3621.558350
-8052.357422 3623.300049
-8061.319336 3625.036621
-8070.296875 3626.768066
-8079.290039 3628.494141
-8088.299316 3630.215088
-8097.324219 3631.930908
-8106.364746 3633.641602
-8115.420898 3635.347168
-8124.492676 3637.047607
-8133.604004 3638.729248
-8142.747070 3640.396729
-8151.921387 3642.050049
-8161.127441 3643.689209
-8170.364746 3645.314209
-8179.633789 3646.924805
-8188.934570 3648.521240
-8198.266602 3650.103516
-8207.629883 3651.671631
-8217.025391 3653.225586
-8226.452148 3654.765381
-8235.910156 3656.290771
-8245.400391 3657.802002
-8254.921875 3659.299072
-8264.474609 3660.781982
-8274.059570 3662.250732
-8283.675781 3663.705322
-8293.323242 3665.145508
-8303.002930 3666.571533
-8312.713867 3667.983398
-8322.456055 3669.381104
-8332.229492 3670.764648
-8342.035156 3672.134033
-8351.872070 3673.489258
-8361.740234 3674.830078
-8371.640625 3676.156738
-8381.572266 3677.469238
-8391.535156 3678.767578
-8401.530273 3680.051758
-8411.556641 3681.321777
-8421.614258 3682.577393
-8431.704102 3683.818848
-8441.825195 3685.046143
-8451.977539 3686.259277
-8462.161133 3687.458252
-8472.376953 3688.643066
-8482.624023 3689.813477
-8492.902344 3690.969727
-8503.212891 3692.111816
-8513.554688 3693.239746
-8523.930664 3694.385986
-8534.339844 3695.539795
-8544.782227 3696.701172
-8555.257812 3697.870117
-8565.766602 3699.046631
-8576.308594 3700.230713
-8586.883789 3701.422363
-8597.492188 3702.621582
-8608.133789 3703.828369
-8618.808594 3705.042725
-8629.516602 3706.264648
-8640.257812 3707.494141
-8651.032227 3708.730957
-8661.839844 3709.975342
-8672.680664 3711.227295
-8683.554688 3712.486816
-8694.461914 3713.753906
-8705.402344 3715.028564
-8716.375977 3716.310791
-8727.382812 3717.600586
-8738.422852 3718.897949
-8749.496094 3720.202881
-8760.602539 3721.515381
-8771.742188 3722.835449
-8782.915039 3724.163086
-8794.121094 3725.498047
-8805.360352 3726.840576
-8816.632812 3728.190674
-8827.938477 3729.548340
-8839.278320 3730.913574
-8850.651367 3732.286377
-8862.057617 3733.666748
-8873.497070 3735.054688
-8884.969727 3736.450195
-8896.475586 3737.853271
-8908.014648 3739.263916
-8919.586914 3740.682129
-8931.192383 3742.107910
-8942.831055 3743.541260
-8954.502930 3744.981934
-8966.194336 3746.430420
-8977.911133 3747.886475
-8989.652344 3749.350098
-9001.417969 3750.821289
-9013.208008 3752.300049
-9025.022461 3753.786377
-9036.861328 3755.280273
-9048.724609 3756.781982
-9060.613281 3758.291260
-9072.526367 3759.808105
-9084.463867 3761.332520
-9096.425781 3762.864502
-9108.412109 3764.404053
-9120.422852 3765.951172
-9132.458008 3767.505859
-9144.518555 3769.068359
-9156.603516 3770.638428
-9168.712891 3772.216064
-9180.846680 3773.801270
-9193.004883 3775.394043
-9205.187500 3776.994385
-9217.394531 3778.602295
-9229.626953 3780.218018
-9241.883789 3781.841309
-9254.165039 3783.472168
-9266.470703 3785.110596
-9278.800781 3786.756592
-9291.155273 3788.410156
-9303.534180 3790.071289
-9315.937500 3791.739990
-9328.366211 3793.416504
-9340.819336 3795.100586
-9353.296875 3796.792236
-9365.798828 3798.491455
-9378.325195 3800.198242
-9390.875977 3801.912598
-9403.451172 3803.634521
-9416.051758 3805.364014
-9428.676758 3807.101318
-9441.326172 3808.846191
-9453.998047 3810.558838
-9466.692383 3812.252441
-9479.410156 3813.927246
-9492.150391 3815.583008
-9504.914062 3817.219971
-9517.700195 3818.837891
-9530.509766 3820.437012
-9543.342773 3822.017090
-9556.198242 3823.578369
-9569.077148 3825.120605
-9581.978516 3826.644043
-9594.903320 3828.148438
-9607.850586 3829.634033
-9620.821289 3831.100586
-9633.814453 3832.548340
-9646.831055 3833.977051
-9659.870117 3835.386963
-9672.932617 3836.777832
-9686.018555 3838.149902
-9699.126953 3839.502930
-9712.258789 3840.837158
-9725.413086 3842.152344
-9738.590820 3843.448730
-9751.791016 3844.726074
-9765.014648 3845.984375
-9778.260742 3847.223877
-9791.530273 3848.444336
-9804.823242 3849.645996
-9818.138672 3850.828613
-9831.477539 3851.992432
-9844.838867 3853.137207
-9858.223633 3854.263184
-9871.630859 3855.370117
-9885.061523 3856.458252
-9898.514648 3857.527344
-9911.991211 3858.577637
-9925.491211 3859.608887
-9939.013672 3860.621338
-9952.559570 3861.614746
-9966.127930 3862.589355
-9979.713867 3863.553955
-9993.319336 3864.505371
-10006.944336 3865.443848
-10020.588867 3866.369385
-10034.252930 3867.281982
-10047.936523 3868.181396
-10061.639648 3869.067871
-10075.362305 3869.941406
-10089.104492 3870.802002
-10102.866211 3871.649414
-10116.647461 3872.483887
-10130.448242 3873.305420
-10144.268555 3874.114014
-10158.108398 3874.909424
-10171.967773 3875.691895
-10185.846680 3876.461426
-10199.745117 3877.218018
-10213.663086 3877.961426
-10227.600586 3878.691895
-10241.557617 3879.409424
-10255.534180 3880.114014
-10269.530273 3880.805420
-10283.545898 3881.483887
-10297.581055 3882.149414
-10311.635742 3882.802002
-10325.709961 3883.441406
-10339.802734 3884.067871
-10353.915039 3884.681396
-10368.046875 3885.281982
-10382.198242 3885.869385
-10396.369141 3886.443848
-10410.559570 3887.005371
-10424.769531 3887.553955
-10438.999023 3888.089355
-10453.248047 3888.611816
-10467.516602 3889.121338
-10481.804688 3889.617920
-10496.112305 3890.101318
-10510.439453 3890.571777
-10524.786133 3891.029297
-10539.147461 3891.511230
-10553.525391 3892.005127
-10567.919922 3892.510986
-10582.330078 3893.028564
-10596.756836 3893.558105
-10611.200195 3894.099609
-10625.659180 3894.653076
-10640.134766 3895.218506
-10654.626953 3895.795898
-10669.134766 3896.385010
-10683.659180 3896.986084
-10698.200195 3897.599121
-10712.756836 3898.224121
-10727.330078 3898.861084
-10741.919922 3899.510010
-10756.526367 3900.170898
-10771.148438 3900.843506
-10785.787109 3901.528076
-10800.442383 3902.224609
-10815.113281 3902.933105
-10829.800781 3903.653564
-10844.504883 3904.385986
-10859.224609 3905.130127
-10873.960938 3905.886230
-10888.713867 3906.654297
-10903.482422 3907.434326
-10918.267578 3908.226318
-10933.069336 3909.030273
-10947.886719 3909.846191
-10962.720703 3910.673828
-10977.571289 3911.513428
-10992.438477 3912.364990
-11007.321289 3913.228516
-11022.220703 3914.104004
-11037.136719 3914.991455
-11052.068359 3915.890625
-11067.016602 3916.801758
-11081.981445 3917.724854
-11096.961914 3918.659912
-11111.958984 3919.606934
-11126.875977 3920.559570
-11141.745117 3921.519775
-11156.566406 3922.487793
-11171.338867 3923.463379
-11186.063477 3924.446777
-11200.740234 3925.437744
-11215.369141 3926.436523
-11229.950195 3927.442871
-11244.483398 3928.457031
-11258.967773 3929.479004
-11273.404297 3930.508545
-11287.792969 3931.545898
-11302.133789 3932.590820
-11316.426758 3933.643555
-11330.670898 3934.703857
-11344.867188 3935.771973
-11359.015625 3936.847656
-11373.116211 3937.931152
-11387.168945 3939.022217
-11401.173828 3940.121094
-11415.129883 3941.227539
-11429.038086 3942.341797
-11442.898438 3943.463867
-11456.710938 3944.593506
-11470.475586 3945.730957
-11484.192383 3946.875977
-11497.860352 3948.028809
-11511.480469 3949.189209
-11525.052734 3950.357422
-11538.577148 3951.533203
-11552.053711 3952.716797
-11565.481445 3953.907959
-11578.861328 3955.106934
-11592.193359 3956.313477
-11605.477539 3957.527832
-11618.713867 3958.750000
-11631.902344 3959.979736
-11645.041992 3961.217285
-11658.133789 3962.462402
-11671.177734 3963.715332
-11684.139648 3964.975830
-11697.031250 3966.244141
-11709.851562 3967.520264
-11722.601562 3968.803955
-11735.281250 3970.095459
-11747.889648 3971.394775
-11760.427734 3972.701660
-11772.894531 3974.016357
-11785.291016 3975.338867
-11797.617188 3976.668945
-11809.872070 3978.006836
-11822.056641 3979.352295
-11834.170898 3980.705566
-11846.213867 3982.066650
-11858.186523 3983.435303
-11870.088867 3984.811768
-11881.919922 3986.196045
-11893.680664 3987.587891
-11905.370117 3988.987549
-11916.989258 3990.395020
-11928.538086 3991.810059
-11940.015625 3993.232910
-11951.422852 3994.663574
-11962.759766 3996.101807
-11974.025391 3997.547852
-11985.220703 3999.001465
-11996.344727 4000.462891
-12007.398438 4001.932129
-12018.381836 4003.408936
-12029.293945 4004.893555
-12040.135742 4006.385986
-12050.907227 4007.885986
-12061.607422 4009.393799
-12072.237305 4010.909424
-12082.795898 4012.432617
-12093.284180 4013.963623
-12103.702148 4015.502197
-12114.048828 4017.048584
-12124.325195 4018.602783
-12134.531250 4020.164551
-12144.663086 4021.723877
-12154.721680 4023.284180
-12164.707031 4024.845459
-12174.619141 4026.407715
-12184.458984 4027.970947
-12194.225586 4029.535156
-12203.918945 4031.100342
-12213.539062 4032.666504
-12223.086914 4034.233643
-12232.561523 4035.801514
-12241.962891 4037.370361
-12251.291016 4038.940186
-12260.546875 4040.510986
-12269.729492 4042.082764
-12278.838867 4043.655518
-12287.875000 4045.229248
-12296.838867 4046.803955
-12305.729492 4048.379639
-12314.546875 4049.956055
-12323.291016 4051.533447
-12331.962891 4053.111816
-12340.561523 4054.691162
-12349.086914 4056.271484
-12357.539062 4057.852783
-12365.918945 4059.435059
-12374.225586 4061.018311
-12382.458984 4062.602539
-12390.619141 4064.187500
-12398.707031 4065.773438
-12406.721680 4067.360352
-12414.663086 4068.948242
-12422.531250 4070.537109
-12430.327148 4072.126953
-12438.049805 4073.717773
-12445.699219 4075.309570
-12453.275391 4076.902344
-12460.779297 4078.496094
-12468.209961 4080.090576
-12475.567383 4081.686035
-12482.851562 4083.282471
-12490.109375 4084.863037
-12497.325195 4086.433350
-12504.499023 4087.993408
-12511.630859 4089.543213
-12518.720703 4091.082764
-12525.768555 4092.612061
-12532.773438 4094.131104
-12539.736328 4095.639893
-12546.657227 4097.138184
-12553.536133 4098.626465
-12560.373047 4100.104492
-12567.167969 4101.572266
-12573.920898 4103.029785
-12580.631836 4104.476562
-12587.300781 4105.913086
-12593.926758 4107.339355
-12600.510742 4108.755371
-12607.052734 4110.161133
-12613.552734 4111.556641
-12620.010742 4112.941895
-12626.426758 4114.316895
-12632.800781 4115.681641
-12639.132812 4117.036133
-12645.422852 4118.380371
-12651.669922 4119.714355
-12657.875000 4121.038086
-12664.038086 4122.351562
-12670.159180 4123.654785
-12676.238281 4124.947754
-12682.275391 4126.230469
-12688.270508 4127.502930
-12694.223633 4128.765137
-12700.134766 4130.017090
-12706.002930 4131.258789
-12711.829102 4132.490234
-12717.613281 4133.711426
-12723.355469 4134.922363
-12729.055664 4136.122559
-12734.713867 4137.312500
-12740.330078 4138.492188
-12745.934570 4139.692383
-12751.517578 4140.902832
-12757.079102 4142.123535
-12762.618164 4143.354492
-12768.135742 4144.595703
-12773.631836 4145.846680
-12779.106445 4147.107910
-12784.559570 4148.379395
-12789.990234 4149.661133
-12795.399414 4150.953125
-12800.787109 4152.255371
-12806.153320 4153.567383
-12811.498047 4154.889648
-12816.820312 4156.222168
-12822.121094 4157.564941
-12827.400391 4158.917969
-12832.658203 4160.281250
-12837.894531 4161.654297
-12843.108398 4163.037598
-12848.300781 4164.431152
-12853.471680 4165.834961
-12858.621094 4167.249023
-12863.749023 4168.673340
-12868.855469 4170.107422
-12873.939453 4171.551758
-12879.001953 4173.006348
-12884.042969 4174.471191
-12889.062500 4175.946289
-12894.060547 4177.431641
-12899.036133 4178.926758
-12903.990234 4180.432129
-12908.922852 4181.947754
-12913.833984 4183.473633
-12918.723633 4185.009766
-12923.590820 4186.556152
-12928.436523 4188.112305
-12933.260742 4189.678711
-12938.063477 4191.255371
-12942.844727 4192.842285
-12947.603516 4194.439453
-12952.331055 4196.038086
-12957.030273 4197.641113
-12961.701172 4199.248535
-12966.343750 4200.860352
-12970.958008 4202.476562
-12975.543945 4204.097168
-12980.101562 4205.722168
-12984.630859 4207.351562
-12989.131836 4208.985352
-12993.604492 4210.623535
-12998.048828 4212.265625
-13002.464844 4213.912109
-13006.852539 4215.562988
-13011.211914 4217.218262
-13015.542969 4218.877930
-13019.845703 4220.541992
-13024.120117 4222.210449
-13028.366211 4223.883301
-13032.583984 4225.560547
-13036.773438 4227.242188
-13040.934570 4228.928223
-13045.067383 4230.618652
-13049.171875 4232.313477
-13053.249023 4234.012695
-13057.297852 4235.716309
-13061.318359 4237.424316
-13065.310547 4239.136719
-13069.274414 4240.853516
-13073.209961 4242.574707
-13077.117188 4244.300293
-13080.996094 4246.030273
-13084.846680 4247.764648
-13088.668945 4249.503418
-13092.462891 4251.246582
-13096.228516 4252.994141
-13099.965820 4254.745605
-13103.674805 4256.501465
-13107.355469 4258.261719
-13111.007812 4260.026367
-13114.631836 4261.795410
-13118.227539 4263.556641
-13121.794922 4265.313477
-13125.333984 4267.066406
-13128.844727 4268.815430
-13132.327148 4270.560547
-13135.781250 4272.301758
-13139.207031 4274.039062
-13142.604492 4275.772461
-13145.974609 4277.501465
-13149.316406 4279.226562
-13152.629883 4280.947754
-13155.915039 4282.665039
-13159.171875 4284.378418
-13162.400391 4286.087891
-13165.600586 4287.793457
-13168.772461 4289.495117
-13171.916016 4291.192383
-13175.031250 4292.885742
-13178.118164 4294.575195
-13181.176758 4296.260742
-13184.207031 4297.942383
-13187.208984 4299.620117
-13190.183594 4301.293945
-13193.129883 4302.963379
-13196.047852 4304.628906
-13198.937500 4306.290527
-13201.798828 4307.948242
-13204.631836 4309.602051
-13207.436523 4311.251953
-13210.212891 4312.897949
-13212.960938 4314.539551
-13215.680664 4316.177246
-13218.372070 4317.811035
-13221.035156 4319.440918
-13223.669922 4321.066895
-13226.276367 4322.688965
-13228.855469 4324.307129
-13231.406250 4325.920898
-13233.928711 4327.530762
-13236.422852 4329.136719
-13238.887695 4330.747070
-13241.324219 4332.359375
-13243.732422 4333.973145
-13246.112305 4335.588379
-13248.462891 4337.205566
-13250.785156 4338.824219
-13253.079102 4340.444824
-13255.344727 4342.066895
-13257.581055 4343.690430
-13259.789062 4345.315918
-13261.968750 4346.942871
-13264.120117 4348.571289
-13266.243164 4350.201660
-13268.336914 4351.833496
-13270.402344 4353.467285
-13272.439453 4355.102539
-13274.448242 4356.739258
-13276.427734 4358.377930
-13278.378906 4360.018066
-13280.301758 4361.659668
-13282.196289 4363.303223
-13284.061523 4364.948242
-13285.898438 4366.595215
-13287.707031 4368.243652
-13289.487305 4369.893555
-13291.238281 4371.545410
-13292.960938 4373.198730
-13294.655273 4374.853516
-13296.321289 4376.510254
-13297.958984 4378.168457
-13299.567383 4379.828613
-13301.147461 4381.490234
-13302.699219 4383.153320
-13304.222656 4384.818359
-13305.716797 4386.484863
-13307.182617 4388.153320
-13308.620117 4389.823242
-13310.029297 4391.494629
-13311.409180 4393.167969
-13312.760742 4394.842773
-13314.111328 4396.543945
-13315.451172 4398.263184
-13316.780273 4400.000977
-13318.098633 4401.756836
-13319.406250 4403.530762
-13320.703125 4405.322754
-13321.989258 4407.133301
-13323.265625 4408.961914
-13324.531250 4410.808594
-13325.786133 4412.673340
-13327.030273 4414.556152
-13328.263672 4416.457520
-13329.486328 4418.376953
-13330.698242 4420.314453
-13331.900391 4422.270020
-13333.091797 4424.244141
-13334.272461 4426.236328
-13335.442383 4428.246582
-13336.601562 4430.274902
-13337.750000 4432.321289
-13338.887695 4434.386230
-13340.015625 4436.469238
-13341.132812 4438.570312
-13342.239258 4440.689453
-13343.334961 4442.827148
-13344.419922 4444.982910
-13345.494141 4447.156738
-13346.557617 4449.348633
-13347.611328 4451.558594
-13348.654297 4453.787109
-13349.686523 4456.033691
-13350.708008 4458.298340
-13351.718750 4460.581055
-13352.718750 4462.882324
-13353.708008 4465.201660
-13354.687500 4467.539062
-13355.656250 4469.894531
-13356.614258 4472.268066
-13357.561523 4474.660156
-13358.498047 4477.070312
-13359.420898 4479.460449
-13360.330078 4481.843262
-13361.226562 4484.218750
-13362.110352 4486.586914
-13362.981445 4488.947754
-13363.838867 4491.301270
-13364.683594 4493.647949
-13365.515625 4495.987305
-13366.333984 4498.319336
-13367.139648 4500.644043
-13367.932617 4502.961426
-13368.712891 4505.271484
-13369.479492 4507.574219
-13370.233398 4509.869629
-13370.974609 4512.157715
-13371.702148 4514.438477
-13372.416992 4516.712402
-13373.119141 4518.979004
-13373.808594 4521.238281
-13374.484375 4523.490234
-13375.147461 4525.734863
-13375.797852 4527.972168
-13376.434570 4530.202148
-13377.058594 4532.424805
-13377.669922 4534.640137
-13378.268555 4536.848145
-13378.853516 4539.049316
-13379.425781 4541.243164
-13379.985352 4543.429688
-13380.531250 4545.608887
-13381.064453 4547.780762
-13381.584961 4549.945312
-13382.092773 4552.102539
-13382.586914 4554.252441
-13383.068359 4556.395020
-13383.537109 4558.530273
-13383.992188 4560.658691
-13384.434570 4562.779785
-13384.864258 4564.893555
-13385.281250 4567.000000
-13385.688477 4569.116699
-13386.084961 4571.238281
-13386.470703 4573.364258
-13386.845703 4575.494629
-13387.209961 4577.629883
-13387.563477 4579.769531
-13387.906250 4581.914062
-13388.238281 4584.062988
-13388.560547 4586.216309
-13388.872070 4588.374512
-13389.172852 4590.537109
-13389.462891 4592.704102
-13389.742188 4594.875977
-13390.010742 4597.052246
-13390.268555 4599.233398
-13390.515625 4601.418945
-13390.751953 4603.608887
-13390.977539 4605.803711
-13391.193359 4608.002930
-13391.398438 4610.206543
-13391.592773 4612.415039
-13391.776367 4614.627930
-13391.949219 4616.845215
-13392.111328 4619.067383
-13392.262695 4621.293945
-13392.403320 4623.525391
-13392.533203 4625.761230
-13392.652344 4628.001465
-13392.760742 4630.246582
-13392.859375 4632.496094
-13392.947266 4634.750000
-13393.024414 4637.008789
-13393.090820 4639.271973
-13393.146484 4641.540039
-13393.191406 4643.812500
-13393.225586 4646.089355
-13393.249023 4648.371094
-13393.261719 4650.657227
-13393.263672 4652.947754
-13393.254883 4655.243164
-13393.238281 4657.538574
-13393.211914 4659.835938
-13393.176758 4662.134766
-13393.131836 4664.435547
-13393.078125 4666.738281
-13393.014648 4669.042480
-13392.942383 4671.348633
-13392.860352 4673.656250
-13392.769531 4675.965820
-13392.668945 4678.276855
-13392.559570 4680.589844
-13392.440430 4682.904297
-13392.312500 4685.220703
-13392.174805 4687.538574
-13392.028320 4689.858398
-13391.872070 4692.179688
-13391.707031 4694.502930
-13391.532227 4696.827637
-13391.348633 4699.154297
-13391.155273 4701.482422
-13390.953125 4703.812500
-13390.741211 4706.144531
-13390.520508 4708.478027
-13390.290039 4710.813477
-13390.050781 4713.150391
-13389.801758 4715.489258
-13389.543945 4717.829590
-13389.276367 4720.171875
-13389.000000 4722.515625
-13388.713867 4724.861328
-13388.418945 4727.208496
-13388.114258 4729.557617
-13387.800781 4731.908203
-13387.477539 4734.260742
-13387.145508 4736.614746
-13386.803711 4738.970703
-13386.453125 4741.328613
-13386.092773 4743.687988
-13385.723633 4746.049316
-13385.344727 4748.412109
-13384.972656 4750.768066
-13384.601562 4753.120117
-13384.231445 4755.468262
-13383.862305 4757.812500
-13383.494141 4760.152832
-13383.126953 4762.489258
-13382.760742 4764.821777
-13382.395508 4767.150391
-13382.031250 4769.475098
-13381.667969 4771.795410
-13381.305664 4774.111816
-13380.944336 4776.424316
-13380.584961 4778.732910
-13380.226562 4781.037598
-13379.869141 4783.338379
-13379.512695 4785.635254
-13379.157227 4787.928223
-13378.802734 4790.217285
-13378.449219 4792.502441
-13378.096680 4794.783691
-13377.745117 4797.060547
-13377.394531 4799.333496
-13377.044922 4801.602539
-13376.696289 4803.867676
-13376.348633 4806.128906
-13376.002930 4808.386230
-13375.658203 4810.639648
-13375.314453 4812.889160
-13374.971680 4815.134766
-13374.629883 4817.376465
-13374.289062 4819.614258
-13373.949219 4821.847656
-13373.610352 4824.077148
-13373.272461 4826.302734
-13372.935547 4828.524414
-13372.599609 4830.742188
-13372.264648 4832.956055
-13371.930664 4835.166016
-13371.598633 4837.372070
-13371.267578 4839.574219
-13370.951172 4841.773438
-13370.645508 4843.969727
-13370.350586 4846.162598
-13370.066406 4848.352539
-13369.791992 4850.539062
-13369.528320 4852.722656
-13369.275391 4854.902832
-13369.033203 4857.080078
-13368.800781 4859.253906
-13368.579102 4861.424805
-13368.368164 4863.592773
-13368.167969 4865.757324
-13367.978516 4867.918945
-13367.798828 4870.077148
-13367.629883 4872.232422
-13367.471680 4874.384277
-13367.324219 4876.533203
-13367.186523 4878.678711
-13367.059570 4880.821289
-13366.943359 4882.960938
-13366.837891 4885.097168
-13366.743164 4887.230469
-13366.658203 4889.360352
-13366.583984 4891.487305
-13366.520508 4893.610840
-13366.467773 4895.731445
-13366.424805 4897.848633
-13366.392578 4899.962891
-13366.371094 4902.073730
-13366.360352 4904.181641
-13366.360352 4906.286621
-13366.370117 4908.388184
-13366.390625 4910.486816
-13366.421875 4912.582031
-13366.463867 4914.674316
-13366.515625 4916.763184
-13366.578125 4918.849121
-13366.651367 4920.931641
-13366.735352 4923.011230
-13366.830078 4925.087891
-13366.930664 4927.142578
-13367.039062 4929.181152
-13367.155273 4931.204102
-13367.279297 4933.211426
-13367.411133 4935.203125
-13367.550781 4937.179199
-13367.698242 4939.139648
-13367.853516 4941.083984
-13368.016602 4943.012695
-13368.187500 4944.925781
-13368.366211 4946.823242
-13368.552734 4948.705078
-13368.747070 4950.571289
-13368.949219 4952.421875
-13369.159180 4954.256348
-13369.376953 4956.075195
-13369.601562 4957.878418
-13369.833984 4959.666016
-13370.074219 4961.437988
-13370.322266 4963.194336
-13370.578125 4964.934570
-13370.841797 4966.659180
-13371.113281 4968.368164
-13371.392578 4970.061523
-13371.679688 4971.739258
-13371.974609 4973.401367
-13372.277344 4975.047852
-13372.587891 4976.678223
-13372.906250 4978.292969
-13373.232422 4979.892090
-13373.566406 4981.475586
-13373.908203 4983.043457
-13374.257812 4984.595703
-13374.615234 4986.131836
-13374.980469 4987.652344
-13375.353516 4989.157227
-13375.734375 4990.646484
-13376.123047 4992.120117
-13376.519531 4993.578125
-13376.923828 4995.020508
-13377.340820 4996.470703
-13377.769531 4997.920898
-13378.208984 4999.371094
-13378.660156 5000.821289
-13379.123047 5002.271484
-13379.596680 5003.721680
-13380.082031 5005.171875
-13380.578125 5006.622070
-13381.085938 5008.072266
-13381.605469 5009.522461
-13382.135742 5010.972656
-13382.677734 5012.422852
-13383.231445 5013.873047
-13383.795898 5015.323242
-13384.372070 5016.773438
-13384.958984 5018.223633
-13385.557617 5019.673828
-13386.167969 5021.124512
-13386.789062 5022.575195
-13387.421875 5024.025879
-13388.066406 5025.476562
-13388.721680 5026.927246
-13389.388672 5028.377930
-13390.066406 5029.828613
-13390.755859 5031.279297
-13391.457031 5032.729980
-13392.168945 5034.180664
-13392.892578 5035.631348
-13393.626953 5037.082031
-13394.373047 5038.532715
-13395.130859 5039.983398
-13395.899414 5041.434082
-13396.679688 5042.884766
-13397.471680 5044.335449
-13398.274414 5045.786133
-13399.088867 5047.236816
-13399.914062 5048.687988
-13400.750977 5050.139160
-13401.599609 5051.590332
-13402.458984 5053.041504
-13403.333984 5054.492188
-13404.222656 5055.942871
-13405.125000 5057.393555
-13406.041016 5058.844238
-13406.970703 5060.294922
-13407.914062 5061.745117
-13408.871094 5063.195312
-13409.841797 5064.645508
-13410.827148 5066.095703
-13411.826172 5067.545410
-13412.838867 5068.995117
-13413.865234 5070.444824
-13414.905273 5071.894531
-13415.958984 5073.344238
-13417.026367 5074.793457
-13418.107422 5076.242676
-13419.202148 5077.691895
-13420.310547 5079.141113
-13421.433594 5080.590332
-13422.570312 5082.039062
-13423.720703 5083.487793
-13424.884766 5084.936523
-13426.062500 5086.385254
-13427.253906 5087.833984
-13428.458984 5089.282227
-13429.677734 5090.730469
-13430.910156 5092.178711
-13432.157227 5093.626953
-13433.417969 5095.075195
-13434.692383 5096.522949
-13435.980469 5097.970703
-13437.282227 5099.418457
-13438.597656 5100.866211
-13439.926758 5102.313965
-13441.269531 5103.761230
-13442.625977 5105.208496
-13443.996094 5106.655762
-13445.380859 5108.103027
-13446.779297 5109.550293
-13448.191406 5110.997070
-13449.616211 5112.439453
-13451.053711 5113.878906
-13452.504883 5115.314941
-13453.968750 5116.748047
-13455.446289 5118.178223
-13456.936523 5119.604980
-13458.440430 5121.028809
-13459.957031 5122.449219
-13461.487305 5123.866699
-13463.030273 5125.281250
-13464.586914 5126.692383
-13466.156250 5128.100586
-13467.739258 5129.505859
-13469.334961 5130.907715
-13470.944336 5132.306641
-13472.566406 5133.702637
-13474.202148 5135.095215
-13475.850586 5136.484863
-13477.512695 5137.871582
-13479.187500 5139.254883
-13480.875977 5140.635254
-13482.577148 5142.012695
-13484.291992 5143.386719
-13486.019531 5144.757812
-13487.760742 5146.125977
-13489.514648 5147.490723
-13491.282227 5148.852539
-13493.062500 5150.211426
-13494.856445 5151.566895
-13496.663086 5152.919434
-13498.483398 5154.268555
-13500.316406 5155.614746
-13502.163086 5156.958008
-13504.022461 5158.297852
-13505.895508 5159.634766
-13507.781250 5160.968750
-13509.680664 5162.299316
-13511.592773 5163.626953
-13513.518555 5164.951660
-13515.457031 5166.272949
-13517.393555 5167.591309
-13519.332031 5168.906250
-13521.273438 5170.218262
-13523.217773 5171.526855
-13525.165039 5172.832520
-13527.115234 5174.135254
-13529.068359 5175.434570
-13531.024414 5176.730957
-13532.982422 5178.023926
-13534.943359 5179.313965
-13536.907227 5180.600586
-13538.874023 5181.884277
-13540.843750 5183.164551
-13542.816406 5184.441895
-13544.791016 5185.716309
-13546.768555 5186.987305
-13548.749023 5188.255371
-13550.732422 5189.520020
-13552.718750 5190.781738
-13554.708008 5192.040039
-13556.699219 5193.295410
-13558.693359 5194.547363
-13560.690430 5195.796387
-13562.690430 5197.041992
-13564.693359 5198.284668
-13566.699219 5199.524414
-13568.708008 5200.760742
-13570.718750 5201.994141
-13572.732422 5203.224121
-13574.749023 5204.451172
-13576.768555 5205.674805
-13578.791016 5206.895508
-13580.816406 5208.112793
-13582.843750 5209.327148
-13584.874023 5210.538086
-13586.907227 5211.746094
-13588.943359 5212.951172
-13590.982422 5214.152832
-13593.024414 5215.351562
-13595.068359 5216.546875
-13597.132812 5217.715332
-13599.210938 5218.864258
-13601.302734 5219.994141
-13603.409180 5221.104980
-13605.529297 5222.196289
-13607.664062 5223.268555
-13609.812500 5224.321777
-13611.975586 5225.355957
-13614.152344 5226.370605
-13616.342773 5227.366211
-13618.547852 5228.342773
-13620.766602 5229.300293
-13623.000000 5230.238281
-13625.247070 5231.157227
-13627.507812 5232.057129
-13629.783203 5232.937500
-13632.072266 5233.798828
-13634.375977 5234.641113
-13636.693359 5235.464355
-13639.025391 5236.268066
-13641.371094 5237.052734
-13643.730469 5237.818359
-13646.104492 5238.564941
-13648.492188 5239.291992
-13650.894531 5240.000000
-13653.310547 5240.688965
-13655.740234 5241.358887
-13658.184570 5242.009277
-13660.642578 5242.640625
-13663.115234 5243.252930
-13665.601562 5243.845703
-13668.101562 5244.419434
-13670.616211 5244.974121
-13673.144531 5245.509766
-13675.687500 5246.025879
-13678.244141 5246.522949
-13680.815430 5247.000977
-13683.400391 5247.459961
-13685.999023 5247.899414
-13688.612305 5248.319824
-13691.222656 5248.741699
-13693.835938 5249.158203
-13696.451172 5249.569336
-13699.069336 5249.975586
-13701.690430 5250.376465
-13704.314453 5250.771973
-13706.941406 5251.162109
-13709.571289 5251.546875
-13712.203125 5251.926270
-13714.837891 5252.300293
-13717.475586 5252.668945
-13720.116211 5253.032227
-13722.759766 5253.390137
-13725.405273 5253.743164
-13728.053711 5254.090820
-13730.705078 5254.433105
-13733.359375 5254.770020
-13736.016602 5255.101562
-13738.675781 5255.427734
-13741.337891 5255.748535
-13744.002930 5256.063965
-13746.670898 5256.374023
-13749.341797 5256.678711
-13752.015625 5256.978027
-13754.691406 5257.272461
-13757.370117 5257.561523
-13760.051758 5257.845215
-13762.736328 5258.123535
-13765.423828 5258.396484
-13768.113281 5258.664062
-13770.805664 5258.926270
-13773.500977 5259.183105
-13776.199219 5259.434570
-13778.900391 5259.680664
-13781.604492 5259.921387
-13784.310547 5260.157227
-13787.019531 5260.387695
-13789.731445 5260.612793
-13792.446289 5260.832520
-13795.164062 5261.046875
-13797.890625 5261.264648
-13800.625000 5261.483398
-13803.366211 5261.702637
-13806.115234 5261.922363
-13808.871094 5262.142578
-13811.634766 5262.363770
-13814.405273 5262.585449
-13817.183594 5262.807617
-13819.968750 5263.030762
-13822.760742 5263.254395
-13825.560547 5263.478516
-13828.367188 5263.703125
-13831.181641 5263.928711
-13834.002930 5264.154785
-13836.832031 5264.381348
-13839.667969 5264.608887
-13842.511719 5264.836914
-13845.362305 5265.065430
-13848.219727 5265.294434
-13851.084961 5265.524414
-13853.957031 5265.754883
-13856.836914 5265.985840
-13859.723633 5266.217773
-13862.618164 5266.450195
-13865.519531 5266.683105
-13868.428711 5266.916504
-13871.344727 5267.150879
-13874.268555 5267.385742
-13877.199219 5267.621094
-13880.136719 5267.856934
-13883.082031 5268.093750
-13886.034180 5268.331055
-13888.994141 5268.568848
-13891.960938 5268.807617
-13894.935547 5269.046875
-13897.916992 5269.286621
-13900.906250 5269.526855
-13903.902344 5269.768066
-13906.905273 5270.009766
-13909.916016 5270.251953
-13912.937500 5270.506836
-13915.968750 5270.770020
-13919.009766 5271.041504
-13922.060547 5271.321289
-13925.121094 5271.609863
-13928.191406 5271.906738
-13931.271484 5272.211914
-13934.361328 5272.525391
-13937.460938 5272.847656
-13940.570312 5273.178223
-13943.689453 5273.517090
-13946.818359 5273.864258
-13949.957031 5274.220215
-13953.105469 5274.584473
-13956.263672 5274.957031
-13959.431641 5275.337891
-13962.609375 5275.727539
-13965.796875 5276.125488
-13968.994141 5276.531738
-13972.201172 5276.946289
-13975.417969 5277.369629
-13978.644531 5277.801270
-13981.880859 5278.241211
-13985.126953 5278.689453
-13988.382812 5279.146484
-13991.648438 5279.611816
-13994.923828 5280.085449
-13998.208984 5280.567383
-14001.503906 5281.058105
-14004.808594 5281.557129
-14008.123047 5282.064453
-14011.447266 5282.580078
-14014.782227 5283.104492
-14018.126953 5283.637207
-14021.481445 5284.178223
-14024.845703 5284.727539
-14028.219727 5285.285645
-14031.603516 5285.852051
-14034.997070 5286.426758
-14038.400391 5287.009766
-14041.819336 5287.573730
-14045.251953 5288.127930
-14048.699219 5288.671875
-14052.160156 5289.206055
-14055.634766 5289.729980
-14059.123047 5290.244141
-14062.625977 5290.748535
-14066.142578 5291.242676
-14069.672852 5291.727051
-14073.217773 5292.201172
-14076.776367 5292.665527
-14080.348633 5293.119629
-14083.934570 5293.563965
-14087.535156 5293.998535
-14091.149414 5294.422852
-14094.777344 5294.837402
-14098.419922 5295.241699
-14102.076172 5295.636230
-14105.746094 5296.020508
-14109.429688 5296.395020
-14113.127930 5296.759766
-14116.839844 5297.114258
-14120.565430 5297.458984
-14124.305664 5297.793457
-14128.059570 5298.118164
-14131.827148 5298.432617
-14135.608398 5298.737305
-14139.404297 5299.032227
-14143.213867 5299.316895
-14147.037109 5299.591797
-14150.875000 5299.856445
-14154.726562 5300.111328
-14158.591797 5300.355957
-14162.470703 5300.590820
-14166.364258 5300.815918
-14170.271484 5301.030762
-14174.192383 5301.235840
-14178.127930 5301.430664
-14182.077148 5301.615723
-14186.040039 5301.790527
-14190.023438 5301.953125
-14194.025391 5302.104492
-14198.045898 5302.244141
-14202.084961 5302.372559
-14206.142578 5302.489258
-14210.217773 5302.594727
-14214.311523 5302.688477
-14218.423828 5302.770996
-14222.554688 5302.841797
-14226.704102 5302.901367
-14230.872070 5302.949219
-14235.057617 5302.985840
-14239.261719 5303.010742
-14243.484375 5303.024414
-14247.725586 5303.026367
-14251.985352 5303.017090
-14256.263672 5302.996094
-14260.560547 5302.963867
-14264.875000 5302.919922
-14269.208008 5302.864746
-14273.559570 5302.797852
-14277.929688 5302.719727
-14282.318359 5302.629883
-14286.725586 5302.528809
-14291.150391 5302.416016
-14295.593750 5302.291992
-14300.055664 5302.156250
-14304.536133 5302.009277
-14309.035156 5301.850586
-14313.552734 5301.680664
-14318.087891 5301.499023
-14322.641602 5301.306152
-14327.213867 5301.101562
-14331.804688 5300.885742
-14336.414062 5300.658203
-14341.041992 5300.419434
-14345.688477 5300.168945
-14350.352539 5299.907227
-14355.035156 5299.633789
-14359.736328 5299.349121
-14364.473633 5299.067383
-14369.241211 5298.784180
-14374.038086 5298.499512
-14378.865234 5298.212891
-14383.722656 5297.924805
-14388.610352 5297.634766
-14393.528320 5297.343262
-14398.475586 5297.049805
-14403.453125 5296.754883
-14408.460938 5296.458496
-14413.499023 5296.160156
-14418.567383 5295.860352
-14423.665039 5295.558594
-14428.792969 5295.255371
-14433.951172 5294.950195
-14439.139648 5294.643555
-14444.358398 5294.335449
-14449.606445 5294.025391
-14454.884766 5293.713867
-14460.193359 5293.400391
-14465.532227 5293.085449
-14470.901367 5292.768555
-14476.299805 5292.450195
-14481.728516 5292.130371
-14487.187500 5291.808594
-14492.676758 5291.485352
-14498.196289 5291.160156
-14503.745117 5290.833496
-14509.324219 5290.504883
-14514.933594 5290.174805
-14520.573242 5289.843262
-14526.243164 5289.509766
-14531.942383 5289.174805
-14537.671875 5288.837891
-14543.431641 5288.499512
-14549.221680 5288.159180
-14555.041992 5287.817383
-14560.891602 5287.474121
-14566.771484 5287.128906
-14572.681641 5286.782227
-14578.620117 5286.415039
-14584.586914 5286.033691
-14590.583008 5285.638184
-14596.607422 5285.228516
-14602.661133 5284.804688
-14608.743164 5284.366699
-14614.854492 5283.914551
-14620.994141 5283.448242
-14627.163086 5282.967773
-14633.360352 5282.473145
-14639.586914 5281.964355
-14645.841797 5281.441406
-14652.125977 5280.904297
-14658.438477 5280.353027
-14664.780273 5279.787598
-14671.150391 5279.208008
-14677.549805 5278.614258
-14683.977539 5278.006348
-14690.434570 5277.384277
-14696.919922 5276.748047
-14703.434570 5276.097656
-14709.977539 5275.433105
-14716.549805 5274.754395
-14723.150391 5274.061523
-14729.780273 5273.354492
-14736.438477 5272.633301
-14743.125977 5271.897949
-14749.841797 5271.148438
-14756.585938 5270.385254
-14763.359375 5269.607910
-14770.161133 5268.816406
-14776.992188 5268.010742
-14783.851562 5267.190918
-14790.740234 5266.356934
-14797.657227 5265.508789
-14804.603516 5264.646484
-14811.578125 5263.770020
-14818.582031 5262.879395
-14825.614258 5261.974609
-14832.675781 5261.055664
-14839.764648 5260.105469
-14846.881836 5259.129395
-14854.027344 5258.127930
-14861.200195 5257.101074
-14868.401367 5256.048340
-14875.630859 5254.970215
-14882.887695 5253.866699
-14890.172852 5252.737305
-14897.486328 5251.582520
-14904.827148 5250.402344
-14912.196289 5249.196289
-14919.593750 5247.964844
-14927.018555 5246.708008
-14934.471680 5245.425293
-14941.953125 5244.117188
-14949.461914 5242.783691
-14956.999023 5241.424805
-14964.564453 5240.040039
-14972.157227 5238.629883
-14979.778320 5237.194336
-14987.427734 5235.732910
-14995.104492 5234.246094
-15002.809570 5232.733887
-15010.542969 5231.195801
-15018.303711 5229.632324
-15026.092773 5228.043457
-15033.910156 5226.428711
-15041.754883 5224.788574
-15049.627930 5223.123047
-15057.529297 5221.431641
-15065.458008 5219.714844
-15073.415039 5217.972656
-15081.400391 5216.204590
-15089.413086 5214.411133
-15097.454102 5212.592285
-15105.523438 5210.747559
-15113.620117 5208.877441
-15121.745117 5206.981934
-15129.898438 5205.060547
-15138.079102 5203.113770
-15146.285156 5201.188477
-15154.517578 5199.269043
-15162.776367 5197.355469
-15171.061523 5195.447754
-15179.373047 5193.545898
-15187.710938 5191.649902
-15196.075195 5189.759766
-15204.465820 5187.875488
-15212.881836 5185.997070
-15221.324219 5184.124023
-15229.792969 5182.256836
-15238.288086 5180.395508
-15246.809570 5178.540039
-15255.357422 5176.690430
-15263.931641 5174.846680
-15272.532227 5173.008789
-15281.158203 5171.176758
-15289.810547 5169.350586
-15298.489258 5167.530273
-15307.194336 5165.715820
-15315.925781 5163.907227
-15324.683594 5162.104492
-15333.467773 5160.307617
-15342.278320 5158.516113
-15351.114258 5156.730469
-15359.976562 5154.950684
-15368.865234 5153.176758
-15377.780273 5151.408691
-15386.721680 5149.646484
-15395.689453 5147.890137
-15404.683594 5146.139648
-15413.704102 5144.395020
-15422.750977 5142.656250
-15431.823242 5140.923340
-15440.921875 5139.196289
-15450.046875 5137.475098
-15459.198242 5135.759766
-15468.375977 5134.049805
-15477.580078 5132.345703
-15486.810547 5130.647461
-15496.051758 5128.958496
-15505.308594 5127.277344
-15514.582031 5125.604004
-15523.871094 5123.938477
-15533.175781 5122.280762
-15542.497070 5120.630859
-15551.833984 5118.988770
-15561.187500 5117.354492
-15570.556641 5115.728516
-15579.942383 5114.110352
-15589.343750 5112.500000
-15598.760742 5110.897461
-15608.194336 5109.302734
-15617.643555 5107.715820
-15627.109375 5106.136719
-15636.590820 5104.565430
-15646.087891 5103.002441
-15655.601562 5101.447266
-15665.130859 5099.899902
-15674.676758 5098.360352
-15684.238281 5096.828613
-15693.815430 5095.304688
-15703.409180 5093.788574
-15713.018555 5092.280273
-15722.644531 5090.780273
-15732.286133 5089.288086
-15741.943359 5087.803711
-15751.617188 5086.327148
-15761.306641 5084.858398
-15771.012695 5083.397461
-15780.734375 5081.944336
-15790.472656 5080.499512
-15800.226562 5079.062500
-15809.996094 5077.633301
-15819.782227 5076.211914
-15829.583984 5074.798340
-15839.402344 5073.392578
-15849.236328 5071.994629
-15859.085938 5070.604492
-15868.952148 5069.222656
-15878.902344 5067.849609
-15888.914062 5066.485352
-15898.987305 5065.129883
-15909.122070 5063.783203
-15919.317383 5062.444824
-15929.574219 5061.115234
-15939.892578 5059.794434
-15950.272461 5058.482422
-15960.713867 5057.179199
-15971.216797 5055.884766
-15981.781250 5054.598633
-15992.407227 5053.321289
-16003.093750 5052.052734
-16013.841797 5050.792969
-16024.651367 5049.541992
-16035.522461 5048.299316
-16046.455078 5047.065430
-16057.449219 5045.840332
-16068.504883 5044.624023
-16079.622070 5043.416504
-16090.799805 5042.217773
-16102.039062 5041.027344
-16113.339844 5039.845703
-16124.702148 5038.672852
-16136.125977 5037.508789
-16147.611328 5036.353516
-16159.158203 5035.206543
-16170.765625 5034.068359
-16182.434570 5032.938965
-16194.165039 5031.818359
-16205.957031 5030.706543
-16217.810547 5029.603516
-16229.725586 5028.508789
-16241.702148 5027.422852
-16253.740234 5026.345703
-16265.838867 5025.277344
-16277.999023 5024.217773
-16290.220703 5023.166504
-16302.503906 5022.124023
-16314.848633 5021.090332
-16327.130859 5020.076172
-16339.391602 5019.077637
-16351.630859 5018.094727
-16363.848633 5017.127441
-16376.045898 5016.176270
-16388.220703 5015.240723
-16400.375000 5014.320801
-16412.507812 5013.416504
-16424.619141 5012.528320
-16436.708984 5011.655762
-16448.777344 5010.798828
-16460.824219 5009.957520
-16472.851562 5009.132324
-16484.857422 5008.322754
-16496.841797 5007.528809
-16508.804688 5006.750488
-16520.746094 5005.988281
-16532.666016 5005.241699
-16544.564453 5004.510742
-16556.441406 5003.795410
-16568.296875 5003.096191
-16580.130859 5002.412598
-16591.943359 5001.744629
-16603.736328 5001.092285
-16615.507812 5000.456055
-16627.257812 4999.835449
-16638.986328 4999.230469
-16650.693359 4998.641113
-16662.378906 4998.067871
-16674.042969 4997.510254
-16685.685547 4996.968262
-16697.306641 4996.442383
-16708.906250 4995.932129
-16720.486328 4995.437500
-16732.044922 4994.958496
-16743.582031 4994.495605
-16755.097656 4994.048340
-16766.591797 4993.616699
-16778.064453 4993.200684
-16789.515625 4992.800781
-16800.896484 4992.375000
-16812.224609 4991.937500
-16823.498047 4991.488281
-16834.716797 4991.027344
-16845.882812 4990.554688
-16856.994141 4990.070312
-16868.052734 4989.574219
-16879.056641 4989.066406
-16890.005859 4988.546875
-16900.902344 4988.015625
-16911.744141 4987.472656
-16922.533203 4986.917969
-16933.267578 4986.351562
-16943.947266 4985.773438
-16954.574219 4985.183594
-16965.146484 4984.582031
-16975.666016 4983.968750
-16986.130859 4983.343750
-16996.541016 4982.707031
-17006.898438 4982.058594
-17017.201172 4981.398438
-17027.451172 4980.726562
-17037.646484 4980.042969
-17047.787109 4979.347656
-17057.875000 4978.640625
-17067.908203 4977.921875
-17077.888672 4977.191406
-17087.814453 4976.449219
-17097.685547 4975.695312
-17107.503906 4974.929688
-17117.267578 4974.152344
-17126.978516 4973.363281
-17136.634766 4972.562500
-17146.236328 4971.750000
-17155.785156 4970.925781
-17165.279297 4970.089844
-17174.720703 4969.242188
-17184.107422 4968.382812
-17193.439453 4967.511719
-17202.718750 4966.628906
-17211.962891 4965.769043
-17221.164062 4964.920898
-17230.324219 4964.084473
-17239.441406 4963.259277
-17248.517578 4962.445801
-17257.552734 4961.644043
-17266.544922 4960.853516
-17275.496094 4960.074707
-17284.404297 4959.307617
-17293.271484 4958.551758
-17302.097656 4957.807617
-17310.880859 4957.075195
-17319.623047 4956.354004
-17328.324219 4955.644531
-17336.982422 4954.946777
-17345.599609 4954.260254
-17354.173828 4953.585449
-17362.707031 4952.922363
-17371.199219 4952.270508
-17379.648438 4951.630371
-17388.056641 4951.001465
-17396.421875 4950.384277
-17404.746094 4949.778809
-17413.029297 4949.184570
-17421.269531 4948.602051
-17429.468750 4948.031250
-17437.625000 4947.471680
-17445.740234 4946.923828
-17453.814453 4946.387695
-17461.845703 4945.862793
-17469.835938 4945.349609
-17477.785156 4944.848145
-17485.691406 4944.357910
-17493.556641 4943.879395
-17501.378906 4943.412598
-17509.160156 4942.957031
-17516.900391 4942.513184
-17524.597656 4942.081055
-17532.253906 4941.660156
-17539.867188 4941.250977
-17547.470703 4940.830566
-17555.054688 4940.406738
-17562.617188 4939.979004
-17570.160156 4939.547852
-17577.681641 4939.113281
-17585.183594 4938.674805
-17592.666016 4938.232910
-17600.126953 4937.787109
-17607.568359 4937.337891
-17614.988281 4936.885254
-17622.388672 4936.428711
-17629.767578 4935.968750
-17637.126953 4935.505371
-17644.464844 4935.038086
-17651.783203 4934.567383
-17659.080078 4934.092773
-17666.357422 4933.614746
-17673.613281 4933.133301
-17680.849609 4932.647949
-17688.064453 4932.159180
-17695.259766 4931.666992
-17702.433594 4931.170898
-17709.587891 4930.671387
-17716.720703 4930.167969
-17723.833984 4929.661133
-17730.925781 4929.150879
-17737.998047 4928.636719
-17745.048828 4928.119141
-17752.080078 4927.598145
-17759.089844 4927.073242
-17766.080078 4926.544922
-17773.048828 4926.012695
-17779.998047 4925.477051
-17786.925781 4924.937988
-17793.833984 4924.395020
-17800.720703 4923.848633
-17807.587891 4923.298828
-17814.435547 4922.745117
-17821.261719 4922.187988
-17828.068359 4921.626953
-17834.896484 4921.073730
-17841.730469 4920.524414
-17848.572266 4919.979004
-17855.421875 4919.437500
-17862.279297 4918.899902
-17869.144531 4918.366211
-17876.015625 4917.836426
-17882.894531 4917.310547
-17889.781250 4916.788574
-17896.675781 4916.270508
-17903.578125 4915.756348
-17910.486328 4915.246094
-17917.402344 4914.739746
-17924.326172 4914.237305
-17931.257812 4913.738770
-17938.197266 4913.244141
-17945.144531 4912.753418
-17952.097656 4912.266602
-17959.058594 4911.783691
-17966.027344 4911.304688
-17973.003906 4910.829590
-17979.988281 4910.358398
-17986.978516 4909.891113
-17993.976562 4909.427734
-18000.982422 4908.968262
-18007.996094 4908.512695
-18015.017578 4908.061035
-18022.046875 4907.613281
-18029.082031 4907.169434
-18036.125000 4906.729492
-18043.175781 4906.293457
-18050.234375 4905.861328
-18057.300781 4905.433105
-18064.373047 4905.008789
-18071.453125 4904.588379
-18078.541016 4904.171875
-18085.636719 4903.759277
-18092.740234 4903.350586
-18099.849609 4902.945801
-18106.966797 4902.544922
-18114.039062 4902.146973
-18121.083984 4901.752441
-18128.099609 4901.361328
-18135.087891 4900.973633
-18142.048828 4900.589355
-18148.982422 4900.208496
-18155.886719 4899.831055
-18162.763672 4899.456543
-18169.613281 4899.085449
-18176.433594 4898.717773
-18183.226562 4898.353516
-18189.992188 4897.992676
-18196.730469 4897.635254
-18203.439453 4897.281250
-18210.121094 4896.930664
-18216.775391 4896.583496
-18223.400391 4896.239746
-18229.998047 4895.899414
-18236.568359 4895.562012
-18243.111328 4895.228027
-18249.625000 4894.897461
-18256.111328 4894.570312
-18262.570312 4894.246582
-18269.000000 4893.926270
-18275.402344 4893.609375
-18281.777344 4893.295898
-18288.125000 4892.985840
-18294.443359 4892.679199
-18300.734375 4892.375977
-18306.998047 4892.075684
-18313.232422 4891.778809
-18319.439453 4891.485352
-18325.619141 4891.195312
-18331.771484 4890.908691
-18337.894531 4890.625488
-18343.990234 4890.345703
-18350.058594 4890.069336
-18356.097656 4889.796387
-18362.109375 4889.526855
-18368.093750 4889.260742
-18374.070312 4889.010742
-18380.031250 4888.772949
-18385.978516 4888.547363
-18391.910156 4888.333984
-18397.828125 4888.132812
-18403.730469 4887.943848
-18409.619141 4887.767090
-18415.492188 4887.602539
-18421.349609 4887.450195
-18427.193359 4887.309570
-18433.021484 4887.181152
-18438.835938 4887.064941
-18444.634766 4886.960938
-18450.419922 4886.869141
-18456.189453 4886.789551
-18461.945312 4886.722168
-18467.685547 4886.666992
-18473.412109 4886.623535
-18479.123047 4886.592285
-18484.820312 4886.573242
-18490.501953 4886.566406
-18496.169922 4886.571777
-18501.822266 4886.589355
-18507.460938 4886.619141
-18513.083984 4886.661133
-18518.693359 4886.715332
-18524.287109 4886.781250
-18529.865234 4886.859375
-18535.429688 4886.949707
-18540.978516 4887.052246
-18546.513672 4887.166992
-18552.033203 4887.293945
-18557.539062 4887.433105
-18563.029297 4887.584473
-18568.505859 4887.748047
-18573.966797 4887.923340
-18579.414062 4888.110840
-18584.845703 4888.310547
-18590.263672 4888.522461
-18595.666016 4888.746582
-18601.072266 4888.970703
-18606.476562 4889.198730
-18611.878906 4889.430664
-18617.277344 4889.666504
-18622.673828 4889.906738
-18628.068359 4890.150879
-18633.460938 4890.398926
-18638.849609 4890.650879
-18644.236328 4890.906738
-18649.621094 4891.166504
-18655.003906 4891.430664
-18660.384766 4891.698730
-18665.761719 4891.970703
-18671.136719 4892.246582
-18676.509766 4892.526367
-18681.880859 4892.810547
-18687.248047 4893.098633
-18692.613281 4893.390625
-18697.976562 4893.686523
-18703.337891 4893.986328
-18708.697266 4894.290527
-18714.052734 4894.598633
-18719.406250 4894.910645
-18724.757812 4895.226562
-18730.107422 4895.546387
-18735.453125 4895.870605
-18740.796875 4896.198730
-18746.138672 4896.530762
-18751.478516 4896.866699
-18756.814453 4897.206543
-18762.148438 4897.550781
-18767.480469 4897.898926
-18772.810547 4898.250977
-18778.138672 4898.606934
-18783.462891 4898.966797
-18788.785156 4899.330566
-18794.105469 4899.698730
-18799.423828 4900.070801
-18804.738281 4900.446777
-18810.050781 4900.826660
-18815.375000 4901.205078
-18820.707031 4901.583984
-18826.046875 4901.963379
-18831.392578 4902.343262
-18836.746094 4902.723145
-18842.107422 4903.103516
-18847.474609 4903.484375
-18852.849609 4903.865723
-18858.232422 4904.247070
-18863.621094 4904.628906
-18869.017578 4905.011230
-18874.421875 4905.394043
-18879.832031 4905.777344
-18885.250000 4906.160645
-18890.675781 4906.544434
-18896.107422 4906.928711
-18901.546875 4907.313477
-18906.994141 4907.698242
-18912.447266 4908.083496
-18917.908203 4908.469238
-18923.376953 4908.855469
-18928.851562 4909.241699
-18934.333984 4909.628418
-18939.824219 4910.015625
-18945.320312 4910.403320
-18950.824219 4910.791504
-18956.335938 4911.179688
-18961.853516 4911.568359
-18967.378906 4911.957520
-18972.912109 4912.347168
-18978.451172 4912.736816
-18983.998047 4913.126953
-18989.552734 4913.517578
-18995.115234 4913.908691
-19000.683594 4914.299805
-19006.259766 4914.691406
-19011.843750 4915.083496
-19017.433594 4915.476074
-19023.031250 4915.868652
-19028.636719 4916.261719
-19034.230469 4916.663574
-19039.818359 4917.071289
-19045.400391 4917.485352
-19050.976562 4917.905273
-19056.548828 4918.331055
-19062.115234 4918.762695
-19067.675781 4919.200195
-19073.230469 4919.643555
-19078.781250 4920.093262
-19084.326172 4920.548828
-19089.865234 4921.010254
-19095.398438 4921.477539
-19100.927734 4921.950684
-19106.451172 4922.430176
-19111.968750 4922.915527
-19117.482422 4923.406738
-19122.990234 4923.903809
-19128.492188 4924.406738
-19133.988281 4924.915527
-19139.480469 4925.430664
-19144.966797 4925.951660
-19150.447266 4926.478516
-19155.921875 4927.011230
-19161.392578 4927.549805
-19166.857422 4928.094727
-19172.316406 4928.645508
-19177.769531 4929.202148
-19183.218750 4929.764648
-19188.662109 4930.333008
-19194.099609 4930.907715
-19199.531250 4931.488281
-19204.958984 4932.074707
-19210.380859 4932.666992
-19215.796875 4933.265137
-19221.207031 4933.869141
-19226.613281 4934.479492
-19232.013672 4935.095703
-19237.408203 4935.717773
-19242.798828 4936.345703
-19248.183594 4936.979492
-19253.492188 4937.663086
-19258.748047 4938.382324
-19263.953125 4939.136719
-19269.105469 4939.926270
-19274.205078 4940.750977
-19279.251953 4941.610840
-19284.248047 4942.505859
-19289.191406 4943.436035
-19294.082031 4944.401367
-19298.919922 4945.401855
-19303.707031 4946.437500
-19308.441406 4947.508301
-19313.123047 4948.614746
-19317.751953 4949.756348
-19322.330078 4950.933105
-19326.855469 4952.145020
-19331.328125 4953.392090
-19335.748047 4954.674316
-19340.117188 4955.991699
-19344.433594 4957.344238
-19348.697266 4958.731934
-19352.910156 4960.154785
-19357.070312 4961.612793
-19361.177734 4963.105957
-19365.232422 4964.634766
-19369.236328 4966.198730
-19373.187500 4967.797852
-19377.085938 4969.432129
-19380.931641 4971.101562
-19384.726562 4972.806152
-19388.468750 4974.545898
-19392.158203 4976.320801
-19395.794922 4978.130859
-19399.380859 4979.976074
-19402.914062 4981.856445
-19406.394531 4983.772461
-19409.822266 4985.723633
-19413.199219 4987.709961
-19416.523438 4989.731445
-19419.794922 4991.788086
-19422.978516 4993.918457
-19426.083984 4996.109863
-19429.113281 4998.362305
-19432.064453 5000.675781
-19434.939453 5003.050293
-19437.738281 5005.485840
-19440.458984 5007.982422
-19443.103516 5010.540039
-19445.671875 5013.158691
-19448.162109 5015.838379
-19450.576172 5018.579102
-19452.914062 5021.380859
-19455.173828 5024.243652
-19457.357422 5027.167480
-19459.464844 5030.152344
-19461.494141 5033.198242
-19463.447266 5036.305176
-19465.322266 5039.473145
-19467.121094 5042.702148
-19468.843750 5045.992188
-19470.488281 5049.343262
-19472.056641 5052.755371
-19473.548828 5056.228516
-19474.962891 5059.762695
-19476.300781 5063.357910
-19477.562500 5067.014160
-19478.746094 5070.731445
-19479.853516 5074.509766
-19480.882812 5078.349121
-19481.835938 5082.249512
-19482.712891 5086.210938
-19483.511719 5090.233398
-19484.234375 5094.316895
-19484.880859 5098.461426
-19485.449219 5102.666992
-19485.941406 5106.933594
-19486.357422 5111.261230
-19486.695312 5115.649902
-19486.957031 5120.099609
-19487.142578 5124.610352
-19487.300781 5129.160156
-19487.414062 5133.756348
-19487.484375 5138.399414
-19487.511719 5143.088867
-19487.496094 5147.824707
-19487.435547 5152.607422
-19487.332031 5157.436523
-19487.185547 5162.312012
-19486.994141 5167.234375
-19486.759766 5172.203125
-19486.482422 5177.218262
-19486.162109 5182.280273
-19485.796875 5187.388672
-19485.388672 5192.543457
-19484.937500 5197.745117
-19484.441406 5202.993164
-19483.902344 5208.287598
-19483.320312 5213.628906
-19482.695312 5219.016602
-19482.025391 5224.450684
-19481.312500 5229.931641
-19480.556641 5235.458984
-19479.755859 5241.032715
-19478.912109 5246.653320
-19478.025391 5252.320312
-19477.095703 5258.033691
-19476.121094 5263.793945
-19475.103516 5269.600586
-19474.042969 5275.453613
-19472.937500 5281.353516
-19471.789062 5287.299805
-19470.597656 5293.292480
-19469.363281 5299.332031
-19468.083984 5305.417969
-19466.761719 5311.550293
-19465.396484 5317.729492
-19463.988281 5323.955078
-19462.535156 5330.227051
-19461.039062 5336.545898
-19459.500000 5342.911133
-19457.884766 5349.188965
-19456.205078 5355.423828
-19454.462891 5361.615723
-19452.656250 5367.764648
-19450.785156 5373.870605
-19448.849609 5379.933594
-19446.849609 5385.953613
-19444.785156 5391.930664
-19442.656250 5397.864746
-19440.462891 5403.755859
-19438.205078 5409.604004
-19435.882812 5415.409668
-19433.496094 5421.172363
-19431.044922 5426.892090
-19428.531250 5432.568848
-19425.953125 5438.202637
-19423.310547 5443.793457
-19420.603516 5449.341309
-19417.832031 5454.846191
-19414.996094 5460.308105
-19412.095703 5465.727051
-19409.130859 5471.103027
-19406.101562 5476.436523
-19403.007812 5481.727051
-19399.849609 5486.974609
-19396.626953 5492.179199
-19393.339844 5497.340820
-19389.990234 5502.459473
-19386.576172 5507.535156
-19383.097656 5512.567871
-19379.554688 5517.557617
-19375.947266 5522.504395
-19372.275391 5527.408203
-19368.539062 5532.269531
-19364.738281 5537.087891
-19360.873047 5541.863281
-19356.943359 5546.595703
-19352.949219 5551.285156
-19348.890625 5555.931641
-19344.767578 5560.535156
-19340.585938 5565.098145
-19336.341797 5569.620117
-19332.037109 5574.100586
-19327.669922 5578.540039
-19323.242188 5582.937988
-19318.751953 5587.294922
-19314.199219 5591.610352
-19309.585938 5595.884766
-19304.910156 5600.117676
-19300.173828 5604.309570
-19295.375000 5608.459961
-19290.515625 5612.569336
-19285.593750 5616.637695
-19280.611328 5620.664551
-19275.566406 5624.650391
-19270.460938 5628.594727
-19265.292969 5632.498047
-19260.064453 5636.359863
-19254.773438 5640.180664
-19249.421875 5643.959961
-19244.007812 5647.698242
-19238.533203 5651.395020
-19232.996094 5655.050781
-19227.398438 5658.665039
-19221.738281 5662.238281
-19216.015625 5665.770020
-19210.232422 5669.260742
-19204.386719 5672.709961
-19198.480469 5676.118164
-19192.511719 5679.484863
-19186.482422 5682.810547
-19180.390625 5686.094727
-19174.238281 5689.337891
-19168.023438 5692.539551
-19161.748047 5695.700195
-19155.410156 5698.819336
-19149.011719 5701.897461
-19142.550781 5704.934570
-19136.029297 5707.930176
-19129.445312 5710.884766
-19122.851562 5713.773926
-19116.232422 5716.605957
-19109.585938 5719.380859
-19102.914062 5722.098145
-19096.214844 5724.758301
-19089.488281 5727.361328
-19082.736328 5729.907227
-19075.957031 5732.395996
-19069.152344 5734.827148
-19062.320312 5737.201172
-19055.460938 5739.518066
-19048.576172 5741.777832
-19041.664062 5743.980469
-19034.726562 5746.125488
-19027.761719 5748.213379
-19020.769531 5750.244141
-19013.751953 5752.217773
-19006.707031 5754.134277
-18999.636719 5755.993164
-18992.539062 5757.794922
-18985.414062 5759.539551
-18978.263672 5761.227051
-18971.085938 5762.857422
-18963.882812 5764.430176
-18956.652344 5765.945801
-18949.394531 5767.404297
-18942.111328 5768.805664
-18934.800781 5770.149902
-18927.462891 5771.437012
-18920.099609 5772.666504
-18912.708984 5773.838867
-18905.292969 5774.954102
-18897.849609 5776.012207
-18890.378906 5777.013184
-18882.882812 5777.956543
-18875.359375 5778.842773
-18867.810547 5779.671875
-18860.234375 5780.443848
-18852.630859 5781.158691
-18845.001953 5781.815918
-18837.332031 5782.479492
-18829.626953 5783.127930
-18821.884766 5783.761230
-18814.107422 5784.379883
-18806.294922 5784.983398
-18798.445312 5785.571777
-18790.560547 5786.145508
-18782.640625 5786.704102
-18774.683594 5787.247559
-18766.691406 5787.775879
-18758.664062 5788.289551
-18750.599609 5788.788086
-18742.500000 5789.271484
-18734.363281 5789.740234
-18726.191406 5790.193848
-18717.984375 5790.632324
-18709.740234 5791.055664
-18701.460938 5791.464355
-18693.146484 5791.857910
-18684.794922 5792.236328
-18676.408203 5792.599609
-18667.986328 5792.948242
-18659.527344 5793.281738
-18651.033203 5793.600098
-18642.503906 5793.903809
-18633.937500 5794.192383
-18625.335938 5794.465820
-18616.697266 5794.724121
-18608.023438 5794.967773
-18599.314453 5795.196289
-18590.568359 5795.409668
-18581.787109 5795.608398
-18572.970703 5795.791992
-18564.117188 5795.960449
-18555.228516 5796.113770
-18546.304688 5796.252441
-18537.343750 5796.375977
-18528.347656 5796.484375
-18519.316406 5796.578125
-18510.248047 5796.656738
-18501.169922 5796.749023
-18492.072266 5796.845215
-18482.955078 5796.945801
-18473.820312 5797.050293
-18464.666016 5797.159180
-18455.492188 5797.271973
-18446.300781 5797.389160
-18437.089844 5797.510254
-18427.859375 5797.635254
-18418.611328 5797.764648
-18409.343750 5797.897949
-18400.056641 5798.035645
-18390.751953 5798.177246
-18381.427734 5798.323242
-18372.083984 5798.473145
-18362.722656 5798.627441
-18353.341797 5798.785645
-18343.941406 5798.947754
-18334.521484 5799.114258
-18325.083984 5799.284668
-18315.626953 5799.459473
-18306.150391 5799.638184
-18296.656250 5799.821289
-18287.142578 5800.008301
-18277.609375 5800.199707
-18268.058594 5800.395020
-18258.488281 5800.594238
-18248.898438 5800.797852
-18239.291016 5801.005371
-18229.664062 5801.217285
-18220.017578 5801.433105
-18210.353516 5801.653320
-18200.669922 5801.877441
-18190.966797 5802.105957
-18181.244141 5802.338379
-18171.503906 5802.574707
-18161.744141 5802.815430
-18151.964844 5803.060059
-18142.167969 5803.309082
-18132.351562 5803.562012
-18122.505859 5803.812988
-18112.632812 5804.064453
-18102.734375 5804.315918
-18092.808594 5804.567383
-18082.857422 5804.818848
-18072.878906 5805.070801
-18062.875000 5805.322754
-18052.843750 5805.574707
-18042.787109 5805.826660
-18032.703125 5806.079102
-18022.593750 5806.331543
-18012.457031 5806.583984
-18002.294922 5806.836914
-17992.105469 5807.089844
-17981.890625 5807.342773
-17971.648438 5807.595703
-17961.380859 5807.849121
-17951.085938 5808.102539
-17940.765625 5808.355957
-17930.417969 5808.609375
-17920.044922 5808.863281
-17909.644531 5809.117188
-17899.218750 5809.371094
-17888.765625 5809.625000
-17878.287109 5809.879395
-17867.781250 5810.133789
-17857.250000 5810.388184
-17846.691406 5810.642578
-17836.107422 5810.897461
-17825.496094 5811.152344
-17814.859375 5811.407227
-17804.195312 5811.662109
-17793.505859 5811.917480
-17782.789062 5812.172852
-17772.046875 5812.428223
-17761.277344 5812.683594
-17750.482422 5812.939453
-17739.660156 5813.195312
-17728.812500 5813.451172
-17717.937500 5813.707031
-17707.044922 5813.963867
-17696.132812 5814.221680
-17685.199219 5814.479980
-17674.246094 5814.739258
-17663.271484 5814.999023
-17652.277344 5815.259766
-17641.261719 5815.520996
-17630.226562 5815.782715
-17619.169922 5816.045410
-17608.091797 5816.308594
-17596.994141 5816.572754
-17585.875000 5816.837402
-17574.736328 5817.103027
-17563.576172 5817.369141
-17552.396484 5817.636230
-17541.195312 5817.903809
-17529.974609 5818.171875
-17518.732422 5818.440918
-17507.470703 5818.710449
-17496.187500 5818.980957
-17484.882812 5819.251953
-17473.558594 5819.523926
-17462.212891 5819.796387
-17450.847656 5820.069336
-17439.460938 5820.343262
-17428.054688 5820.617676
-17416.626953 5820.893066
-17405.179688 5821.168945
-17393.710938 5821.445801
-17382.220703 5821.723145
-17370.710938 5822.000977
-17359.179688 5822.279785
-17347.628906 5822.559082
-17336.056641 5822.839355
-17324.464844 5823.120117
-17312.851562 5823.401855
-17301.218750 5823.684082
-17289.564453 5823.966797
-17277.890625 5824.250488
-17266.195312 5824.534668
-17254.474609 5824.821289
-17242.730469 5825.109863
-17230.964844 5825.399902
-17219.175781 5825.691895
-17207.363281 5825.985840
-17195.527344 5826.281250
-17183.667969 5826.578613
-17171.785156 5826.877930
-17159.878906 5827.178711
-17147.949219 5827.481445
-17135.996094 5827.785645
-17124.019531 5828.091797
-17112.019531 5828.399902
-17099.996094 5828.709473
-17087.949219 5829.020996
-17075.878906 5829.334473
-17063.787109 5829.649414
-17051.671875 5829.966309
-17039.533203 5830.285156
-17027.371094 5830.605469
-17015.185547 5830.927734
-17002.976562 5831.251465
-16990.744141 5831.577148
-16978.488281 5831.904785
-16966.208984 5832.233887
-16953.906250 5832.564941
-16941.580078 5832.897949
-16929.230469 5833.232422
-16916.857422 5833.568848
-16904.460938 5833.907227
-16892.042969 5834.247070
-16879.601562 5834.588867
-16867.136719 5834.932129
-16854.648438 5835.277344
-16842.136719 5835.624512
-16829.601562 5835.973145
-16817.042969 5836.323730
-16804.460938 5836.676270
-16791.855469 5837.030273
-16779.226562 5837.386230
-16766.578125 5837.745605
-16753.908203 5838.107910
-16741.216797 5838.473145
-16728.503906 5838.841309
-16715.769531 5839.211914
-16703.013672 5839.585449
-16690.236328 5839.961914
-16677.437500 5840.341309
-16664.617188 5840.723633
-16651.775391 5841.108887
-16638.912109 5841.497070
-16626.027344 5841.888184
-16613.121094 5842.282227
-16600.193359 5842.678711
-16587.244141 5843.078125
-16574.273438 5843.480469
-16561.281250 5843.885742
-16548.267578 5844.293945
-16535.232422 5844.705078
-16522.175781 5845.119141
-16509.097656 5845.536133
-16495.998047 5845.956055
-16482.876953 5846.378418
-16469.734375 5846.803711
-16456.570312 5847.231934
-16443.384766 5847.663086
-16430.177734 5848.097168
-16416.949219 5848.534180
-16403.699219 5848.974121
-16390.429688 5849.416992
-16377.137695 5849.862793
-16363.824219 5850.311035
-16350.489258 5850.762207
-16337.132812 5851.216309
-16323.754883 5851.673340
-16310.355469 5852.133301
-16296.934570 5852.596191
-16283.493164 5853.062012
-16270.030273 5853.530762
-16256.545898 5854.002441
-16243.045898 5854.472168
-16229.528320 5854.941406
-16215.992188 5855.410645
-16202.438477 5855.879395
-16188.867188 5856.348145
-16175.278320 5856.816406
-16161.671875 5857.284668
-16148.047852 5857.752441
-16134.406250 5858.220215
-16120.747070 5858.687500
-16107.070312 5859.154785
-16093.375977 5859.621582
-16079.664062 5860.088379
-16065.934570 5860.554688
-16052.187500 5861.020996
-16038.422852 5861.486816
-16024.640625 5861.952637
-16010.840820 5862.417969
-15997.023438 5862.883301
-15983.188477 5863.348145
-15969.335938 5863.812988
-15955.465820 5864.277344
-15941.578125 5864.741699
-15927.671875 5865.205566
-15913.748047 5865.669434
-15899.806641 5866.132812
-15885.847656 5866.595703
-15871.871094 5867.058594
-15857.876953 5867.520996
-15843.865234 5867.983398
-15829.835938 5868.445312
-15815.789062 5868.907227
-15801.724609 5869.368652
-15787.642578 5869.830078
-15773.542969 5870.291016
-15759.425781 5870.751953
-15745.291016 5871.212402
-15731.138672 5871.672852
-15716.968750 5872.132812
-15702.781250 5872.592773
-15688.580078 5873.052246
-15674.364258 5873.511719
-15660.133789 5873.970703
-15645.888672 5874.429688
-15631.628906 5874.888184
-15617.354492 5875.346191
-15603.065430 5875.804199
-15588.761719 5876.261719
-15574.443359 5876.719238
-15560.110352 5877.176270
-15545.762695 5877.633301
-15531.401367 5878.089844
-15517.025391 5878.545898
-15502.634766 5879.001953
-15488.229492 5879.457520
-15473.809570 5879.913086
-15459.375000 5880.368164
-15444.925781 5880.823242
-15430.461914 5881.277832
-15415.983398 5881.732422
-15401.490234 5882.186523
-15386.982422 5882.640137
-15372.459961 5883.093750
-15357.922852 5883.546875
-15343.371094 5884.000000
-15328.804688 5884.452637
-15314.223633 5884.905273
-15299.627930 5885.357422
-15285.017578 5885.809082
-15270.392578 5886.260742
-15255.752930 5886.711914
-15241.098633 5887.163086
-15226.429688 5887.613770
-15211.746094 5888.064453
-15197.047852 5888.514648
-15182.334961 5888.964844
-15167.607422 5889.414551
-15152.865234 5889.863770
-15138.108398 5890.312988
-15123.336914 5890.761719
-15108.547852 5891.214355
-15093.742188 5891.669434
-15078.919922 5892.126953
-15064.081055 5892.586914
-15049.225586 5893.049316
-15034.354492 5893.514160
-15019.466797 5893.981445
-15004.562500 5894.451172
-14989.641602 5894.923340
-14974.704102 5895.397949
-14959.750000 5895.875000
-14944.779297 5896.354492
-14929.791992 5896.836426
-14914.788086 5897.320801
-14899.767578 5897.807617
-14884.730469 5898.296875
-14869.676758 5898.788086
-14854.606445 5899.281738
-14839.519531 5899.777832
-14824.416016 5900.276367
-14809.295898 5900.777344
-14794.159180 5901.280762
-14779.005859 5901.786621
-14763.835938 5902.294922
-14748.650391 5902.805664
-14733.448242 5903.318848
-14718.229492 5903.834473
-14702.994141 5904.352539
-14687.742188 5904.873047
-14672.473633 5905.395996
-14657.188477 5905.921387
-14641.886719 5906.449219
-14626.568359 5906.979492
-14611.233398 5907.512207
-14595.881836 5908.047363
-14580.513672 5908.584961
-14565.128906 5909.125000
-14549.727539 5909.667480
-14534.309570 5910.212402
-14518.875000 5910.759766
-14503.416016 5911.306152
-14487.934570 5911.853027
-14472.430664 5912.400391
-14456.905273 5912.948242
-14441.357422 5913.496094
-14425.787109 5914.044434
-14410.194336 5914.593262
-14394.580078 5915.142578
-14378.943359 5915.692383
-14363.284180 5916.242188
-14347.603516 5916.792480
-14331.900391 5917.343262
-14316.174805 5917.894531
-14300.427734 5918.445801
-14284.658203 5918.997559
-14268.866211 5919.549805
-14253.051758 5920.102539
-14237.215820 5920.655273
-14221.357422 5921.208496
-14205.476562 5921.762207
-14189.574219 5922.316406
-14173.649414 5922.871094
-14157.702148 5923.425781
-14141.732422 5923.980957
-14125.741211 5924.536621
-14109.727539 5925.092773
-14093.691406 5925.648926
-14077.633789 5926.205566
-14061.553711 5926.762695
-14045.451172 5927.320312
-14029.327148 5927.877930
-14013.180664 5928.436035
-13997.011719 5928.994629
-13980.820312 5929.553711
-13964.607422 5930.112793
-13948.372070 5930.672363
-13932.114258 5931.232422
-13915.834961 5931.792969
-13899.533203 5932.354004
-13883.208984 5932.915039
-13866.867188 5933.473633
-13850.505859 5934.030762
-13834.125000 5934.586426
-13817.724609 5935.140625
-13801.304688 5935.693359
-13784.865234 5936.244629
-13768.406250 5936.794434
-13751.927734 5937.342285
-13735.429688 5937.888672
-13718.912109 5938.433594
-13702.375000 5938.977051
-13685.818359 5939.519043
-13669.242188 5940.059570
-13652.646484 5940.598633
-13636.031250 5941.136230
-13619.396484 5941.671875
-13602.742188 5942.206055
-13586.068359 5942.738770
-13569.375000 5943.270020
-13552.662109 5943.799805
-13535.929688 5944.328125
-13519.177734 5944.854980
-13502.406250 5945.380371
-13485.615234 5945.903809
-13468.804688 5946.425781
-13451.974609 5946.946289
-13435.125000 5947.465332
-13418.255859 5947.982910
-13401.367188 5948.499023
-13384.458984 5949.013672
-13367.531250 5949.526855
-13350.583984 5950.038086
-13333.617188 5950.547852
-13316.630859 5951.056152
-13299.625000 5951.562988
-13282.599609 5952.068359
-13265.554688 5952.572266
-13248.490234 5953.074707
-13231.406250 5953.575684
-13214.302734 5954.074707
