-0.050137 0.026925
-0.133700 0.071800
-0.250687 0.134625
-0.401100 0.215400
-0.584937 0.314125
-0.802200 0.430800
-1.052887 0.565425
-1.337000 0.718000
-1.654537 0.888525
-2.005500 1.077000
-2.389887 1.283425
-2.807700 1.507800
-3.258937 1.750125
-3.743600 2.010400
-4.261687 2.288625
-4.813199 2.584800
-5.398137 2.898925
-6.016499 3.231000
-6.668287 3.581025
-7.353499 3.949000
-8.072136 4.334925
-8.824199 4.738800
-9.609686 5.160625
-10.428599 5.600399
-11.280936 6.058124
-12.166698 6.533799
-13.085886 7.027424
-14.038498 7.538999
-15.024536 8.068524
-16.043998 8.615999
-17.096885 9.181424
-18.183198 9.764799
-19.302935 10.366124
-20.456097 10.985399
-21.642685 11.622624
-22.862697 12.277799
-24.116134 12.950924
-25.402997 13.641999
-26.723284 14.351024
-28.076997 15.077999
-29.463159 15.823974
-30.882096 16.588599
-32.333808 17.371874
-33.818296 18.173799
-35.335558 18.994374
-36.885595 19.833599
-38.468407 20.691474
-40.083995 21.567999
-41.732357 22.463174
-43.413494 23.376999
-45.127406 24.309474
-46.874093 25.260599
-48.653555 26.230374
-50.465792 27.218799
-52.310805 28.225874
-54.188592 29.251600
-56.099154 30.295975
-58.042491 31.359000
-60.018603 32.440675
-62.027490 33.541000
-64.069152 34.659976
-66.143589 35.797601
-68.250801 36.953876
-70.390788 38.128801
-72.563550 39.322377
-74.769087 40.534602
-77.007399 41.765477
-79.278485 43.015003
-81.582347 44.283178
-83.918984 45.570003
-86.288396 46.875479
-88.690583 48.199604
-91.125545 49.542380
-93.593282 50.903805
-96.093793 52.283880
-98.627080 53.682606
-101.193142 55.099981
-103.791979 56.536007
-106.423590 57.990682
-109.087977 59.464008
-111.781464 60.959546
-114.505276 62.476109
-117.259412 64.013697
-120.043874 65.572310
-122.858661 67.151948
-125.703772 68.752611
-128.579209 70.374299
-131.484970 72.017011
-134.421057 73.680749
-137.387469 75.365512
-140.384205 77.071300
-143.411267 78.798113
-146.468653 80.545951
-149.556365 82.314814
-152.674401 84.104702
-155.822763 85.915615
-159.001450 87.747553
-162.210461 89.600516
-165.449798 91.474504
-168.719459 93.369516
-172.019445 95.285554
-175.349757 97.222617
-178.710393 99.180705
-182.101355 101.159818
-185.522641 103.159956
-188.974253 105.181119
-192.456189 107.223306
-195.968450 109.286519
-199.511037 111.370757
-203.083948 113.476020
-206.687185 115.602308
-210.320746 117.749621
-213.984632 119.917958
-217.678844 122.107321
-221.403380 124.317709
-225.158241 126.549122
-228.943427 128.801560
-232.758939 131.075022
-236.604775 133.369510
-240.480936 135.685023
-244.374785 137.985673
-248.290534 140.283423
-252.228183 142.578274
-256.187732 144.870224
-260.169181 147.159274
-264.172530 149.445424
-268.197779 151.728674
-272.244928 154.009025
-276.313977 156.286475
-280.404926 158.561025
-284.517775 160.832675
-288.652525 163.101425
-292.809174 165.367275
-296.987723 167.630225
-301.188173 169.890276
-305.410522 172.147426
-309.654772 174.401676
-313.920921 176.653026
-318.208971 178.901476
-322.518921 181.147026
-326.850770 183.389676
-331.204520 185.629426
-335.580170 187.866276
-339.977720 190.100226
-344.397169 192.331276
-348.838519 194.559426
-353.301769 196.784676
-357.786919 199.007026
-362.293969 201.226476
-366.822919 203.443025
-371.373769 205.656675
-375.946519 207.867425
-380.541170 210.075275
-385.157720 212.280225
-389.796170 214.482275
-394.456520 216.681425
-399.138771 218.877675
-403.842921 221.071024
-408.568972 223.261474
-413.316922 225.449024
-418.071285 227.620136
-422.837223 229.779324
-427.614736 231.926586
-432.403824 234.061924
-437.204487 236.185336
-442.016725 238.296824
-446.840539 240.396386
-451.675927 242.484024
-456.522890 244.559737
-461.381428 246.623524
-466.251541 248.675387
-471.133230 250.715325
-476.026493 252.743338
-480.931331 254.759426
-485.847744 256.763589
-490.775733 258.755827
-495.715296 260.736140
-500.666434 262.704528
-505.629148 264.660991
-510.603436 266.605529
-515.589299 268.538142
-520.586738 270.458830
-525.595751 272.367594
-530.616340 274.264432
-535.648503 276.149345
-540.692242 278.022334
-545.747555 279.883397
-550.814444 281.732535
-555.892908 283.569749
-560.982946 285.395037
-566.084560 287.208401
-571.197748 289.009840
-576.322512 290.799353
-581.458851 292.576942
-586.606764 294.342606
-591.766253 296.096344
-596.937317 297.838158
-602.119956 299.568047
-607.314170 301.286011
-612.519958 302.992050
-617.727085 304.734501
-622.938961 306.497253
-628.155587 308.280304
-633.376964 310.083655
-638.603090 311.907307
-643.833966 313.751258
-649.069593 315.615509
-654.309969 317.500061
-659.555095 319.404912
-664.804972 321.330063
-670.059598 323.275515
-675.318974 325.241266
-680.583101 327.227317
-685.851977 329.233669
-691.125604 331.260320
-696.403980 333.307271
-701.687106 335.374522
-706.974983 337.462073
-712.267609 339.569925
-717.564986 341.698076
-722.867112 343.846527
-728.173988 346.015278
-733.485615 348.204329
-738.801991 350.413681
-744.123118 352.643332
-749.448994 354.893283
-754.779621 357.163534
-760.114997 359.454085
-765.455124 361.764936
-770.800000 364.096087
-776.149627 366.447538
-781.504003 368.819290
-786.863130 371.211341
-792.227006 373.623692
-797.595633 376.056343
-802.969009 378.509294
-808.347136 380.982545
-813.730012 383.476096
-819.117639 385.989947
-824.510015 388.524098
-829.885654 391.079111
-835.251718 393.654800
-840.608207 396.251163
-845.955121 398.868202
-851.292460 401.505915
-856.620224 404.164304
-861.938413 406.843367
-867.247027 409.543106
-872.546065 412.263519
-877.835529 415.004608
-883.115418 417.766372
-888.385732 420.548810
-893.646470 423.351924
-898.897634 426.175712
-904.139223 429.020176
-909.371236 431.885314
-914.593675 434.771128
-919.806539 437.677616
-925.009827 440.604780
-930.203541 443.552619
-935.387679 446.521132
-940.562243 449.510321
-945.727231 452.520184
-950.882645 455.550723
-956.028483 458.601937
-961.164746 461.673825
-966.291435 464.766389
-971.408548 467.879627
-976.516086 471.013541
-981.614050 474.168130
-986.702438 477.343393
-991.781251 480.539332
-996.850489 483.755945
-1001.910153 486.993234
-1006.960241 490.251198
-1012.000754 493.529836
-1017.031692 496.829150
-1022.053055 500.149139
-1027.064843 503.489802
-1032.067056 506.851141
-1037.074807 510.254192
-1042.083057 513.691943
-1047.091808 517.164394
-1052.101059 520.671545
-1057.110809 524.213397
-1062.121060 527.789948
-1067.131811 531.401199
-1072.143061 535.047150
-1077.154812 538.727801
-1082.167062 542.443152
-1087.179813 546.193204
-1092.193064 549.977955
-1097.206814 553.797406
-1102.221065 557.651557
-1107.235816 561.540408
-1112.251067 565.463960
-1117.266817 569.422211
-1122.283068 573.415162
-1127.299819 577.442813
-1132.317069 581.505164
-1137.334820 585.602215
-1142.353071 589.733967
-1147.371822 593.900418
-1152.391073 598.101569
-1157.410823 602.337420
-1162.431074 606.607972
-1167.451825 610.913223
-1172.473076 615.253174
-1177.494827 619.627825
-1182.517077 624.037176
-1187.539828 628.481228
-1192.563079 632.959979
-1197.586830 637.473430
-1202.611081 642.021581
-1207.635832 646.604433
-1212.661082 651.221984
-1217.686833 655.874235
-1222.713084 660.561186
-1227.739835 665.282837
-1232.767086 670.039189
-1237.787299 674.842952
-1242.802988 679.689891
-1247.814151 684.580005
-1252.820790 689.513294
-1257.822903 694.489758
-1262.820491 699.509396
-1267.813555 704.572210
-1272.802093 709.678199
-1277.786106 714.827363
-1282.765595 720.019702
-1287.740558 725.255216
-1292.710996 730.533905
-1297.676910 735.855769
-1302.638298 741.220807
-1307.595161 746.629021
-1312.547500 752.080410
-1317.495313 757.574974
-1322.438601 763.112713
-1327.377365 768.693627
-1332.311603 774.317716
-1337.241316 779.984980
-1342.166504 785.695419
-1347.087168 791.449033
-1352.003306 797.245822
-1356.914919 803.085786
-1361.822007 808.968925
-1366.724571 814.895239
-1371.622609 820.864729
-1376.516122 826.877393
-1381.405110 832.933232
-1386.289574 839.032246
-1391.169512 845.174435
-1396.044925 851.359799
-1400.915813 857.588338
-1405.782176 863.860052
-1410.644015 870.174942
-1415.501328 876.533006
-1420.354116 882.934245
-1425.202379 889.378659
-1430.046117 895.866248
-1434.875281 902.352088
-1439.693219 908.851152
-1444.499932 915.363441
-1449.295420 921.888956
-1454.079684 928.427695
-1458.852722 934.979659
-1463.614535 941.544849
-1468.365124 948.123263
-1473.104487 954.714903
-1477.832626 961.319767
-1482.549539 967.937857
-1487.255228 974.569171
-1491.949691 981.213711
-1496.632930 987.871475
-1501.304944 994.542465
-1505.965732 1001.226680
-1510.615296 1007.924119
-1515.253635 1014.634784
-1519.880749 1021.358674
-1524.496637 1028.095789
-1529.101301 1034.846128
-1533.694740 1041.609693
-1538.276954 1048.386483
-1542.847943 1055.176498
-1547.407707 1061.979738
-1551.956246 1068.796203
-1556.493560 1075.625893
-1561.019649 1082.468808
-1565.534513 1089.324948
-1570.038152 1096.194313
-1574.530566 1103.076903
-1579.011755 1109.972718
-1583.481719 1116.881758
-1587.940458 1123.804023
-1592.387973 1130.739513
-1596.824262 1137.688228
-1601.249326 1144.650169
-1605.663165 1151.625334
-1610.065780 1158.613724
-1614.457169 1165.615339
-1618.867559 1172.620092
-1623.286873 1179.631345
-1627.715112 1186.649098
-1632.152277 1193.673351
-1636.598366 1200.704103
-1641.053381 1207.741356
-1645.517320 1214.785109
-1649.990185 1221.835362
-1654.471974 1228.892115
-1658.962689 1235.955368
-1663.462329 1243.025120
-1667.970893 1250.101373
-1672.488383 1257.184126
-1677.014798 1264.273379
-1681.550137 1271.369132
-1686.094402 1278.471385
-1690.647592 1285.580138
-1695.209706 1292.695390
-1699.780746 1299.817143
-1704.360711 1306.945396
-1708.949601 1314.080149
-1713.547416 1321.221402
-1718.154155 1328.369155
-1722.769820 1335.523408
-1727.394410 1342.684161
-1732.027925 1349.851414
-1736.670365 1357.025167
-1741.321730 1364.205420
-1745.982020 1371.392173
-1750.651235 1378.585425
-1755.329375 1385.785178
-1760.016440 1392.991431
-1764.712430 1400.204184
-1769.417345 1407.423437
-1774.131185 1414.649190
-1778.853950 1421.881443
-1783.585641 1429.120196
-1788.326256 1436.365449
-1793.075796 1443.617202
-1797.834261 1450.875455
-1802.606451 1458.166233
-1807.390766 1465.480861
-1812.187206 1472.819339
-1816.995772 1480.181667
-1821.816462 1487.567846
-1826.649277 1494.977874
-1831.494217 1502.411752
-1836.351282 1509.869480
-1841.220472 1517.351058
-1846.101787 1524.856486
-1850.995227 1532.385764
-1855.900791 1539.938892
-1860.818481 1547.515871
-1865.748296 1555.116699
-1870.690236 1562.741377
-1875.644301 1570.389905
-1880.610491 1578.062283
-1885.588806 1585.758512
-1890.579245 1593.478590
-1895.581810 1601.222518
-1900.596500 1608.990296
-1905.623314 1616.781925
-1910.662254 1624.597403
-1915.713319 1632.436731
-1920.776508 1640.299910
-1925.851823 1648.186938
-1930.939263 1656.097816
-1936.038827 1664.032545
-1941.150517 1671.991123
-1946.274331 1679.973551
-1951.410271 1687.979830
-1956.558335 1696.009958
-1961.718525 1704.063937
-1966.890839 1712.141765
-1972.075278 1720.243444
-1977.271843 1728.368972
-1982.480532 1736.518351
-1987.701347 1744.691579
-1992.934286 1752.888658
-1998.179350 1761.109586
-2003.405152 1769.339515
-2008.622154 1777.583393
-2013.830356 1785.841222
-2019.029757 1794.113000
-2024.220359 1802.398729
-2029.402161 1810.698407
-2034.575163 1819.012036
-2039.739364 1827.339615
-2044.894766 1835.681143
-2050.041368 1844.036622
-2055.179170 1852.406051
-2060.308171 1860.789429
-2065.428373 1869.186758
-2070.539775 1877.598037
-2075.642376 1886.023265
-2080.736178 1894.462444
-2085.821180 1902.915573
-2090.897381 1911.382651
-2095.964783 1919.863680
-2101.023385 1928.358659
-2106.073186 1936.867588
-2111.114188 1945.390467
-2116.146390 1953.927295
-2121.169791 1962.478074
-2126.184393 1971.042803
-2131.190195 1979.621482
-2136.187196 1988.214111
-2141.175398 1996.820690
-2146.154799 2005.441218
-2151.125401 2014.075697
-2156.087203 2022.724126
-2161.040204 2031.386505
-2165.984406 2040.062834
-2170.919807 2048.753113
-2175.846409 2057.457342
-2180.764210 2066.175521
-2185.673212 2074.907650
-2190.573413 2083.653729
-2195.464815 2092.413758
-2200.347416 2101.187737
-2205.229993 2109.955491
-2210.109619 2118.723745
-2214.986296 2127.492499
-2219.860023 2136.261753
-2224.730799 2145.031507
-2229.598626 2153.801761
-2234.463502 2162.572515
-2239.325429 2171.343769
-2244.184406 2180.115523
-2249.040432 2188.887777
-2253.893509 2197.660531
-2258.743635 2206.433785
-2263.590812 2215.207539
-2268.435039 2223.981793
-2273.276315 2232.756547
-2278.114642 2241.531801
-2282.950019 2250.307555
-2287.782445 2259.083809
-2292.611922 2267.860563
-2297.438449 2276.637817
-2302.262026 2285.415572
-2307.082652 2294.193826
-2311.900329 2302.972580
-2316.715056 2311.751834
-2321.526833 2320.531588
-2326.335659 2329.311842
-2331.141536 2338.092596
-2335.944463 2346.873850
-2340.744440 2355.655604
-2345.541466 2364.437858
-2350.335543 2373.220612
-2355.126670 2382.003866
-2359.914847 2390.787620
-2364.700074 2399.571874
-2369.482351 2408.356628
-2374.261678 2417.141882
-2379.038054 2425.927636
-2383.811481 2434.713890
-2388.581958 2443.500644
-2393.349485 2452.287898
-2398.128462 2461.090877
-2402.914089 2469.904506
-2407.706366 2478.728785
-2412.505293 2487.563714
-2417.310870 2496.409293
-2422.123097 2505.265522
-2426.941974 2514.132401
-2431.767501 2523.009930
-2436.599678 2531.898109
-2441.438506 2540.796938
-2446.283983 2549.706416
-2451.136110 2558.626545
-2455.994887 2567.557324
-2460.860314 2576.498753
-2465.732392 2585.450832
-2470.611119 2594.413560
-2475.496496 2603.386939
-2480.388523 2612.370968
-2485.287201 2621.365646
-2490.192528 2630.370975
-2495.104506 2639.386953
-2500.023133 2648.413582
-2504.948410 2657.450861
-2509.880338 2666.498789
-2514.818915 2675.557368
-2519.764143 2684.626596
-2524.716020 2693.706475
-2529.674548 2702.797003
-2534.639726 2711.898182
-2539.611553 2721.010010
-2544.590031 2730.132488
-2549.575159 2739.265617
-2554.566936 2748.409395
-2559.565364 2757.563823
-2564.570442 2766.728902
-2569.582169 2775.904630
-2574.600547 2785.091008
-2579.625575 2794.288037
-2584.657253 2803.495715
-2589.695581 2812.714043
-2594.720421 2821.921121
-2599.738486 2831.124249
-2604.749777 2840.323428
-2609.754292 2849.518656
-2614.752032 2858.709934
-2619.742998 2867.897263
-2624.727188 2877.080641
-2629.704604 2886.260069
-2634.675244 2895.435548
-2639.639109 2904.607076
-2644.596200 2913.774654
-2649.546515 2922.938283
-2654.490056 2932.097961
-2659.426821 2941.253690
-2664.356812 2950.405468
-2669.280027 2959.553297
-2674.196468 2968.697175
-2679.106133 2977.837104
-2684.009023 2986.973082
-2688.905139 2996.105111
-2693.794479 3005.233189
-2698.677045 3014.357318
-2703.552836 3023.477496
-2708.421851 3032.593725
-2713.284092 3041.706004
-2718.139557 3050.814332
-2722.988248 3059.918711
-2727.830163 3069.019139
-2732.665304 3078.115618
-2737.493669 3087.208147
-2742.315260 3096.296725
-2747.130076 3105.381354
-2751.938116 3114.462033
-2756.739382 3123.538762
-2761.533872 3132.611540
-2766.321588 3141.680369
-2771.102529 3150.745248
-2775.876694 3159.806177
-2780.644085 3168.863156
-2785.404701 3177.916184
-2790.165179 3186.929976
-2794.923307 3195.916292
-2799.679085 3204.875133
-2804.432514 3213.806500
-2809.183592 3222.710391
-2813.932321 3231.586807
-2818.678699 3240.435748
-2823.422728 3249.257215
-2828.164406 3258.051206
-2832.903735 3266.817722
-2837.640713 3275.556763
-2842.375342 3284.268330
-2847.107621 3292.952421
-2851.837550 3301.609037
-2856.565128 3310.238178
-2861.290357 3318.839845
-2866.013236 3327.414036
-2870.733765 3335.960752
-2875.451944 3344.479993
-2880.167773 3352.971759
-2884.881252 3361.436050
-2889.592381 3369.872867
-2894.301160 3378.282208
-2899.007590 3386.664074
-2903.711669 3395.018465
-2908.413398 3403.345381
-2913.112777 3411.644822
-2917.809807 3419.916788
-2922.504486 3428.161280
-2927.196816 3436.378296
-2931.886795 3444.567837
-2936.574425 3452.729903
-2941.259704 3460.864494
-2945.942634 3468.971610
-2950.623213 3477.051251
-2955.301443 3485.103417
-2959.977323 3493.128108
-2964.650853 3501.125324
-2969.322033 3509.095065
-2973.990862 3517.037331
-2978.670842 3525.000198
-2983.357472 3532.967639
-2988.050752 3540.939655
-2992.750682 3548.916246
-2997.457262 3556.897412
-3002.170492 3564.883153
-3006.890372 3572.873469
-3011.616902 3580.868360
-3016.350082 3588.867826
-3021.089912 3596.871867
-3025.836392 3604.880483
-3030.589522 3612.893674
-3035.349303 3620.911440
-3040.115733 3628.933781
-3044.888813 3636.960697
-3049.668543 3644.992188
-3054.454923 3653.028254
-3059.247954 3661.068895
-3064.047634 3669.114111
-3068.853964 3677.163902
-3073.666945 3685.218268
-3078.486575 3693.277209
-3083.312855 3701.340725
-3088.145786 3709.408816
-3092.985366 3717.481482
-3097.831597 3725.558723
-3102.684477 3733.640539
-3107.544008 3741.726930
-3112.410188 3749.817896
-3117.283019 3757.913437
-3122.162499 3766.013554
-3127.048630 3774.118245
-3131.941411 3782.227511
-3136.840841 3790.341352
-3141.746922 3798.459768
-3146.659653 3806.582759
-3151.579033 3814.710325
-3156.505064 3822.842466
-3161.437745 3830.979182
-3166.377076 3839.120473
-3171.298419 3847.260489
-3176.209987 3855.401180
-3181.111780 3863.542546
-3186.003799 3871.684587
-3190.886042 3879.827303
-3195.758510 3887.970695
-3200.621203 3896.114761
-3205.474122 3904.259502
-3210.317265 3912.404919
-3215.150633 3920.551010
-3219.974226 3928.697777
-3224.788044 3936.845218
-3229.592088 3944.993335
-3234.386356 3953.142126
-3239.170849 3961.291593
-3243.945567 3969.441734
-3248.710510 3977.592551
-3253.465679 3985.744043
-3258.211072 3993.896209
-3262.946690 4002.049051
-3267.672533 4010.202568
-3272.388601 4018.356760
-3277.094894 4026.511627
-3281.791412 4034.667169
-3286.478156 4042.823386
-3291.155124 4050.980278
-3295.822317 4059.137845
-3300.479735 4067.296087
-3305.127378 4075.455004
-3309.765246 4083.614596
-3314.393339 4091.774863
-3319.011657 4099.935806
-3323.620201 4108.097423
-3328.218969 4116.259715
-3332.807962 4124.422682
-3337.387180 4132.586325
-3341.956623 4140.750642
-3346.516291 4148.915635
-3351.066184 4157.081302
-3355.606302 4165.247645
-3360.153033 4173.417775
-3364.700913 4181.590655
-3369.249944 4189.766285
-3373.800124 4197.944665
-3378.351455 4206.125795
-3382.903935 4214.309675
-3387.457566 4222.496304
-3392.012346 4230.685684
-3396.568277 4238.877814
-3401.125357 4247.072694
-3405.683588 4255.270324
-3410.242968 4263.470704
-3414.803499 4271.673834
-3419.365180 4279.879714
-3423.928010 4288.088343
-3428.491991 4296.299723
-3433.057121 4304.513853
-3437.623402 4312.730733
-3442.190832 4320.950362
-3446.759413 4329.172742
-3451.329143 4337.397872
-3455.900024 4345.625752
-3460.472054 4353.856381
-3465.045235 4362.089761
-3469.619565 4370.325891
-3474.195046 4378.564770
-3478.771676 4386.806400
-3483.349456 4395.050780
-3487.928387 4403.297909
-3492.508467 4411.547789
-3497.089698 4419.800419
-3501.672078 4428.055798
-3506.255609 4436.313928
-3510.840289 4444.574807
-3515.426120 4452.838437
-3520.013100 4461.104816
-3524.601231 4469.373946
-3529.190511 4477.645825
-3533.780942 4485.920455
-3538.372522 4494.197834
-3542.940765 4502.495439
-3547.493833 4510.807443
-3552.031726 4519.133848
-3556.554444 4527.474652
-3561.061987 4535.829857
-3565.554354 4544.199461
-3570.031547 4552.583466
-3574.493565 4560.981870
-3578.940408 4569.394675
-3583.372076 4577.821879
-3587.788569 4586.263484
-3592.189887 4594.719488
-3596.576030 4603.189893
-3600.946997 4611.674698
-3605.302790 4620.173902
-3609.643408 4628.687507
-3613.968851 4637.215511
-3618.279119 4645.757916
-3622.574211 4654.314720
-3626.854129 4662.885925
-3631.118872 4671.471529
-3635.368440 4680.071534
-3639.602833 4688.685938
-3643.822050 4697.314743
-3648.026093 4705.957947
-3652.214961 4714.615552
-3656.388654 4723.287556
-3660.547171 4731.973961
-3664.690514 4740.674765
-3668.818682 4749.389970
-3672.931675 4758.119575
-3677.029492 4766.863579
-3681.112135 4775.621984
-3685.179603 4784.394788
-3689.231895 4793.181993
-3693.269013 4801.983597
-3697.290956 4810.799602
-3701.297723 4819.630006
-3705.289316 4828.474811
-3709.265734 4837.334016
-3713.241001 4846.208070
-3717.210444 4855.096825
-3721.174062 4864.000279
-3725.131855 4872.918434
-3729.083822 4881.851289
-3733.029965 4890.798844
-3736.970283 4899.761098
-3740.904776 4908.738053
-3744.833444 4917.729708
-3748.756287 4926.736063
-3752.673305 4935.757118
-3756.584498 4944.792873
-3760.489866 4953.843328
-3764.389409 4962.908483
-3768.283128 4971.988338
-3772.171021 4981.082893
-3776.053089 4990.192148
-3779.929332 4999.316103
-3783.799750 5008.454758
-3787.664344 5017.608113
-3791.523112 5026.776168
-3795.376055 5035.958923
-3799.223174 5045.156379
-3803.064467 5054.368534
-3806.899936 5063.595389
-3810.729579 5072.836945
-3814.553398 5082.093200
-3818.371391 5091.364155
-3822.183560 5100.649811
-3825.989904 5109.950166
-3829.790422 5119.265222
-3833.585116 5128.594977
-3837.373985 5137.939433
-3841.157028 5147.298588
-3844.934247 5156.672444
-3848.705641 5166.060999
-3852.471210 5175.464255
-3856.230954 5184.882211
-3859.984873 5194.314866
-3863.732966 5203.762222
-3867.495898 5213.226190
-3871.266779 5222.706134
-3875.045611 5232.202052
-3878.832393 5241.713945
-3882.627124 5251.241814
-3886.429806 5260.785657
-3890.240437 5270.345475
-3894.059019 5279.921269
-3897.885551 5289.513037
-3901.720033 5299.120780
-3905.562464 5308.744499
-3909.412846 5318.384192
-3913.271178 5328.039860
-3917.137460 5337.711504
-3921.011692 5347.399122
-3924.893874 5357.102716
-3928.784006 5366.822284
-3932.682088 5376.557828
-3936.588120 5386.309346
-3940.502102 5396.076840
-3944.424034 5405.860308
-3948.353916 5415.659752
-3952.291748 5425.475170
-3956.237530 5435.306564
-3960.191262 5445.153932
-3964.152945 5455.017276
-3968.122577 5464.896594
-3972.100159 5474.791888
-3976.085691 5484.703157
-3980.079174 5494.630400
-3984.080606 5504.573619
-3988.089989 5514.532813
-3992.107321 5524.507981
-3996.132603 5534.499125
-4000.165836 5544.506244
-4004.207018 5554.529337
-4008.256151 5564.568406
-4012.313234 5574.623450
-4016.378266 5584.694468
-4020.451249 5594.781462
-4024.523857 5604.876744
-4028.598864 5614.982875
-4032.676272 5625.099856
-4036.756079 5635.227687
-4040.838287 5645.366368
-4044.922894 5655.515900
-4049.009902 5665.676281
-4053.099310 5675.847512
-4057.191117 5686.029593
-4061.285325 5696.222525
-4065.381932 5706.426306
-4069.480940 5716.640937
-4073.582347 5726.866418
-4077.686154 5737.102750
-4081.792362 5747.349931
-4085.900969 5757.607962
-4090.011977 5767.876843
-4094.125384 5778.156574
-4098.241192 5788.447156
-4102.359399 5798.748587
-4106.480006 5809.060868
-4110.603014 5819.383999
-4114.728421 5829.717980
-4118.856229 5840.062812
-4122.986436 5850.418493
-4127.119043 5860.785024
-4131.254051 5871.162405
-4135.391458 5881.550636
-4139.531265 5891.949717
-4143.673472 5902.359649
-4147.818080 5912.780430
-4151.965087 5923.212061
-4156.114494 5933.654542
-4160.266301 5944.107873
-4164.420509 5954.572054
-4168.577116 5965.047086
-4172.736123 5975.532967
-4176.897530 5986.029698
-4181.061337 5996.537279
-4185.227545 6007.055710
-4189.409464 6017.570254
-4193.602659 6028.085823
-4197.807129 6038.602416
-4202.022873 6049.120035
-4206.249893 6059.638678
-4210.488188 6070.158347
-4214.737758 6080.679041
-4218.998602 6091.200759
-4223.270722 6101.723503
-4227.554117 6112.247271
-4231.848787 6122.772065
-4236.154731 6133.297883
-4240.471951 6143.824727
-4244.800446 6154.352595
-4249.140216 6164.881489
-4253.491261 6175.411407
-4257.853580 6185.942351
-4262.227175 6196.474319
-4266.612045 6207.007313
-4271.008190 6217.541331
-4275.415610 6228.076375
-4279.834305 6238.612443
-4284.264275 6249.149537
-4288.705519 6259.687655
-4293.158039 6270.226799
-4297.621834 6280.766967
-4302.096904 6291.308160
-4306.583249 6301.850379
-4311.080869 6312.393622
-4315.589764 6322.937891
-4320.109934 6333.483184
-4324.641379 6344.029502
-4329.184099 6354.576846
-4333.738094 6365.125214
-4338.303364 6375.674607
-4342.879909 6386.225026
-4347.467729 6396.776469
-4352.066824 6407.328937
-4356.677194 6417.882431
-4361.298839 6428.436949
-4365.943459 6438.969917
-4370.607154 6449.488861
-4375.289924 6459.993779
-4379.991769 6470.484672
-4384.712689 6480.961541
-4389.452684 6491.424384
-4394.211754 6501.873203
-4398.989899 6512.307996
-4403.787119 6522.728765
-4408.603414 6533.135509
-4413.438785 6543.528227
-4418.293230 6553.906921
-4423.166750 6564.271590
-4428.059345 6574.622233
-4432.971015 6584.958852
-4437.901761 6595.281446
-4442.851581 6605.590014
-4447.820476 6615.884558
-4452.808446 6626.165077
-4457.815492 6636.431571
-4462.841612 6646.684040
-4467.886807 6656.922484
-4472.951078 6667.146903
-4478.034423 6677.357297
-4483.136843 6687.553666
-4488.258339 6697.736010
-4493.398909 6707.904329
-4498.558555 6718.058623
-4503.737275 6728.198892
-4508.935070 6738.325136
-4514.151941 6748.437355
-4519.387886 6758.535549
-4524.642907 6768.619719
-4529.917002 6778.689863
-4535.210173 6788.745982
-4540.522418 6798.788076
-4545.853739 6808.816146
-4551.204134 6818.830190
-4556.573605 6828.830209
-4561.962150 6838.816204
-4567.359946 6848.818136
-4572.770267 6858.826018
-4578.193112 6868.839850
-4583.628483 6878.859632
-4589.076379 6888.885364
-4594.536800 6898.917046
-4600.009746 6908.954678
-4605.495217 6918.998260
-4610.993213 6929.047792
-4616.503734 6939.103274
-4622.026780 6949.164706
-4627.562351 6959.232088
-4633.110448 6969.305420
-4638.671069 6979.384702
-4644.244215 6989.469934
-4649.829887 6999.561117
-4655.428083 7009.658249
-4661.038805 7019.761331
-4666.662051 7029.870363
-4672.297823 7039.985346
-4677.946120 7050.106278
-4683.606941 7060.233160
-4689.280288 7070.365993
-4694.966160 7080.504775
-4700.664557 7090.649507
-4706.375479 7100.800190
-4712.098926 7110.956822
-4717.834898 7121.119404
-4723.583395 7131.287937
-4729.344417 7141.462419
-4735.117964 7151.642852
-4740.904036 7161.829234
-4746.702634 7172.021567
-4752.513756 7182.219849
-4758.337403 7192.424082
-4764.173576 7202.634264
-4770.022273 7212.850397
-4775.883496 7223.072480
-4781.757243 7233.300512
-4787.643516 7243.534495
-4793.508376 7253.771053
-4799.363136 7264.011310
-4805.207797 7274.255268
-4811.042357 7284.502926
-4816.866817 7294.754283
-4822.681177 7305.009341
-4828.485437 7315.268099
-4834.279598 7325.530557
-4840.063658 7335.796715
-4845.837618 7346.066572
-4851.601479 7356.340130
-4857.355239 7366.617388
-4863.098899 7376.898346
-4868.832460 7387.183004
-4874.555920 7397.471362
-4880.269280 7407.763420
-4885.972541 7418.059178
-4891.665701 7428.358636
-4897.348762 7438.661794
-4903.021722 7448.968652
-4908.684582 7459.279210
-4914.337343 7469.593468
-4919.980003 7479.911426
-4925.612564 7490.233084
-4931.235024 7500.558442
-4936.847385 7510.887500
-4942.449646 7521.220258
-4948.041806 7531.556716
-4953.623867 7541.896874
-4959.195827 7552.240733
-4964.757688 7562.588291
-4970.309448 7572.939549
-4975.851109 7583.294507
-4981.382670 7593.653166
-4986.904130 7604.015524
-4992.415491 7614.381582
-4997.916752 7624.751340
-5003.407913 7635.124799
-5008.888973 7645.501957
-5014.359934 7655.882815
-5019.812395 7666.262911
-5025.249155 7676.643732
-5030.670216 7687.025278
-5036.075577 7697.407549
-5041.465237 7707.790544
-5046.839198 7718.174265
-5052.197459 7728.558711
-5057.540019 7738.943881
-5062.866880 7749.329777
-5068.178040 7759.716398
-5073.473501 7770.103743
-5078.753261 7780.491814
-5084.017322 7790.880609
-5089.265682 7801.270130
-5094.498343 7811.660376
-5099.715303 7822.051346
-5104.916563 7832.443041
-5110.102124 7842.835462
-5115.271984 7853.228607
-5120.426144 7863.622478
-5125.564605 7874.017073
-5130.687365 7884.412394
-5135.794425 7894.808439
-5140.885786 7905.205209
-5145.961446 7915.602705
-5151.021406 7926.000925
-5156.065666 7936.399870
-5161.094226 7946.799540
-5166.107087 7957.199936
-5171.104247 7967.601056
-5176.085707 7978.002901
-5181.051467 7988.405471
-5186.001527 7998.808766
-5190.935887 8009.212786
-5195.854547 8019.617532
-5200.757507 8030.023002
-5205.644767 8040.429197
-5210.516327 8050.836117
-5215.372187 8061.243762
-5220.212347 8071.652132
-5225.058707 8082.091489
-5229.903967 8092.551747
-5234.748127 8103.032904
-5239.591187 8113.534962
-5244.433147 8124.057920
-5249.274007 8134.601777
-5254.113767 8145.166535
-5258.952427 8155.752193
-5263.789987 8166.358751
-5268.626447 8176.986209
-5273.461807 8187.634567
-5278.296067 8198.303825
-5283.129227 8208.993982
-5287.961287 8219.705040
-5292.792247 8230.436998
-5297.622107 8241.189857
-5302.450867 8251.963615
-5307.278527 8262.758273
-5312.105087 8273.573831
-5316.930547 8284.410289
-5321.754907 8295.267647
-5326.578167 8306.145906
-5331.400327 8317.045064
-5336.221387 8327.965122
-5341.041347 8338.906081
-5345.860207 8349.867939
-5350.677967 8360.850697
-5355.494627 8371.854356
-5360.310187 8382.878914
-5365.124647 8393.924373
-5369.938007 8404.990731
-5374.750267 8416.077990
-5379.561427 8427.186149
-5384.371487 8438.315207
-5389.180447 8449.465166
-5393.988307 8460.636025
-5398.795068 8471.827783
-5403.600728 8483.040442
-5408.405288 8494.274001
-5413.208748 8505.528460
-5418.017070 8516.775506
-5422.828268 8528.024578
-5427.642341 8539.275674
-5432.459288 8550.528796
-5437.279111 8561.783942
-5442.101809 8573.041114
-5446.927381 8584.300310
-5451.755829 8595.561532
-5456.587152 8606.824778
-5461.421349 8618.090050
-5466.258422 8629.357347
-5471.098370 8640.626668
-5475.941192 8651.898015
-5480.786890 8663.171387
-5485.635463 8674.446784
-5490.486910 8685.724206
-5495.341233 8697.003653
-5500.198431 8708.285124
-5505.058504 8719.568621
-5509.921451 8730.854143
-5514.787274 8742.141690
-5519.655972 8753.431262
-5524.527545 8764.722859
-5529.401992 8776.016482
-5534.279315 8787.312129
-5539.159513 8798.609801
-5544.042586 8809.909498
-5548.928534 8821.211220
-5553.817356 8832.514967
-5558.709054 8843.820740
-5563.603627 8855.128537
-5568.501075 8866.438359
-5573.401398 8877.750207
-5578.304596 8889.064079
-5583.210669 8900.379976
-5588.119616 8911.697899
-5593.031439 8923.017846
-5597.946137 8934.339819
-5602.863710 8945.663817
-5607.784158 8956.989839
-5612.711718 8968.290287
-5617.644979 8979.574359
-5622.583939 8990.842057
-5627.528599 9002.093380
-5632.478960 9013.328327
-5637.435020 9024.546900
-5642.396780 9035.749098
-5647.364240 9046.934920
-5652.337400 9058.104368
-5657.316261 9069.257441
-5662.300821 9080.394138
-5667.291081 9091.514461
-5672.287041 9102.618409
-5677.288701 9113.705982
-5682.296061 9124.777180
-5687.309121 9135.832003
-5692.327881 9146.870450
-5697.352341 9157.892523
-5702.382501 9168.898221
-5707.418361 9179.887544
-5712.459921 9190.860492
-5717.507181 9201.817065
-5722.560141 9212.757263
-5727.618801 9223.681086
-5732.683160 9234.588534
-5737.753220 9245.479607
-5742.828980 9256.354305
-5747.910440 9267.212628
-5752.997599 9278.054576
-5758.090459 9288.880149
-5763.189019 9299.689347
-5768.293278 9310.482170
-5773.403238 9321.258618
-5778.518898 9332.018692
-5783.640257 9342.762390
-5788.767317 9353.489713
-5793.900076 9364.200661
-5799.038536 9374.895234
-5804.182695 9385.573433
-5809.332555 9396.235256
-5814.503902 9406.882392
-5819.691474 9417.514277
-5824.895271 9428.130913
-5830.115293 9438.732299
-5835.351540 9449.318434
-5840.604012 9459.889320
-5845.872710 9470.444956
-5851.157632 9480.985341
-5856.458779 9491.510477
-5861.776151 9502.020363
-5867.109749 9512.514998
-5872.459571 9522.994384
-5877.825618 9533.458519
-5883.207891 9543.907405
-5888.606388 9554.341041
-5894.021110 9564.759426
-5899.452058 9575.162562
-5904.899230 9585.550447
-5910.362628 9595.923083
-5915.842250 9606.280468
-5921.338098 9616.622604
-5926.850170 9626.949489
-5932.378468 9637.261125
-5937.922991 9647.557510
-5943.483738 9657.838645
-5949.060711 9668.104531
-5954.653909 9678.355166
-5960.263331 9688.590552
-5965.888979 9698.810687
-5971.530852 9709.015572
-5977.188950 9719.205208
-5982.863272 9729.379593
-5988.553820 9739.538728
-5994.260593 9749.682614
-5999.983591 9759.811249
-6005.722814 9769.924634
-6011.478262 9780.022770
-6017.249935 9790.105655
-6023.037833 9800.173290
-6028.841956 9810.225675
-6034.658516 9820.239561
-6040.488777 9830.222696
-6046.332737 9840.175081
-6052.190398 9850.096717
-6058.061758 9859.987602
-6063.946819 9869.847737
-6069.845579 9879.677122
-6075.758040 9889.475758
-6081.684201 9899.243643
-6087.624061 9908.980778
-6093.577622 9918.687164
-6099.544882 9928.362799
-6105.525843 9938.007685
-6111.520504 9947.621820
-6117.528864 9957.205205
-6123.550925 9966.757841
-6129.586685 9976.279726
-6135.636146 9985.770862
-6141.699307 9995.231247
-6147.776167 10004.660882
-6153.866728 10014.059768
-6159.970989 10023.427903
-6166.088949 10032.765289
-6172.220610 10042.071924
-6178.365971 10051.347810
-6184.525032 10060.592945
-6190.697792 10069.807331
-6196.884253 10078.990966
-6203.084414 10088.143852
-6209.298275 10097.265987
-6215.525835 10106.357373
-6221.767096 10115.418008
-6228.022057 10124.447894
-6234.290718 10133.447029
-6240.573078 10142.415415
-6246.869139 10151.353050
-6253.178900 10160.259936
-6259.502361 10169.136072
-6265.839522 10177.981457
-6272.190382 10186.796093
-6278.578718 10195.613391
-6284.996604 10204.422214
-6291.444040 10213.222562
-6297.921026 10222.014435
-6304.427562 10230.797833
-6310.963647 10239.572756
-6317.529283 10248.339204
-6324.124469 10257.097178
-6330.749205 10265.846676
-6337.403490 10274.587699
-6344.087326 10283.320247
-6350.800712 10292.044320
-6357.543648 10300.759918
-6364.316133 10309.467041
-6371.118169 10318.165689
-6377.949755 10326.855862
-6384.810891 10335.537561
-6391.701576 10344.210784
-6398.621812 10352.875532
-6405.571598 10361.531805
-6412.550933 10370.179603
-6419.559819 10378.818926
-6426.598255 10387.449774
-6433.666240 10396.072147
-6440.763776 10404.686046
-6447.890862 10413.291469
-6455.047497 10421.888417
-6462.233683 10430.476890
-6469.449419 10439.056888
-6476.694704 10447.628411
-6483.969540 10456.191460
-6491.273926 10464.746033
-6498.607861 10473.292131
-6505.971347 10481.829754
-6513.364382 10490.358902
-6520.786968 10498.879575
-6528.239104 10507.391773
-6535.720789 10515.895497
-6543.232025 10524.390745
-6550.772810 10532.877518
-6558.345658 10541.322179
-6565.949731 10549.735939
-6573.585029 10558.118800
-6581.251553 10566.470761
-6588.949301 10574.791822
-6596.678274 10583.081982
-6604.438472 10591.341243
-6612.229895 10599.569604
-6620.052543 10607.767065
-6627.906416 10615.933626
-6635.791514 10624.069287
-6643.707837 10632.174048
-6651.655385 10640.247909
-6659.634158 10648.290870
-6667.644156 10656.302931
-6675.685379 10664.284092
-6683.757827 10672.234353
-6691.861500 10680.153714
-6699.996398 10688.042175
-6708.162521 10695.899736
-6716.359869 10703.726397
-6724.588442 10711.522158
-6732.848240 10719.287019
-6741.139263 10727.020980
-6749.461511 10734.724042
-6757.814984 10742.396203
-6766.199682 10750.037464
-6774.615605 10757.647825
-6783.062753 10765.227287
-6791.541125 10772.775848
-6800.050723 10780.293509
-6808.591546 10787.780271
-6817.163594 10795.236132
-6825.766867 10802.661093
-6834.401365 10810.055155
-6843.067088 10817.418316
-6851.764036 10824.750578
-6860.492209 10832.051939
-6869.251607 10839.322401
-6878.042230 10846.561962
-6886.851065 10853.780974
-6895.682450 10860.975985
-6904.536386 10868.146996
-6913.412871 10875.294008
-6922.311906 10882.417019
-6931.233492 10889.516031
-6940.177627 10896.591042
-6949.144312 10903.642054
-6958.133547 10910.669065
-6967.145333 10917.672076
-6976.179668 10924.651088
-6985.236553 10931.606099
-6994.315988 10938.537110
-7003.417973 10945.444122
-7012.542508 10952.327133
-7021.689593 10959.186144
-7030.859228 10966.021156
-7040.051413 10972.832167
-7049.266148 10979.619178
-7058.503433 10986.382190
-7067.763268 10993.121201
-7077.045653 10999.836212
-7086.350588 11006.527223
-7095.678073 11013.194234
-7105.028108 11019.837246
-7114.400693 11026.456257
-7123.795828 11033.051268
-7133.213512 11039.622279
-7142.653747 11046.169290
-7152.116532 11052.692302
-7161.601867 11059.191313
-7171.109752 11065.666324
-7180.640186 11072.117335
-7190.193171 11078.544346
-7199.768706 11084.947357
-7209.366790 11091.326368
-7218.987425 11097.681379
-7228.630610 11104.012390
-7238.296344 11110.319401
-7247.984629 11116.602412
-7257.693138 11122.877698
-7267.422648 11129.139835
-7277.173157 11135.388821
-7286.944667 11141.624657
-7296.737177 11147.847343
-7306.550686 11154.056879
-7316.385196 11160.253265
-7326.240705 11166.436501
-7336.117215 11172.606587
-7346.014724 11178.763523
-7355.933234 11184.907308
-7365.872743 11191.037944
-7375.833253 11197.155430
-7385.814763 11203.259766
-7395.817272 11209.350952
-7405.840782 11215.428988
-7415.885291 11221.493874
-7425.950801 11227.545610
-7436.037310 11233.584196
-7446.144820 11239.609632
-7456.273329 11245.621918
-7466.422839 11251.621054
-7476.593348 11257.607040
-7486.784858 11263.579875
-7496.997368 11269.539561
-7507.230877 11275.486097
-7517.485387 11281.419483
-7527.760896 11287.339719
-7538.057406 11293.246805
-7548.374915 11299.140741
-7558.713425 11305.021526
-7569.072934 11310.889162
-7579.453444 11316.743648
-7589.854953 11322.584984
-7600.277463 11328.413170
-7610.720972 11334.228206
-7621.185482 11340.030091
-7631.670991 11345.818827
-7642.177501 11351.594413
-7652.705010 11357.356849
-7663.248270 11363.112247
-7673.809029 11368.858570
-7684.387289 11374.595819
-7694.983048 11380.323992
-7705.596308 11386.043091
-7716.227067 11391.753114
-7726.875327 11397.454063
-7737.541086 11403.145936
-7748.224346 11408.828735
-7758.925105 11414.502458
-7769.643365 11420.167107
-7780.379125 11425.822681
-7791.132384 11431.469179
-7801.903144 11437.106603
-7812.691403 11442.734952
-7823.497163 11448.354225
-7834.320423 11453.964424
-7845.161182 11459.565548
-7856.019442 11465.157597
-7866.895201 11470.740571
-7877.788461 11476.314470
-7888.699221 11481.879294
-7899.627480 11487.435043
-7910.573240 11492.981717
-7921.536500 11498.519316
-7932.517259 11504.047840
-7943.515519 11509.567289
-7954.531278 11515.077663
-7965.564538 11520.578962
-7976.615298 11526.071186
-7987.683557 11531.554335
-7998.769317 11537.028409
-8009.872577 11542.493409
-8020.993337 11547.949333
-8032.131596 11553.396182
-8043.287356 11558.833957
-8054.460616 11564.262656
-8065.651375 11569.682280
-8076.859635 11575.092830
-8088.085395 11580.494304
-8099.323855 11585.879729
-8110.576614 11591.251428
-8121.843674 11596.609403
-8133.125034 11601.953652
-8144.420694 11607.284176
-8155.730654 11612.600976
-8167.054914 11617.904050
-8178.393474 11623.193400
-8189.746334 11628.469024
-8201.113494 11633.730923
-8212.494954 11638.979098
-8223.890714 11644.213547
-8235.300774 11649.434272
-8246.725135 11654.641271
-8258.163795 11659.834545
-8269.616755 11665.014095
-8281.084015 11670.179919
-8292.565576 11675.332018
-8304.061436 11680.470393
-8315.571597 11685.595042
-8327.096057 11690.705966
-8338.634818 11695.803166
-8350.187878 11700.886640
-8361.755239 11705.956389
-8373.336899 11711.012414
-8384.932860 11716.054713
-8396.543120 11721.083287
-8408.167681 11726.098136
-8419.806542 11731.099261
-8431.459703 11736.086660
-8443.127163 11741.060334
-8454.808924 11746.020284
-8466.504985 11750.966508
-8478.215346 11755.899007
-8489.940007 11760.817781
-8501.678968 11765.722831
-8513.432229 11770.614155
-8525.199790 11775.491754
-8536.981651 11780.355628
-8548.777812 11785.205778
-8560.491785 11790.049552
-8572.155734 11794.884501
-8583.769658 11799.710625
-8595.333556 11804.527924
-8606.847430 11809.336398
-8618.311279 11814.136048
-8629.725103 11818.926872
-8641.088902 11823.708871
-8652.402675 11828.482045
-8663.666424 11833.246394
-8674.880148 11838.001918
-8686.043847 11842.748617
-8697.157521 11847.486491
-8708.221170 11852.215540
-8719.234794 11856.935764
-8730.198393 11861.647163
-8741.111968 11866.349737
-8751.975517 11871.043485
-8762.789041 11875.728409
-8773.552540 11880.404508
-8784.266014 11885.071782
-8794.929464 11889.730231
-8805.542888 11894.379855
-8816.106287 11899.020653
-8826.619662 11903.652627
-8837.083011 11908.275776
-8847.496336 11912.890100
-8857.859635 11917.495598
-8868.172910 11922.092272
-8878.436159 11926.680121
-8888.649384 11931.259144
-8898.812583 11935.829343
-8908.925758 11940.390716
-8918.988908 11944.943265
-8929.002032 11949.486989
-8938.965132 11954.021887
-8948.878207 11958.547961
-8958.741257 11963.065209
-8968.554282 11967.573633
-8978.317281 11972.073231
-8987.996281 11976.543605
-8997.602606 11980.991553
-9007.136256 11985.417076
-9016.597231 11989.820175
-9025.985531 11994.200848
-9035.301156 11998.559097
-9044.544106 12002.894920
-9053.714381 12007.208319
-9062.811981 12011.499293
-9071.836906 12015.767841
-9080.789156 12020.013965
-9089.668731 12024.237663
-9098.475631 12028.438937
-9107.209856 12032.617785
-9115.871406 12036.774209
-9124.460281 12040.908207
-9132.976481 12045.019781
-9141.420006 12049.108929
-9149.790856 12053.175653
-9158.089031 12057.219951
-9166.314531 12061.241825
-9174.467356 12065.241274
-9182.547506 12069.218297
-9190.554981 12073.172896
-9198.489781 12077.105069
-9206.351906 12081.014818
-9214.141357 12084.902141
-9221.858132 12088.767040
-9229.502232 12092.609514
-9237.073657 12096.429562
-9244.572407 12100.227186
-9251.998482 12104.002384
-9259.351883 12107.755158
-9266.632608 12111.485507
-9273.840658 12115.193430
-9280.976033 12118.878929
-9288.038734 12122.542003
-9295.028759 12126.182651
-9301.946109 12129.800875
-9308.790784 12133.396674
-9315.559297 12136.995735
-9322.252810 12140.589496
-9328.871323 12144.177957
-9335.414835 12147.761118
-9341.883348 12151.338979
-9348.276861 12154.911541
-9354.595374 12158.478802
-9360.838887 12162.040763
-9367.007399 12165.597424
-9373.100912 12169.148785
-9379.119425 12172.694847
-9385.062938 12176.235608
-9390.931451 12179.771069
-9396.724964 12183.301230
-9402.443476 12186.826092
-9408.086989 12190.345653
-9413.655502 12193.859914
-9419.149015 12197.368875
-9424.567528 12200.872537
-9429.911041 12204.370898
-9435.179554 12207.863959
-9440.373066 12211.351720
-9445.491579 12214.834182
-9450.535092 12218.311343
-9455.503605 12221.783204
-9460.397118 12225.249766
-9465.215631 12228.711027
-9469.959144 12232.166988
-9474.627657 12235.617650
-9479.221170 12239.063011
-9483.739682 12242.503072
-9488.183195 12245.937834
-9492.551708 12249.367295
-9496.845221 12252.791457
-9501.063734 12256.210318
-9505.207247 12259.623879
-9509.275760 12263.032141
-9513.269273 12266.435102
-9517.187786 12269.832764
-9521.031299 12273.225125
-9524.846162 12276.579374
-9528.616925 12279.906448
-9532.343588 12283.206347
-9536.026151 12286.479071
-9539.664614 12289.724620
-9543.258977 12292.942993
-9546.809240 12296.134192
-9550.315403 12299.298216
-9553.777466 12302.435065
-9557.195429 12305.544739
-9560.569292 12308.627238
-9563.899055 12311.682561
-9567.184718 12314.710710
-9570.426281 12317.711684
-9573.623744 12320.685483
-9576.777107 12323.632107
-9579.886370 12326.551555
-9582.951533 12329.443829
-9585.972596 12332.308928
-9588.949559 12335.146852
-9591.882422 12337.957600
-9594.771185 12340.741174
-9597.615848 12343.497573
-9600.416411 12346.226796
-9603.172874 12348.928845
-9605.885238 12351.603719
-9608.553501 12354.251417
-9611.177664 12356.871941
-9613.757727 12359.465290
-9616.293690 12362.031463
-9618.785553 12364.570462
-9621.233316 12367.082286
-9623.636979 12369.566934
-9625.996543 12372.024408
-9628.312006 12374.454706
-9630.583369 12376.857830
-9632.810632 12379.233779
-9634.993795 12381.582552
-9637.132858 12383.904151
-9639.227822 12386.198574
-9641.309322 12388.461473
-9643.367148 12390.694296
-9645.401299 12392.897045
-9647.411774 12395.069718
-9649.398575 12397.212317
-9651.361701 12399.324840
-9653.301152 12401.407289
-9655.216927 12403.459662
-9657.109028 12405.481961
-9658.977454 12407.474184
-9660.822204 12409.436332
-9662.643280 12411.368406
-9664.440681 12413.270404
-9666.214406 12415.142328
-9667.964457 12416.984176
-9669.690833 12418.795949
-9671.393534 12420.577648
-9673.072559 12422.329271
-9674.727910 12424.050819
-9676.359586 12425.742292
-9677.967586 12427.403691
-9679.551912 12429.035014
-9681.112563 12430.636262
-9682.649539 12432.207435
-9684.162839 12433.748534
-9685.652465 12435.259557
-9687.118416 12436.740505
-9688.560692 12438.191378
-9689.979292 12439.612176
-9691.374218 12441.002899
-9692.745469 12442.363548
-9694.093044 12443.694121
-9695.416945 12444.994619
-9696.717171 12446.265042
-9697.993722 12447.505390
-9699.246597 12448.715663
-9700.475798 12449.895861
-9701.681324 12451.045984
-9702.863175 12452.166032
-9704.021350 12453.256005
-9705.145914 12454.343278
-9706.240177 12455.418726
-9707.304140 12456.482349
-9708.337804 12457.534147
-9709.341167 12458.574121
-9710.314230 12459.602269
-9711.256994 12460.618592
-9712.169457 12461.623090
-9713.051620 12462.615763
-9713.903484 12463.596612
-9714.725047 12464.565635
-9715.516311 12465.522833
-9716.277274 12466.468207
-9717.007938 12467.401755
-9717.708301 12468.323479
-9718.378365 12469.233377
-9719.018128 12470.131451
-9719.627592 12471.017699
-9720.206755 12471.892123
-9720.755619 12472.754721
-9721.274183 12473.605495
-9721.762446 12474.444443
-9722.220410 12475.271567
-9722.648073 12476.086866
-9723.045437 12476.890339
-9723.412501 12477.681988
-9723.749264 12478.461812
-9724.055728 12479.229811
-9724.331892 12479.985984
-9724.577756 12480.730333
-9724.793319 12481.462857
-9724.978583 12482.183556
-9725.133547 12482.892430
-9725.258211 12483.589479
-9725.352575 12484.274703
-9725.416638 12484.948102
-9725.450402 12485.609676
-9725.453866 12486.259425
-9725.427030 12486.897349
-9725.369894 12487.523448
-9725.282533 12488.139035
-9725.164922 12488.743671
-9725.017061 12489.337358
-9724.838950 12489.920094
-9724.630589 12490.491881
-9724.391978 12491.052717
-9724.123117 12491.602604
-9723.824006 12492.141540
-9723.494645 12492.669527
-9723.135034 12493.186563
-9722.745173 12493.692650
-9722.325062 12494.187786
-9721.874701 12494.671973
-9721.394090 12495.145209
-9720.883229 12495.607495
-9720.342119 12496.058832
-9719.770758 12496.499218
-9719.169147 12496.928654
-9718.537286 12497.347141
-9717.875175 12497.754677
-9717.182815 12498.151263
-9716.460204 12498.536900
-9715.707343 12498.911586
-9714.924233 12499.275322
-9714.110872 12499.628108
-9713.267261 12499.969944
-9712.393401 12500.300831
-9711.489290 12500.620767
-9710.554929 12500.929753
-9709.590319 12501.227789
-9708.595458 12501.514875
-9707.570348 12501.791012
-9706.514987 12502.056198
-9705.429377 12502.310434
-9704.313516 12502.553720
-9703.167406 12502.786056
-9701.991045 12503.007442
-9700.784435 12503.217878
-9699.547574 12503.417364
-9698.280464 12503.605900
-9696.982653 12503.776624
-9695.654293 12503.931822
-9694.295383 12504.071496
-9692.905922 12504.195644
-9691.485912 12504.304268
-9690.035352 12504.397366
-9688.554241 12504.474940
-9687.042581 12504.536988
-9685.500371 12504.583512
-9683.927610 12504.614511
-9682.324300 12504.629984
-9680.690440 12504.629933
-9679.026029 12504.614356
-9677.331069 12504.583255
-9675.605559 12504.536628
-9673.849499 12504.474477
-9672.062888 12504.396800
-9670.245728 12504.303599
-9668.398018 12504.194873
-9666.519758 12504.070621
-9664.610948 12503.930845
-9662.671587 12503.775543
-9660.701677 12503.604717
-9658.701217 12503.418365
-9656.670207 12503.216489
-9654.608647 12502.999088
-9652.516537 12502.766161
-9650.393877 12502.517710
-9648.240667 12502.253733
-9646.056907 12501.974232
-9643.842597 12501.679205
-9641.597736 12501.368654
-9639.322326 12501.042578
-9637.016366 12500.700976
-9634.679856 12500.343850
-9632.312796 12499.971198
-9629.915186 12499.583022
-9627.487026 12499.179321
-9625.028316 12498.760094
-9622.539057 12498.325343
-9620.046172 12497.883954
-9617.540687 12497.432965
-9615.022602 12496.972376
-9612.491917 12496.502188
-9609.948632 12496.022399
-9607.392747 12495.533010
-9604.824262 12495.034022
-9602.243177 12494.525433
-9599.649492 12494.007244
-9597.043206 12493.479456
-9594.424321 12492.942067
-9591.792836 12492.395079
-9589.148751 12491.838490
-9586.492066 12491.272302
-9583.822781 12490.696513
-9581.140896 12490.111125
-9578.446411 12489.516137
-9575.739326 12488.911548
-9573.019641 12488.297360
-9570.287356 12487.673572
-9567.542470 12487.040183
-9564.784985 12486.397195
-9562.014900 12485.744607
-9559.232215 12485.082419
-9556.436930 12484.410631
-9553.629045 12483.729243
-9550.808559 12483.038255
-9547.975474 12482.337667
-9545.129789 12481.627479
-9542.271504 12480.907691
-9539.400619 12480.178303
-9536.517133 12479.439315
-9533.621048 12478.690727
-9530.712363 12477.932539
-9527.791078 12477.164752
-9524.857192 12476.387364
-9521.910707 12475.600376
-9518.951622 12474.803788
-9515.979937 12473.997601
-9512.995651 12473.181813
-9509.995203 12472.358075
-9506.979781 12471.525838
-9503.949383 12470.685100
-9500.904010 12469.835862
-9497.843663 12468.978125
-9494.768340 12468.111887
-9491.678042 12467.237149
-9488.572769 12466.353911
-9485.452522 12465.462173
-9482.317299 12464.561936
-9479.167102 12463.653198
-9476.001929 12462.735960
-9472.821781 12461.810222
-9469.626659 12460.875984
-9466.416561 12459.933246
-9463.191489 12458.982008
-9459.951441 12458.022270
-9456.696419 12457.054032
-9453.426421 12456.077294
-9450.141449 12455.092056
-9446.841501 12454.098318
-9443.526579 12453.096080
-9440.196681 12452.085342
-9436.851809 12451.066104
-9433.491961 12450.038366
-9430.117139 12449.002128
-9426.727342 12447.957390
-9423.322569 12446.904152
-9419.902822 12445.842413
-9416.468100 12444.772175
-9413.018402 12443.693437
-9409.553730 12442.606199
-9406.074083 12441.510461
-9402.579460 12440.406222
-9399.069863 12439.293484
-9395.545291 12438.172246
-9392.005744 12437.042508
-9388.451221 12435.904269
-9384.881724 12434.757531
-9381.297252 12433.602293
-9377.701292 12432.443692
-9374.092682 12431.280016
-9370.471423 12430.111265
-9366.837513 12428.937440
-9363.190953 12427.758539
-9359.531744 12426.574564
-9355.859884 12425.385514
-9352.175374 12424.191388
-9348.478215 12422.992188
-9344.768405 12421.787913
-9341.045946 12420.578563
-9337.310836 12419.364137
-9333.563076 12418.144637
-9329.802667 12416.920062
-9326.029607 12415.690413
-9322.243897 12414.455688
-9318.445538 12413.215888
-9314.634528 12411.971013
-9310.810869 12410.721063
-9306.974559 12409.466039
-9303.125599 12408.205939
-9299.263990 12406.940765
-9295.389730 12405.670515
-9291.502821 12404.395191
-9287.603261 12403.114792
-9283.691052 12401.829317
-9279.766192 12400.538768
-9275.828683 12399.243144
-9271.878523 12397.942445
-9267.915713 12396.636671
-9263.940254 12395.325822
-9259.952144 12394.009898
-9255.951385 12392.688899
-9251.937975 12391.362825
-9247.911916 12390.031677
-9243.873206 12388.695453
-9239.821847 12387.354154
-9235.757837 12386.007781
-9231.681178 12384.656332
-9227.591868 12383.299809
-9223.491971 12381.934048
-9219.380799 12380.560437
-9215.258352 12379.178976
-9211.124630 12377.789665
-9206.979633 12376.392505
-9202.823361 12374.987494
-9198.655814 12373.574633
-9194.476992 12372.153922
-9190.286895 12370.725362
-9186.085523 12369.288951
-9181.872876 12367.844690
-9177.648953 12366.392580
-9173.413756 12364.932619
-9169.167284 12363.464809
-9164.909537 12361.989148
-9160.640515 12360.505638
-9156.360217 12359.014277
-9152.068645 12357.515067
-9147.765798 12356.008007
-9143.451675 12354.493096
-9139.126278 12352.970336
-9134.789606 12351.439726
-9130.441658 12349.901266
-9126.082436 12348.354955
-9121.711939 12346.800795
-9117.330166 12345.238785
-9112.937119 12343.668925
-9108.532797 12342.091215
-9104.117199 12340.505655
-9099.690327 12338.912245
-9095.252179 12337.310985
-9090.802757 12335.701875
-9086.342059 12334.084915
-9081.870087 12332.460105
-9077.386839 12330.827445
-9072.892317 12329.186935
-9068.386519 12327.538575
-9063.869446 12325.882366
-9059.341099 12324.218306
-9054.801476 12322.546396
-9050.266066 12320.868887
-9045.729706 12319.185027
-9041.192396 12317.494817
-9036.654136 12315.798257
-9032.114926 12314.095348
-9027.574765 12312.386088
-9023.033655 12310.670479
-9018.491595 12308.948519
-9013.948585 12307.220209
-9009.404625 12305.485550
-9004.859715 12303.744540
-9000.313855 12301.997181
-8995.767045 12300.243471
-8991.219285 12298.483411
-8986.670574 12296.717002
-8982.120914 12294.944242
-8977.570304 12293.165133
-8973.018744 12291.379673
-8968.466234 12289.587864
-8963.912774 12287.789704
-8959.358364 12285.985195
-8954.803003 12284.174335
-8950.246693 12282.357126
-8945.689433 12280.533567
-8941.131223 12278.703657
-8936.572063 12276.867398
-8932.011953 12275.024788
-8927.450893 12273.175829
-8922.888882 12271.320520
-8918.325922 12269.458860
-8913.762012 12267.590851
-8909.197152 12265.716491
-8904.631342 12263.835782
-8900.064582 12261.948723
-8895.496872 12260.055314
-8890.928211 12258.155554
-8886.358601 12256.249445
-8881.788041 12254.336986
-8877.216531 12252.418176
-8872.644071 12250.493017
-8868.084873 12248.557683
-8863.534201 12246.613449
-8858.992053 12244.660315
-8854.458431 12242.698281
-8849.933333 12240.727346
-8845.416761 12238.747512
-8840.908713 12236.758778
-8836.409191 12234.761145
-8831.918193 12232.754611
-8827.435721 12230.739177
-8822.961774 12228.714843
-8818.496351 12226.681609
-8814.039454 12224.639475
-8809.591082 12222.588442
-8805.151235 12220.528508
-8800.719912 12218.459674
-8796.297115 12216.381941
-8791.882843 12214.295307
-8787.477096 12212.199773
-8783.079874 12210.095340
-8778.691177 12207.982006
-8774.311005 12205.859773
-8769.939358 12203.728640
-8765.576236 12201.588606
-8761.221639 12199.439673
-8756.875567 12197.281839
-8752.538020 12195.115106
-8748.208999 12192.939473
-8743.888502 12190.754940
-8739.576530 12188.561507
-8735.273083 12186.359173
-8730.978162 12184.147940
-8726.691765 12181.927807
-8722.413893 12179.698774
-8718.144547 12177.460841
-8713.883725 12175.214008
-8709.631428 12172.958275
-8705.387657 12170.693642
-8701.152410 12168.420110
-8696.925689 12166.137677
-8692.703367 12163.837007
-8688.486821 12161.521211
-8684.276049 12159.190291
-8680.071053 12156.844246
-8675.871832 12154.483076
-8671.678385 12152.106780
-8667.490714 12149.715360
-8663.308818 12147.308815
-8659.132696 12144.887145
-8654.962350 12142.450350
-8650.797779 12139.998430
-8646.638982 12137.531385
-8642.485961 12135.049215
-8638.338715 12132.551920
-8634.197244 12130.039500
-8630.061548 12127.511955
-8625.931626 12124.969285
-8621.807480 12122.411490
-8617.689109 12119.838570
-8613.576513 12117.250525
-8609.469692 12114.647356
-8605.368646 12112.029061
-8601.273375 12109.395641
-8597.183879 12106.747096
-8593.100158 12104.083426
-8589.022212 12101.404632
-8584.950041 12098.710712
-8580.883645 12096.001667
-8576.823024 12093.277498
-8572.768178 12090.538203
-8568.719107 12087.783784
-8564.675811 12085.014239
-8560.638291 12082.229569
-8556.606545 12079.429775
-8552.580574 12076.614855
-8548.560378 12073.784811
-8544.545957 12070.939641
-8540.537312 12068.079347
-8536.534441 12065.203928
-8532.537345 12062.313383
-8528.551387 12059.412139
-8524.574779 12056.498719
-8520.607521 12053.573125
-8516.649612 12050.635356
-8512.701054 12047.685411
-8508.761846 12044.723292
-8504.831988 12041.748998
-8500.911480 12038.762528
-8497.000322 12035.763884
-8493.098513 12032.753065
-8489.206055 12029.730070
-8485.322947 12026.694901
-8481.449189 12023.647557
-8477.584781 12020.588037
-8473.729723 12017.516343
-8469.884015 12014.432474
-8466.047657 12011.336429
-8462.220649 12008.228210
-8458.402991 12005.107816
-8454.594683 12001.975247
-8450.795725 11998.830502
-8447.006117 11995.673583
-8443.225859 11992.504489
-8439.454951 11989.323220
-8435.693393 11986.129775
-8431.941185 11982.924156
-8428.198327 11979.706362
-8424.464819 11976.476393
-8420.740661 11973.234249
-8417.025853 11969.979929
-8413.320395 11966.713435
-8409.624287 11963.434766
-8405.937529 11960.143922
-8402.260121 11956.840903
-8398.592063 11953.525708
-8394.933356 11950.198339
-8391.283998 11946.858795
-8387.643990 11943.507076
-8384.013332 11940.143182
-8380.392024 11936.767113
-8376.783704 11933.374068
-8373.187158 11929.965649
-8369.602388 11926.541855
-8366.029392 11923.102686
-8362.468172 11919.648142
-8358.918726 11916.178223
-8355.381056 11912.692929
-8351.855160 11909.192260
-8348.341040 11905.676216
-8344.838694 11902.144797
-8341.348124 11898.598003
-8337.869328 11895.035834
-8334.402308 11891.458290
-8330.947062 11887.865371
-8327.503591 11884.257077
-8324.071896 11880.633408
-8320.651975 11876.994364
-8317.243829 11873.339945
-8313.847458 11869.670151
-8310.462863 11865.984982
-8307.090042 11862.284438
-8303.728996 11858.568519
-8300.379725 11854.837226
-8297.042229 11851.090557
-8293.716508 11847.328513
-8290.402562 11843.551094
-8287.100392 11839.758300
-8283.809996 11835.950131
-8280.531375 11832.126588
-8277.264529 11828.287669
-8274.009458 11824.433375
-8270.766162 11820.563706
-8267.534641 11816.678663
-8264.314895 11812.778244
-8261.106924 11808.862450
-8257.910727 11804.931281
-8254.726306 11800.984738
-8251.553660 11797.022819
-8248.392789 11793.045525
-8245.243693 11789.052857
-8242.105472 11785.058388
-8238.978426 11781.057594
-8235.862554 11777.050476
-8232.757858 11773.037032
-8229.664337 11769.017263
-8226.581991 11764.991170
-8223.510820 11760.958751
-8220.450824 11756.920007
-8217.402003 11752.874939
-8214.364357 11748.823545
-8211.337885 11744.765827
-8208.322589 11740.701783
-8205.318468 11736.631415
-8202.325522 11732.554721
-8199.343751 11728.471702
-8196.373155 11724.382359
-8193.413734 11720.286690
-8190.465488 11716.184697
-8187.528417 11712.076378
-8184.602521 11707.961735
-8181.687800 11703.840766
-8178.784254 11699.713473
-8175.891883 11695.579854
-8173.010687 11691.439911
-8170.140666 11687.293642
-8167.281820 11683.141049
-8164.434149 11678.982131
-8161.597653 11674.816887
-8158.772332 11670.645319
-8155.958186 11666.467425
-8153.155215 11662.283207
-8150.363419 11658.092663
-8147.582798 11653.895795
-8144.813352 11649.692602
-8142.055081 11645.483083
-8139.307985 11641.267240
-8136.572064 11637.045072
-8133.847318 11632.816578
-8131.133748 11628.581760
-8128.431352 11624.340616
-8125.724531 11620.075523
-8123.018485 11615.792355
-8120.313214 11611.491112
-8117.608718 11607.171794
-8114.904998 11602.834400
-8112.202052 11598.478932
-8109.499881 11594.105389
-8106.798485 11589.713771
-8104.097865 11585.304078
-8101.398019 11580.876310
-8098.698948 11576.430468
-8096.000653 11571.966550
-8093.303132 11567.484557
-8090.606387 11562.984489
-8087.910416 11558.466346
-8085.215221 11553.930129
-8082.520800 11549.375836
-8079.827155 11544.803469
-8077.134284 11540.213026
-8074.442189 11535.604509
-8071.750869 11530.977916
-8069.060323 11526.333249
-8066.370553 11521.670506
-8063.681558 11516.989689
-8060.993337 11512.290797
-8058.305892 11507.573829
-8055.619222 11502.838787
-8052.933327 11498.085670
-8050.248206 11493.314478
-8047.563861 11488.525211
-8044.880291 11483.717869
-8042.197496 11478.892452
-8039.515476 11474.048960
-8036.834231 11469.187393
-8034.153761 11464.307751
-8031.474066 11459.410034
-8028.795146 11454.494242
-8026.117001 11449.560375
-8023.439631 11444.608433
-8020.763036 11439.638417
-8018.104166 11434.656588
-8015.457371 11429.660858
-8012.822651 11424.651229
-8010.200006 11419.627700
-8007.589436 11414.590271
-8004.990941 11409.538942
-8002.404522 11404.473713
-7999.830177 11399.394584
-7997.267907 11394.301555
-7994.717712 11389.194627
-7992.179592 11384.073798
-7989.653547 11378.939069
-7987.139577 11373.790440
-7984.637683 11368.627911
-7982.147863 11363.451483
-7979.670118 11358.261154
-7977.204448 11353.056925
-7974.750853 11347.838797
-7972.309334 11342.606768
-7969.879889 11337.360840
-7967.462519 11332.101011
-7965.057224 11326.827283
-7962.664004 11321.539654
-7960.282860 11316.238126
-7957.913790 11310.922697
-7955.556795 11305.593369
-7953.211875 11300.250141
-7950.879031 11294.893012
-7948.558261 11289.521984
-7946.249566 11284.137056
-7943.952947 11278.738228
-7941.668402 11273.325500
-7939.395932 11267.898871
-7937.135537 11262.458343
-7934.887218 11257.003915
-7932.650973 11251.535587
-7930.426803 11246.053359
-7928.214709 11240.557231
-7926.014689 11235.047203
-7923.826744 11229.523275
-7921.633887 11223.998760
-7919.441780 11218.469220
-7917.250423 11212.934654
-7915.059816 11207.395064
-7912.869959 11201.850449
-7910.680852 11196.300808
-7908.492495 11190.746143
-7906.304888 11185.186453
-7904.118031 11179.621738
-7901.931925 11174.051997
-7899.746568 11168.477232
-7897.561961 11162.897442
-7895.378104 11157.312627
-7893.194997 11151.722787
-7891.012641 11146.127921
-7888.831034 11140.528031
-7886.650177 11134.923116
-7884.470071 11129.313176
-7882.290714 11123.698211
-7880.112107 11118.078221
-7877.934251 11112.453206
-7875.757144 11106.823166
-7873.580788 11101.188101
-7871.405181 11095.548011
-7869.230325 11089.902896
-7867.056218 11084.252756
-7864.882862 11078.597591
-7862.710256 11072.937401
-7860.538399 11067.272186
-7858.367293 11061.601946
-7856.196937 11055.926681
-7854.027330 11050.246391
-7851.858474 11044.561076
-7849.690368 11038.870736
-7847.523012 11033.175371
-7845.356406 11027.474981
-7843.190550 11021.769567
-7841.025444 11016.059127
-7838.861087 11010.343662
-7836.697481 11004.623172
-7834.541413 10998.883707
-7832.390619 10993.129918
-7830.245101 10987.361803
-7828.104858 10981.579363
-7825.969889 10975.782598
-7823.840196 10969.971509
-7821.715777 10964.146094
-7819.596634 10958.306354
-7817.482766 10952.452289
-7815.374172 10946.583899
-7813.270854 10940.701185
-7811.172811 10934.804145
-7809.080043 10928.892780
-7806.992550 10922.967090
-7804.910331 10917.027075
-7802.833388 10911.072736
-7800.761720 10905.104071
-7798.695327 10899.121081
-7796.634209 10893.123766
-7794.578366 10887.112126
-7792.527798 10881.086162
-7790.482505 10875.045872
-7788.442487 10868.991257
-7786.407744 10862.922317
-7784.378276 10856.839053
-7782.354084 10850.741463
-7780.335166 10844.629548
-7778.321523 10838.503308
-7776.313155 10832.362743
-7774.310062 10826.207854
-7772.312245 10820.038639
-7770.319702 10813.855099
-7768.332434 10807.657234
-7766.350442 10801.445044
-7764.373724 10795.218530
-7762.402281 10788.977690
-7760.436114 10782.722525
-7758.475221 10776.453035
-7756.519604 10770.169220
-7754.569261 10763.871081
-7752.627944 10757.552653
-7750.694401 10751.215926
-7748.768634 10744.860899
-7746.850641 10738.487571
-7744.940424 10732.095944
-7743.037981 10725.686017
-7741.143314 10719.257789
-7739.256421 10712.811262
-7737.377304 10706.346435
-7735.505961 10699.863307
-7733.642394 10693.361880
-7731.786601 10686.842153
-7729.938584 10680.304125
-7728.098341 10673.747798
-7726.265874 10667.173171
-7724.441181 10660.580243
-7722.624264 10653.969016
-7720.815121 10647.339488
-7719.013754 10640.691661
-7717.220161 10634.025534
-7715.434344 10627.341106
-7713.656301 10620.638379
-7711.886034 10613.917351
-7710.123541 10607.178024
-7708.368824 10600.420397
-7706.621881 10593.644469
-7704.882714 10586.850242
-7703.151321 10580.037714
-7701.427704 10573.206887
-7699.711861 10566.357760
-7698.003794 10559.490332
-7696.303502 10552.604605
-7694.610984 10545.700577
-7692.926242 10538.778250
-7691.249274 10531.837622
-7689.580082 10524.878695
-7687.918664 10517.901467
-7686.265022 10510.905940
-7684.619154 10503.892112
-7682.981062 10496.859985
-7681.357007 10489.818183
-7679.744902 10482.763830
-7678.144747 10475.696928
-7676.556542 10468.617476
-7674.980287 10461.525473
-7673.415982 10454.420921
-7671.863626 10447.303819
-7670.323221 10440.174167
-7668.794766 10433.031965
-7667.278261 10425.877213
-7665.773706 10418.709911
-7664.281100 10411.530059
-7662.800445 10404.337657
-7661.331740 10397.132705
-7659.874985 10389.915203
-7658.430179 10382.685151
-7656.997324 10375.442550
-7655.576419 10368.187398
-7654.167463 10360.919696
-7652.770458 10353.639445
-7651.385402 10346.346643
-7650.012297 10339.041291
-7648.651142 10331.723390
-7647.301936 10324.392938
-7645.964681 10317.049937
-7644.639375 10309.694386
-7643.326019 10302.326284
-7642.024614 10294.945633
-7640.735158 10287.552432
-7639.457653 10280.146680
-7638.192097 10272.728379
-7636.938491 10265.297528
-7635.696836 10257.854127
-7634.467130 10250.398176
-7633.249374 10242.929675
-7632.043569 10235.448624
-7630.849713 10227.955023
-7629.667807 10220.448872
-7628.497851 10212.930171
-7627.339845 10205.398920
-7626.200465 10197.844357
-7625.077484 10190.270069
-7623.970903 10182.676055
-7622.880722 10175.062317
-7621.806941 10167.428854
-7620.749560 10159.775665
-7619.708579 10152.102752
-7618.683998 10144.410114
-7617.675818 10136.697750
-7616.684037 10128.965662
-7615.708656 10121.213849
-7614.749675 10113.442310
-7613.807094 10105.651047
-7612.880913 10097.840059
-7611.971132 10090.009345
-7611.077751 10082.158907
-7610.200770 10074.288743
-7609.340189 10066.398855
-7608.496007 10058.489242
-7607.668226 10050.559903
-7606.856845 10042.610840
-7606.061864 10034.642051
-7605.283283 10026.653538
-7604.521102 10018.645300
-7603.775321 10010.617336
-7603.045940 10002.569648
-7602.332958 9994.502234
-7601.636377 9986.415096
-7600.956196 9978.308233
-7600.292415 9970.181644
-7599.645034 9962.035331
-7599.014052 9953.869292
-7598.399471 9945.683529
-7597.801290 9937.478041
-7597.219509 9929.252827
-7596.654127 9921.007889
-7596.105146 9912.743225
-7595.572565 9904.458837
-7595.056383 9896.154723
-7594.556602 9887.830885
-7594.090733 9879.471009
-7593.652939 9871.080533
-7593.243221 9862.659457
-7592.861577 9854.207782
-7592.508008 9845.725506
-7592.182514 9837.212630
-7591.885095 9828.669154
-7591.615751 9820.095078
-7591.374482 9811.490403
-7591.161288 9802.855127
-7590.976170 9794.189251
-7590.819126 9785.492775
-7590.690157 9776.765700
-7590.589263 9768.008024
-7590.516444 9759.219748
-7590.471700 9750.400873
-7590.455031 9741.551397
-7590.466437 9732.671322
-7590.505918 9723.760646
-7590.573474 9714.819371
-7590.669105 9705.847495
-7590.792811 9696.845019
-7590.944592 9687.811944
-7591.124449 9678.748268
-7591.332380 9669.653993
-7591.568386 9660.529118
-7591.832467 9651.373642
-7592.124623 9642.187567
-7592.444854 9632.970891
-7592.793160 9623.723616
-7593.169541 9614.445741
-7593.573997 9605.137265
-7594.006528 9595.798190
-7594.467134 9586.428515
-7594.955815 9577.028239
-7595.472571 9567.597364
-7596.017402 9558.135889
-7596.590308 9548.643814
-7597.191288 9539.121139
-7597.820344 9529.567863
-7598.475563 9519.999438
-7599.157581 9510.410713
-7599.866400 9500.801688
-7600.602018 9491.172362
-7601.364437 9481.522737
-7602.153655 9471.852812
-7602.969673 9462.162587
-7603.812492 9452.452061
-7604.682110 9442.721236
-7605.578528 9432.970111
-7606.501747 9423.198686
-7607.451765 9413.406960
-7608.428584 9403.594935
-7609.432202 9393.762610
-7610.462620 9383.909984
-7611.519839 9374.037059
-7612.603857 9364.143834
-7613.714675 9354.230308
-7614.852293 9344.296483
-7616.016712 9334.342358
-7617.207930 9324.367932
-7618.425948 9314.373207
-7619.670767 9304.358182
-7620.942385 9294.322856
-7622.240803 9284.267231
-7623.566021 9274.191305
-7624.918040 9264.095080
-7626.296858 9253.978554
-7627.702476 9243.841729
-7629.134894 9233.684604
-7630.594112 9223.507178
-7632.080131 9213.309453
-7633.592949 9203.091427
-7635.132567 9192.853102
-7636.698985 9182.594476
-7638.292203 9172.315551
-7639.912221 9162.016325
-7641.559040 9151.696800
-7643.232658 9141.356974
-7644.933076 9130.996849
-7646.659094 9120.616723
-7648.411112 9110.216498
-7650.189130 9099.796172
-7651.993149 9089.355746
-7653.823167 9078.895221
-7655.679185 9068.414595
-7657.561203 9057.913870
-7659.469222 9047.393044
-7661.403240 9036.852119
-7663.363258 9026.291093
-7665.349277 9015.709967
-7667.361295 9005.108742
-7669.399314 8994.487416
-7671.463332 8983.845991
-7673.553351 8973.184465
-7675.669369 8962.502840
-7677.811388 8951.801114
-7679.979406 8941.079288
-7682.173425 8930.337363
-7684.393443 8919.575337
-7686.639462 8908.793211
-7688.911481 8897.990986
-7691.209499 8887.168660
-7693.533518 8876.326234
-7695.883537 8865.463709
-7698.259555 8854.581083
-7700.661574 8843.678357
-7703.089593 8832.755532
-7705.543612 8821.812606
-7708.023631 8810.849580
-7710.529649 8799.866455
-7713.061668 8788.863229
-7715.619687 8777.839903
-7718.203706 8766.796478
-7720.813725 8755.732952
-7723.449744 8744.649326
-7726.111763 8733.545601
-7728.799782 8722.421775
-7731.513801 8711.277849
-7734.253820 8700.113823
-7737.017214 8688.920623
-7739.804858 8677.701272
-7742.616752 8666.455771
-7745.452896 8655.184121
-7748.313290 8643.886320
-7751.197934 8632.562370
-7754.106828 8621.212269
-7757.039972 8609.836018
-7759.997365 8598.433618
-7762.979009 8587.005067
-7765.984903 8575.550367
-7769.015047 8564.069516
-7772.069440 8552.562516
-7775.148084 8541.029365
-7778.250978 8529.470065
-7781.378122 8517.884615
-7784.529515 8506.273014
-7787.705159 8494.635264
-7790.905053 8482.971363
-7794.129196 8471.281313
-7797.377590 8459.565113
-7800.650233 8447.822763
-7803.947127 8436.054262
-7807.268270 8424.259612
-7810.613664 8412.438812
-7813.983307 8400.591862
-7817.377201 8388.718761
-7820.795344 8376.819511
-7824.237738 8364.894111
-7827.704381 8352.942561
-7831.195274 8340.964861
-7834.710418 8328.961011
-7838.249811 8316.931011
-7841.813454 8304.874861
-7845.401347 8292.792561
-7849.013491 8280.684110
-7852.649884 8268.549510
-7856.310527 8256.388761
-7859.995420 8244.201861
-7863.704564 8231.988811
-7867.422619 8219.743873
-7871.154700 8207.468961
-7874.900805 8195.164073
-7878.660936 8182.829211
-7882.435092 8170.464374
-7886.223272 8158.069561
-7890.025478 8145.644774
-7893.841708 8133.190011
-7897.671964 8120.705274
-7901.516245 8108.190562
-7905.374550 8095.645874
-7909.246881 8083.071212
-7913.133236 8070.466575
-7917.033617 8057.831962
-7920.948022 8045.167375
-7924.876453 8032.472813
-7928.818908 8019.748276
-7932.775389 8006.993763
-7936.745894 7994.209276
-7940.730424 7981.394814
-7944.728980 7968.550377
-7948.741560 7955.675964
-7952.768166 7942.771577
-7956.808796 7929.837215
-7960.863451 7916.872878
-7964.932132 7903.878566
-7969.014837 7890.854278
-7973.111567 7877.800016
-7977.222323 7864.715779
-7981.347103 7851.601567
-7985.485908 7838.457380
-7989.638739 7825.283218
-7993.805594 7812.079081
-7997.986474 7798.844969
-8002.181379 7785.580881
-8006.390310 7772.286819
-8010.613265 7758.962782
-8014.850245 7745.608770
-8019.101250 7732.224783
-8023.366280 7718.810821
-8027.713398 7705.408772
-8032.119916 7692.004672
-8036.585834 7678.598523
-8041.111152 7665.190323
-8045.695869 7651.780074
-8050.339987 7638.367774
-8055.043505 7624.953425
-8059.806423 7611.537025
-8064.628741 7598.118576
-8069.510459 7584.698076
-8074.451578 7571.275527
-8079.452096 7557.850928
-8084.512014 7544.424278
-8089.631332 7530.995579
-8094.810050 7517.564829
-8100.048169 7504.132030
-8105.345687 7490.697181
-8110.702605 7477.260281
-8116.118924 7463.821332
-8121.594642 7450.380333
-8127.129761 7436.937283
-8132.724279 7423.492184
-8138.378198 7410.045035
-8144.091516 7396.595835
-8149.864235 7383.144586
-8155.696354 7369.691287
-8161.587872 7356.235938
-8167.538791 7342.778538
-8173.549110 7329.319089
-8179.618829 7315.857590
-8185.747948 7302.394041
-8191.936466 7288.928441
-8198.184385 7275.460792
-8204.491704 7261.991093
-8210.858423 7248.519344
-8217.284542 7235.045545
-8223.770061 7221.569695
-8230.314981 7208.091796
-8236.919300 7194.611847
-8243.583019 7181.129848
-8250.182088 7167.602036
-8256.757857 7154.043000
-8263.310326 7140.452738
-8269.839495 7126.831251
-8276.345365 7113.178540
-8282.827934 7099.494603
-8289.287203 7085.779441
-8295.723172 7072.033055
-8302.135841 7058.255443
-8308.525210 7044.446606
-8314.891279 7030.606545
-8321.234048 7016.735258
-8327.553517 7002.832746
-8333.849686 6988.899010
-8340.122555 6974.934048
-8346.372124 6960.937861
-8352.598392 6946.910450
-8358.801361 6932.851813
-8364.981030 6918.761951
-8371.137399 6904.640865
-8377.270468 6890.488553
-8383.380237 6876.305016
-8389.466706 6862.090254
-8395.529874 6847.844268
-8401.569743 6833.567056
-8407.586312 6819.258619
-8413.579581 6804.918958
-8419.549550 6790.548071
-8425.496218 6776.145959
-8431.419587 6761.712622
-8437.319656 6747.248061
-8443.196424 6732.752274
-8449.049893 6718.225262
-8454.880062 6703.667025
-8460.686930 6689.077564
-8466.470499 6674.456877
-8472.230768 6659.804965
-8477.967736 6645.121828
-8483.681405 6630.407467
-8489.371773 6615.661880
-8494.989942 6600.904081
-8500.552211 6586.127731
-8506.058579 6571.332832
-8511.509048 6556.519383
-8516.903616 6541.687384
-8522.242285 6526.836834
-8527.525053 6511.967735
-8532.751922 6497.080086
-8537.922890 6482.173887
-8543.037958 6467.249138
-8548.097127 6452.305839
-8553.100395 6437.343990
-8558.047764 6422.363591
-8562.939232 6407.364642
-8567.774800 6392.347142
-8572.554469 6377.311093
-8577.278237 6362.256494
-8581.946105 6347.183345
-8586.558074 6332.091646
-8591.114142 6316.981397
-8595.614310 6301.852598
-8600.058578 6286.705249
-8604.446947 6271.539351
-8608.779415 6256.354902
-8613.055983 6241.151903
-8617.276651 6225.930354
-8621.441420 6210.690255
-8625.550288 6195.431606
-8629.603256 6180.154407
-8633.600324 6164.858658
-8637.541492 6149.544359
-8641.426760 6134.211511
-8645.256128 6118.860112
-8649.029596 6103.490163
-8652.747164 6088.101664
-8656.408832 6072.694616
-8660.014600 6057.269017
-8663.564468 6041.824868
-8667.058436 6026.362169
-8670.496504 6010.880921
-8673.896860 5995.386034
-8677.253440 5979.875873
-8680.566246 5964.350437
-8683.835277 5948.809726
-8687.060532 5933.253740
-8690.242013 5917.682479
-8693.379718 5902.095943
-8696.473649 5886.494132
-8699.523804 5870.877046
-8702.530185 5855.244686
-8705.492790 5839.597050
-8708.411621 5823.934139
-8711.286677 5808.255953
-8714.117957 5792.562493
-8716.905463 5776.853757
-8719.649193 5761.129746
-8722.349149 5745.390461
-8725.005330 5729.635900
-8727.617735 5713.866065
-8730.186366 5698.080954
-8732.711222 5682.280569
-8735.192302 5666.464908
-8737.629608 5650.633973
-8740.023139 5634.787763
-8742.372894 5618.926277
-8744.678875 5603.049517
-8746.941081 5587.157482
-8749.159511 5571.250172
-8751.334167 5555.327586
-8753.465048 5539.389726
-8755.552154 5523.436591
-8757.595484 5507.468181
-8759.595040 5491.484496
-8761.550821 5475.485536
-8763.462827 5459.471301
-8765.331057 5443.441791
-8767.155513 5427.397006
-8768.936194 5411.336946
-8770.673100 5395.261612
-8772.366231 5379.171002
-8774.047536 5363.046030
-8775.706367 5346.893057
-8777.342723 5330.712085
-8778.956603 5314.503113
-8780.548009 5298.266141
-8782.116940 5282.001169
-8783.663395 5265.708196
-8785.187376 5249.387224
-8786.688881 5233.038252
-8788.167911 5216.661280
-8789.624467 5200.256308
-8791.058547 5183.823336
-8792.470152 5167.362364
-8793.859283 5150.873392
-8795.225938 5134.356420
-8796.570118 5117.811448
-8797.891823 5101.238476
-8799.191053 5084.637504
-8800.467808 5068.008532
-8801.722088 5051.351560
-8802.953893 5034.666588
-8804.163223 5017.953616
-8805.350078 5001.212644
-8806.514458 4984.443673
-8807.656363 4967.646701
-8808.775793 4950.821729
-8809.872748 4933.968757
-8810.947227 4917.087785
-8811.999232 4900.178814
-8813.028762 4883.241842
-8814.035816 4866.276870
-8815.020396 4849.283898
-8815.982500 4832.262927
-8816.922130 4815.213955
-8817.839284 4798.136983
-8818.733964 4781.032012
-8819.606168 4763.899040
-8820.455897 4746.738068
-8821.283152 4729.549097
-8822.087931 4712.332125
-8822.912123 4695.114829
-8823.741765 4677.887982
-8824.576856 4660.651586
-8825.417398 4643.405639
-8826.263390 4626.150143
-8827.114832 4608.885097
-8827.971723 4591.610500
-8828.834065 4574.326354
-8829.701857 4557.032658
-8830.575098 4539.729411
-8831.453790 4522.416615
-8832.337932 4505.094269
-8833.227523 4487.762373
-8834.122565 4470.420927
-8835.023056 4453.069931
-8835.928998 4435.709385
-8836.840390 4418.339289
-8837.757231 4400.959643
-8838.679523 4383.570447
-8839.607264 4366.171701
-8840.540456 4348.763405
-8841.479097 4331.345559
-8842.423189 4313.918163
-8843.372730 4296.481217
-8844.327722 4279.034722
-8845.288163 4261.578676
-8846.254055 4244.113080
-8847.225396 4226.637935
-8848.202188 4209.153239
-8849.184429 4191.658993
-8850.172120 4174.155198
-8851.165262 4156.641852
-8852.163853 4139.118957
-8853.167895 4121.586511
-8854.177386 4104.044516
-8855.192327 4086.492970
-8856.212719 4068.931875
-8857.238560 4051.361230
-8858.269851 4033.781034
-8859.306593 4016.191289
-8860.295759 3998.590419
-8861.255025 3980.978949
-8862.184392 3963.356879
-8863.083858 3945.724209
-8863.953425 3928.080939
-8864.793091 3910.427069
-8865.602858 3892.762599
-8866.382724 3875.087529
-8867.132691 3857.401859
-8867.852758 3839.705589
-8868.542924 3821.998720
-8869.203191 3804.281250
-8869.833558 3786.553180
-8870.434024 3768.814511
-8871.004591 3751.065241
-8871.545258 3733.305372
-8872.056025 3715.534902
-8872.536892 3697.753833
-8872.987859 3679.962164
-8873.408926 3662.159895
-8873.800092 3644.347025
-8874.161359 3626.523556
-8874.492727 3608.689487
-8874.794194 3590.844818
-8875.065761 3572.989549
-8875.307428 3555.123680
-8875.519195 3537.247211
-8875.701062 3519.360142
-8875.853029 3501.462474
-8875.975097 3483.554205
-8876.067264 3465.635336
-8876.129531 3447.705868
-8876.161898 3429.765799
-8876.164366 3411.815131
-8876.136933 3393.853862
-8876.079601 3375.881994
-8875.992368 3357.899525
-8875.875235 3339.906457
-8875.728203 3321.902789
-8875.551271 3303.888521
-8875.364238 3285.859677
-8875.160506 3267.817584
-8874.940073 3249.762241
-8874.702941 3231.693648
-8874.449108 3213.611804
-8874.178576 3195.516711
-8873.891344 3177.408368
-8873.587411 3159.286774
-8873.266779 3141.151931
-8872.929446 3123.003838
-8872.575414 3104.842494
-8872.204682 3086.667901
-8871.817249 3068.480058
-8871.413117 3050.278964
-8870.992285 3032.064621
-8870.554753 3013.837028
-8870.100520 2995.596184
-8869.629588 2977.342091
-8869.141956 2959.074748
-8868.637624 2940.794154
-8868.116591 2922.500311
-8867.578859 2904.193217
-8867.024427 2885.872874
-8866.453295 2867.539280
-8865.865463 2849.192437
-8865.260930 2830.832344
-8864.639698 2812.459000
-8864.001766 2794.072407
-8863.347134 2775.672563
-8862.675802 2757.259470
-8861.987770 2738.833126
-8861.283038 2720.393533
-8860.561606 2701.940689
-8859.823473 2683.474596
-8859.068641 2664.995252
-8858.297109 2646.502659
-8857.508877 2627.996815
-8856.703945 2609.477721
-8855.882313 2590.945378
-8855.043981 2572.399784
-8854.207399 2553.827853
-8853.366417 2535.233947
-8852.521035 2516.618066
-8851.671253 2497.980210
-8850.817071 2479.320379
-8849.958489 2460.638573
-8849.095507 2441.934792
-8848.228125 2423.209035
-8847.356343 2404.461304
-8846.480161 2385.691598
-8845.599579 2366.899917
-8844.714597 2348.086261
-8843.825215 2329.250629
-8842.931433 2310.393023
-8842.033251 2291.513442
-8841.130669 2272.611886
-8840.223687 2253.688355
-8839.312305 2234.742848
-8838.396523 2215.775367
-8837.476341 2196.785911
-8836.551759 2177.774479
-8835.622777 2158.741073
-8834.689395 2139.685692
-8833.751613 2120.608335
-8832.809431 2101.509004
-8831.862849 2082.387698
-8830.911867 2063.244416
-8829.956485 2044.079160
-8828.996703 2024.891929
-8828.032521 2005.682722
-8827.063939 1986.451541
-8826.090957 1967.198385
-8825.113575 1947.923253
-8824.131793 1928.626147
-8823.145611 1909.307065
-8822.155029 1889.966009
-8821.160047 1870.602977
-8820.160665 1851.217971
-8819.156883 1831.810989
-8818.148701 1812.382033
-8817.150481 1792.944076
-8816.157437 1773.492795
-8815.169567 1754.028188
-8814.186873 1734.550257
-8813.209353 1715.059001
-8812.237009 1695.554419
-8811.269839 1676.036513
-8810.307845 1656.505281
-8809.351026 1636.960725
-8808.399381 1617.402844
-8807.452912 1597.831637
-8806.511617 1578.247106
-8805.575498 1558.649249
-8804.644554 1539.038068
-8803.718784 1519.413562
-8802.798190 1499.775730
-8801.882771 1480.124574
-8800.972526 1460.460093
-8800.067457 1440.782286
-8799.167563 1421.091155
-8798.272843 1401.386699
-8797.383299 1381.668918
-8796.498930 1361.937811
-8795.619735 1342.193380
-8794.745716 1322.435624
-8793.876872 1302.664542
-8793.013203 1282.880136
-8792.154708 1263.082405
-8791.301389 1243.271349
-8790.453245 1223.446968
-8789.610276 1203.609261
-8788.772481 1183.758230
-8787.939862 1163.893874
-8787.112418 1144.016193
-8786.290149 1124.125187
-8785.473055 1104.220856
-8784.661136 1084.303199
-8783.854391 1064.372218
-8783.052822 1044.427912
-8782.256428 1024.470281
-8781.446421 1004.485825
-8780.629065 984.479044
-8779.804358 964.449938
-8778.972301 944.398507
-8778.132895 924.324751
-8777.286138 904.228670
-8776.432031 884.110264
-8775.570575 863.969533
-8774.701768 843.806477
-8773.825611 823.621096
-8772.942104 803.413390
-8772.051247 783.183359
-8771.153041 762.931003
-8770.247484 742.656322
-8769.334577 722.359316
-8768.414320 702.039985
-8767.486713 681.698329
-8766.551756 661.334348
-8765.609450 640.948042
-8764.659793 620.539411
-8763.702786 600.108456
-8762.738429 579.655175
-8761.766722 559.179569
-8760.787665 538.681638
-8759.801258 518.161382
-8758.807501 497.618802
-8757.806394 477.053896
-8756.797937 456.466665
-8755.782130 435.857109
-8754.758973 415.225229
-8753.728466 394.571023
-8752.690609 373.894492
-8751.645402 353.195637
-8750.592845 332.474456
-8749.532938 311.730950
-8748.465681 290.965120
-8747.391073 270.176964
-8746.309116 249.366483
-8745.219809 228.533678
-8744.123152 207.678547
-8742.948832 186.795279
-8741.720288 165.885811
-8740.437518 144.950143
-8739.100523 123.988275
-8737.709304 103.000207
-8736.263859 81.985939
-8734.764189 60.945471
-8733.210295 39.878803
-8731.602175 18.785935
-8729.939830 -2.333134
-8728.223261 -23.478402
-8726.452466 -44.649870
-8724.627446 -65.847538
-8722.748201 -87.071406
-8720.814732 -108.321474
-8718.827037 -129.597742
-8716.785117 -150.900210
-8714.688973 -172.228878
-8712.538603 -193.583746
-8710.334008 -214.964814
-8708.075188 -236.372082
-8705.762144 -257.805550
-8703.394874 -279.265218
-8700.973379 -300.751086
-8698.497659 -322.263154
-8695.967714 -343.801422
-8693.383545 -365.365890
-8690.745150 -386.956558
-8688.052530 -408.573426
-8685.305685 -430.216494
-8682.504615 -451.885762
-8679.649321 -473.581230
-8676.739801 -495.302898
-8673.776056 -517.050766
-8670.758086 -538.824834
-8667.685891 -560.625102
-8664.559471 -582.451570
-8661.378827 -604.304238
-8658.143957 -626.183106
-8654.854862 -648.088174
-8651.474567 -670.019892
-8648.015397 -691.978109
-8644.477352 -713.962827
-8640.860433 -735.974045
-8637.164638 -758.011763
-8633.389968 -780.075981
-8629.536423 -802.166699
-8625.604004 -824.283917
-8621.592709 -846.427635
-8617.502539 -868.597853
-8613.333494 -890.794571
-8609.085575 -913.017789
-8604.758780 -935.267507
-8600.353110 -957.543725
-8595.868565 -979.846443
-8591.305146 -1002.175661
-8586.662851 -1024.531379
-8581.941681 -1046.913597
-8577.141637 -1069.322315
-8572.262717 -1091.757533
-8567.304922 -1114.219251
-8562.268253 -1136.707469
-8557.152708 -1159.222187
-8551.958289 -1181.763405
-8546.684994 -1204.331123
-8541.332824 -1226.925341
-8535.901780 -1249.546059
-8530.391860 -1272.193277
-8524.803066 -1294.866995
-8519.135396 -1317.567213
-8513.388851 -1340.293931
-8507.563432 -1363.047149
-8501.659137 -1385.826867
-8495.675968 -1408.633085
-8489.613923 -1431.465803
-8483.473004 -1454.325021
-8477.253209 -1477.210739
-8470.954540 -1500.122957
-8464.576995 -1523.061675
-8458.120576 -1546.026893
-8451.635307 -1568.990748
-8445.104512 -1591.962529
-8438.528193 -1614.942234
-8431.906348 -1637.929865
-8425.238979 -1660.925420
-8418.526084 -1683.928901
-8411.767665 -1706.940306
-8404.963720 -1729.959637
-8398.114250 -1752.986892
-8391.219256 -1776.022072
-8384.278736 -1799.065178
-8377.292692 -1822.116208
-8370.261122 -1845.175164
-8363.184028 -1868.242044
-8356.061408 -1891.316849
-8348.893264 -1914.399580
-8341.679594 -1937.490235
-8334.420399 -1960.588815
-8327.115680 -1983.695321
-8319.765435 -2006.809751
-8312.369666 -2029.932106
-8304.928371 -2053.062386
-8297.441551 -2076.200592
-8289.909207 -2099.346722
-8282.331337 -2122.500777
-8274.707942 -2145.662757
-8267.039023 -2168.832662
-8259.324578 -2192.010493
-8251.564608 -2215.196248
-8243.759114 -2238.389928
-8235.908094 -2261.591533
-8228.011549 -2284.801063
-8220.069480 -2308.018519
-8212.081885 -2331.243899
-8204.048765 -2354.477204
-8195.970120 -2377.718434
-8187.845951 -2400.967589
-8179.676256 -2424.224669
-8171.461036 -2447.489674
-8163.200292 -2470.762604
-8154.862859 -2494.041472
-8146.459127 -2517.326939
-8137.989095 -2540.619006
-8129.452763 -2563.917674
-8120.850131 -2587.222941
-8112.181198 -2610.534808
-8103.445966 -2633.853276
-8094.644434 -2657.178343
-8085.776602 -2680.510010
-8076.842470 -2703.848277
-8067.842038 -2727.193144
-8058.775305 -2750.544611
-8049.642273 -2773.902677
-8040.442941 -2797.267344
-8031.177309 -2820.638611
-8021.845377 -2844.016478
-8012.447145 -2867.400944
-8002.982613 -2890.792011
-7993.451781 -2914.189678
-7983.854649 -2937.593944
-7974.191217 -2961.004811
-7964.461485 -2984.422277
-7954.665453 -3007.846343
-7944.803121 -3031.277010
-7934.874489 -3054.714276
-7924.879557 -3078.158142
-7914.818325 -3101.608608
-7904.690793 -3125.065674
-7894.496961 -3148.529340
-7884.236829 -3171.999606
-7873.910397 -3195.476472
-7863.517665 -3218.959938
-7853.058633 -3242.450004
-7842.533302 -3265.946670
-7831.941670 -3289.449935
-7821.283738 -3312.959801
-7810.559506 -3336.476267
-7799.768974 -3359.999332
-7788.912142 -3383.528998
-7777.989010 -3407.065263
-7767.003666 -3430.637041
-7755.954747 -3454.234694
-7744.842252 -3477.858222
-7733.666183 -3501.507625
-7722.426539 -3525.182903
-7711.123320 -3548.884056
-7699.756525 -3572.611084
-7688.326156 -3596.363986
-7676.832212 -3620.142764
-7665.274693 -3643.947417
-7653.653599 -3667.777945
-7641.968930 -3691.634348
-7630.220685 -3715.516626
-7618.408866 -3739.424778
-7606.533472 -3763.358806
-7594.594503 -3787.318709
-7582.591959 -3811.304487
-7570.525840 -3835.316139
-7558.396146 -3859.353667
-7546.202877 -3883.417070
-7533.946033 -3907.506348
-7521.625614 -3931.621500
-7509.241620 -3955.762528
-7496.794051 -3979.929431
-7484.282907 -4004.122208
-7471.708188 -4028.340861
-7459.069894 -4052.585389
-7446.368025 -4076.855791
-7433.602582 -4101.152069
-7420.773563 -4125.474221
-7407.880969 -4149.822249
-7394.924800 -4174.196152
-7381.905056 -4198.595929
-7368.821737 -4223.021582
-7355.674844 -4247.473109
-7342.464375 -4271.950512
-7329.190331 -4296.453789
-7315.852712 -4320.982942
-7302.451519 -4345.537969
-7288.986750 -4370.118872
-7275.510906 -4394.706337
-7262.006487 -4419.306801
-7248.473494 -4443.920266
-7234.911925 -4468.546731
-7221.321781 -4493.186196
-7207.703063 -4517.838661
-7194.055769 -4542.504125
-7180.379901 -4567.182590
-7166.675457 -4591.874055
-7152.942438 -4616.578519
-7139.180845 -4641.295984
-7125.390676 -4666.026448
-7111.571933 -4690.769913
-7097.724614 -4715.526377
-7083.848721 -4740.295842
-7069.944252 -4765.078306
-7056.011209 -4789.873771
-7042.049591 -4814.682235
-7028.059397 -4839.503699
-7014.040629 -4864.338164
-6999.993285 -4889.185628
-6985.917367 -4914.046092
-6971.812874 -4938.919556
-6957.679805 -4963.806021
-6943.518162 -4988.705485
-6929.327944 -5013.617949
-6915.109150 -5038.543413
-6900.861782 -5063.481877
-6886.585839 -5088.433341
-6872.281321 -5113.397805
-6857.948227 -5138.375269
-6843.586559 -5163.365733
-6829.196316 -5188.369196
-6814.777498 -5213.385660
-6800.330105 -5238.415124
-6785.854136 -5263.457588
-6771.349593 -5288.513052
-6756.816475 -5313.581515
-6742.254782 -5338.662979
-6727.664514 -5363.757443
-6713.031758 -5388.868806
-6698.361153 -5413.995770
-6683.652697 -5439.138333
-6668.906392 -5464.296497
-6654.122236 -5489.470260
-6639.300231 -5514.659623
-6624.440375 -5539.864587
-6609.542670 -5565.085150
-6594.607115 -5590.321313
-6579.633709 -5615.573076
-6564.622454 -5640.840440
-6549.573349 -5666.123403
-6534.486393 -5691.421966
-6519.361588 -5716.736129
-6504.198933 -5742.065892
-6488.998427 -5767.411255
-6473.760072 -5792.772218
-6458.483867 -5818.148781
-6443.169812 -5843.540943
-6427.817907 -5868.948706
-6412.428152 -5894.372069
-6397.000547 -5919.811032
-6381.535091 -5945.265594
-6366.031786 -5970.735757
-6350.490631 -5996.221520
-6334.911626 -6021.722882
-6319.294771 -6047.239845
-6303.640066 -6072.772407
-6287.947511 -6098.320570
-6272.217107 -6123.884332
-6256.448852 -6149.463694
-6240.642747 -6175.058657
-6224.798792 -6200.669219
-6208.916987 -6226.295381
-6192.997332 -6251.937143
-6177.039827 -6277.594505
-6161.044473 -6303.267467
-6145.011268 -6328.956029
-6128.940213 -6354.660191
-6112.831309 -6380.379953
-6096.709941 -6406.100690
-6080.567649 -6431.827277
-6064.404432 -6457.559714
-6048.220290 -6483.298001
-6032.015222 -6509.042138
-6015.789230 -6534.792125
-5999.542313 -6560.547962
-5983.274470 -6586.309648
-5966.985703 -6612.077185
-5950.676011 -6637.850572
-5934.345393 -6663.629809
-5917.993851 -6689.414896
-5901.621384 -6715.205832
-5885.227991 -6741.002619
-5868.813674 -6766.805256
-5852.378432 -6792.613742
-5835.922264 -6818.428079
-5819.445172 -6844.248265
-5802.947154 -6870.074302
-5786.428212 -6895.906189
-5769.888344 -6921.743925
-5753.327552 -6947.587512
-5736.745834 -6973.436948
-5720.143192 -6999.292235
-5703.519624 -7025.153371
-5686.875132 -7051.020358
-5670.209714 -7076.893194
-5653.523372 -7102.771880
-5636.816104 -7128.656417
-5620.087912 -7154.546803
-5603.338794 -7180.443040
-5586.568752 -7206.345126
-5569.777784 -7232.253062
-5552.965891 -7258.166849
-5536.133074 -7284.086485
-5519.279331 -7310.011971
-5502.404664 -7335.943307
-5485.509071 -7361.880493
-5468.592553 -7387.823530
-5451.655111 -7413.772416
-5434.685605 -7439.740277
-5417.687750 -7465.722738
-5400.661545 -7491.719799
-5383.606990 -7517.731460
-5366.524085 -7543.757722
-5349.412829 -7569.798583
-5332.273224 -7595.854044
-5315.105269 -7621.924105
-5297.908964 -7648.008766
-5280.684308 -7674.108027
-5263.431303 -7700.221888
-5246.149948 -7726.350349
-5228.840242 -7752.493411
-5211.502187 -7778.651072
-5194.135782 -7804.823333
-5176.741026 -7831.010194
-5159.317921 -7857.211655
-5141.866466 -7883.427716
-5124.386660 -7909.658377
-5106.878505 -7935.903638
-5089.342000 -7962.163499
-5071.777144 -7988.437960
-5054.183939 -8014.727021
-5036.562383 -8041.030682
-5018.912478 -8067.348943
-5001.234222 -8093.681804
-4983.527617 -8120.029265
-4965.792661 -8146.391326
-4948.029356 -8172.767987
-4930.237700 -8199.159248
-4912.417695 -8225.565109
-4894.569339 -8251.985570
-4876.692634 -8278.420631
-4858.787578 -8304.870292
-4840.854173 -8331.334553
-4822.892417 -8357.813414
-4804.902312 -8384.306875
-4786.883856 -8410.814936
-4768.837051 -8437.337597
-4750.761895 -8463.874858
-4732.667014 -8490.428556
-4714.549534 -8516.998080
-4696.409453 -8543.583428
-4678.246773 -8570.184602
-4660.061492 -8596.801600
-4641.853611 -8623.434424
-4623.623130 -8650.083072
-4605.370050 -8676.747546
-4587.094369 -8703.427844
-4568.796088 -8730.123968
-4550.475208 -8756.835916
-4532.131727 -8783.563690
-4513.765646 -8810.307288
-4495.376965 -8837.066712
-4476.965684 -8863.841961
-4458.531804 -8890.633034
-4440.075323 -8917.439933
-4421.596242 -8944.262656
-4403.094561 -8971.101205
-4384.570280 -8997.955579
-4366.023399 -9024.825777
-4347.453918 -9051.711801
-4328.861838 -9078.613650
-4310.247157 -9105.531323
-4291.609876 -9132.464822
-4272.949995 -9159.414146
-4254.267514 -9186.379295
-4235.562433 -9213.360268
-4216.834752 -9240.357067
-4198.084471 -9267.369691
-4179.311590 -9294.398140
-4160.516109 -9321.442413
-4141.698028 -9348.502512
-4122.857347 -9375.578436
-4103.994066 -9402.670185
-4085.108184 -9429.777759
-4066.199703 -9456.901157
-4047.268622 -9484.040381
-4028.314941 -9511.195430
-4009.338660 -9538.366304
-3990.335729 -9565.556078
-3971.307498 -9592.763727
-3952.253966 -9619.989250
-3933.175135 -9647.232649
-3914.071004 -9674.493923
-3894.941573 -9701.773072
-3875.786842 -9729.070095
-3856.606810 -9756.384994
-3837.401479 -9783.717767
-3818.170848 -9811.068416
-3798.914917 -9838.436939
-3779.633685 -9865.823338
-3760.327154 -9893.227611
-3740.995323 -9920.649760
-3721.638191 -9948.089783
-3702.255760 -9975.547682
-3682.848029 -10003.023455
-3663.414997 -10030.517103
-3643.956666 -10058.028627
-3624.473035 -10085.558025
-3604.964103 -10113.105298
-3585.429872 -10140.670446
-3565.870341 -10168.253470
-3546.285509 -10195.854368
-3526.675378 -10223.473141
-3507.039946 -10251.109789
-3487.379215 -10278.764312
-3467.693183 -10306.436710
-3447.981852 -10334.126983
-3428.245220 -10361.835131
-3408.483289 -10389.561154
-3388.696057 -10417.305052
-3368.883526 -10445.066825
-3349.045694 -10472.846473
-3329.182563 -10500.643996
-3309.294131 -10528.459393
-3289.380400 -10556.292666
-3269.441368 -10584.143814
-3249.477037 -10612.012837
-3229.487405 -10639.899734
-3209.475286 -10667.803982
-3189.439742 -10695.725755
-3169.380773 -10723.665052
-3149.298379 -10751.621875
-3129.192560 -10779.596222
-3109.063316 -10807.588095
-3088.910646 -10835.597493
-3068.734552 -10863.624415
-3048.535033 -10891.668863
-3028.312089 -10919.730835
-3008.065720 -10947.810333
-2987.795926 -10975.907355
-2967.502707 -11004.021902
-2947.186062 -11032.153975
-2926.845993 -11060.303572
-2906.482499 -11088.470695
-2886.095580 -11116.655342
-2865.685236 -11144.857514
-2845.251467 -11173.077212
-2824.794272 -11201.314434
-2804.313653 -11229.569181
-2783.809609 -11257.841453
-2763.282140 -11286.131251
-2742.731246 -11314.438573
-2722.156926 -11342.763420
-2701.559182 -11371.105792
-2680.938013 -11399.465689
-2660.293419 -11427.843112
-2639.625399 -11456.238059
-2618.933955 -11484.650531
-2598.219086 -11513.080528
-2577.480792 -11541.528050
-2556.719072 -11569.993097
-2535.933928 -11598.475669
-2515.125359 -11626.975766
-2494.293365 -11655.493388
-2473.437945 -11684.028535
-2452.559101 -11712.581207
-2431.656832 -11741.151404
-2410.731137 -11769.739126
-2389.787718 -11798.344335
-2368.824674 -11826.967044
-2347.842005 -11855.607254
-2326.839710 -11884.264963
-2305.817791 -11912.940173
-2284.776247 -11941.632882
-2263.715078 -11970.343091
-2242.634283 -11999.070801
-2221.533864 -12027.816010
-2200.413820 -12056.578719
-2179.274151 -12085.358928
-2158.114857 -12114.156638
-2136.935938 -12142.971847
-2115.737393 -12171.804556
-2094.519224 -12200.654766
-2073.281430 -12229.522475
-2052.024011 -12258.407684
-2030.746967 -12287.310393
-2009.450298 -12316.230603
-1988.134004 -12345.168312
-1966.798085 -12374.123521
-1945.442541 -12403.096230
-1924.067372 -12432.086439
-1902.672578 -12461.094149
-1881.258159 -12490.119358
-1859.824115 -12519.162067
-1838.370446 -12548.222276
-1816.897152 -12577.299985
-1795.404233 -12606.395194
-1773.891689 -12635.507903
-1752.359520 -12664.638113
-1730.807726 -12693.785822
-1709.236307 -12722.951031
-1687.645263 -12752.133740
-1666.034594 -12781.333949
-1644.404300 -12810.551658
-1622.754381 -12839.786867
-1601.084837 -12869.039576
-1579.395668 -12898.309785
-1557.686874 -12927.597494
-1535.962956 -12956.904166
-1514.222412 -12986.229312
-1492.465243 -13015.572933
-1470.691449 -13044.935030
-1448.901031 -13074.315601
-1427.093987 -13103.714648
-1405.270319 -13133.132169
-1383.430025 -13162.568165
-1361.573107 -13192.022636
-1339.699563 -13221.495582
-1317.809395 -13250.987004
-1295.902602 -13280.496900
-1273.979183 -13310.025271
-1252.039140 -13339.572117
-1230.082472 -13369.137438
-1208.109179 -13398.721234
-1186.119260 -13428.323505
-1164.112717 -13457.944251
-1142.089549 -13487.583472
-1120.049756 -13517.241167
-1097.993338 -13546.917338
-1075.920295 -13576.611984
-1053.830628 -13606.325105
-1031.724335 -13636.056700
-1009.601417 -13665.806771
-987.461874 -13695.575317
-965.305707 -13725.362337
-943.132914 -13755.167833
-920.943496 -13784.991804
-898.737454 -13814.834249
-876.514786 -13844.695169
-854.275494 -13874.574565
-832.019576 -13904.472435
-809.747034 -13934.388781
-787.457866 -13964.323601
-765.152074 -13994.276896
-742.829657 -14024.248667
-720.490615 -14054.238912
-698.134947 -14084.247632
-675.762655 -14114.274827
-653.370851 -14144.323160
-630.960496 -14174.391743
-608.531591 -14204.480575
-586.084137 -14234.589658
-563.618132 -14264.718991
-541.133577 -14294.868573
-518.630473 -14325.038406
-496.108818 -14355.228488
-473.568614 -14385.438821
-451.009859 -14415.669404
-428.432554 -14445.920236
-405.836700 -14476.191319
-383.222295 -14506.482651
-360.589341 -14536.794234
-337.937836 -14567.126067
-315.267782 -14597.478149
-292.579177 -14627.850482
-269.872022 -14658.243064
-247.146318 -14688.655897
-224.402063 -14719.088979
-201.639259 -14749.542312
-178.857904 -14780.015894
-156.058000 -14810.509727
-133.239545 -14841.023809
-110.402541 -14871.558142
-87.546986 -14902.112724
-64.672882 -14932.687557
-41.780227 -14963.282639
-18.869023 -14993.897972
4.060732 -15024.533554
27.009036 -15055.189387
49.975891 -15085.865469
72.961295 -15116.561802
95.965250 -15147.278384
118.987754 -15178.015217
142.028808 -15208.772299
165.088413 -15239.549631
188.166567 -15270.347214
211.263272 -15301.165046
234.378526 -15332.003129
257.520768 -15362.868173
280.687185 -15393.757943
303.877777 -15424.672438
327.092543 -15455.611658
350.331485 -15486.575603
373.594602 -15517.564273
396.881894 -15548.577667
420.193360 -15579.615787
443.529002 -15610.678632
466.888819 -15641.766202
490.272810 -15672.878497
513.680977 -15704.015516
537.113319 -15735.177261
560.569835 -15766.363731
584.050527 -15797.574926
607.555393 -15828.810845
631.084435 -15860.071490
654.637651 -15891.356860
678.215043 -15922.666955
701.816609 -15954.001774
725.442351 -15985.361319
749.092267 -16016.745589
772.766358 -16048.154583
796.464625 -16079.588303
820.187066 -16111.046747
843.933682 -16142.529917
867.704474 -16174.037812
891.499440 -16205.570431
915.318581 -16237.127776
939.161897 -16268.709846
963.029389 -16300.316640
986.921055 -16331.948160
1010.836896 -16363.604404
1034.776912 -16395.285374
1058.741103 -16426.991068
1082.729469 -16458.721488
1106.742010 -16490.476632
1130.778726 -16522.256502
1154.839617 -16554.061096
1178.924683 -16585.890416
1203.029949 -16617.743223
1227.156740 -16649.619930
1251.305056 -16681.520537
1275.474897 -16713.445044
1299.666263 -16745.393451
1323.879154 -16777.365758
1348.113570 -16809.361965
1372.369511 -16841.382072
1396.646977 -16873.426079
1420.945968 -16905.493986
1445.266484 -16937.585793
1469.608525 -16969.701499
1493.972090 -17001.841106
1518.357181 -17034.004613
1542.763797 -17066.192020
1567.191938 -17098.403327
1591.641604 -17130.638534
1616.112795 -17162.897641
1640.605511 -17195.180648
1665.119751 -17227.487555
1689.655517 -17259.818362
1714.212808 -17292.173068
1738.791624 -17324.551675
1763.391965 -17356.954182
1788.013830 -17389.380589
1812.657221 -17421.830896
1837.322137 -17454.305103
1862.008578 -17486.803210
1886.716544 -17519.325216
1911.446034 -17551.871123
1936.197050 -17584.440930
1960.969591 -17617.034637
1985.763657 -17649.652244
2010.579247 -17682.293751
2035.416363 -17714.959157
2060.275004 -17747.648464
2085.155169 -17780.361671
2110.056860 -17813.098778
2134.980076 -17845.859785
2159.924816 -17878.644691
