-0.031637 0.033675
-0.077700 0.089800
-0.138187 0.168375
-0.213100 0.269400
-0.302437 0.392875
-0.406200 0.538800
-0.524387 0.707175
-0.657000 0.898000
-0.804037 1.111275
-0.965500 1.347000
-1.141387 1.605175
-1.331699 1.885800
-1.536437 2.188875
-1.755599 2.514400
-1.989187 2.862375
-2.237199 3.232800
-2.499636 3.625675
-2.776499 4.041000
-3.067786 4.478775
-3.373498 4.939000
-3.693636 5.421675
-4.028198 5.926800
-4.377185 6.454375
-4.740598 7.004400
-5.118435 7.576875
-5.510697 8.171800
-5.917385 8.789174
-6.338497 9.428999
-6.774034 10.091273
-7.223996 10.775998
-7.688383 11.483172
-8.167195 12.212797
-8.660433 12.964871
-9.168095 13.739396
-9.690182 14.536370
-10.226694 15.355795
-10.777631 16.197670
-11.342993 17.061995
-11.922780 17.948769
-12.516992 18.857992
-13.124654 19.790716
-13.746091 20.746592
-14.381303 21.725616
-15.030290 22.727791
-15.693051 23.753115
-16.369589 24.801590
-17.059900 25.873215
-17.763987 26.967989
-18.481848 28.085913
-19.213484 29.226988
-19.958895 30.391212
-20.718082 31.578587
-21.491045 32.789112
-22.277782 34.022785
-23.078295 35.279610
-23.892582 36.559586
-24.720644 37.862709
-25.562481 39.188984
-26.418093 40.538406
-27.287479 41.910980
-28.170641 43.306705
-29.067577 44.725578
-29.978289 46.167603
-30.902775 47.632778
-31.841036 49.121101
-32.793072 50.632576
-33.758884 52.167198
-34.738472 53.724972
-35.731834 55.305897
-36.738972 56.909969
-37.759884 58.537193
-38.794571 60.187569
-39.843033 61.861092
-40.905270 63.557766
-41.981281 65.277588
-43.071068 67.020561
-44.174629 68.786682
-45.291965 70.575958
-46.423077 72.388382
-47.567963 74.223953
-48.722950 76.086243
-49.889263 77.974052
-51.066898 79.887390
-52.255859 81.826248
-53.456146 83.790634
-54.667759 85.780548
-55.890694 87.795982
-57.124954 89.836945
-58.370541 91.903427
-59.627453 93.995438
-60.895691 96.112976
-62.175251 98.256035
-63.466137 100.424622
-64.768349 102.618736
-66.081886 104.838371
-67.406746 107.083534
-68.742935 109.354218
-70.090446 111.650429
-71.449280 113.972168
-72.819443 116.319427
-74.200928 118.692215
-75.593742 121.090530
-76.997879 123.514366
-78.413338 125.963730
-79.840126 128.438614
-81.278236 130.939026
-82.727676 133.464966
-84.188438 136.016434
-85.660522 138.593414
-87.143936 141.195923
-88.638672 143.823959
-90.144730 146.477524
-91.662117 149.156616
-93.190826 151.861237
-94.730865 154.591370
-96.282227 157.347031
-97.844910 160.128220
-99.418922 162.934937
-101.004257 165.767181
-102.600922 168.624939
-104.196274 171.472336
-105.794525 174.321335
-107.395676 177.171936
-108.999725 180.024139
-110.606674 182.877945
-112.216522 185.733353
-113.829269 188.590347
-115.444916 191.448944
-117.063461 194.309143
-118.684914 197.170944
-120.309265 200.034348
-121.936516 202.899353
-123.566666 205.765961
-125.199715 208.634155
-126.835663 211.503952
-128.474518 214.375351
-130.116272 217.248352
-131.760925 220.122955
-133.408478 222.999161
-135.058929 225.876968
-136.712280 228.756363
-138.368530 231.637360
-140.027679 234.519958
-141.689728 237.404160
-143.354675 240.289963
-145.022522 243.177368
-146.693268 246.066376
-148.366913 248.956970
-150.043457 251.849167
-151.722900 254.742966
-153.405243 257.638367
-155.090485 260.535370
-156.778641 263.433960
-158.469696 266.334167
-160.163651 269.235962
-161.860504 272.139374
-163.560257 275.044373
-165.262909 277.950989
-166.968460 280.859192
-168.676910 283.768982
-170.372772 286.666840
-172.061203 289.557281
-173.742218 292.440308
-175.415802 295.315887
-177.081970 298.184052
-178.740707 301.044800
-180.392014 303.898102
-182.035904 306.743988
-183.672363 309.582458
-185.301407 312.413513
-186.923019 315.237122
-188.537201 318.053314
-190.143967 320.862091
-191.743301 323.663422
-193.335220 326.457336
-194.919708 329.243835
-196.496765 332.022888
-198.066406 334.794525
-199.628616 337.558746
-201.183411 340.315521
-202.730774 343.064880
-204.270706 345.806824
-205.803223 348.541351
-207.328308 351.268433
-208.845978 353.988098
-210.356216 356.700348
-211.859024 359.405151
-213.354416 362.102539
-214.842377 364.792511
-216.322922 367.475037
-217.796036 370.150146
-219.261719 372.817841
-220.719986 375.478088
-222.170822 378.130920
-223.614243 380.776337
-225.050232 383.414337
-226.478790 386.044891
-227.899933 388.668030
-229.313644 391.283752
-230.719940 393.892029
-232.108566 396.541229
-233.482941 399.215240
-234.843063 401.914032
-236.188934 404.637634
-237.520554 407.386047
-238.837936 410.159241
-240.141068 412.957245
-241.429947 415.780060
-242.704575 418.627655
-243.964951 421.500061
-245.211075 424.397247
-246.442947 427.319244
-247.660568 430.266052
-248.863937 433.237640
-250.053070 436.234039
-251.227951 439.255249
-252.388580 442.301239
-253.534958 445.372040
-254.667084 448.467651
-255.784958 451.588043
-256.888580 454.733246
-257.977966 457.903259
-259.053101 461.098053
-260.113983 464.317657
-261.160614 467.562073
-262.192993 470.831268
-263.211121 474.125275
-264.214996 477.444061
-265.204620 480.787659
-266.179993 484.156067
-267.141113 487.549255
-268.087982 490.967255
-269.020599 494.410065
-269.938965 497.877655
-270.843079 501.370056
-271.732941 504.887268
-272.608551 508.429260
-273.469940 511.996063
-274.317078 515.587646
-275.149963 519.204041
-275.947113 522.845825
-276.715668 526.512756
-277.455658 530.204895
-278.167084 533.922180
-278.849915 537.664673
-279.504181 541.432312
-280.129883 545.225098
-280.726990 549.043091
-281.295532 552.886230
-281.835510 556.754578
-282.346893 560.648071
-282.829712 564.566772
-283.283936 568.510620
-283.709595 572.479675
-284.106689 576.473877
-284.475189 580.493286
-284.815125 584.537842
-285.126495 588.607605
-285.409271 592.702515
-285.663483 596.822632
-285.889130 600.967896
-286.086182 605.138367
-286.254669 609.333984
-286.394592 613.554749
-286.505920 617.800720
-286.588684 622.071838
-286.642883 626.368164
-286.668488 630.689636
-286.665527 635.036316
-286.634003 639.408142
-286.573883 643.805176
-286.485199 648.227356
-286.367950 652.674744
-286.222107 657.147278
-286.047699 661.645020
-285.844696 666.167908
-285.613129 670.716003
-285.352997 675.289246
-285.064270 679.887634
-284.746979 684.511230
-284.416229 689.181030
-284.066986 693.890015
-283.699249 698.638245
-283.312988 703.425659
-282.908234 708.252258
-282.484985 713.118042
-282.043243 718.023071
-281.583008 722.967285
-281.104248 727.950684
-280.606995 732.973267
-280.091248 738.035095
-279.557007 743.136108
-279.004242 748.276306
-278.432983 753.455688
-277.843231 758.674316
-277.234985 763.932129
-276.608246 769.229126
-275.962982 774.565308
-275.299225 779.940735
-274.616974 785.355347
-273.916229 790.809143
-273.196991 796.302124
-272.459229 801.834351
-271.702972 807.405762
-270.928223 813.016357
-270.134979 818.666138
-269.323242 824.355164
-268.492981 830.083374
-267.644226 835.850769
-266.776978 841.657349
-265.891235 847.503174
-264.987000 853.388184
-264.064240 859.312378
-263.122986 865.275757
-262.163239 871.278381
-261.184998 877.320190
-260.188263 883.401184
-259.173004 889.521362
-258.139252 895.680786
-257.087006 901.879395
-256.008728 908.129883
-254.906921 914.428040
-253.781586 920.773926
-252.632721 927.167480
-251.460327 933.608704
-250.264420 940.097595
-249.044983 946.634155
-247.802017 953.218384
-246.535538 959.850281
-245.245529 966.529846
-243.931992 973.257080
-242.594925 980.032043
-241.234344 986.854675
-239.850235 993.724976
-238.442596 1000.642944
-237.011429 1007.608582
-235.556747 1014.621887
-234.078537 1021.682861
-232.576797 1028.791504
-231.051529 1035.947876
-229.502747 1043.151855
-227.930435 1050.403564
-226.334595 1057.702881
-224.715225 1065.049927
-223.072342 1072.444702
-221.405930 1079.887085
-219.715988 1087.377197
-218.002533 1094.914917
-216.265549 1102.500366
-214.505035 1110.133423
-212.720993 1117.814209
-210.913437 1125.542603
-209.082352 1133.318726
-207.227737 1141.142456
-205.349594 1149.013916
-203.447937 1156.933105
-201.522751 1164.899902
-199.574036 1172.914429
-197.601791 1180.976562
-195.606033 1189.086426
-193.576691 1197.198975
-191.517136 1205.329346
-189.427353 1213.477417
-187.307343 1221.643188
-185.157104 1229.826660
-182.976639 1238.027832
-180.765945 1246.246826
-178.525040 1254.483521
-176.253906 1262.737915
-173.952545 1271.010010
-171.620956 1279.299805
-169.259140 1287.607422
-166.867096 1295.932739
-164.444839 1304.275757
-161.992355 1312.636475
-159.509644 1321.014893
-156.996704 1329.411133
-154.453537 1337.825073
-151.880142 1346.256714
-149.276535 1354.706055
-146.642700 1363.173096
-143.978638 1371.657959
-141.284348 1380.160522
-138.559830 1388.680786
-135.805084 1397.218750
-133.020126 1405.774414
-130.204941 1414.347900
-127.359528 1422.939087
-124.483887 1431.547974
-121.578026 1440.174561
-118.641937 1448.818848
-115.675621 1457.480957
-112.679085 1466.160767
-109.652321 1474.858276
-106.595329 1483.573486
-103.508118 1492.306396
-100.390678 1501.057129
-97.243011 1509.825562
-94.065125 1518.611694
-90.857010 1527.415527
-87.648895 1536.227051
-84.430710 1545.049561
-81.202446 1553.883057
-77.964104 1562.727539
-74.715691 1571.583008
-71.457199 1580.449463
-68.188637 1589.326904
-64.909996 1598.215454
-61.621281 1607.114990
-58.322491 1616.025513
-55.013626 1624.947021
-51.694687 1633.879517
-48.365673 1642.822998
-45.026585 1651.777466
-41.677422 1660.742920
-38.318180 1669.719360
-34.948864 1678.706909
-31.569473 1687.705444
-28.180008 1696.714966
-24.780468 1705.735474
-21.370853 1714.766968
-17.951162 1723.809448
-14.521397 1732.862915
-11.081556 1741.927368
-7.631640 1751.002808
-4.171649 1760.089355
-0.701583 1769.186890
2.778558 1778.295410
6.268774 1787.414917
9.769066 1796.545410
13.279432 1805.686890
16.799873 1814.839355
20.330391 1824.002808
23.870983 1833.177246
27.421650 1842.362793
30.982391 1851.559326
34.553207 1860.766846
38.134098 1869.985352
41.725067 1879.214844
45.326111 1888.455322
48.932426 1897.732788
52.545620 1907.038696
56.165688 1916.372925
59.792629 1925.735474
63.426445 1935.126343
67.067139 1944.545654
70.714706 1953.993286
74.369148 1963.469238
78.030464 1972.973511
81.698654 1982.506226
85.373718 1992.067261
89.055664 2001.656616
92.744484 2011.274292
96.440178 2020.920410
100.142746 2030.594849
103.852188 2040.297607
107.568504 2050.028809
111.291695 2059.788330
115.021759 2069.576172
118.758705 2079.392334
122.502525 2089.236816
126.253220 2099.109619
130.010788 2109.010742
133.775238 2118.940186
137.546555 2128.898193
141.324753 2138.884521
145.109818 2148.899170
148.901764 2158.942139
152.700577 2169.013428
156.506271 2179.113037
160.318832 2189.240967
164.138275 2199.397217
167.964600 2209.582031
171.797791 2219.795166
175.637863 2230.036621
179.484802 2240.306396
183.338623 2250.604492
187.199310 2260.930908
191.066879 2271.285645
194.941330 2281.668701
198.854034 2292.065430
202.794540 2302.480469
206.762848 2312.914062
210.758957 2323.365967
214.782867 2333.836426
218.834579 2344.325439
222.914093 2354.832764
227.021393 2365.358643
231.156494 2375.902832
235.319397 2386.465576
239.510101 2397.046631
243.728607 2407.646240
247.974915 2418.264404
252.249023 2428.900879
256.550934 2439.555908
260.880646 2450.229248
265.238159 2460.921143
269.623474 2471.631348
274.036591 2482.360107
278.477509 2493.107422
282.946228 2503.873047
287.442749 2514.657227
291.967072 2525.459717
296.519165 2536.280762
301.099060 2547.120117
305.706757 2557.978027
310.342255 2568.854492
315.005554 2579.749268
319.696655 2590.662598
324.415558 2601.594238
329.162262 2612.544434
333.936768 2623.512939
338.739075 2634.500000
343.569183 2645.505615
348.427094 2656.529541
353.312805 2667.572021
358.226318 2678.632812
363.167633 2689.712158
368.136749 2700.809814
373.133667 2711.926025
378.149597 2723.040527
383.187469 2734.159912
388.247314 2745.284424
393.329102 2756.413818
398.432831 2767.548340
403.558502 2778.687744
408.706146 2789.832275
413.875732 2800.981689
419.067261 2812.136230
424.280731 2823.295654
429.516174 2834.460205
434.773560 2845.629639
440.052887 2856.804199
445.354156 2867.983643
450.677399 2879.168213
456.022583 2890.357666
461.389709 2901.552246
466.778778 2912.751709
472.189819 2923.956299
477.622803 2935.165771
483.077728 2946.380371
488.554596 2957.599854
494.053436 2968.824219
499.574219 2980.053711
505.116943 2991.288086
510.681610 3002.527588
516.268250 3013.771973
521.876831 3025.021484
527.507385 3036.275879
533.159851 3047.535400
538.834290 3058.799805
544.530640 3070.069336
550.248962 3081.343750
555.989258 3092.623291
561.751465 3103.907715
567.535645 3115.197266
573.341797 3126.491699
579.169861 3137.791260
585.019897 3149.095703
590.891846 3160.405273
596.771362 3171.734863
602.663208 3183.079834
608.567444 3194.439941
614.484009 3205.815186
620.412964 3217.205566
626.354248 3228.611084
632.307861 3240.031738
638.273865 3251.467529
644.252197 3262.918457
650.242859 3274.384521
656.245911 3285.865723
662.261292 3297.362061
668.289001 3308.873535
674.329102 3320.400146
680.381531 3331.941895
686.446289 3343.498779
692.523438 3355.070801
698.612915 3366.657959
704.714722 3378.260254
710.828918 3389.877930
716.955444 3401.510742
723.094299 3413.158691
729.245544 3424.821777
735.409119 3436.500000
741.585022 3448.193359
747.773315 3459.901855
753.973938 3471.625488
760.186890 3483.364258
766.412231 3495.118164
772.649902 3506.887207
778.899902 3518.671387
785.162292 3530.470703
791.437012 3542.285156
797.724060 3554.114746
804.023499 3565.959473
810.335266 3577.819336
816.659424 3589.694336
822.995911 3601.584717
829.344727 3613.490234
835.705933 3625.410889
842.099609 3637.324707
848.519043 3649.239014
854.964233 3661.153809
861.435242 3673.069336
867.932007 3684.985352
874.454529 3696.901855
881.002869 3708.818848
887.576965 3720.736572
894.176819 3732.654785
900.802490 3744.573486
907.453918 3756.492920
914.131104 3768.412842
920.834045 3780.333252
927.562805 3792.254150
934.317322 3804.175781
941.097595 3816.097900
947.903687 3828.020508
954.735535 3839.943604
961.593140 3851.867432
968.476501 3863.791748
975.385681 3875.716553
982.320618 3887.641846
989.281311 3899.567871
996.267822 3911.494385
1003.280090 3923.421387
1010.318115 3935.348877
1017.381958 3947.277100
1024.471558 3959.205811
1031.586914 3971.135010
1038.728027 3983.064697
1045.894897 3994.995117
1053.087646 4006.926025
1060.306152 4018.857422
1067.550415 4030.789307
1074.820435 4042.721924
1082.116211 4054.655029
1089.437744 4066.588623
1096.785034 4078.522705
1104.158203 4090.457520
1111.557129 4102.392578
1118.975098 4114.292969
1126.414429 4126.170410
1133.875122 4138.024902
1141.357178 4149.856445
1148.860596 4161.665039
1156.385376 4173.450684
1163.931519 4185.213379
1171.499023 4196.953125
1179.087891 4208.669922
1186.698120 4220.363770
1194.329590 4232.034668
1201.982422 4243.682617
1209.656616 4255.307617
1217.352173 4266.909668
1225.069092 4278.488770
1232.807373 4290.044922
1240.567017 4301.577637
1248.348022 4313.087402
1256.150391 4324.574219
1263.974121 4336.038086
1271.819092 4347.479004
1279.685425 4358.896973
1287.573120 4370.291992
1295.482178 4381.664062
1303.412598 4393.013184
1311.364380 4404.339355
1319.337524 4415.642578
1327.332031 4426.922852
1335.347900 4438.180176
1343.385132 4449.414551
1351.443604 4460.625977
1359.523438 4471.814453
1367.624634 4482.979980
1375.747192 4494.122559
1383.891113 4505.241699
1392.056396 4516.337891
1400.243042 4527.411133
1408.451050 4538.461426
1416.680420 4549.488770
1424.931152 4560.493164
1433.189697 4571.522949
1441.460571 4582.561523
1449.743774 4593.609375
1458.039307 4604.666016
1466.347290 4615.731934
1474.667603 4626.807129
1483.000244 4637.891113
1491.345215 4648.984375
1499.702515 4660.086426
1508.072144 4671.197754
1516.454224 4682.318359
1524.848633 4693.447754
1533.255371 4704.586426
1541.674438 4715.733887
1550.105835 4726.890625
1558.549561 4738.056152
1567.005737 4749.230957
1575.474243 4760.415039
1583.955078 4771.607910
1592.448242 4782.810059
1600.953735 4794.020996
1609.471558 4805.241211
1618.001831 4816.470703
1626.544434 4827.708984
1635.099365 4838.956543
1643.666626 4850.212891
1652.246216 4861.478516
1660.838135 4872.752930
1669.442505 4884.036621
1678.059204 4895.329590
1686.688232 4906.631348
1695.329590 4917.942383
1703.983276 4929.262207
1712.649292 4940.591309
1721.327759 4951.929688
1730.018555 4963.276855
1738.721680 4974.633301
1747.437134 4985.998535
1756.164917 4997.373047
1764.905151 5008.756348
1773.682373 5020.143066
1782.488281 5031.535156
1791.322998 5042.932129
1800.186523 5054.334473
1809.078735 5065.741699
1817.999756 5077.154297
1826.949585 5088.572266
1835.928223 5099.995117
1844.935547 5111.423340
1853.971680 5122.856445
1863.036621 5134.294922
1872.130371 5145.738770
1881.252808 5157.187500
1890.404053 5168.641602
1899.584106 5180.100586
1908.792847 5191.564941
1918.030396 5203.034668
1927.296753 5214.509277
1936.591919 5225.989258
1945.915771 5237.474121
1955.268433 5248.964355
1964.649902 5260.459961
1974.060181 5271.960449
1983.499146 5283.466309
1992.966919 5294.977051
2002.463501 5306.493164
2011.988770 5318.014648
2021.542847 5329.541016
2031.125732 5341.072754
2040.737427 5352.609375
2050.377930 5364.151367
2060.047119 5375.698730
2069.745117 5387.250977
2079.471924 5398.808594
2089.227539 5410.371094
2099.011719 5421.938965
2108.824707 5433.512207
2118.666504 5445.090332
2128.537109 5456.673828
2138.436523 5468.262207
2148.348389 5479.858887
2158.278076 5491.462891
2168.225586 5503.074219
2178.190918 5514.692871
2188.174072 5526.318848
2198.175049 5537.952148
2208.193848 5549.592285
2218.230469 5561.239746
2228.285156 5572.894531
2238.357666 5584.556641
2248.447998 5596.226074
2258.556152 5607.902832
2268.682129 5619.586914
2278.825928 5631.277832
2288.987549 5642.976074
2299.166992 5654.681641
2309.364258 5666.394531
2319.579590 5678.114746
2329.812744 5689.842285
2340.063721 5701.576660
2350.332520 5713.318359
2360.619141 5725.067383
2370.923584 5736.823730
2381.245850 5748.587402
2391.585938 5760.358398
2401.944092 5772.136719
2412.320068 5783.921875
2422.713867 5795.714355
2433.125488 5807.514160
2443.554932 5819.321289
2454.002197 5831.135742
2464.467285 5842.957520
2474.950195 5854.786621
2485.450928 5866.622559
2495.969727 5878.465820
2506.506348 5890.316406
2517.060791 5902.174316
2527.633057 5914.039551
2538.223145 5925.912109
2548.831055 5937.791504
2559.481445 5949.695801
2570.165771 5961.619141
2580.884277 5973.561035
2591.636963 5985.521973
2602.423828 5997.501953
2613.244873 6009.500977
2624.100098 6021.518555
2634.989502 6033.555176
2645.913086 6045.610840
2656.870850 6057.685059
2667.862793 6069.778320
2678.888916 6081.890625
2689.949219 6094.021973
2701.043701 6106.171875
2712.172363 6118.340820
2723.335205 6130.528809
2734.532227 6142.735352
2745.763428 6154.960938
2757.028809 6167.205566
2768.328369 6179.469238
2779.662109 6191.751465
2791.030029 6204.052734
2802.432129 6216.373047
2813.868408 6228.711914
2825.338867 6241.069824
2836.843506 6253.446777
2848.382324 6265.842285
2859.955322 6278.256836
2871.562500 6290.690430
2883.203857 6303.143066
2894.879395 6315.614258
2906.589111 6328.104492
2918.333008 6340.613770
2930.111084 6353.141602
2941.923340 6365.688477
2953.769775 6378.254395
2965.650391 6390.839355
2977.565186 6403.442871
2989.514160 6416.065430
3001.497314 6428.707031
3013.500488 6441.367676
3025.528564 6454.047852
3037.581543 6466.747070
3049.659180 6479.465332
3061.761719 6492.203125
3073.889160 6504.959961
3086.041260 6517.735840
3098.218262 6530.531250
3110.420166 6543.345703
3122.646729 6556.179199
3134.898193 6569.031738
3147.174561 6581.903809
3159.475586 6594.794922
3171.801514 6607.705078
3184.152344 6620.634766
3196.528076 6633.583496
3208.928467 6646.551270
3221.353760 6659.538574
3233.803955 6672.544922
3246.278809 6685.570312
3258.778564 6698.615234
3271.303223 6711.679199
3283.852539 6724.762207
3296.426758 6737.864746
3309.025879 6750.986328
3321.649658 6764.126953
3334.298340 6777.287109
3346.971924 6790.466309
3359.670166 6803.664551
3372.393311 6816.882324
3385.141357 6830.119141
3397.914062 6843.375000
3410.711670 6856.650391
3423.534180 6869.944824
3436.381592 6883.258301
3449.253662 6896.591309
3462.150635 6909.943359
3475.072510 6923.314453
3488.019043 6936.705078
3500.990479 6950.114746
3513.966064 6963.545410
3526.952637 6976.996582
3539.950439 6990.468262
3552.959229 7003.960449
3565.979004 7017.473145
3579.009766 7031.006348
3592.051758 7044.560059
3605.104736 7058.134277
3618.168701 7071.729004
3631.243652 7085.343750
3644.329834 7098.979004
3657.427002 7112.634766
3670.535156 7126.311035
3683.654297 7140.007812
3696.784668 7153.725098
3709.926025 7167.462891
3723.078369 7181.221191
3736.241699 7195.000000
3749.416260 7208.799316
3762.601807 7222.619141
3775.798340 7236.459473
3789.005859 7250.320312
3802.224609 7264.201660
3815.454346 7278.103516
3828.695068 7292.025391
3841.947021 7305.967773
3855.209961 7319.930664
3868.483887 7333.914062
3881.768799 7347.917969
3895.064941 7361.942383
3908.372070 7375.987305
3921.690186 7390.052734
3935.019287 7404.138672
3948.359619 7418.245117
3961.710938 7432.372070
3975.073242 7446.519531
3988.446533 7460.687500
4001.831055 7474.875977
4015.226562 7489.084961
4028.633057 7503.313965
4042.059082 7517.556152
4055.501709 7531.813477
4068.960938 7546.086426
4082.436768 7560.374512
4095.929199 7574.677734
4109.437988 7588.996582
4122.963379 7603.330566
4136.505371 7617.680176
4150.063965 7632.044922
4163.639160 7646.425293
4177.230957 7660.820801
4190.839355 7675.231445
4204.464355 7689.657715
4218.105957 7704.099121
4231.764160 7718.556152
4245.438965 7733.028320
4259.130371 7747.516113
4272.838379 7762.019043
4286.562988 7776.537598
4300.304199 7791.071289
4314.062012 7805.620117
4327.836426 7820.184570
4341.627441 7834.764160
4355.435059 7849.359375
4369.259277 7863.969727
4383.100098 7878.595703
4396.957520 7893.236816
4410.831543 7907.893066
4424.722168 7922.564941
4438.629395 7937.251953
4452.553223 7951.954590
4466.493652 7966.672363
4480.450684 7981.405762
4494.424316 7996.154297
4508.414551 8010.918457
4522.421387 8025.697754
4536.444824 8040.492188
4550.484863 8055.302246
4564.541504 8070.127441
4578.614746 8084.968262
4592.691406 8099.809570
4606.775879 8114.656250
4620.867676 8129.508789
4634.967285 8144.366699
4649.074707 8159.229980
4663.189941 8174.099121
4677.312988 8188.973633
4691.443848 8203.853516
4705.582031 8218.739258
4719.728027 8233.629883
4733.881836 8248.526367
4748.043457 8263.428711
4762.212891 8278.335938
4776.390137 8293.249023
4790.574707 8308.167969
4804.767090 8323.091797
4818.967285 8338.021484
4833.175293 8352.957031
4847.391113 8367.897461
4861.614258 8382.843750
4875.845215 8397.795898
4890.083984 8412.752930
4904.330566 8427.715820
4918.584961 8442.684570
4932.847168 8457.658203
4947.116699 8472.637695
4961.394043 8487.623047
4975.679199 8502.613281
4989.972168 8517.609375
5004.272949 8532.611328
5018.581055 8547.618164
5032.896973 8562.630859
5047.220703 8577.649414
5061.552246 8592.672852
5075.891602 8607.702148
5090.238770 8622.737305
5104.593262 8637.777344
5118.955566 8652.823242
5133.325684 8667.874023
5147.703613 8682.930664
5162.077637 8697.970703
5176.451660 8713.000977
5190.825195 8728.021484
5205.198730 8743.032227
5219.572266 8758.034180
5233.945801 8773.026367
5248.319336 8788.008789
5262.692871 8802.981445
5277.065918 8817.945312
5291.438965 8832.899414
5305.812012 8847.843750
5320.185059 8862.778320
5334.558105 8877.704102
5348.931152 8892.620117
5363.304199 8907.526367
5377.676758 8922.422852
5392.049316 8937.310547
5406.421875 8952.188477
5420.794434 8967.056641
5435.166992 8981.915039
5449.539551 8996.764648
5463.911621 9011.604492
5478.283691 9026.434570
5492.655762 9041.254883
5507.027832 9056.066406
5521.399902 9070.868164
5535.771973 9085.660156
5550.144043 9100.442383
5564.515625 9115.215820
5578.887207 9129.979492
5593.258789 9144.733398
5607.630371 9159.477539
5622.001953 9174.212891
5636.373535 9188.938477
5650.744629 9203.654297
5665.115723 9218.360352
5679.486816 9233.057617
5693.857910 9247.745117
5708.229004 9262.422852
5722.600098 9277.090820
5736.980957 9291.779297
5751.368164 9306.478516
5765.761719 9321.188477
5780.161621 9335.908203
5794.568359 9350.638672
5808.981445 9365.379883
5823.400879 9380.130859
5837.826660 9394.892578
5852.259277 9409.665039
5866.698242 9424.448242
5881.143555 9439.241211
5895.595703 9454.044922
5910.054199 9468.859375
5924.519043 9483.683594
5938.990234 9498.518555
5953.468262 9513.364258
5967.952637 9528.219727
5982.443359 9543.085938
5996.940430 9557.962891
6011.444336 9572.850586
6025.954590 9587.748047
6040.471191 9602.656250
6054.994141 9617.575195
6069.523926 9632.503906
6084.060059 9647.443359
6098.602539 9662.393555
6113.151367 9677.353516
6127.707031 9692.324219
6142.269043 9707.305664
6156.837402 9722.297852
6171.412598 9737.299805
6185.994141 9752.312500
6200.582031 9767.335938
6215.176270 9782.369141
6229.777344 9797.413086
6244.384766 9812.467773
6258.998535 9827.532227
6273.618652 9842.607422
6288.245605 9857.693359
6302.878906 9872.790039
6317.552734 9887.893555
6332.255371 9903.004883
6346.987305 9918.125000
6361.748047 9933.252930
6376.538086 9948.388672
6391.357422 9963.533203
6406.205566 9978.685547
6421.083008 9993.846680
6435.989258 10009.015625
6450.924805 10024.192383
6465.889648 10039.377930
6480.883301 10054.571289
6495.906250 10069.773438
6510.958008 10084.983398
6526.039062 10100.201172
6541.149414 10115.427734
6556.288574 10130.662109
6571.457031 10145.905273
6586.654297 10161.156250
6601.880859 10176.415039
6617.136719 10191.682617
6632.421387 10206.958008
6647.735352 10222.242188
6663.078125 10237.534180
6678.450195 10252.833984
6693.851562 10268.142578
6709.281738 10283.458984
6724.741211 10298.783203
6740.229492 10314.116211
6755.747070 10329.457031
6771.293945 10344.806641
6786.869629 10360.164062
6802.474609 10375.529297
6818.108398 10390.903320
6833.771484 10406.285156
6849.463867 10421.675781
6865.185059 10437.074219
6880.935547 10452.480469
6896.714844 10467.895508
6912.523438 10483.318359
6928.369629 10498.745117
6944.250488 10514.176758
6960.166016 10529.614258
6976.116211 10545.056641
6992.101074 10560.503906
7008.120605 10575.957031
7024.174805 10591.415039
7040.263672 10606.878906
7056.387207 10622.347656
7072.545410 10637.821289
7088.738281 10653.300781
7104.965820 10668.785156
7121.228516 10684.274414
7137.525879 10699.769531
7153.857910 10715.269531
7170.224609 10730.774414
7186.625977 10746.285156
7203.062012 10761.800781
7219.532715 10777.321289
7236.038086 10792.847656
7252.578125 10808.378906
7269.152832 10823.915039
7285.762207 10839.457031
7302.406250 10855.003906
7319.084961 10870.555664
7335.798340 10886.113281
7352.546387 10901.675781
7369.329590 10917.244141
7386.147461 10932.817383
7403.000000 10948.395508
7419.887207 10963.979492
7436.809082 10979.568359
7453.765625 10995.162109
7470.756836 11010.761719
7487.782715 11026.366211
7504.843262 11041.975586
7521.938477 11057.590820
7539.068359 11073.210938
7556.232910 11088.835938
7573.432129 11104.466797
7590.644531 11120.132812
7607.876953 11135.824219
7625.129395 11151.541016
7642.401855 11167.283203
7659.694336 11183.050781
7677.006836 11198.843750
7694.339844 11214.662109
7711.692871 11230.505859
7729.065918 11246.375000
7746.458984 11262.269531
7763.872070 11278.189453
7781.305176 11294.134766
7798.758789 11310.105469
7816.232422 11326.101562
7833.726074 11342.123047
7851.239746 11358.169922
7868.773438 11374.242188
7886.327148 11390.339844
7903.900879 11406.462891
7921.495117 11422.611328
7939.109375 11438.785156
7956.743652 11454.984375
7974.397949 11471.208984
7992.072266 11487.458984
8009.766602 11503.734375
8027.481445 11520.035156
8045.216309 11536.361328
8062.971191 11552.712891
8080.746094 11569.089844
8098.541016 11585.492188
8116.355957 11601.919922
8134.191406 11618.373047
8152.046875 11634.851562
8169.922363 11651.355469
8187.817871 11667.884766
8205.733398 11684.439453
8223.668945 11701.019531
8241.625000 11717.625000
8259.600586 11734.255859
8277.596680 11750.912109
8295.606445 11767.565430
8313.632812 11784.225586
8331.674805 11800.892578
8349.733398 11817.566406
8367.807617 11834.246094
8385.898438 11850.932617
8404.005859 11867.625977
8422.128906 11884.325195
8440.268555 11901.031250
8458.423828 11917.744141
8476.595703 11934.462891
8494.783203 11951.188477
8512.987305 11967.920898
8531.207031 11984.659180
8549.443359 12001.404297
8567.695312 12018.156250
8585.963867 12034.914062
8604.248047 12051.678711
8622.548828 12068.450195
8640.865234 12085.227539
8659.198242 12102.011719
8677.546875 12118.802734
8695.912109 12135.599609
8714.292969 12152.403320
8732.690430 12169.213867
8751.103516 12186.031250
8769.533203 12202.854492
8787.978516 12219.684570
8806.440430 12236.521484
8824.917969 12253.364258
8843.412109 12270.213867
8861.921875 12287.070312
8880.448242 12303.932617
8898.990234 12320.801758
8917.548828 12337.677734
8936.123047 12354.559570
8954.713867 12371.448242
8973.320312 12388.343750
8991.943359 12405.245117
9010.582031 12422.153320
9029.233398 12439.040039
9047.897461 12455.915039
9066.575195 12472.778320
9085.265625 12489.629883
9103.969727 12506.469727
9122.687500 12523.297852
9141.417969 12540.114258
9160.162109 12556.917969
9178.919922 12573.709961
9197.690430 12590.490234
9216.474609 12607.258789
9235.271484 12624.015625
9254.082031 12640.760742
9272.906250 12657.493164
9291.743164 12674.213867
9310.593750 12690.922852
9329.457031 12707.620117
9348.333984 12724.305664
9367.224609 12740.979492
9386.127930 12757.640625
9405.044922 12774.290039
9423.975586 12790.927734
9442.918945 12807.553711
9461.875977 12824.167969
9480.845703 12840.770508
9499.829102 12857.360352
9518.826172 12873.938477
9537.835938 12890.504883
9556.859375 12907.059570
9575.896484 12923.602539
9594.946289 12940.133789
9614.009766 12956.653320
9633.085938 12973.160156
9652.175781 12989.655273
9671.279297 13006.138672
9690.395508 13022.610352
9709.525391 13039.070312
9728.667969 13055.518555
9747.824219 13071.954102
9766.994141 13088.377930
9786.161133 13104.791992
9805.331055 13121.195312
9824.503906 13137.587891
9843.679688 13153.969727
9862.858398 13170.340820
9882.039062 13186.701172
9901.222656 13203.050781
9920.409180 13219.389648
9939.598633 13235.717773
9958.791016 13252.035156
9977.986328 13268.341797
9997.183594 13284.637695
10016.383789 13300.922852
10035.586914 13317.197266
10054.792969 13333.460938
10074.001953 13349.713867
10093.213867 13365.956055
10112.427734 13382.187500
10131.644531 13398.408203
10150.864258 13414.618164
10170.086914 13430.817383
10189.312500 13447.005859
10208.541016 13463.183594
10227.772461 13479.350586
10247.005859 13495.506836
10266.242188 13511.652344
10285.481445 13527.787109
10304.723633 13543.911133
10323.968750 13560.024414
10343.216797 13576.126953
10362.466797 13592.218750
10381.719727 13608.299805
10400.975586 13624.370117
10420.234375 13640.429688
10439.496094 13656.478516
10458.760742 13672.516602
10478.027344 13688.543945
10497.296875 13704.560547
10516.569336 13720.566406
10535.844727 13736.561523
10555.126953 13752.522461
10574.414062 13768.457031
10593.707031 13784.365234
10613.004883 13800.247070
10632.307617 13816.102539
10651.616211 13831.931641
10670.929688 13847.734375
10690.249023 13863.511719
10709.573242 13879.262695
10728.903320 13894.987305
10748.238281 13910.685547
10767.578125 13926.357422
10786.923828 13942.002930
10806.274414 13957.622070
10825.630859 13973.214844
10844.992188 13988.781250
10864.359375 14004.322266
10883.731445 14019.836914
10903.108398 14035.325195
10922.491211 14050.787109
10941.878906 14066.222656
10961.272461 14081.631836
10980.670898 14097.014648
11000.075195 14112.371094
11019.484375 14127.702148
11038.898438 14143.006836
11058.318359 14158.285156
11077.743164 14173.537109
11097.173828 14188.762695
11116.609375 14203.961914
11136.050781 14219.134766
11155.497070 14234.281250
11174.948242 14249.402344
11194.405273 14264.497070
11213.867188 14279.565430
11233.334961 14294.607422
11252.807617 14309.623047
11272.286133 14324.612305
11291.769531 14339.575195
11311.257812 14354.511719
11330.727539 14369.456055
11350.187500 14384.396484
11369.636719 14399.333008
11389.075195 14414.265625
11408.502930 14429.193359
11427.919922 14444.117188
11447.327148 14459.037109
11466.723633 14473.953125
11486.109375 14488.865234
11505.484375 14503.773438
11524.848633 14518.677734
11544.203125 14533.578125
11563.546875 14548.474609
11582.879883 14563.367188
11602.202148 14578.255859
11621.513672 14593.140625
11640.815430 14608.021484
11660.106445 14622.898438
11679.386719 14637.770508
11698.656250 14652.638672
11717.915039 14667.502930
11737.164062 14682.363281
11756.402344 14697.219727
11775.629883 14712.072266
11794.846680 14726.920898
11814.052734 14741.765625
11833.249023 14756.606445
11852.434570 14771.443359
11871.609375 14786.276367
11890.773438 14801.105469
11909.926758 14815.930664
11929.070312 14830.751953
11948.203125 14845.568359
11967.325195 14860.380859
11986.436523 14875.189453
12005.537109 14889.994141
12024.627930 14904.794922
12043.708008 14919.591797
12062.777344 14934.384766
12081.835938 14949.173828
12100.881836 14963.924805
12119.915039 14978.649414
12138.936523 14993.347656
12157.945312 15008.019531
12176.942383 15022.665039
12195.926758 15037.284180
12214.899414 15051.876953
12233.859375 15066.443359
12252.807617 15080.983398
12271.743164 15095.497070
12290.666992 15109.984375
12309.578125 15124.445312
12328.477539 15138.879883
12347.364258 15153.288086
12366.239258 15167.669922
12385.101562 15182.025391
12403.952148 15196.354492
12422.790039 15210.657227
12441.615234 15224.933594
12460.428711 15239.183594
12479.229492 15253.407227
12498.018555 15267.604492
12516.794922 15281.775391
12535.559570 15295.919922
12554.311523 15310.038086
12573.051758 15324.129883
12591.779297 15338.195312
12610.495117 15352.234375
12629.198242 15366.247070
12647.889648 15380.232422
12666.568359 15394.191406
12685.235352 15408.124023
12703.889648 15422.030273
12722.532227 15435.910156
12741.162109 15449.763672
12759.780273 15463.590820
12778.385742 15477.391602
12796.979492 15491.166016
12815.560547 15504.914062
12834.129883 15518.635742
12852.699219 15532.341797
12871.265625 15546.028320
12889.828125 15559.695312
12908.387695 15573.342773
12926.943359 15586.970703
12945.495117 15600.579102
12964.043945 15614.167969
12982.588867 15627.737305
13001.129883 15641.287109
13019.667969 15654.817383
13038.202148 15668.328125
13056.732422 15681.819336
13075.259766 15695.291016
13093.783203 15708.743164
13112.303711 15722.175781
13130.820312 15735.588867
13149.333008 15748.982422
13167.842773 15762.356445
13186.348633 15775.710938
13204.850586 15789.045898
13223.349609 15802.361328
13241.844727 15815.657227
13260.335938 15828.933594
13278.824219 15842.190430
13297.308594 15855.427734
13315.790039 15868.646484
13334.267578 15881.845703
13352.741211 15895.025391
13371.211914 15908.185547
13389.678711 15921.326172
13408.141602 15934.447266
13426.601562 15947.548828
13445.057617 15960.630859
13463.509766 15973.693359
13481.958984 15986.736328
13500.404297 15999.759766
13518.846680 16012.763672
13537.285156 16025.748047
13555.719727 16038.712891
13574.151367 16051.658203
13592.581055 16064.600586
13611.008789 16077.534180
13629.434570 16090.458984
13647.858398 16103.375000
13666.280273 16116.282227
13684.700195 16129.180664
13703.118164 16142.071289
13721.534180 16154.953125
13739.948242 16167.826172
13758.360352 16180.690430
13776.770508 16193.545898
13795.178711 16206.392578
13813.584961 16219.230469
13831.989258 16232.060547
13850.391602 16244.881836
13868.791992 16257.694336
13887.190430 16270.498047
13905.586914 16283.292969
13923.981445 16296.079102
13942.373047 16308.856445
13960.762695 16321.625977
13979.150391 16334.386719
13997.536133 16347.138672
14015.919922 16359.881836
14034.301758 16372.616211
14052.681641 16385.341797
14071.059570 16398.058594
14089.435547 16410.767578
14107.809570 16423.466797
14126.181641 16436.158203
14144.551758 16448.839844
14162.919922 16461.513672
14181.286133 16474.179688
14199.650391 16486.835938
14218.012695 16499.484375
14236.373047 16512.123047
14254.731445 16524.753906
14273.087891 16537.375000
14291.442383 16549.988281
14309.794922 16562.593750
14328.150391 16575.195312
14346.506836 16587.792969
14364.865234 16600.386719
14383.224609 16612.974609
14401.585938 16625.558594
14419.949219 16638.138672
14438.313477 16650.712891
14456.679688 16663.283203
14475.046875 16675.849609
14493.416016 16688.410156
14511.786133 16700.966797
14530.158203 16713.519531
14548.531250 16726.066406
14566.906250 16738.609375
14585.282227 16751.148438
14603.660156 16763.681641
14622.039062 16776.210938
14640.419922 16788.736328
14658.801758 16801.255859
14677.185547 16813.771484
14695.571289 16826.281250
14713.958008 16838.787109
14732.346680 16851.289062
14750.736328 16863.785156
14769.127930 16876.277344
14787.520508 16888.765625
14805.915039 16901.248047
14824.310547 16913.726562
14842.708008 16926.201172
14861.106445 16938.669922
14879.506836 16951.134766
14897.908203 16963.595703
14916.311523 16976.050781
14934.716797 16988.501953
14953.123047 17000.949219
14971.531250 17013.390625
14989.940430 17025.828125
15008.351562 17038.261719
15026.763672 17050.689453
15045.177734 17063.113281
15063.597656 17075.525391
15082.022461 17087.927734
15100.452148 17100.322266
15118.886719 17112.707031
15137.325195 17125.082031
15155.768555 17137.447266
15174.216797 17149.804688
15192.669922 17162.152344
15211.127930 17174.490234
15229.589844 17186.820312
15248.056641 17199.140625
15266.528320 17211.451172
15285.004883 17223.751953
15303.486328 17236.044922
15321.972656 17248.328125
15340.462891 17260.601562
15358.958008 17272.865234
15377.458008 17285.121094
15395.962891 17297.367188
15414.472656 17309.603516
15432.986328 17321.832031
15451.504883 17334.050781
15470.028320 17346.259766
15488.556641 17358.458984
15507.089844 17370.650391
15525.626953 17382.832031
15544.168945 17395.003906
15562.715820 17407.167969
15581.267578 17419.322266
15599.824219 17431.466797
15618.385742 17443.601562
15636.951172 17455.728516
15655.521484 17467.845703
15674.096680 17479.953125
15692.676758 17492.050781
15711.261719 17504.140625
15729.850586 17516.220703
15748.444336 17528.291016
15767.042969 17540.353516
15785.646484 17552.406250
15804.350586 17564.457031
15823.124023 17576.503906
15841.966797 17588.544922
15860.878906 17600.582031
15879.859375 17612.615234
15898.909180 17624.644531
15918.028320 17636.669922
15937.215820 17648.689453
15956.472656 17660.705078
15975.798828 17672.716797
15995.193359 17684.724609
16014.657227 17696.728516
16034.190430 17708.726562
16053.791992 17720.720703
16073.462891 17732.710938
16093.203125 17744.697266
16113.011719 17756.677734
16132.889648 17768.654297
16152.836914 17780.626953
16172.852539 17792.595703
16192.937500 17804.560547
16213.091797 17816.519531
16233.314453 17828.474609
16253.606445 17840.425781
16273.967773 17852.373047
16294.398438 17864.316406
16314.897461 17876.253906
16335.465820 17888.187500
16356.103516 17900.117188
16376.809570 17912.042969
16397.583984 17923.962891
16418.427734 17935.878906
16439.341797 17947.791016
16460.324219 17959.699219
16481.375000 17971.603516
16502.496094 17983.501953
16523.685547 17995.396484
16544.943359 18007.287109
16566.271484 18019.173828
16587.667969 18031.056641
16609.167969 18042.914062
16630.759766 18054.753906
16652.443359 18066.576172
16674.218750 18078.378906
16696.085938 18090.164062
16718.042969 18101.931641
16740.091797 18113.681641
16762.232422 18125.414062
16784.464844 18137.126953
16806.789062 18148.822266
16829.205078 18160.500000
16851.712891 18172.160156
16874.312500 18183.802734
16897.003906 18195.427734
16919.787109 18207.033203
16942.662109 18218.621094
16965.628906 18230.191406
16988.687500 18241.744141
17011.837891 18253.279297
17035.080078 18264.796875
17058.414062 18276.294922
17081.837891 18287.775391
17105.353516 18299.238281
17128.960938 18310.683594
17152.660156 18322.111328
17176.451172 18333.519531
17200.333984 18344.910156
17224.308594 18356.283203
17248.375000 18367.638672
17272.533203 18378.976562
17296.783203 18390.296875
17321.125000 18401.597656
17345.558594 18412.880859
17370.083984 18424.146484
17394.701172 18435.394531
17419.410156 18446.625000
17444.210938 18457.835938
17469.101562 18469.029297
17494.083984 18480.205078
17519.158203 18491.363281
17544.328125 18502.529297
17569.591797 18513.695312
17594.949219 18524.859375
17620.400391 18536.023438
17645.947266 18547.185547
17671.587891 18558.347656
17697.322266 18569.507812
17723.150391 18580.667969
17749.072266 18591.828125
17775.087891 18602.986328
17801.197266 18614.144531
17827.400391 18625.300781
17853.699219 18636.457031
17880.091797 18647.613281
17906.578125 18658.767578
17933.158203 18669.921875
17959.832031 18681.074219
17986.599609 18692.226562
18013.460938 18703.378906
18040.416016 18714.529297
18067.466797 18725.679688
18094.611328 18736.828125
18121.849609 18747.976562
18149.181641 18759.123047
18176.607422 18770.269531
18204.126953 18781.416016
18231.740234 18792.560547
18259.449219 18803.705078
18287.251953 18814.847656
18315.148438 18825.990234
18343.138672 18837.132812
18371.222656 18848.273438
18399.400391 18859.414062
18427.671875 18870.552734
18456.037109 18881.691406
18484.498047 18892.830078
18513.052734 18903.966797
18541.701172 18915.103516
18570.443359 18926.238281
18599.279297 18937.373047
18628.162109 18948.474609
18657.109375 18959.552734
18686.119141 18970.609375
18715.191406 18981.642578
18744.328125 18992.652344
18773.527344 19003.640625
18802.789062 19014.605469
18832.115234 19025.546875
18861.503906 19036.466797
18890.955078 19047.363281
18920.470703 19058.238281
18950.048828 19069.089844
18979.689453 19079.917969
19009.392578 19090.724609
19039.160156 19101.507812
19068.990234 19112.269531
19098.882812 19123.007812
19128.839844 19133.722656
19158.859375 19144.416016
19188.941406 19155.085938
19219.087891 19165.734375
19249.296875 19176.359375
19279.568359 19186.960938
19309.904297 19197.541016
19340.302734 19208.097656
19370.763672 19218.630859
19401.287109 19229.142578
19431.875000 19239.630859
19462.525391 19250.097656
19493.238281 19260.541016
19524.015625 19270.960938
19554.855469 19281.359375
19585.757812 19291.734375
19616.724609 19302.087891
19647.753906 19312.417969
19678.845703 19322.724609
19710.001953 19333.009766
19741.220703 19343.271484
19772.501953 19353.511719
19803.845703 19363.728516
19835.222656 19373.917969
19866.642578 19384.082031
19898.105469 19394.220703
19929.611328 19404.333984
19961.158203 19414.421875
19992.748047 19424.484375
20024.380859 19434.521484
20056.056641 19444.531250
20087.775391 19454.515625
20119.537109 19464.474609
20151.341797 19474.408203
20183.187500 19484.316406
20215.076172 19494.199219
20247.007812 19504.056641
20278.982422 19513.888672
20311.000000 19523.695312
20343.060547 19533.476562
20375.162109 19543.232422
20407.306641 19552.960938
20439.494141 19562.664062
20471.724609 19572.341797
20503.998047 19581.994141
20536.314453 19591.621094
20568.673828 19601.222656
20601.074219 19610.798828
20633.517578 19620.349609
20666.003906 19629.875000
20698.533203 19639.375000
20731.105469 19648.847656
20763.720703 19658.294922
20796.378906 19667.716797
20829.078125 19677.113281
20861.820312 19686.484375
20894.605469 19695.830078
20927.433594 19705.150391
20960.304688 19714.445312
20993.218750 19723.714844
21026.173828 19732.958984
21059.171875 19742.177734
21092.212891 19751.369141
21125.306641 19760.562500
21158.449219 19769.750000
21191.642578 19778.929688
21224.884766 19788.101562
21258.175781 19797.265625
21291.515625 19806.423828
21324.906250 19815.574219
21358.345703 19824.716797
21391.833984 19833.851562
21425.371094 19842.980469
21458.958984 19852.101562
21492.595703 19861.214844
21526.281250 19870.320312
21560.015625 19879.419922
21593.800781 19888.511719
21627.634766 19897.595703
21661.517578 19906.671875
21695.449219 19915.742188
21729.429688 19924.804688
21763.460938 19933.859375
21797.541016 19942.906250
21831.669922 19951.947266
21865.847656 19960.980469
21900.076172 19970.005859
21934.353516 19979.023438
21968.679688 19988.035156
22003.054688 19997.039062
22037.480469 20006.035156
22071.955078 20015.023438
22106.478516 20024.005859
22141.050781 20032.980469
22175.673828 20041.947266
22210.345703 20050.906250
22245.066406 20059.859375
22279.835938 20068.804688
22314.656250 20077.742188
22349.525391 20086.671875
22384.443359 20095.595703
22419.410156 20104.511719
22454.427734 20113.419922
22489.494141 20122.322266
22524.609375 20131.218750
22559.773438 20140.107422
22594.986328 20148.990234
22630.250000 20157.867188
22665.562500 20166.738281
22700.923828 20175.601562
22736.333984 20184.458984
22771.794922 20193.310547
22807.304688 20202.154297
22842.863281 20210.992188
22878.470703 20219.824219
22914.126953 20228.648438
22949.833984 20237.466797
22985.589844 20246.279297
23021.394531 20255.083984
23057.248047 20263.882812
23093.150391 20272.675781
23129.103516 20281.462891
23165.105469 20290.242188
23201.156250 20299.015625
23237.255859 20307.783203
23273.406250 20316.542969
23309.605469 20325.296875
23345.853516 20334.044922
23382.150391 20342.785156
23418.496094 20351.519531
23454.892578 20360.248047
23491.337891 20368.970703
23527.832031 20377.685547
23564.375000 20386.394531
23600.966797 20395.097656
23637.609375 20403.792969
23674.300781 20412.482422
23711.041016 20421.166016
23747.830078 20429.841797
23784.669922 20438.511719
23821.558594 20447.175781
23858.496094 20455.833984
23895.482422 20464.484375
23932.519531 20473.121094
23969.605469 20481.748047
24006.740234 20490.363281
24043.925781 20498.966797
24081.160156 20507.560547
24118.445312 20516.142578
24155.779297 20524.714844
24193.162109 20533.275391
24230.595703 20541.824219
24268.078125 20550.363281
24305.609375 20558.890625
24343.191406 20567.406250
24380.822266 20575.912109
24418.501953 20584.406250
24456.232422 20592.888672
24494.011719 20601.361328
24531.841797 20609.822266
24569.720703 20618.271484
24607.648438 20626.710938
24645.626953 20635.138672
24683.654297 20643.556641
24721.730469 20651.962891
24759.857422 20660.357422
24798.033203 20668.742188
24836.259766 20677.115234
24874.535156 20685.476562
24912.859375 20693.828125
24951.234375 20702.167969
24989.658203 20710.496094
25028.130859 20718.814453
25066.654297 20727.121094
25105.226562 20735.416016
25143.847656 20743.701172
25182.519531 20751.974609
25221.240234 20760.236328
25260.011719 20768.488281
25298.832031 20776.728516
25337.701172 20784.958984
25376.621094 20793.177734
25415.589844 20801.384766
25454.582031 20809.589844
25493.605469 20817.791016
25532.660156 20825.986328
25571.746094 20834.175781
25610.863281 20842.361328
25650.013672 20850.541016
25689.195312 20858.716797
25728.408203 20866.886719
25767.652344 20875.050781
25806.927734 20883.210938
25846.234375 20891.365234
25885.574219 20899.513672
25924.945312 20907.658203
25964.347656 20915.796875
26003.781250 20923.931641
26043.246094 20932.060547
26082.744141 20940.183594
26122.273438 20948.302734
26161.833984 20956.416016
26201.425781 20964.525391
26241.048828 20972.628906
26280.703125 20980.726562
26320.390625 20988.820312
26360.109375 20996.908203
26399.859375 21004.992188
26439.640625 21013.070312
26479.453125 21021.142578
26519.298828 21029.210938
26559.175781 21037.273438
26599.083984 21045.330078
26639.023438 21053.382812
26678.994141 21061.429688
26718.996094 21069.472656
26759.031250 21077.509766
26799.097656 21085.541016
26839.195312 21093.568359
26879.324219 21101.589844
26919.484375 21109.607422
26959.675781 21117.619141
26999.900391 21125.625000
27040.160156 21133.628906
27080.453125 21141.628906
27120.779297 21149.623047
27161.140625 21157.613281
27201.535156 21165.599609
27241.964844 21173.582031
27282.427734 21181.560547
27322.923828 21189.535156
27363.455078 21197.505859
27404.019531 21205.472656
27444.619141 21213.435547
27485.251953 21221.394531
27525.917969 21229.349609
27566.619141 21237.300781
27607.353516 21245.248047
27648.123047 21253.191406
27688.925781 21261.130859
27729.761719 21269.066406
27770.632812 21276.998047
27811.537109 21284.925781
27852.476562 21292.849609
27893.449219 21300.769531
27934.455078 21308.685547
27975.496094 21316.595703
28016.570312 21324.501953
28057.679688 21332.404297
28098.822266 21340.302734
28139.998047 21348.197266
28181.208984 21356.087891
28222.453125 21363.974609
28263.732422 21371.857422
28305.044922 21379.736328
28346.390625 21387.611328
28387.771484 21395.482422
28429.185547 21403.349609
28470.632812 21411.212891
28512.115234 21419.072266
28553.630859 21426.927734
28595.181641 21434.779297
28636.765625 21442.626953
28678.380859 21450.474609
28720.027344 21458.322266
28761.705078 21466.169922
28803.414062 21474.015625
28845.154297 21481.861328
28886.927734 21489.707031
28928.732422 21497.552734
28970.568359 21505.396484
29012.435547 21513.240234
29054.335938 21521.083984
29096.267578 21528.925781
29138.230469 21536.767578
29180.224609 21544.609375
29222.250000 21552.449219
29264.308594 21560.289062
29306.398438 21568.128906
29348.519531 21575.968750
29390.671875 21583.806641
29432.855469 21591.644531
29475.072266 21599.482422
29517.320312 21607.318359
29559.599609 21615.154297
29601.910156 21622.990234
29644.251953 21630.826172
29686.626953 21638.660156
29729.033203 21646.494141
29771.470703 21654.328125
29813.939453 21662.160156
29856.439453 21669.992188
29898.972656 21677.824219
29941.537109 21685.654297
29984.132812 21693.484375
30026.759766 21701.314453
30069.417969 21709.144531
30112.109375 21716.972656
30154.832031 21724.800781
30197.585938 21732.628906
30240.371094 21740.455078
30283.187500 21748.281250
30326.037109 21756.107422
30368.916016 21763.927734
30411.824219 21771.746094
30454.763672 21779.560547
30497.732422 21787.371094
30540.732422 21795.179688
30583.761719 21802.984375
30626.822266 21810.785156
30669.912109 21818.582031
30713.033203 21826.376953
30756.183594 21834.167969
30799.365234 21841.955078
30842.576172 21849.740234
30885.818359 21857.521484
30929.089844 21865.298828
30972.392578 21873.072266
31015.724609 21880.843750
31059.087891 21888.611328
31102.480469 21896.375000
31145.904297 21904.134766
31189.357422 21911.892578
31232.841797 21919.646484
31276.355469 21927.396484
31319.900391 21935.144531
31363.474609 21942.888672
31407.080078 21950.628906
31450.714844 21958.365234
31494.380859 21966.099609
31538.076172 21973.830078
31581.802734 21981.556641
31625.558594 21989.281250
31669.345703 21997.001953
31713.162109 22004.718750
31757.009766 22012.431641
31800.886719 22020.142578
31844.794922 22027.849609
31888.732422 22035.552734
31932.701172 22043.253906
31976.699219 22050.951172
32020.728516 22058.644531
32064.787109 22066.333984
32108.861328 22074.023438
32152.955078 22081.710938
32197.068359 22089.396484
32241.203125 22097.080078
32285.357422 22104.761719
32329.531250 22112.441406
32373.724609 22120.119141
32417.937500 22127.794922
32462.171875 22135.468750
32506.425781 22143.140625
32550.699219 22150.810547
32594.992188 22158.478516
32639.304688 22166.146484
32683.638672 22173.812500
32727.992188 22181.476562
32772.367188 22189.138672
32816.761719 22196.798828
32861.175781 22204.457031
32905.609375 22212.113281
32950.062500 22219.767578
32994.535156 22227.419922
33039.027344 22235.070312
33083.539062 22242.718750
33128.070312 22250.365234
33172.625000 22258.009766
33217.199219 22265.652344
33261.792969 22273.292969
33306.406250 22280.931641
33351.039062 22288.568359
33395.691406 22296.203125
33440.363281 22303.835938
33485.054688 22311.468750
33529.765625 22319.099609
33574.496094 22326.728516
33619.250000 22334.355469
33664.023438 22341.980469
33708.816406 22349.603516
33753.628906 22357.224609
33798.460938 22364.843750
33843.312500 22372.460938
33888.171875 22380.072266
33933.039062 22387.679688
33977.917969 22395.283203
34022.808594 22402.880859
34067.707031 22410.474609
34112.617188 22418.064453
34157.539062 22425.650391
34202.468750 22433.230469
34247.410156 22440.806641
34292.363281 22448.378906
34337.324219 22455.947266
34382.296875 22463.509766
34427.281250 22471.068359
34472.273438 22478.623047
34517.277344 22486.173828
34562.292969 22493.718750
34607.320312 22501.259766
34652.355469 22508.796875
34697.402344 22516.330078
34742.460938 22523.857422
34787.527344 22531.380859
34832.605469 22538.900391
34877.695312 22546.416016
34922.792969 22553.925781
34967.902344 22561.431641
35013.023438 22568.933594
35058.152344 22576.429688
35103.292969 22583.921875
35148.445312 22591.410156
35193.605469 22598.894531
35238.777344 22606.373047
35283.960938 22613.847656
35329.152344 22621.318359
35374.355469 22628.785156
35419.570312 22636.246094
35464.792969 22643.703125
35510.027344 22651.156250
35555.273438 22658.605469
35600.531250 22666.048828
35645.796875 22673.488281
35691.078125 22680.914062
35736.371094 22688.330078
35781.679688 22695.734375
35827.000000 22703.128906
35872.332031 22710.511719
35917.679688 22717.884766
35963.039062 22725.248047
36008.414062 22732.599609
36053.800781 22739.941406
36099.199219 22747.271484
36144.613281 22754.591797
36190.039062 22761.900391
36235.480469 22769.199219
36280.933594 22776.486328
36326.398438 22783.763672
36371.878906 22791.031250
36417.371094 22798.287109
36462.875000 22805.533203
36508.394531 22812.767578
36553.925781 22819.992188
36599.472656 22827.205078
36645.031250 22834.408203
36690.601562 22841.599609
36736.187500 22848.781250
36781.785156 22855.953125
36827.398438 22863.113281
36873.023438 22870.263672
36918.660156 22877.402344
36964.312500 22884.531250
37009.976562 22891.648438
37055.652344 22898.755859
37101.343750 22905.853516
37147.046875 22912.939453
37192.765625 22920.015625
37238.496094 22927.080078
37284.238281 22934.134766
37329.996094 22941.177734
37375.765625 22948.210938
37421.550781 22955.232422
37467.347656 22962.244141
37513.152344 22969.250000
37558.964844 22976.248047
37604.789062 22983.238281
37650.621094 22990.220703
37696.464844 22997.195312
37742.316406 23004.162109
37788.179688 23011.121094
37834.050781 23018.072266
37879.933594 23025.015625
37925.824219 23031.951172
37971.726562 23038.880859
38017.636719 23045.802734
38063.558594 23052.716797
38109.488281 23059.623047
38155.429688 23066.521484
38201.378906 23073.412109
38247.339844 23080.294922
38293.308594 23087.169922
38339.285156 23094.037109
38385.273438 23100.896484
38431.269531 23107.748047
38477.277344 23114.591797
38523.292969 23121.427734
38569.320312 23128.255859
38615.355469 23135.078125
38661.402344 23141.892578
38707.457031 23148.699219
38753.523438 23155.498047
38799.597656 23162.289062
38845.683594 23169.072266
38891.777344 23175.847656
38937.882812 23182.615234
38983.996094 23189.375000
39030.121094 23196.126953
39076.253906 23202.871094
39122.394531 23209.607422
39168.546875 23216.335938
39214.707031 23223.056641
39260.878906 23229.771484
39307.058594 23236.478516
39353.246094 23243.171875
39399.441406 23249.855469
39445.644531 23256.527344
39491.851562 23263.187500
39538.066406 23269.837891
39584.289062 23276.476562
39630.519531 23283.105469
39676.757812 23289.722656
39723.003906 23296.330078
39769.257812 23302.925781
39815.515625 23309.511719
39861.781250 23316.085938
39908.054688 23322.648438
39954.335938 23329.201172
40000.625000 23335.742188
40046.921875 23342.273438
40093.222656 23348.792969
40139.531250 23355.302734
40185.847656 23361.800781
40232.171875 23368.287109
40278.503906 23374.763672
40324.843750 23381.228516
40371.191406 23387.683594
40417.542969 23394.126953
40463.902344 23400.560547
40510.269531 23406.982422
40556.644531 23413.392578
40603.027344 23419.792969
40649.417969 23426.181641
40695.816406 23432.560547
40742.218750 23438.927734
40788.628906 23445.285156
40835.046875 23451.630859
40881.472656 23457.964844
40927.906250 23464.289062
40974.347656 23470.601562
41020.792969 23476.904297
41067.246094 23483.195312
41113.707031 23489.476562
41160.175781 23495.746094
41206.652344 23502.017578
41253.136719 23508.289062
41299.628906 23514.558594
41346.128906 23520.826172
41392.636719 23527.091797
41439.152344 23533.355469
41485.675781 23539.617188
41532.207031 23545.876953
41578.746094 23552.134766
41625.292969 23558.390625
41671.847656 23564.644531
41718.410156 23570.896484
41764.980469 23577.146484
41811.558594 23583.394531
41858.144531 23589.640625
41904.738281 23595.884766
41951.339844 23602.126953
41997.949219 23608.369141
42044.566406 23614.609375
42091.191406 23620.847656
42137.824219 23627.083984
42184.464844 23633.318359
42231.113281 23639.550781
42277.769531 23645.781250
42324.433594 23652.009766
42371.105469 23658.236328
42417.785156 23664.460938
42464.472656 23670.683594
42511.167969 23676.904297
42557.871094 23683.123047
42604.582031 23689.339844
42651.300781 23695.554688
42698.027344 23701.769531
42744.761719 23707.982422
42791.503906 23714.193359
42838.253906 23720.402344
42885.011719 23726.609375
42931.777344 23732.814453
42978.550781 23739.017578
43025.332031 23745.218750
43072.136719 23751.400391
43118.960938 23757.568359
43165.804688 23763.722656
43212.664062 23769.863281
43259.542969 23775.990234
43306.441406 23782.103516
43353.355469 23788.203125
43400.289062 23794.289062
43447.242188 23800.361328
43494.210938 23806.419922
43541.199219 23812.466797
43588.207031 23818.500000
43635.230469 23824.519531
43682.273438 23830.525391
43729.335938 23836.517578
43776.414062 23842.496094
43823.511719 23848.460938
43870.628906 23854.412109
43917.761719 23860.349609
43964.914062 23866.273438
44012.085938 23872.183594
44059.273438 23878.080078
44106.480469 23883.962891
44153.707031 23889.832031
44200.949219 23895.687500
44248.210938 23901.529297
44295.492188 23907.357422
44342.789062 23913.171875
44390.105469 23918.972656
44437.441406 23924.759766
44484.792969 23930.535156
44532.164062 23936.296875
44579.554688 23942.044922
44626.960938 23947.779297
44674.386719 23953.500000
44721.832031 23959.207031
44769.292969 23964.900391
44816.773438 23970.580078
44864.273438 23976.246094
44911.789062 23981.898438
44959.304688 23987.542969
45006.828125 23993.177734
45054.359375 23998.804688
45101.898438 24004.421875
45149.445312 24010.029297
45196.996094 24015.626953
45244.554688 24021.214844
45292.121094 24026.794922
45339.695312 24032.365234
45387.273438 24037.925781
45434.859375 24043.476562
45482.453125 24049.017578
45530.054688 24054.548828
45577.664062 24060.072266
45625.277344 24065.585938
45672.898438 24071.089844
45720.527344 24076.583984
45768.164062 24082.068359
45815.804688 24087.544922
45863.453125 24093.011719
45911.109375 24098.468750
45958.773438 24103.916016
46006.441406 24109.353516
46054.117188 24114.783203
46101.800781 24120.203125
46149.492188 24125.613281
46197.191406 24131.013672
46244.894531 24136.404297
46292.605469 24141.785156
46340.324219 24147.158203
46388.050781 24152.521484
46435.781250 24157.875000
46483.519531 24163.218750
46531.265625 24168.552734
46579.019531 24173.878906
46626.781250 24179.195312
46674.546875 24184.501953
46722.320312 24189.798828
46770.101562 24195.085938
46817.890625 24200.365234
46865.703125 24205.648438
46913.531250 24210.929688
46961.378906 24216.210938
47009.246094 24221.492188
47057.128906 24226.771484
47105.031250 24232.050781
47152.953125 24237.330078
47200.890625 24242.609375
47248.847656 24247.886719
47296.824219 24253.164062
47344.816406 24258.441406
47392.828125 24263.718750
47440.859375 24268.994141
47488.906250 24274.269531
47536.972656 24279.544922
47585.058594 24284.820312
47633.160156 24290.093750
47681.281250 24295.367188
47729.421875 24300.640625
47777.582031 24305.912109
47825.757812 24311.183594
47873.953125 24316.455078
47922.167969 24321.726562
47970.398438 24326.996094
48018.648438 24332.265625
48066.917969 24337.535156
48115.203125 24342.804688
48163.507812 24348.072266
48211.832031 24353.339844
48260.171875 24358.607422
48308.531250 24363.873047
48356.910156 24369.138672
48405.304688 24374.404297
48453.718750 24379.669922
48502.152344 24384.933594
48550.601562 24390.197266
48599.070312 24395.460938
48647.558594 24400.724609
48696.062500 24405.986328
48744.585938 24411.248047
48793.121094 24416.496094
48841.667969 24421.734375
48890.230469 24426.962891
48938.804688 24432.181641
48987.394531 24437.390625
49035.996094 24442.587891
49084.613281 24447.775391
49133.242188 24452.953125
49181.886719 24458.121094
49230.546875 24463.279297
49279.218750 24468.427734
49327.906250 24473.566406
49376.605469 24478.695312
49425.320312 24483.814453
49474.046875 24488.923828
49522.789062 24494.023438
49571.542969 24499.113281
49620.312500 24504.193359
49669.093750 24509.263672
49717.890625 24514.324219
49766.699219 24519.375000
49815.523438 24524.416016
49864.359375 24529.447266
49913.210938 24534.468750
49962.074219 24539.480469
50010.953125 24544.482422
50059.843750 24549.474609
50108.750000 24554.457031
50157.667969 24559.429688
50206.601562 24564.392578
50255.546875 24569.345703
50304.507812 24574.289062
50353.480469 24579.222656
50402.468750 24584.146484
50451.468750 24589.060547
50500.484375 24593.964844
50549.511719 24598.859375
50598.554688 24603.744141
50647.609375 24608.617188
50696.679688 24613.480469
50745.757812 24618.328125
50794.847656 24623.162109
50843.949219 24627.982422
50893.062500 24632.789062
50942.187500 24637.582031
50991.324219 24642.361328
51040.472656 24647.126953
51089.632812 24651.878906
51138.800781 24656.617188
51187.980469 24661.341797
51237.171875 24666.052734
51286.375000 24670.750000
51335.589844 24675.433594
51384.816406 24680.103516
51434.054688 24684.757812
51483.304688 24689.398438
51532.562500 24694.025391
51581.832031 24698.638672
51631.113281 24703.238281
51680.406250 24707.824219
51729.710938 24712.396484
51779.027344 24716.955078
51828.355469 24721.500000
51877.695312 24726.031250
51927.042969 24730.548828
51976.402344 24735.052734
52025.773438 24739.542969
52075.156250 24744.019531
52124.550781 24748.482422
52173.957031 24752.929688
52223.375000 24757.363281
52272.804688 24761.783203
52322.242188 24766.189453
52371.691406 24770.582031
52421.152344 24774.960938
52470.625000 24779.326172
52520.109375 24783.677734
52569.605469 24788.015625
52619.113281 24792.339844
52668.632812 24796.650391
52718.156250 24800.955078
52767.687500 24805.251953
52817.222656 24809.541016
52866.765625 24813.822266
52916.316406 24818.095703
52965.875000 24822.361328
53015.441406 24826.617188
53065.011719 24830.865234
53114.589844 24835.105469
53164.175781 24839.337891
53213.769531 24843.562500
53263.371094 24847.779297
53312.976562 24851.988281
53362.589844 24856.189453
53412.210938 24860.380859
53461.839844 24864.564453
53511.476562 24868.740234
53561.121094 24872.908203
53610.769531 24877.068359
53660.425781 24881.220703
53710.089844 24885.365234
53759.761719 24889.501953
53809.441406 24893.628906
53859.125000 24897.748047
53908.816406 24901.859375
53958.515625 24905.962891
54008.222656 24910.058594
54057.937500 24914.146484
54107.656250 24918.226562
54157.382812 24922.298828
54207.117188 24926.363281
54256.859375 24930.417969
54306.609375 24934.464844
54356.363281 24938.503906
54406.125000 24942.535156
54455.894531 24946.558594
54505.671875 24950.574219
54555.457031 24954.582031
54605.246094 24958.582031
54655.042969 24962.572266
54704.839844 24966.544922
54754.640625 24970.501953
54804.445312 24974.443359
54854.250000 24978.369141
54904.058594 24982.281250
54953.871094 24986.177734
55003.683594 24990.058594
55053.500000 24993.923828
55103.320312 24997.773438
55153.140625 25001.609375
55202.964844 25005.429688
55252.792969 25009.234375
55302.621094 25013.023438
55352.453125 25016.796875
55402.289062 25020.556641
55452.125000 25024.300781
55501.964844 25028.029297
55551.808594 25031.742188
55601.652344 25035.439453
55651.500000 25039.123047
55701.351562 25042.791016
55751.203125 25046.443359
55801.058594 25050.080078
55850.917969 25053.701172
55900.777344 25057.308594
55950.640625 25060.900391
56000.507812 25064.476562
56050.375000 25068.037109
56100.246094 25071.583984
56150.121094 25075.115234
56199.996094 25078.630859
56249.875000 25082.130859
56299.757812 25085.615234
56349.640625 25089.085938
56399.527344 25092.541016
56449.417969 25095.980469
56499.308594 25099.404297
56549.203125 25102.812500
56599.101562 25106.207031
56649.000000 25109.585938
56698.882812 25112.933594
56748.757812 25116.253906
56798.625000 25119.548828
56848.480469 25122.818359
56898.328125 25126.060547
56948.167969 25129.277344
56998.000000 25132.466797
57047.820312 25135.630859
57097.632812 25138.769531
57147.437500 25141.880859
57197.230469 25144.966797
57247.015625 25148.027344
57296.792969 25151.060547
57346.558594 25154.068359
57396.316406 25157.050781
57446.066406 25160.005859
57495.804688 25162.935547
57545.535156 25165.837891
57595.257812 25168.714844
57644.968750 25171.566406
57694.671875 25174.390625
57744.367188 25177.189453
57794.050781 25179.962891
57843.726562 25182.708984
57893.394531 25185.429688
57943.050781 25188.125000
57992.699219 25190.792969
58042.339844 25193.435547
58091.968750 25196.050781
58141.589844 25198.640625
58191.203125 25201.205078
58240.804688 25203.742188
58290.398438 25206.253906
58339.984375 25208.740234
58389.558594 25211.199219
58439.125000 25213.632812
58488.683594 25216.041016
58538.234375 25218.421875
58587.773438 25220.777344
58637.304688 25223.105469
58686.828125 25225.423828
58736.343750 25227.726562
58785.851562 25230.013672
58835.351562 25232.285156
58884.843750 25234.541016
58934.328125 25236.781250
58983.804688 25239.003906
59033.273438 25241.210938
59082.734375 25243.402344
59132.187500 25245.578125
59181.632812 25247.738281
59231.070312 25249.882812
59280.500000 25252.011719
59329.921875 25254.125000
59379.335938 25256.222656
59428.742188 25258.304688
59478.140625 25260.371094
59527.531250 25262.419922
59576.914062 25264.453125
59626.289062 25266.470703
59675.656250 25268.472656
59725.015625 25270.458984
59774.367188 25272.429688
59823.710938 25274.384766
59873.046875 25276.324219
59922.375000 25278.248047
59971.695312 25280.156250
60021.007812 25282.048828
60070.312500 25283.923828
60119.609375 25285.783203
60168.898438 25287.626953
60218.179688 25289.455078
60267.453125 25291.267578
60316.718750 25293.064453
60365.976562 25294.845703
60415.226562 25296.611328
60464.468750 25298.361328
60513.703125 25300.095703
60562.929688 25301.814453
60612.148438 25303.517578
60661.359375 25305.205078
60710.566406 25306.876953
60759.765625 25308.533203
60808.957031 25310.173828
60858.140625 25311.798828
60907.316406 25313.408203
60956.488281 25315.001953
61005.652344 25316.580078
61054.808594 25318.142578
61103.957031 25319.689453
61153.101562 25321.220703
61202.238281 25322.736328
61251.367188 25324.236328
61300.488281 25325.720703
61349.601562 25327.189453
61398.710938 25328.642578
61447.812500 25330.080078
61496.906250 25331.501953
61545.992188 25332.908203
61595.070312 25334.298828
61644.144531 25335.673828
61693.210938 25337.033203
61742.269531 25338.376953
61791.320312 25339.705078
61840.363281 25341.017578
61889.402344 25342.314453
61938.433594 25343.595703
61987.457031 25344.861328
62036.472656 25346.111328
62085.480469 25347.345703
62134.484375 25348.564453
62183.480469 25349.767578
62232.468750 25350.955078
62281.449219 25352.126953
62330.425781 25353.283203
62379.394531 25354.423828
62428.355469 25355.548828
62477.308594 25356.658203
62526.253906 25357.751953
62575.195312 25358.830078
62624.128906 25359.882812
62673.058594 25360.914062
62721.984375 25361.923828
62770.902344 25362.912109
62819.816406 25363.878906
62868.726562 25364.824219
62917.628906 25365.748047
62966.527344 25366.650391
63015.421875 25367.531250
63064.308594 25368.390625
63113.191406 25369.228516
63162.070312 25370.044922
63210.941406 25370.837891
63259.808594 25371.609375
63308.671875 25372.359375
63357.527344 25373.087891
63406.378906 25373.794922
63455.226562 25374.480469
63504.066406 25375.144531
63552.902344 25375.787109
63601.734375 25376.408203
63650.558594 25377.007812
63699.378906 25377.585938
63748.195312 25378.140625
63797.003906 25378.673828
63845.808594 25379.185547
63894.609375 25379.675781
63943.402344 25380.144531
63992.191406 25380.591797
64040.972656 25381.017578
64089.750000 25381.421875
64138.523438 25381.804688
64187.289062 25382.166016
64236.050781 25382.505859
64284.808594 25382.824219
64333.558594 25383.119141
64382.304688 25383.392578
64431.046875 25383.644531
64479.781250 25383.875000
64528.511719 25384.083984
64577.253906 25384.265625
64626.000000 25384.421875
64674.750000 25384.552734
64723.503906 25384.658203
64772.265625 25384.738281
64821.031250 25384.792969
64869.800781 25384.822266
64918.578125 25384.826172
64967.359375 25384.804688
65016.144531 25384.757812
65064.933594 25384.685547
65113.730469 25384.587891
65162.531250 25384.464844
65211.335938 25384.316406
65260.144531 25384.142578
65308.960938 25383.941406
65357.781250 25383.714844
65406.605469 25383.462891
65455.437500 25383.185547
65504.273438 25382.882812
65553.117188 25382.554688
65601.960938 25382.201172
65650.812500 25381.822266
65699.664062 25381.417969
65748.523438 25380.988281
65797.390625 25380.533203
65846.257812 25380.052734
65895.132812 25379.546875
65944.015625 25379.015625
65992.898438 25378.458984
66041.789062 25377.876953
66090.687500 25377.269531
66139.585938 25376.636719
66188.492188 25375.978516
66237.398438 25375.294922
66286.312500 25374.585938
66335.234375 25373.851562
66384.156250 25373.091797
66433.085938 25372.304688
66482.023438 25371.492188
66530.898438 25370.697266
66579.726562 25369.904297
66628.515625 25369.113281
66677.265625 25368.326172
66725.976562 25367.541016
66774.648438 25366.757812
66823.281250 25365.976562
66871.867188 25365.199219
66920.414062 25364.423828
66968.921875 25363.650391
67017.390625 25362.878906
67065.820312 25362.111328
67114.210938 25361.345703
67162.554688 25360.582031
67210.859375 25359.820312
67259.125000 25359.062500
67307.351562 25358.306641
67355.539062 25357.552734
67403.679688 25356.800781
67451.781250 25356.052734
67499.843750 25355.306641
67547.867188 25354.562500
67595.851562 25353.820312
67643.796875 25353.082031
67691.695312 25352.345703
67739.554688 25351.611328
67787.375000 25350.878906
67835.156250 25350.150391
67882.898438 25349.423828
67930.601562 25348.699219
67978.257812 25347.976562
68025.875000 25347.257812
68073.453125 25346.541016
68120.992188 25345.826172
68168.492188 25345.113281
68215.953125 25344.404297
68263.367188 25343.697266
68310.742188 25342.992188
68358.078125 25342.289062
68405.375000 25341.589844
68452.757812 25340.849609
68500.179688 25340.082031
68547.640625 25339.287109
68595.148438 25338.466797
68642.695312 25337.619141
68690.289062 25336.744141
68737.921875 25335.843750
68785.593750 25334.916016
68833.312500 25333.960938
68881.070312 25332.978516
68928.875000 25331.970703
68976.718750 25330.935547
69024.609375 25329.873047
69072.539062 25328.785156
69120.507812 25327.669922
69168.523438 25326.527344
69216.578125 25325.359375
69264.679688 25324.164062
69312.820312 25322.941406
69361.000000 25321.693359
69409.226562 25320.417969
69457.492188 25319.115234
69505.804688 25317.787109
69554.156250 25316.431641
69602.554688 25315.048828
69650.992188 25313.640625
69699.468750 25312.205078
69747.992188 25310.742188
69796.554688 25309.251953
69845.164062 25307.736328
69893.812500 25306.193359
69942.500000 25304.623047
69991.234375 25303.027344
70040.007812 25301.404297
70088.828125 25299.753906
70137.687500 25298.078125
70186.593750 25296.375000
70235.539062 25294.644531
70284.523438 25292.888672
70333.554688 25291.105469
70382.671875 25289.314453
70431.867188 25287.509766
70481.140625 25285.691406
70530.484375 25283.857422
70579.906250 25282.009766
70629.398438 25280.148438
70678.968750 25278.273438
70728.617188 25276.384766
70778.335938 25274.480469
70828.132812 25272.562500
70878.000000 25270.630859
70927.945312 25268.685547
70977.960938 25266.726562
71028.054688 25264.751953
71078.226562 25262.763672
71128.468750 25260.761719
71178.789062 25258.746094
71229.179688 25256.716797
71279.648438 25254.673828
71330.195312 25252.615234
71380.812500 25250.542969
71431.507812 25248.457031
71482.273438 25246.357422
71533.117188 25244.244141
71584.039062 25242.115234
71635.031250 25239.972656
71686.101562 25237.816406
71737.242188 25235.646484
71788.460938 25233.462891
71839.750000 25231.263672
71891.117188 25229.050781
71942.562500 25226.824219
71994.078125 25224.583984
72045.671875 25222.330078
72097.335938 25220.060547
72149.078125 25217.777344
72200.898438 25215.480469
72252.789062 25213.169922
72304.757812 25210.845703
72356.796875 25208.505859
72408.898438 25206.158203
72461.062500 25203.798828
72513.289062 25201.429688
72565.578125 25199.048828
72617.929688 25196.658203
72670.343750 25194.255859
72722.820312 25191.843750
72775.359375 25189.419922
72827.960938 25186.986328
72880.625000 25184.541016
72933.351562 25182.085938
72986.140625 25179.619141
73038.992188 25177.142578
73091.906250 25174.654297
73144.882812 25172.156250
73197.921875 25169.646484
73251.023438 25167.126953
73304.187500 25164.595703
73357.414062 25162.052734
73410.703125 25159.500000
73464.054688 25156.935547
73517.468750 25154.361328
73570.945312 25151.775391
73624.484375 25149.179688
73678.085938 25146.572266
73731.750000 25143.955078
73785.484375 25141.326172
73839.281250 25138.687500
73893.140625 25136.037109
73947.062500 25133.376953
74001.046875 25130.705078
74055.093750 25128.023438
74109.203125 25125.330078
74163.375000 25122.626953
74217.609375 25119.912109
74271.906250 25117.187500
74326.265625 25114.451172
74380.687500 25111.705078
74435.171875 25108.947266
74489.718750 25106.179688
74544.296875 25103.380859
74598.914062 25100.558594
74653.578125 25097.712891
74708.281250 25094.843750
74763.023438 25091.951172
74817.804688 25089.035156
74872.632812 25086.095703
74927.500000 25083.132812
74982.406250 25080.146484
75037.359375 25077.136719
75092.351562 25074.103516
75147.382812 25071.046875
75202.460938 25067.966797
75257.578125 25064.863281
75312.734375 25061.736328
75367.937500 25058.585938
75423.179688 25055.412109
75478.460938 25052.214844
75533.781250 25048.994141
75589.148438 25045.750000
75644.554688 25042.482422
75700.000000 25039.191406
75755.492188 25035.876953
75811.023438 25032.539062
75866.593750 25029.177734
75922.210938 25025.792969
75977.867188 25022.382812
76033.562500 25018.949219
76089.304688 25015.492188
76145.085938 25012.011719
76200.906250 25008.507812
76256.765625 25004.980469
76312.671875 25001.429688
76368.617188 24997.855469
76424.601562 24994.257812
76480.632812 24990.636719
76536.703125 24986.992188
76592.812500 24983.324219
76648.968750 24979.632812
76705.164062 24975.917969
76761.359375 24972.207031
76817.570312 24968.492188
76873.789062 24964.771484
76930.023438 24961.044922
76986.273438 24957.314453
77042.539062 24953.578125
77098.812500 24949.837891
77155.101562 24946.091797
77211.406250 24942.341797
77267.726562 24938.585938
77324.054688 24934.824219
77380.398438 24931.058594
77436.757812 24927.287109
77493.125000 24923.511719
77549.507812 24919.730469
77605.906250 24915.943359
77662.320312 24912.152344
77718.742188 24908.355469
77775.179688 24904.554688
77831.632812 24900.748047
77888.101562 24896.937500
77944.578125 24893.121094
78001.070312 24889.298828
78057.578125 24885.472656
78114.101562 24881.640625
78170.632812 24877.804688
78227.179688 24873.962891
78283.742188 24870.115234
78340.312500 24866.263672
78396.898438 24862.406250
78453.500000 24858.544922
78510.117188 24854.677734
78566.742188 24850.804688
78623.382812 24846.927734
78680.039062 24843.044922
78736.710938 24839.158203
78793.390625 24835.265625
78850.085938 24831.369141
78906.796875 24827.466797
78963.523438 24823.558594
79020.312500 24819.644531
79077.148438 24815.724609
79134.039062 24811.798828
79190.976562 24807.867188
79247.960938 24803.927734
79304.992188 24799.982422
79362.078125 24796.031250
79419.210938 24792.074219
79476.390625 24788.111328
79533.617188 24784.142578
79590.898438 24780.167969
79648.226562 24776.187500
79705.601562 24772.201172
79763.023438 24768.207031
79820.500000 24764.207031
79878.023438 24760.201172
79935.593750 24756.189453
79993.210938 24752.171875
80050.882812 24748.148438
80108.601562 24744.119141
80166.367188 24740.083984
80224.187500 24736.041016
80282.054688 24731.992188
80339.968750 24727.937500
80397.929688 24723.876953
80455.945312 24719.810547
80514.007812 24715.738281
80572.117188 24711.660156
80630.273438 24707.576172
80688.484375 24703.484375
80746.742188 24699.386719
80805.046875 24695.283203
80863.398438 24691.173828
80921.804688 24687.058594
80980.257812 24682.937500
81038.757812 24678.810547
81097.304688 24674.677734
81155.906250 24670.537109
81214.554688 24666.390625
81273.250000 24662.238281
81331.976562 24658.076172
81390.734375 24653.906250
81449.531250 24649.726562
81508.367188 24645.539062
81567.234375 24641.341797
81626.140625 24637.136719
81685.078125 24632.921875
81744.054688 24628.699219
81803.062500 24624.466797
81862.109375 24620.226562
81921.195312 24615.976562
81980.312500 24611.718750
82039.468750 24607.451172
82098.656250 24603.175781
82157.882812 24598.890625
82217.140625 24594.597656
82276.437500 24590.294922
82335.773438 24585.984375
82395.140625 24581.664062
82454.546875 24577.335938
82513.984375 24572.998047
82573.460938 24568.652344
82632.968750 24564.296875
82692.515625 24559.933594
82752.101562 24555.562500
82811.718750 24551.181641
82871.375000 24546.792969
82931.062500 24542.394531
82990.789062 24537.988281
83050.546875 24533.572266
83110.343750 24529.148438
83170.179688 24524.714844
83230.046875 24520.273438
83289.953125 24515.822266
83349.890625 24511.363281
83409.867188 24506.894531
83469.875000 24502.417969
83529.921875 24497.931641
83590.007812 24493.437500
83650.125000 24488.933594
83710.257812 24484.408203
83770.414062 24479.865234
83830.593750 24475.304688
83890.796875 24470.726562
83951.023438 24466.130859
84011.273438 24461.517578
84071.546875 24456.886719
84131.843750 24452.238281
84192.164062 24447.574219
84252.507812 24442.892578
84312.875000 24438.193359
84373.265625 24433.476562
84433.679688 24428.742188
84494.117188 24423.990234
84554.578125 24419.220703
84615.062500 24414.433594
84675.570312 24409.628906
84736.101562 24404.806641
84796.656250 24399.966797
84857.234375 24395.109375
84917.835938 24390.234375
84978.460938 24385.341797
85039.109375 24380.431641
85099.781250 24375.503906
85160.476562 24370.558594
85221.195312 24365.595703
85281.937500 24360.615234
85342.703125 24355.619141
85403.492188 24350.605469
85464.304688 24345.574219
85525.140625 24340.525391
85586.000000 24335.458984
85646.882812 24330.375000
85707.789062 24325.273438
85768.718750 24320.154297
85829.671875 24315.017578
85890.648438 24309.863281
85951.648438 24304.691406
86012.671875 24299.501953
86073.718750 24294.294922
86134.773438 24289.083984
86195.843750 24283.863281
86256.929688 24278.634766
86318.031250 24273.396484
86379.140625 24268.150391
86440.265625 24262.894531
86501.406250 24257.630859
86562.562500 24252.357422
86623.726562 24247.076172
86684.906250 24241.785156
86746.101562 24236.486328
86807.312500 24231.177734
86868.539062 24225.861328
86929.773438 24220.535156
86991.023438 24215.201172
87052.289062 24209.857422
87113.570312 24204.505859
87174.859375 24199.144531
87236.164062 24193.775391
87297.484375 24188.396484
87358.820312 24183.009766
87420.164062 24177.613281
87481.523438 24172.207031
87542.898438 24166.792969
87604.289062 24161.369141
87665.695312 24155.937500
87727.109375 24150.496094
87788.539062 24145.046875
87849.984375 24139.587891
87911.445312 24134.121094
87972.914062 24128.644531
88034.398438 24123.160156
88095.898438 24117.666016
88157.414062 24112.164062
88218.937500 24106.652344
88280.476562 24101.132812
88342.031250 24095.603516
88403.601562 24090.066406
88465.187500 24084.519531
88526.781250 24078.964844
88588.406250 24073.386719
88650.062500 24067.791016
88711.742188 24062.177734
88773.453125 24056.546875
88835.187500 24050.898438
88896.945312 24045.232422
88958.734375 24039.546875
89020.546875 24033.843750
89082.382812 24028.123047
89144.250000 24022.384766
89206.140625 24016.628906
89268.062500 24010.855469
89330.007812 24005.064453
89391.976562 23999.255859
89453.976562 23993.427734
89516.000000 23987.582031
89578.046875 23981.718750
89640.125000 23975.837891
89702.226562 23969.939453
89764.359375 23964.023438
89826.515625 23958.089844
89888.695312 23952.138672
89950.906250 23946.167969
90013.140625 23940.179688
90075.398438 23934.173828
90137.687500 23928.150391
90200.000000 23922.109375
90262.343750 23916.050781
90324.710938 23909.974609
90387.101562 23903.880859
90449.523438 23897.767578
90511.968750 23891.636719
90574.437500 23885.488281
90636.937500 23879.322266
90699.460938 23873.138672
90762.015625 23866.937500
90824.593750 23860.718750
90887.195312 23854.482422
90949.828125 23848.226562
91012.484375 23841.953125
91075.234375 23835.656250
91138.062500 23829.337891
91200.960938 23822.998047
91263.937500 23816.636719
91326.984375 23810.253906
91390.101562 23803.849609
91453.296875 23797.423828
91516.562500 23790.974609
91579.898438 23784.503906
91643.312500 23778.011719
91706.796875 23771.498047
91770.351562 23764.962891
91833.984375 23758.406250
91897.687500 23751.828125
91961.468750 23745.228516
92025.320312 23738.607422
92089.242188 23731.962891
92153.242188 23725.296875
92217.312500 23718.609375
92281.453125 23711.900391
92345.671875 23705.169922
92409.960938 23698.417969
92474.328125 23691.644531
92538.765625 23684.849609
92603.273438 23678.033203
92667.859375 23671.193359
92732.515625 23664.332031
92797.242188 23657.449219
92862.046875 23650.544922
92926.921875 23643.619141
92991.875000 23636.671875
93056.898438 23629.703125
93121.992188 23622.712891
93187.164062 23615.701172
93252.406250 23608.666016
93317.718750 23601.609375
93383.109375 23594.531250
93448.570312 23587.431641
93514.109375 23580.310547
93579.718750 23573.167969
93645.437500 23566.003906
93711.257812 23558.816406
93777.171875 23551.607422
93843.187500 23544.376953
93909.296875 23537.123047
93975.507812 23529.847656
94041.812500 23522.550781
94108.218750 23515.232422
94174.718750 23507.890625
94241.320312 23500.527344
94308.015625 23493.142578
94374.812500 23485.736328
94441.703125 23478.306641
94508.695312 23470.855469
94575.781250 23463.382812
94642.968750 23455.888672
94710.257812 23448.371094
94777.640625 23440.832031
94845.125000 23433.271484
94912.703125 23425.689453
94980.382812 23418.083984
95048.156250 23410.457031
95116.031250 23402.808594
95184.000000 23395.136719
95252.070312 23387.443359
95320.234375 23379.728516
95388.500000 23371.992188
95456.859375 23364.232422
95525.320312 23356.451172
95593.875000 23348.648438
95662.531250 23340.824219
95731.281250 23332.976562
95800.132812 23325.107422
95869.078125 23317.216797
95938.125000 23309.304688
96007.273438 23301.369141
96076.515625 23293.412109
96145.859375 23285.433594
96215.296875 23277.433594
96284.835938 23269.410156
96354.421875 23261.392578
96424.070312 23253.373047
96493.781250 23245.349609
96563.562500 23237.322266
96633.406250 23229.291016
96703.312500 23221.255859
96773.281250 23213.218750
96843.320312 23205.177734
96913.421875 23197.132812
96983.585938 23189.083984
97053.812500 23181.033203
97124.109375 23172.978516
97194.468750 23164.919922
97264.890625 23156.857422
97335.375000 23148.792969
97405.929688 23140.724609
97476.546875 23132.652344
97547.226562 23124.576172
97617.968750 23116.498047
97688.781250 23108.416016
97759.656250 23100.330078
97830.593750 23092.240234
97901.593750 23084.148438
97972.664062 23076.052734
98043.796875 23067.953125
98114.992188 23059.849609
98186.257812 23051.744141
98257.585938 23043.634766
98328.976562 23035.521484
98400.429688 23027.404297
98471.953125 23019.285156
98543.539062 23011.162109
98615.187500 23003.035156
98686.898438 22994.904297
98758.679688 22986.771484
98830.523438 22978.634766
98902.429688 22970.494141
98974.398438 22962.349609
99046.437500 22954.203125
99118.539062 22946.052734
99190.734375 22937.900391
99263.015625 22929.746094
99335.382812 22921.589844
99407.835938 22913.431641
99480.375000 22905.271484
99553.000000 22897.109375
99625.710938 22888.945312
99698.507812 22880.779297
99771.382812 22872.611328
99844.343750 22864.439453
99917.390625 22856.265625
99990.523438 22848.089844
100063.742188 22839.912109
100137.046875 22831.732422
100210.437500 22823.550781
100283.914062 22815.367188
100357.476562 22807.181641
100431.125000 22798.994141
100504.859375 22790.804688
100578.679688 22782.613281
100652.578125 22774.419922
100726.562500 22766.224609
100800.632812 22758.025391
100874.789062 22749.824219
100949.031250 22741.621094
101023.359375 22733.416016
101097.773438 22725.208984
101172.273438 22717.000000
101246.859375 22708.789062
101321.531250 22700.576172
101396.289062 22692.361328
101471.132812 22684.144531
101546.054688 22675.925781
101621.062500 22667.705078
101696.156250 22659.482422
101771.335938 22651.257812
101846.601562 22643.029297
101921.953125 22634.798828
101997.390625 22626.566406
102072.914062 22618.332031
102148.515625 22610.066406
102224.203125 22601.779297
102299.968750 22593.470703
102375.820312 22585.142578
102451.757812 22576.792969
102527.773438 22568.421875
102603.875000 22560.029297
102680.054688 22551.615234
102756.320312 22543.179688
102832.664062 22534.722656
102909.093750 22526.244141
102985.609375 22517.744141
103062.203125 22509.222656
103138.882812 22500.679688
103215.640625 22492.115234
103292.484375 22483.529297
103369.406250 22474.921875
103446.414062 22466.292969
103523.507812 22457.642578
103600.679688 22448.970703
103677.937500 22440.277344
103755.273438 22431.564453
103832.695312 22422.830078
103910.195312 22414.074219
103987.781250 22405.296875
104065.453125 22396.498047
104143.203125 22387.677734
104221.039062 22378.835938
104298.953125 22369.972656
104376.953125 22361.087891
104455.031250 22352.181641
104533.195312 22343.253906
104611.445312 22334.304688
104689.773438 22325.333984
104768.187500 22316.341797
104846.679688 22307.328125
104925.257812 22298.292969
105003.914062 22289.236328
105082.656250 22280.158203
105161.484375 22271.060547
105240.335938 22261.958984
105319.234375 22252.849609
105398.187500 22243.732422
105477.187500 22234.605469
105556.234375 22225.470703
105635.328125 22216.328125
105714.468750 22207.175781
105793.656250 22198.015625
105872.890625 22188.847656
105952.171875 22179.669922
106031.500000 22170.484375
106110.875000 22161.291016
106190.296875 22152.087891
106269.773438 22142.876953
106349.296875 22133.658203
106428.867188 22124.429688
106508.484375 22115.193359
106588.148438 22105.947266
106667.859375 22096.693359
106747.617188 22087.431641
106827.421875 22078.160156
106907.273438 22068.880859
106987.171875 22059.593750
107067.117188 22050.296875
107147.117188 22040.992188
107227.164062 22031.679688
107307.257812 22022.357422
107387.398438 22013.027344
107467.585938 22003.689453
107547.820312 21994.341797
107628.101562 21984.986328
107708.429688 21975.623047
107788.804688 21966.250000
107869.226562 21956.869141
107949.695312 21947.478516
108030.218750 21938.080078
108110.789062 21928.673828
108191.406250 21919.257812
108272.070312 21909.833984
108352.781250 21900.402344
108433.554688 21890.957031
108514.382812 21881.501953
108595.265625 21872.035156
108676.210938 21862.556641
108757.210938 21853.068359
108838.265625 21843.568359
108919.375000 21834.056641
109000.546875 21824.535156
109081.773438 21815.001953
109163.054688 21805.457031
109244.398438 21795.902344
109325.796875 21786.335938
109407.250000 21776.757812
109488.757812 21767.169922
109570.328125 21757.570312
109651.953125 21747.958984
109733.632812 21738.335938
109815.367188 21728.703125
109897.164062 21719.058594
109979.015625 21709.402344
110060.921875 21699.736328
110142.890625 21690.058594
110224.914062 21680.369141
110306.992188 21670.669922
110389.125000 21660.958984
110471.320312 21651.236328
110553.570312 21641.503906
110635.875000 21631.759766
110718.234375 21622.003906
110800.656250 21612.238281
110883.132812 21602.460938
110965.664062 21592.671875
111048.257812 21582.873047
111130.906250 21573.062500
111213.609375 21563.240234
111296.367188 21553.406250
111379.187500 21543.562500
111462.062500 21533.707031
111544.992188 21523.839844
111627.984375 21513.962891
111711.007812 21504.089844
111794.070312 21494.214844
111877.171875 21484.337891
111960.312500 21474.458984
112043.492188 21464.580078
112126.710938 21454.699219
112209.968750 21444.816406
112293.265625 21434.933594
112376.601562 21425.048828
112459.984375 21415.162109
112543.406250 21405.275391
112626.867188 21395.386719
112710.367188 21385.496094
112793.906250 21375.605469
112877.484375 21365.712891
112961.101562 21355.818359
113044.757812 21345.921875
113128.453125 21336.025391
113212.195312 21326.126953
113295.976562 21316.226562
113379.796875 21306.326172
113463.656250 21296.423828
113547.554688 21286.519531
113631.492188 21276.615234
113715.468750 21266.708984
113799.484375 21256.800781
113883.539062 21246.892578
113967.640625 21236.982422
114051.781250 21227.070312
114135.960938 21217.158203
114220.179688 21207.244141
114304.437500 21197.328125
114388.734375 21187.410156
114473.070312 21177.492188
114557.445312 21167.572266
114641.859375 21157.650391
114726.320312 21147.728516
114810.820312 21137.804688
114895.359375 21127.878906
114979.937500 21117.953125
115064.562500 21108.011719
115149.234375 21098.060547
115233.960938 21088.099609
115318.734375 21078.128906
115403.554688 21068.146484
115488.421875 21058.154297
115573.335938 21048.152344
115658.296875 21038.140625
115743.304688 21028.119141
115828.359375 21018.087891
115913.460938 21008.044922
115998.609375 20997.992188
116083.804688 20987.929688
116169.046875 20977.857422
116254.335938 20967.775391
116339.671875 20957.683594
116425.054688 20947.580078
116510.484375 20937.466797
116595.960938 20927.343750
116681.492188 20917.210938
116767.070312 20907.068359
116852.695312 20896.916016
116938.367188 20886.751953
117024.085938 20876.578125
117109.851562 20866.394531
117195.664062 20856.201172
117281.523438 20845.998047
117367.429688 20835.785156
117453.382812 20825.560547
117539.382812 20815.326172
117625.429688 20805.082031
117711.523438 20794.828125
117797.664062 20784.564453
117883.851562 20774.291016
117970.085938 20764.005859
118056.375000 20753.710938
118142.710938 20743.406250
118229.093750 20733.091797
118315.523438 20722.767578
118402.000000 20712.431641
118488.515625 20702.083984
118575.070312 20691.726562
118661.664062 20681.357422
118748.304688 20670.976562
118834.984375 20660.583984
118921.703125 20650.179688
119008.468750 20639.765625
119095.273438 20629.339844
119182.117188 20618.902344
119269.007812 20608.453125
119355.937500 20597.992188
119442.906250 20587.521484
119529.921875 20577.039062
119616.976562 20566.544922
119704.070312 20556.039062
119791.210938 20545.521484
119878.390625 20534.994141
119965.609375 20524.455078
120052.875000 20513.904297
120140.179688 20503.341797
120227.523438 20492.767578
120314.914062 20482.183594
120402.343750 20471.587891
120489.812500 20460.980469
120577.328125 20450.361328
120664.882812 20439.730469
120752.476562 20429.089844
120840.109375 20418.437500
120927.789062 20407.773438
121015.507812 20397.097656
121103.265625 20386.410156
121191.070312 20375.712891
121278.914062 20365.003906
121366.796875 20354.283203
121454.726562 20343.550781
121542.695312 20332.806641
121630.703125 20322.052734
121718.757812 20311.287109
121806.851562 20300.509766
121894.984375 20289.720703
121983.164062 20278.917969
122071.390625 20268.101562
122159.664062 20257.271484
122247.976562 20246.427734
122336.335938 20235.570312
122424.742188 20224.701172
122513.187500 20213.818359
122601.679688 20202.921875
122690.218750 20192.011719
122778.796875 20181.087891
122867.421875 20170.150391
122956.093750 20159.201172
123044.804688 20148.238281
123133.562500 20137.261719
123222.367188 20126.271484
123311.210938 20115.267578
123400.101562 20104.250000
123489.039062 20093.218750
123578.015625 20082.175781
123667.039062 20071.119141
123756.109375 20060.048828
123845.218750 20048.964844
123934.375000 20037.867188
124023.578125 20026.755859
124112.820312 20015.632812
124202.109375 20004.496094
124291.445312 19993.345703
124380.820312 19982.181641
124470.242188 19971.003906
124559.710938 19959.812500
124649.218750 19948.607422
124738.773438 19937.390625
124828.375000 19926.160156
124918.015625 19914.916016
125007.703125 19903.658203
125097.437500 19892.386719
125187.210938 19881.101562
125277.031250 19869.802734
125366.898438 19858.492188
125456.804688 19847.167969
125546.757812 19835.830078
125636.750000 19824.480469
125726.789062 19813.117188
125816.867188 19801.740234
125906.984375 19790.351562
125997.148438 19778.949219
126087.351562 19767.533203
126177.601562 19756.105469
126267.890625 19744.664062
126358.226562 19733.208984
126448.601562 19721.742188
126539.015625 19710.261719
126629.476562 19698.767578
126719.976562 19687.261719
126810.523438 19675.742188
126901.109375 19664.208984
126991.742188 19652.664062
127082.414062 19641.105469
127173.125000 19629.533203
127263.882812 19617.949219
127354.679688 19606.351562
127445.523438 19594.740234
127536.406250 19583.115234
127627.335938 19571.478516
127718.304688 19559.828125
127809.312500 19548.164062
127900.367188 19536.488281
127991.460938 19524.798828
128082.601562 19513.095703
128173.781250 19501.380859
128265.007812 19489.652344
128356.273438 19477.910156
128447.578125 19466.156250
128538.929688 19454.388672
128630.320312 19442.607422
128721.757812 19430.814453
128813.234375 19419.007812
128904.757812 19407.187500
128996.320312 19395.355469
129087.921875 19383.509766
129179.562500 19371.650391
129271.242188 19359.779297
129362.960938 19347.894531
129454.718750 19335.998047
129546.515625 19324.087891
129638.351562 19312.164062
129730.226562 19300.228516
129822.140625 19288.279297
129914.093750 19276.316406
130006.085938 19264.341797
130098.117188 19252.353516
130190.187500 19240.351562
130282.289062 19228.337891
130374.429688 19216.310547
130466.609375 19204.269531
130558.828125 19192.216797
130651.085938 19180.150391
130743.382812 19168.070312
130835.718750 19155.978516
130928.093750 19143.873047
131020.507812 19131.753906
131112.953125 19119.623047
131205.437500 19107.478516
131297.968750 19095.320312
131390.531250 19083.150391
131483.140625 19070.966797
131575.781250 19058.769531
131668.468750 19046.560547
131761.187500 19034.337891
131853.953125 19022.101562
131946.750000 19009.853516
132039.593750 18997.591797
132132.468750 18985.316406
132225.390625 18973.029297
132318.343750 18960.728516
132411.343750 18948.416016
132504.375000 18936.089844
132597.453125 18923.750000
132690.562500 18911.398438
132783.703125 18899.033203
132876.890625 18886.652344
132970.109375 18874.257812
133063.359375 18861.849609
133156.656250 18849.427734
133249.984375 18836.992188
133343.343750 18824.542969
133436.734375 18812.080078
133530.171875 18799.601562
133623.640625 18787.109375
133717.140625 18774.603516
133810.671875 18762.083984
133904.250000 18749.550781
133997.859375 18737.003906
134091.500000 18724.441406
134185.187500 18711.865234
134278.906250 18699.275391
134372.656250 18686.671875
134466.437500 18674.054688
134560.265625 18661.423828
134654.125000 18648.779297
134748.015625 18636.119141
134841.953125 18623.445312
134935.921875 18610.757812
135029.921875 18598.056641
135123.953125 18585.341797
135218.031250 18572.613281
135312.140625 18559.869141
135406.281250 18547.111328
135500.468750 18534.339844
135594.687500 18521.554688
135688.937500 18508.755859
135783.218750 18495.943359
135877.546875 18483.117188
135971.906250 18470.275391
136066.296875 18457.419922
136160.718750 18444.550781
136255.187500 18431.667969
136349.687500 18418.771484
136444.218750 18405.861328
136538.796875 18392.935547
136633.406250 18379.994141
136728.046875 18367.037109
136822.734375 18354.064453
136917.453125 18341.076172
137012.218750 18328.072266
137107.015625 18315.052734
137201.843750 18302.017578
137296.718750 18288.964844
137391.625000 18275.896484
137486.578125 18262.812500
137581.562500 18249.712891
137676.578125 18236.597656
137771.640625 18223.466797
137866.734375 18210.320312
137961.875000 18197.158203
138057.046875 18183.980469
138152.265625 18170.787109
138247.515625 18157.578125
138342.796875 18144.353516
138438.125000 18131.113281
138533.484375 18117.857422
138628.890625 18104.585938
138724.328125 18091.296875
138819.796875 18077.992188
138915.312500 18064.671875
139010.859375 18051.335938
139106.453125 18037.984375
139202.078125 18024.617188
139297.734375 18011.234375
139393.437500 17997.835938
139489.171875 17984.421875
139584.953125 17970.992188
139680.765625 17957.546875
139776.609375 17944.085938
139872.500000 17930.609375
139968.421875 17917.117188
140064.390625 17903.609375
140160.390625 17890.085938
140256.421875 17876.544922
140352.500000 17862.988281
140448.625000 17849.410156
140544.781250 17835.812500
140640.984375 17822.193359
140737.234375 17808.554688
140833.531250 17794.894531
140929.875000 17781.214844
141026.250000 17767.515625
141122.671875 17753.794922
141219.140625 17740.054688
141315.656250 17726.294922
141412.203125 17712.513672
141508.796875 17698.712891
141605.437500 17684.892578
141702.125000 17671.050781
141798.843750 17657.189453
141895.609375 17643.308594
141992.421875 17629.406250
142089.281250 17615.484375
142186.171875 17601.542969
142283.109375 17587.580078
142380.093750 17573.597656
142477.125000 17559.593750
142574.203125 17545.570312
142671.312500 17531.527344
142768.468750 17517.462891
142865.671875 17503.378906
142962.921875 17489.275391
143060.203125 17475.150391
143157.531250 17461.005859
143254.906250 17446.841797
143352.328125 17432.656250
143449.781250 17418.451172
143547.281250 17404.226562
143644.828125 17389.980469
143742.421875 17375.714844
143840.046875 17361.427734
143937.718750 17347.121094
144035.437500 17332.794922
144133.203125 17318.447266
144231.000000 17304.080078
144328.843750 17289.693359
144426.734375 17275.287109
144524.656250 17260.861328
144622.625000 17246.417969
144720.625000 17231.955078
144818.671875 17217.472656
144916.765625 17202.970703
145014.890625 17188.449219
145113.062500 17173.908203
145211.265625 17159.347656
145309.515625 17144.767578
145407.812500 17130.167969
145506.140625 17115.548828
145604.515625 17100.910156
145702.921875 17086.251953
145801.375000 17071.574219
145899.875000 17056.876953
145998.406250 17042.160156
146096.984375 17027.425781
146195.593750 17012.671875
146294.250000 16997.898438
146392.937500 16983.105469
146491.671875 16968.292969
146590.453125 16953.460938
146689.265625 16938.609375
146788.125000 16923.738281
146887.015625 16908.847656
146985.953125 16893.937500
147084.937500 16879.007812
147183.953125 16864.058594
147283.015625 16849.089844
147382.109375 16834.101562
147481.250000 16819.093750
147580.437500 16804.068359
147679.656250 16789.023438
147778.921875 16773.958984
147878.218750 16758.875000
147977.562500 16743.771484
148076.953125 16728.648438
148176.375000 16713.505859
