-0.050637 0.032675
-0.134700 0.086800
-0.252187 0.162375
-0.403100 0.259400
-0.587437 0.377875
-0.805200 0.517800
-1.056387 0.679175
-1.341000 0.862000
-1.659037 1.066275
-2.010499 1.292000
-2.395387 1.539175
-2.813699 1.807800
-3.265437 2.097875
-3.750599 2.409400
-4.269186 2.742374
-4.821199 3.096799
-5.406636 3.472674
-6.025498 3.869999
-6.677786 4.288774
-7.363498 4.728998
-8.082636 5.190673
-8.835198 5.673798
-9.621185 6.178372
-10.440598 6.704397
-11.293435 7.251872
-12.179697 7.820797
-13.099384 8.411172
-14.052496 9.022997
-15.039033 9.656272
-16.058994 10.310997
-17.112381 10.987171
-18.199192 11.684795
-19.319429 12.403870
-20.473091 13.144394
-21.660177 13.906368
-22.880690 14.689793
-24.134626 15.494667
-25.421988 16.320992
-26.742775 17.168766
-28.096987 18.037991
-29.483648 18.929714
-30.903086 19.843588
-32.355297 20.779612
-33.840282 21.737785
-35.358044 22.718109
-36.908581 23.720583
-38.491894 24.745207
-40.107983 25.791981
-41.756844 26.860905
-43.438480 27.951979
-45.152893 29.065203
-46.900082 30.200577
-48.680042 31.358101
-50.492779 32.537777
-52.338291 33.739601
-54.216579 34.963577
-56.127644 36.209702
-58.071480 37.477978
-60.048092 38.768402
-62.057480 40.080978
-64.099640 41.415703
-66.174576 42.772579
-68.282288 44.151604
-70.422775 45.552780
-72.596039 46.976105
-74.802078 48.421581
-77.040894 49.889206
-79.312477 51.378983
-81.616837 52.890907
-83.953972 54.424984
-86.323883 55.981209
-88.726570 57.559586
-91.162033 59.160110
-93.630272 60.782787
-96.131287 62.427612
-98.665070 64.094589
-101.231628 65.783714
-103.830963 67.494987
-106.463074 69.228416
-109.127960 70.983994
-111.821945 72.765282
-114.546257 74.571098
-117.300896 76.401436
-120.085854 78.256302
-122.901138 80.135689
-125.746750 82.039604
-128.622681 83.968040
-131.528946 85.921005
-134.465530 87.898491
-137.432434 89.900505
-140.429672 91.927040
-143.457230 93.978104
-146.515121 96.053688
-149.603333 98.153801
-152.721863 100.278435
-155.870728 102.427597
-159.049911 104.601288
-162.259415 106.799500
-165.499252 109.022240
-168.769409 111.269501
-172.069901 113.541290
-175.400711 115.837601
-178.761841 118.158440
-182.153305 120.503799
-185.575089 122.873688
-189.027191 125.268097
-192.509628 127.687035
-196.022385 130.130493
-199.565475 132.598480
-203.138885 135.090988
-206.742615 137.608017
-210.376678 140.149582
-214.041061 142.715668
-217.735764 145.306274
-221.460800 147.921417
-225.216156 150.561081
-229.001846 153.225266
-232.817856 155.913971
-236.664185 158.627213
-240.540848 161.364975
-244.435196 164.091370
-248.351440 166.818375
-252.289581 169.545975
-256.249634 172.274170
-260.231567 175.002975
-264.235413 177.732376
-268.261169 180.462372
-272.308807 183.192963
-276.378357 185.924164
-280.469818 188.655960
-284.583160 191.388351
-288.718414 194.121353
-292.875549 196.854950
-297.054596 199.589142
-301.255554 202.323944
-305.478394 205.059341
-309.723145 207.795334
-313.989807 210.531937
-318.278351 213.269135
-322.588806 216.006927
-326.921143 218.745331
-331.275391 221.484329
-335.651550 224.223923
-340.049591 226.964127
-344.469543 229.704926
-348.911407 232.446320
-353.375153 235.188324
-357.860809 237.930923
-362.368347 240.674118
-366.897797 243.417923
-371.449158 246.162323
-376.022400 248.907318
-380.617554 251.652924
-385.234619 254.399124
-389.873566 257.145935
-394.534424 259.893341
-399.217163 262.641357
-403.921814 265.389954
-408.648376 268.139160
-413.396820 270.888977
-418.151672 273.625854
-422.918121 276.354309
-427.696136 279.074310
-432.485718 281.785889
-437.286896 284.489044
-442.099640 287.183777
-446.923950 289.870087
-451.759827 292.547974
-456.607300 295.217438
-461.466339 297.878479
-466.336945 300.531097
-471.219147 303.175293
-476.112915 305.811066
-481.018250 308.438416
-485.935181 311.057343
-490.863678 313.667847
-495.803741 316.269897
-500.755371 318.863525
-505.718597 321.448730
-510.693390 324.025513
-515.679749 326.593872
-520.677673 329.153809
-525.687195 331.705322
-530.708313 334.248413
-535.740967 336.783081
-540.785217 339.309326
-545.841064 341.827148
-550.908447 344.336548
-555.987427 346.837524
-561.078003 349.330078
-566.180115 351.814178
-571.293823 354.289856
-576.419067 356.757111
-581.555908 359.215942
-586.704346 361.666351
-591.864319 364.108337
-597.035889 366.541901
-602.219055 368.967041
-607.413757 371.383759
-612.620056 373.792053
-617.827698 376.240265
-623.040100 378.712280
-628.257263 381.208069
-633.479126 383.727661
-638.705750 386.271057
-643.937134 388.838257
-649.173279 391.429260
-654.414185 394.044067
-659.659851 396.682678
-664.910217 399.345093
-670.165344 402.031281
-675.425232 404.741272
-680.689880 407.475067
-685.959290 410.232666
-691.233398 413.014069
-696.512268 415.819275
-701.795898 418.648285
-707.084290 421.501099
-712.377441 424.377686
-717.675354 427.278076
-722.977966 430.202271
-728.285339 433.150269
-733.597473 436.122070
-738.914368 439.117676
-744.236023 442.137085
-749.562439 445.180298
-754.893555 448.247284
-760.229431 451.338074
-765.570068 454.452667
-770.915466 457.591064
-776.265625 460.753265
-781.620544 463.939270
-786.980164 467.149078
-792.344543 470.382690
-797.713684 473.640076
-803.087585 476.921265
-808.466248 480.226257
-813.849670 483.555054
-819.237793 486.907654
-824.630676 490.284058
-830.006836 493.684814
-835.373413 497.109741
-840.730408 500.558838
-846.077820 504.032135
-851.415649 507.529602
-856.743958 511.051239
-862.062683 514.597046
-867.371826 518.167053
-872.671387 521.761230
-877.961365 525.379578
-883.241760 529.022095
-888.512573 532.688782
-893.773804 536.379639
-899.025513 540.094666
-904.267639 543.833862
-909.500183 547.597229
-914.723145 551.384766
-919.936523 555.196472
-925.140320 559.032410
-930.334534 562.892517
-935.519165 566.776794
-940.694275 570.685242
-945.859802 574.617859
-951.015747 578.574646
-956.162109 582.555603
-961.298889 586.560730
-966.426086 590.590027
-971.543701 594.643494
-976.651733 598.721130
-981.750244 602.822937
-986.839172 606.948975
-991.918518 611.099182
-996.988281 615.273560
-1002.048462 619.472107
-1007.099060 623.694824
-1012.140076 627.941711
-1017.171509 632.212769
-1022.193420 636.507996
-1027.205688 640.827393
-1032.208374 645.170959
-1037.216675 649.559753
-1042.225464 653.986755
-1047.234741 658.451965
-1052.244507 662.955383
-1057.254761 667.497009
-1062.265503 672.076782
-1067.276733 676.694763
-1072.288452 681.350952
-1077.300781 686.045349
-1082.313599 690.777954
-1087.326904 695.548767
-1092.340698 700.357788
-1097.354980 705.204956
-1102.369751 710.090332
-1107.385010 715.013916
-1112.400757 719.975708
-1117.416992 724.975708
-1122.433716 730.013916
-1127.451050 735.090332
-1132.468872 740.204956
-1137.487183 745.357727
-1142.505981 750.548706
-1147.525269 755.777893
-1152.545044 761.045288
-1157.565308 766.350891
-1162.586060 771.694702
-1167.607300 777.076721
-1172.629028 782.496887
-1177.651367 787.955261
-1182.674194 793.451843
-1187.697510 798.986633
-1192.721313 804.559631
-1197.745605 810.170837
-1202.770386 815.820251
-1207.795654 821.507874
-1212.821411 827.233643
-1217.847656 832.997620
-1222.874390 838.799805
-1227.901733 844.640198
-1232.929565 850.518799
-1237.950317 856.448303
-1242.966553 862.424500
-1247.978271 868.447327
-1252.985474 874.516846
-1257.988159 880.633057
-1262.986328 886.795959
-1267.979980 893.005493
-1272.968994 899.261719
-1277.953491 905.564636
-1282.933472 911.914246
-1287.908936 918.310486
-1292.879883 924.753418
-1297.846313 931.243042
-1302.808228 937.779297
-1307.765625 944.362244
-1312.718506 950.991882
-1317.666870 957.668213
-1322.610718 964.391174
-1327.550049 971.160828
-1332.484863 977.977173
-1337.415161 984.840210
-1342.340820 991.749878
-1347.261963 998.706238
-1352.178589 1005.709290
-1357.090698 1012.758972
-1361.998291 1019.855347
-1366.901367 1026.998413
-1371.799927 1034.188110
-1376.693970 1041.424561
-1381.583496 1048.707642
-1386.468506 1056.037354
-1391.348999 1063.413818
-1396.224976 1070.836914
-1401.096436 1078.306763
-1405.963379 1085.823242
-1410.825684 1093.386353
-1415.683472 1100.996216
-1420.536743 1108.652710
-1425.385498 1116.355835
-1430.229736 1124.105713
-1435.059448 1131.857300
-1439.877930 1139.625610
-1444.685181 1147.410645
-1449.481201 1155.212402
-1454.265991 1163.030884
-1459.039551 1170.866089
-1463.801880 1178.718018
-1468.552979 1186.586670
-1473.292847 1194.472046
-1478.021484 1202.374146
-1482.738892 1210.292969
-1487.445068 1218.228516
-1492.140015 1226.180786
-1496.823730 1234.149780
-1501.496216 1242.135498
-1506.157471 1250.137939
-1510.807495 1258.157104
-1515.446411 1266.192993
-1520.074097 1274.245605
-1524.690552 1282.314941
-1529.295776 1290.401001
-1533.889771 1298.503784
-1538.472534 1306.623291
-1543.044067 1314.759521
-1547.604370 1322.912476
-1552.153442 1331.082153
-1556.691284 1339.268555
-1561.217896 1347.471680
-1565.733276 1355.691528
-1570.237427 1363.928101
-1574.730347 1372.181396
-1579.212036 1380.451416
-1583.682495 1388.738159
-1588.141724 1397.041626
-1592.589722 1405.361816
-1597.026489 1413.698730
-1601.452026 1422.052368
-1605.866333 1430.422729
-1610.269409 1438.809814
-1614.661255 1447.213623
-1619.072144 1455.624146
-1623.491943 1464.044678
-1627.920654 1472.475220
-1632.358276 1480.915771
-1636.804932 1489.366211
-1641.260498 1497.826660
-1645.724976 1506.297119
-1650.198364 1514.777588
-1654.680664 1523.268066
-1659.171875 1531.768555
-1663.671997 1540.279053
-1668.181030 1548.799561
-1672.698975 1557.330078
-1677.225952 1565.870605
-1681.761841 1574.421143
-1686.306641 1582.981689
-1690.860352 1591.552246
-1695.422974 1600.132690
-1699.994507 1608.723145
-1704.574951 1617.323608
-1709.164307 1625.934082
-1713.762695 1634.554565
-1718.369995 1643.185059
-1722.986206 1651.825562
-1727.611328 1660.476074
-1732.245361 1669.136597
-1736.888306 1677.807129
-1741.540161 1686.487671
-1746.200928 1695.178223
-1750.870605 1703.878662
-1755.549316 1712.589111
-1760.236938 1721.309570
-1764.933472 1730.040039
-1769.638916 1738.780518
-1774.353271 1747.531006
-1779.076538 1756.291504
-1783.808716 1765.062012
-1788.549805 1773.842529
-1793.299805 1782.633057
-1798.058838 1791.433594
-1802.831543 1800.270142
-1807.616333 1809.134033
-1812.413330 1818.025269
-1817.222412 1826.943848
-1822.043579 1835.889771
-1826.876953 1844.863037
-1831.722412 1853.863647
-1836.579956 1862.891602
-1841.449707 1871.946899
-1846.331543 1881.029541
-1851.225464 1890.139526
-1856.131592 1899.276855
-1861.049805 1908.441650
-1865.980103 1917.633789
-1870.922607 1926.853271
-1875.877197 1936.100098
-1880.843872 1945.374268
-1885.822754 1954.675781
-1890.813721 1964.004639
-1895.816772 1973.360840
-1900.832031 1982.744385
-1905.859375 1992.155273
-1910.898804 2001.593506
-1915.950439 2011.059082
-1921.014160 2020.552002
-1926.089966 2030.072266
-1931.177979 2039.619873
-1936.278076 2049.194824
-1941.390259 2058.797119
-1946.514648 2068.426758
-1951.651123 2078.083740
-1956.799683 2087.768066
-1961.960327 2097.479736
-1967.133179 2107.218750
-1972.318115 2116.985107
-1977.515137 2126.778809
-1982.724365 2136.599854
-1987.945679 2146.448242
-1993.179077 2156.323975
-1998.424683 2166.227051
-2003.651001 2176.142822
-2008.868530 2186.075928
-2014.077271 2196.026611
-2019.277222 2205.994629
-2024.468384 2215.980225
-2029.650757 2225.983154
-2034.824219 2236.003662
-2039.988892 2246.041504
-2045.144775 2256.096680
-2050.291992 2266.169434
-2055.430420 2276.259521
-2060.559814 2286.367188
-2065.680420 2296.492188
-2070.792236 2306.634766
-2075.895264 2316.794678
-2080.989502 2326.972168
-2086.074951 2337.166992
-2091.151611 2347.379395
-2096.219482 2357.609131
-2101.278564 2367.856445
-2106.328857 2378.121094
-2111.370361 2388.403320
-2116.403076 2398.702881
-2121.427002 2409.020020
-2126.442139 2419.354492
-2131.448486 2429.706543
-2136.446045 2440.075928
-2141.434814 2450.462891
-2146.414795 2460.867188
-2151.385986 2471.289062
-2156.348389 2481.728271
-2161.302002 2492.184814
-2166.246826 2502.658936
-2171.182861 2513.150391
-2176.109863 2523.659424
-2181.028076 2534.185791
-2185.937500 2544.729736
-2190.838135 2555.291016
-2195.729980 2565.869873
-2200.613037 2576.466064
-2205.496094 2587.059570
-2210.376221 2597.656982
-2215.253418 2608.258545
-2220.127686 2618.864014
-2224.999023 2629.473633
-2229.867432 2640.087158
-2234.732910 2650.704590
-2239.595459 2661.326172
-2244.454834 2671.951660
-2249.311279 2682.581299
-2254.164795 2693.214844
-2259.015381 2703.852295
-2263.863037 2714.493896
-2268.707764 2725.139404
-2273.549561 2735.788818
-2278.388428 2746.442383
-2283.224365 2757.099854
-2288.057373 2767.761475
-2292.887451 2778.427002
-2297.714600 2789.096436
-2302.538574 2799.770020
-2307.359619 2810.447510
-2312.177734 2821.129150
-2316.992920 2831.814697
-2321.805176 2842.504150
-2326.614502 2853.197754
-2331.420898 2863.895264
-2336.224365 2874.596680
-2341.024902 2885.302246
-2345.822510 2896.011719
-2350.617188 2906.725342
-2355.408936 2917.442871
-2360.197510 2928.164307
-2364.983154 2938.889893
-2369.765869 2949.619385
-2374.545654 2960.353027
-2379.322510 2971.090576
-2384.096436 2981.832031
-2388.867432 2992.577637
-2393.635498 3003.327148
-2398.415039 3014.095947
-2403.201172 3024.878906
-2407.993896 3035.676025
-2412.793213 3046.487305
-2417.599365 3057.312744
-2422.412109 3068.152344
-2427.231445 3079.006104
-2432.057373 3089.873779
-2436.890137 3100.755615
-2441.729492 3111.651611
-2446.575439 3122.561768
-2451.427979 3133.486084
-2456.287354 3144.424561
-2461.153320 3155.377197
-2466.025879 3166.343994
-2470.905029 3177.324951
-2475.791016 3188.320068
-2480.683594 3199.329346
-2485.582764 3210.352783
-2490.488525 3221.390381
-2495.401123 3232.442139
-2500.320312 3243.508057
-2505.246094 3254.588135
-2510.178467 3265.682373
-2515.117432 3276.790771
-2520.063232 3287.913330
-2525.015625 3299.050049
-2529.974609 3310.200928
-2534.940186 3321.365967
-2539.912598 3332.545166
-2544.891602 3343.738281
-2549.877197 3354.945557
-2554.869385 3366.166992
-2559.868408 3377.402588
-2564.874023 3388.652344
-2569.886230 3399.916260
-2574.905029 3411.194336
-2579.930664 3422.486572
-2584.962891 3433.792969
-2590.001709 3445.113525
-2595.027100 3456.426270
-2600.045654 3467.738770
-2605.057373 3479.050781
-2610.062500 3490.362305
-2615.060791 3501.673340
-2620.052246 3512.983887
-2625.036865 3524.293945
-2630.014893 3535.603516
-2634.986084 3546.912842
-2639.950439 3558.221680
-2644.907959 3569.530029
-2649.858887 3580.837891
-2654.802979 3592.145264
-2659.740234 3603.452148
-2664.670654 3614.758789
-2669.594482 3626.064941
-2674.511475 3637.370605
-2679.421631 3648.675781
-2684.324951 3659.980469
-2689.221680 3671.284668
-2694.111572 3682.588379
-2698.994629 3693.891846
-2703.870850 3705.194824
-2708.740479 3716.497314
-2713.603271 3727.799316
-2718.459229 3739.100830
-2723.308350 3750.401855
-2728.150879 3761.702637
-2732.986572 3773.002930
-2737.815430 3784.302734
-2742.637451 3795.602051
-2747.452881 3806.900879
-2752.261475 3818.199219
-2757.063232 3829.497314
-2761.858154 3840.794922
-2766.646484 3852.092041
-2771.427979 3863.388672
-2776.202637 3874.684814
-2780.970459 3885.980469
-2785.731689 3897.275635
-2790.492676 3908.535156
-2795.251221 3919.770752
-2800.007568 3930.982422
-2804.761475 3942.169922
-2809.512939 3953.333496
-2814.262207 3964.473145
-2819.009033 3975.588867
-2823.753662 3986.680664
-2828.495850 3997.748291
-2833.235596 4008.791992
-2837.973145 4019.811768
-2842.708252 4030.807617
-2847.440918 4041.779541
-2852.171387 4052.727295
-2856.899414 4063.651123
-2861.625244 4074.551025
-2866.348633 4085.427002
-2871.069580 4096.278809
-2875.788330 4107.106934
-2880.504639 4117.911133
-2885.218506 4128.691406
-2889.930176 4139.447266
-2894.639404 4150.179199
-2899.346436 4160.887207
-2904.051025 4171.571289
-2908.753174 4182.231445
-2913.453125 4192.867676
-2918.150635 4203.479980
-2922.845703 4214.068359
-2927.538574 4224.632812
-2932.229004 4235.172852
-2936.917236 4245.688965
-2941.603027 4256.181152
-2946.286377 4266.649414
-2950.967529 4277.093750
-2955.646240 4287.514160
-2960.322510 4297.910645
-2964.996582 4308.283203
-2969.668213 4318.631836
-2974.337646 4328.956543
-2979.018066 4339.305176
-2983.705322 4349.661621
-2988.399170 4360.026367
-2993.099609 4370.399414
-2997.806641 4380.780273
-3002.520264 4391.169434
-3007.240723 4401.566406
-3011.967773 4411.971680
-3016.701416 4422.384766
-3021.441650 4432.806152
-3026.188721 4443.235352
-3030.942383 4453.672852
-3035.702637 4464.118164
-3040.469482 4474.571777
-3045.243164 4485.033203
-3050.023438 4495.502930
-3054.810303 4505.980957
-3059.603760 4516.466797
-3064.404053 4526.960938
-3069.210938 4537.462891
-3074.024414 4547.973145
-3078.844482 4558.491211
-3083.671387 4569.017578
-3088.504883 4579.551758
-3093.344971 4590.094238
-3098.191650 4600.644531
-3103.044922 4611.203125
-3107.905029 4621.769531
-3112.771729 4632.344238
-3117.645020 4642.927246
-3122.524902 4653.518066
-3127.411621 4664.117188
-3132.304932 4674.724121
-3137.204834 4685.339355
-3142.111328 4695.962402
-3147.024658 4706.593750
-3151.944580 4717.232910
-3156.871094 4727.880371
-3161.804199 4738.535645
-3166.744141 4749.199219
-3171.666016 4759.864746
-3176.578125 4770.534668
-3181.480469 4781.208984
-3186.373047 4791.887207
-3191.255859 4802.569824
-3196.128906 4813.256348
-3200.992188 4823.947266
-3205.845703 4834.642090
-3210.689453 4845.341309
-3215.523438 4856.044434
-3220.347656 4866.751953
-3225.161865 4877.463379
-3229.966309 4888.179199
-3234.760986 4898.899414
-3239.545898 4909.623535
-3244.321045 4920.352051
-3249.086426 4931.084473
-3253.842041 4941.821289
-3258.587891 4952.562012
-3263.323975 4963.307129
-3268.050293 4974.056152
-3272.766846 4984.809570
-3277.473633 4995.567383
-3282.170654 5006.329102
-3286.857910 5017.095215
-3291.535400 5027.865234
-3296.203125 5038.639648
-3300.861084 5049.417969
-3305.509277 5060.200684
-3310.147705 5070.987305
-3314.776367 5081.778320
-3319.395264 5092.573730
-3324.004395 5103.373047
-3328.603760 5114.176758
-3333.193359 5124.984375
-3337.773193 5135.796387
-3342.343262 5146.612305
-3346.903320 5157.432617
-3351.453613 5168.256836
-3355.994141 5179.085449
-3360.541260 5189.921387
-3365.089600 5200.763672
-3369.639160 5211.611816
-3374.189941 5222.466309
-3378.741699 5233.327148
-3383.294678 5244.194336
-3387.848877 5255.067871
-3392.404053 5265.947266
-3396.960449 5276.833008
-3401.518066 5287.725098
-3406.076904 5298.623535
-3410.636719 5309.528320
-3415.197754 5320.438965
-3419.760010 5331.355957
-3424.323242 5342.279297
-3428.887695 5353.208984
-3433.453369 5364.145020
-3438.020264 5375.086914
-3442.588135 5386.035156
-3447.157227 5396.989746
-3451.727539 5407.950684
-3456.298828 5418.917969
-3460.871338 5429.891113
-3465.445068 5440.870605
-3470.020020 5451.856445
-3474.595947 5462.848633
-3479.173096 5473.847168
-3483.751465 5484.851562
-3488.330811 5495.862305
-3492.911377 5506.879395
-3497.493164 5517.902832
-3502.076172 5528.932617
-3506.660156 5539.968262
-3511.245361 5551.010254
-3515.831787 5562.058594
-3520.419189 5573.113281
-3525.007812 5584.174316
-3529.597656 5595.241211
-3534.188477 5606.314453
-3538.780518 5617.394043
-3543.349365 5628.497559
-3547.902832 5639.618652
-3552.441162 5650.757812
-3556.964355 5661.915039
-3561.472412 5673.089844
-3565.965332 5684.282715
-3570.443115 5695.493652
-3574.905762 5706.722168
-3579.353027 5717.968750
-3583.785156 5729.233398
-3588.202148 5740.515625
-3592.604004 5751.815918
-3596.990723 5763.134277
-3601.362305 5774.470215
-3605.718506 5785.824219
-3610.059570 5797.196289
-3614.385498 5808.585938
-3618.696289 5819.993652
-3622.991943 5831.419434
-3627.272461 5842.862793
-3631.537598 5854.324219
-3635.787598 5865.803711
-3640.022461 5877.300781
-3644.242188 5888.815918
-3648.446777 5900.349121
-3652.636230 5911.899902
-3656.810547 5923.468750
-3660.969482 5935.055176
-3665.113281 5946.659668
-3669.241943 5958.282227
-3673.355469 5969.922363
-3677.453857 5981.580566
-3681.537109 5993.256836
-3685.604980 6004.950684
-3689.657715 6016.662598
-3693.695312 6028.392578
-3697.717773 6040.140137
-3701.725098 6051.905762
-3705.717285 6063.689453
-3709.694336 6075.490723
-3713.670166 6087.310547
-3717.640137 6099.148438
-3721.604248 6111.004883
-3725.562500 6122.879395
-3729.514893 6134.771973
-3733.461670 6146.682617
-3737.402588 6158.611816
-3741.337646 6170.559082
-3745.266846 6182.524414
-3749.190186 6194.507812
-3753.107666 6206.509766
-3757.019287 6218.529785
-3760.925049 6230.567871
-3764.825195 6242.624512
-3768.719482 6254.699219
-3772.607910 6266.791992
-3776.490479 6278.902832
-3780.367188 6291.032227
-3784.238037 6303.179688
-3788.103027 6315.345215
-3791.962402 6327.528809
-3795.815918 6339.730957
-3799.663574 6351.951172
-3803.505371 6364.189453
-3807.341309 6376.446289
-3811.171387 6388.721191
-3814.995605 6401.014160
-3818.814209 6413.325195
-3822.626953 6425.654785
-3826.433838 6438.002441
-3830.234863 6450.368164
-3834.030029 6462.751953
-3837.819336 6475.154297
-3841.602783 6487.574707
-3845.380615 6500.013184
-3849.152588 6512.470215
-3852.918701 6524.945312
-3856.678955 6537.438477
-3860.433350 6549.949707
-3864.181885 6562.479492
-3867.945312 6575.029297
-3871.716797 6587.598633
-3875.496094 6600.187500
-3879.283447 6612.795898
-3883.078613 6625.423340
-3886.881836 6638.070312
-3890.692871 6650.736816
-3894.511963 6663.422852
-3898.339111 6676.128418
-3902.174072 6688.853516
-3906.017090 6701.598145
-3909.867920 6714.362305
-3913.726807 6727.145508
-3917.593506 6739.948242
-3921.468262 6752.770508
-3925.351074 6765.612305
-3929.241699 6778.473633
-3933.140381 6791.354492
-3937.046875 6804.254883
-3940.961426 6817.174805
-3944.883789 6830.114258
-3948.814209 6843.072754
-3952.752441 6856.050781
-3956.698730 6869.048340
-3960.653076 6882.065430
-3964.615234 6895.102051
-3968.585449 6908.158203
-3972.563477 6921.233887
-3976.549561 6934.329102
-3980.543457 6947.443848
-3984.545410 6960.577637
-3988.555420 6973.730957
-3992.573242 6986.903809
-3996.599121 7000.096191
-4000.632812 7013.308105
-4004.674561 7026.539551
-4008.724121 7039.790527
-4012.781738 7053.061035
-4016.847168 7066.350586
-4020.920654 7079.659668
-4024.993652 7092.980469
-4029.069092 7106.315918
-4033.146973 7119.665527
-4037.227295 7133.029785
-4041.310059 7146.408203
-4045.395264 7159.800781
-4049.482666 7173.208008
-4053.572510 7186.629395
-4057.664795 7200.065430
-4061.759521 7213.515625
-4065.856689 7226.979980
-4069.956299 7240.458984
-4074.058105 7253.952148
-4078.162354 7267.459961
-4082.269043 7280.981934
-4086.378174 7294.518066
-4090.489746 7308.068848
-4094.603760 7321.633789
-4098.720215 7335.212891
-4102.838867 7348.806641
-4106.959961 7362.414551
-4111.083496 7376.037109
-4115.209473 7389.673828
-4119.337891 7403.324707
-4123.468750 7416.990234
-4127.602051 7430.669922
-4131.737793 7444.364258
-4135.875488 7458.072754
-4140.015625 7471.795410
-4144.158203 7485.532715
-4148.303223 7499.284180
-4152.450684 7513.050293
-4156.600586 7526.830566
-4160.752930 7540.625000
-4164.907715 7554.434082
-4169.064941 7568.257324
-4173.224609 7582.094727
-4177.386719 7595.946777
-4181.551270 7609.812988
-4185.717773 7623.693848
-4189.900391 7637.574219
-4194.094238 7651.458984
-4198.299316 7665.348145
-4202.515625 7679.242188
-4206.743164 7693.140625
-4210.981934 7707.043457
-4215.231934 7720.950684
-4219.493164 7734.862793
-4223.765625 7748.779297
-4228.049316 7762.700195
-4232.344727 7776.625977
-4236.651367 7790.556152
-4240.969238 7804.490723
-4245.298340 7818.429688
-4249.638672 7832.373535
-4253.990234 7846.321777
-4258.353027 7860.274414
-4262.727051 7874.231445
-4267.112305 7888.193359
-4271.508789 7902.159668
-4275.916504 7916.130371
-4280.335938 7930.105469
-4284.766602 7944.085449
-4289.208496 7958.069824
-4293.661621 7972.058594
-4298.125977 7986.052246
-4302.601562 8000.050293
-4307.088379 8014.052734
-4311.586426 8028.059570
-4316.095703 8042.071289
-4320.616211 8056.087402
-4325.147949 8070.107910
-4329.691406 8084.132812
-4334.246094 8098.162598
-4338.812012 8112.196777
-4343.389160 8126.235352
-4347.977539 8140.278320
-4352.577148 8154.326172
-4357.187988 8168.378418
-4361.810059 8182.435059
-4366.455078 8196.473633
-4371.119141 8210.501953
-4375.802246 8224.519531
-4380.504395 8238.526367
-4385.225586 8252.523438
-4389.966309 8266.509766
-4394.726074 8280.485352
-4399.504883 8294.450195
-4404.302734 8308.404297
-4409.119629 8322.348633
-4413.955566 8336.282227
-4418.810547 8350.205078
-4423.684570 8364.117188
-4428.577637 8378.019531
-4433.489746 8391.911133
-4438.420898 8405.791992
-4443.371094 8419.662109
-4448.340332 8433.521484
-4453.328613 8447.371094
-4458.335938 8461.209961
-4463.362793 8475.038086
-4468.408691 8488.855469
-4473.473633 8502.663086
-4478.557617 8516.459961
-4483.660645 8530.246094
-4488.782715 8544.021484
-4493.923828 8557.786133
-4499.083984 8571.541016
-4504.263184 8585.285156
-4509.461426 8599.018555
-4514.678711 8612.741211
-4519.915039 8626.454102
-4525.170410 8640.156250
-4530.444824 8653.847656
-4535.738281 8667.528320
-4541.050781 8681.198242
-4546.382812 8694.858398
-4551.733887 8708.507812
-4557.104004 8722.146484
-4562.493164 8735.774414
-4567.891602 8749.421875
-4573.302246 8763.079102
-4578.725586 8776.746094
-4584.161621 8790.421875
-4589.609863 8804.107422
-4595.070801 8817.802734
-4600.544434 8831.506836
-4606.030273 8845.220703
-4611.528809 8858.944336
-4617.040039 8872.676758
-4622.563477 8886.418945
-4628.099609 8900.170898
-4633.648438 8913.931641
-4639.209473 8927.702148
-4644.783203 8941.482422
-4650.369141 8955.271484
-4655.967773 8969.070312
-4661.579102 8982.878906
-4667.202637 8996.696289
-4672.838867 9010.523438
-4678.487793 9024.360352
-4684.148926 9038.206055
-4689.822754 9052.061523
-4695.509277 9065.926758
-4701.208008 9079.800781
-4706.919434 9093.684570
-4712.643555 9107.578125
-4718.379883 9121.481445
-4724.128906 9135.393555
-4729.890625 9149.315430
-4735.664551 9163.247070
-4741.451172 9177.187500
-4747.250488 9191.137695
-4753.062012 9205.097656
-4758.886230 9219.066406
-4764.722656 9233.044922
-4770.571777 9247.033203
-4776.433594 9261.030273
-4782.307617 9275.037109
-4788.194336 9289.053711
-4794.059570 9303.076172
-4799.915039 9317.105469
-4805.760254 9331.142578
-4811.595215 9345.186523
-4817.420410 9359.237305
-4823.235352 9373.295898
-4829.040039 9387.361328
-4834.834473 9401.433594
-4840.619141 9415.513672
-4846.393555 9429.600586
-4852.157715 9443.695312
-4857.912109 9457.796875
-4863.656250 9471.905273
-4869.390137 9486.021484
-4875.114258 9500.144531
-4880.828125 9514.274414
-4886.531738 9528.412109
-4892.225586 9542.556641
-4897.909180 9556.708984
-4903.582520 9570.868164
-4909.246094 9585.034180
-4914.899414 9599.208008
-4920.542480 9613.388672
-4926.175781 9627.576172
-4931.798828 9641.771484
-4937.411621 9655.973633
-4943.014160 9670.183594
-4948.606934 9684.400391
-4954.189453 9698.624023
-4959.761719 9712.855469
-4965.324219 9727.093750
-4970.876465 9741.338867
-4976.418457 9755.591797
-4981.950684 9769.851562
-4987.472656 9784.119141
-4992.984375 9798.393555
-4998.486328 9812.674805
-5003.978027 9826.963867
-5009.459473 9841.259766
-5014.931152 9855.562500
-5020.384277 9869.868164
-5025.821777 9884.178711
-5031.243164 9898.493164
-5036.648926 9912.811523
-5042.039062 9927.134766
-5047.413574 9941.461914
-5052.772461 9955.792969
-5058.115723 9970.128906
-5063.442871 9984.468750
-5068.754395 9998.812500
-5074.050293 10013.160156
-5079.330566 10027.512695
-5084.595215 10041.869141
-5089.844238 10056.229492
-5095.077637 10070.594727
-5100.294922 10084.963867
-5105.496582 10099.336914
-5110.682617 10113.714844
-5115.853027 10128.096680
-5121.007812 10142.482422
-5126.146973 10156.873047
-5131.270020 10171.267578
-5136.377441 10185.666016
-5141.469238 10200.069336
-5146.545410 10214.476562
-5151.605957 10228.887695
-5156.650879 10243.303711
-5161.680176 10257.723633
-5166.693359 10272.147461
-5171.690918 10286.576172
-5176.672852 10301.008789
-5181.639160 10315.445312
-5186.589844 10329.886719
-5191.524902 10344.332031
-5196.443848 10358.781250
-5201.347168 10373.235352
-5206.234863 10387.693359
-5211.106934 10402.155273
-5215.963379 10416.622070
-5220.804199 10431.092773
-5225.650879 10445.597656
-5230.496582 10460.126953
-5235.341309 10474.680664
-5240.185059 10489.258789
-5245.027344 10503.861328
-5249.868652 10518.488281
-5254.708984 10533.139648
-5259.548340 10547.815430
-5264.386230 10562.515625
-5269.223145 10577.240234
-5274.059082 10591.989258
-5278.894043 10606.762695
-5283.727539 10621.560547
-5288.560059 10636.382812
-5293.391602 10651.229492
-5298.222168 10666.100586
-5303.051270 10680.996094
-5307.879395 10695.916016
-5312.706543 10710.860352
-5317.532715 10725.829102
-5322.357422 10740.822266
-5327.181152 10755.839844
-5332.003906 10770.881836
-5336.825684 10785.948242
-5341.645996 10801.039062
-5346.465332 10816.154297
-5351.283691 10831.293945
-5356.101074 10846.458008
-5360.916992 10861.646484
-5365.731934 10876.859375
-5370.545898 10892.096680
-5375.358887 10907.358398
-5380.170410 10922.644531
-5384.980957 10937.955078
-5389.790527 10953.290039
-5394.599121 10968.649414
-5399.406250 10984.033203
-5404.212402 10999.441406
-5409.017578 11014.874023
-5413.821777 11030.331055
-5418.630371 11045.784180
-5423.441895 11061.242188
-5428.256348 11076.706055
-5433.073730 11092.175781
-5437.894043 11107.650391
-5442.717285 11123.130859
-5447.543457 11138.617188
-5452.372559 11154.108398
-5457.204590 11169.605469
-5462.039062 11185.108398
-5466.876465 11200.616211
-5471.716797 11216.129883
-5476.560059 11231.649414
-5481.406250 11247.173828
-5486.255371 11262.704102
-5491.107422 11278.240234
-5495.962402 11293.781250
-5500.820312 11309.328125
-5505.680664 11324.880859
-5510.543945 11340.438477
-5515.410156 11356.001953
-5520.279297 11371.570312
-5525.151367 11387.144531
-5530.026367 11402.724609
-5534.904297 11418.309570
-5539.785156 11433.900391
-5544.668945 11449.497070
-5549.555176 11465.098633
-5554.444336 11480.706055
-5559.336426 11496.319336
-5564.231445 11511.937500
-5569.129395 11527.561523
-5574.030273 11543.191406
-5578.934082 11558.826172
-5583.840820 11574.466797
-5588.750488 11590.113281
-5593.662598 11605.764648
-5598.577637 11621.421875
-5603.495605 11637.084961
-5608.416504 11652.752930
-5613.344727 11668.399414
-5618.278320 11684.033203
-5623.217773 11699.653320
-5628.163086 11715.260742
-5633.113770 11730.855469
-5638.070312 11746.437500
-5643.032715 11762.006836
-5648.000488 11777.562500
-5652.974121 11793.105469
-5657.953613 11808.635742
-5662.938477 11824.153320
-5667.929199 11839.658203
-5672.925781 11855.149414
-5677.927734 11870.627930
-5682.935547 11886.093750
-5687.949219 11901.546875
-5692.968262 11916.987305
-5697.993164 11932.415039
-5703.023926 11947.829102
-5708.060059 11963.230469
-5713.102051 11978.619141
-5718.149902 11993.995117
-5723.203125 12009.358398
-5728.262207 12024.708008
-5733.327148 12040.044922
-5738.397949 12055.369141
-5743.474121 12070.680664
-5748.556152 12085.979492
-5753.644043 12101.265625
-5758.737305 12116.538086
-5763.836426 12131.797852
-5768.941406 12147.044922
-5774.051758 12162.279297
-5779.167969 12177.500977
-5784.290039 12192.708984
-5789.417480 12207.904297
-5794.550781 12223.086914
-5799.689941 12238.256836
-5804.834473 12253.414062
-5809.984863 12268.558594
-5815.156738 12283.691406
-5820.344727 12298.812500
-5825.548828 12313.921875
-5830.769531 12329.019531
-5836.006348 12344.105469
-5841.259277 12359.179688
-5846.528320 12374.242188
-5851.813965 12389.292969
-5857.115723 12404.332031
-5862.433594 12419.359375
-5867.767578 12434.375000
-5873.117676 12449.378906
-5878.484375 12464.371094
-5883.867188 12479.351562
-5889.266113 12494.320312
-5894.681152 12509.277344
-5900.112793 12524.222656
-5905.560547 12539.156250
-5911.024414 12554.078125
-5916.504395 12568.987305
-5922.000977 12583.884766
-5927.513672 12598.770508
-5933.042480 12613.644531
-5938.587402 12628.506836
-5944.148438 12643.357422
-5949.726074 12658.196289
-5955.319824 12673.023438
-5960.929688 12687.838867
-5966.555664 12702.642578
-5972.198242 12717.434570
-5977.856934 12732.214844
-5983.531738 12746.983398
-5989.222656 12761.740234
-5994.929688 12776.485352
-6000.653320 12791.218750
-6006.393066 12805.940430
-6012.148926 12820.650391
-6017.920898 12835.348633
-6023.709473 12850.035156
-6029.514160 12864.709961
-6035.331055 12879.349609
-6041.161621 12893.961914
-6047.005859 12908.546875
-6052.864258 12923.104492
-6058.736328 12937.634766
-6064.622070 12952.137695
-6070.521484 12966.614258
-6076.434570 12981.063477
-6082.361328 12995.485352
-6088.301758 13009.879883
-6094.255859 13024.247070
-6100.223633 13038.586914
-6106.205078 13052.899414
-6112.200195 13067.184570
-6118.208984 13081.442383
-6124.231445 13095.672852
-6130.267578 13109.876953
-6136.317383 13124.053711
-6142.380859 13138.203125
-6148.458008 13152.325195
-6154.548828 13166.419922
-6160.653809 13180.487305
-6166.772461 13194.527344
-6172.904785 13208.540039
-6179.050781 13222.525391
-6185.210449 13236.483398
-6191.383789 13250.414062
-6197.570801 13264.318359
-6203.771484 13278.195312
-6209.985840 13292.044922
-6216.213867 13305.867188
-6222.455566 13319.662109
-6228.710938 13333.429688
-6234.979980 13347.169922
-6241.262695 13360.882812
-6247.559082 13374.568359
-6253.869141 13388.226562
-6260.192871 13401.858398
-6266.530762 13415.462891
-6272.882324 13429.040039
-6279.270996 13442.623047
-6285.689453 13456.201172
-6292.137207 13469.774414
-6298.614746 13483.342773
-6305.121582 13496.906250
-6311.658203 13510.464844
-6318.224121 13524.017578
-6324.819824 13537.565430
-6331.444824 13551.108398
-6338.099609 13564.646484
-6344.784180 13578.179688
-6351.498047 13591.708008
-6358.241699 13605.231445
-6365.014648 13618.750000
-6371.817383 13632.263672
-6378.649414 13645.772461
-6385.511230 13659.276367
-6392.402344 13672.774414
-6399.323242 13686.267578
-6406.273438 13699.755859
-6413.253418 13713.239258
-6420.262695 13726.717773
-6427.301758 13740.191406
-6434.370117 13753.660156
-6441.468262 13767.124023
-6448.595703 13780.583008
-6455.752930 13794.037109
-6462.939453 13807.485352
-6470.155762 13820.928711
-6477.401367 13834.367188
-6484.676758 13847.800781
-6491.981445 13861.229492
-6499.315918 13874.653320
-6506.679688 13888.072266
-6514.073242 13901.486328
-6521.496094 13914.895508
-6528.948730 13928.299805
-6536.431152 13941.699219
-6543.942871 13955.092773
-6551.484375 13968.481445
-6559.057617 13981.832031
-6566.662109 13995.155273
-6574.297852 14008.451172
-6581.964844 14021.719727
-6589.663086 14034.960938
-6597.392578 14048.174805
-6605.153320 14061.360352
-6612.945312 14074.518555
-6620.768555 14087.649414
-6628.623047 14100.752930
-6636.508789 14113.829102
-6644.425781 14126.877930
-6652.374023 14139.899414
-6660.353516 14152.893555
-6668.364258 14165.860352
-6676.405762 14178.799805
-6684.478516 14191.711914
-6692.582520 14204.596680
-6700.717773 14217.454102
-6708.884277 14230.284180
-6717.082031 14243.086914
-6725.311035 14255.862305
-6733.571289 14268.610352
-6741.862793 14281.330078
-6750.185547 14294.022461
-6758.539551 14306.687500
-6766.924805 14319.325195
-6775.341309 14331.935547
-6783.789062 14344.518555
-6792.268066 14357.074219
-6800.778320 14369.602539
-6809.319824 14382.103516
-6817.892578 14394.577148
-6826.496582 14407.023438
-6835.131348 14419.442383
-6843.797363 14431.833984
-6852.494629 14444.198242
-6861.223145 14456.535156
-6869.982910 14468.844727
-6878.773926 14481.126953
-6887.583496 14493.391602
-6896.415527 14505.635742
-6905.270020 14517.859375
-6914.146973 14530.062500
-6923.046387 14542.245117
-6931.968262 14554.407227
-6940.913086 14566.548828
-6949.880371 14578.669922
-6958.870117 14590.770508
-6967.882324 14602.850586
-6976.916992 14614.910156
-6985.974609 14626.949219
-6995.054688 14638.967773
-7004.157227 14650.965820
-7013.282227 14662.943359
-7022.429688 14674.900391
-7031.599609 14686.836914
-7040.792480 14698.752930
-7050.007812 14710.648438
-7059.245605 14722.523438
-7068.505859 14734.377930
-7077.788574 14746.211914
-7087.094238 14758.025391
-7096.422363 14769.818359
-7105.772949 14781.590820
-7115.145996 14793.342773
-7124.541504 14805.074219
-7133.959473 14816.785156
-7143.400391 14828.475586
-7152.863770 14840.145508
-7162.349609 14851.794922
-7171.857910 14863.423828
-7181.388672 14875.032227
-7190.942383 14886.620117
-7200.518555 14898.187500
-7210.117188 14909.734375
-7219.738281 14921.260742
-7229.381836 14932.766602
-7239.047852 14944.251953
-7248.736816 14955.716797
-7258.445801 14967.177734
-7268.175781 14978.628906
-7277.926758 14990.070312
-7287.698730 15001.501953
-7297.491699 15012.924805
-7307.305664 15024.337891
-7317.140625 15035.741211
-7326.996582 15047.134766
-7336.873535 15058.518555
-7346.771484 15069.892578
-7356.690430 15081.256836
-7366.630371 15092.611328
-7376.591309 15103.956055
-7386.573242 15115.291992
-7396.576172 15126.618164
-7406.600098 15137.934570
-7416.645020 15149.241211
-7426.710938 15160.538086
-7436.797852 15171.825195
-7446.905762 15183.102539
-7457.034668 15194.370117
-7467.184570 15205.628906
-7477.355469 15216.877930
-7487.547363 15228.117188
-7497.760254 15239.346680
-7507.994141 15250.566406
-7518.249023 15261.776367
-7528.524902 15272.976562
-7538.821777 15284.166992
-7549.139648 15295.347656
-7559.478516 15306.519531
-7569.838379 15317.681641
-7580.219238 15328.833984
-7590.621094 15339.976562
-7601.043945 15351.109375
-7611.487793 15362.232422
-7621.952637 15373.345703
-7632.438477 15384.449219
-7642.945312 15395.543945
-7653.473145 15406.628906
-7664.017090 15417.709961
-7674.578125 15428.785156
-7685.156738 15439.855469
-7695.752930 15450.919922
-7706.366699 15461.978516
-7716.998047 15473.032227
-7727.646973 15484.080078
-7738.312988 15495.122070
-7748.996582 15506.158203
-7759.697754 15517.189453
-7770.416504 15528.214844
-7781.152832 15539.234375
-7791.906738 15550.249023
-7802.678223 15561.257812
-7813.466797 15572.260742
-7824.272949 15583.257812
-7835.096680 15594.250000
-7845.937988 15605.236328
-7856.796875 15616.216797
-7867.673340 15627.192383
-7878.566895 15638.162109
-7889.478027 15649.125977
-7900.406738 15660.083984
-7911.353027 15671.037109
-7922.316895 15681.984375
-7933.298340 15692.925781
-7944.296875 15703.862305
-7955.312988 15714.792969
-7966.346680 15725.717773
-7977.397949 15736.636719
-7988.466797 15747.550781
-7999.553223 15758.458984
-8010.656738 15769.361328
-8021.777832 15780.258789
-8032.916504 15791.150391
-8044.072754 15802.036133
-8055.246582 15812.916992
-8066.437988 15823.791992
-8077.646973 15834.661133
-8088.873047 15845.524414
-8100.111816 15856.375977
-8111.365234 15867.216797
-8122.632812 15878.047852
-8133.914551 15888.868164
-8145.210938 15899.678711
-8156.521484 15910.478516
-8167.846191 15921.268555
-8179.185059 15932.047852
-8190.538574 15942.817383
-8201.906250 15953.576172
-8213.288086 15964.325195
-8224.684570 15975.063477
-8236.094727 15985.791992
-8247.519531 15996.509766
-8258.958984 16007.217773
-8270.412109 16017.915039
-8281.879883 16028.602539
-8293.362305 16039.280273
-8304.858398 16049.947266
-8316.369141 16060.604492
-8327.894531 16071.250977
-8339.433594 16081.887695
-8350.987305 16092.513672
-8362.554688 16103.129883
-8374.136719 16113.735352
-8385.733398 16124.331055
-8397.343750 16134.916016
-8408.968750 16145.491211
-8420.608398 16156.055664
-8432.261719 16166.610352
-8443.929688 16177.154297
-8455.612305 16187.688477
-8467.308594 16198.211914
-8479.019531 16208.725586
-8490.745117 16219.229492
-8502.484375 16229.722656
-8514.238281 16240.206055
-8526.005859 16250.678711
-8537.788086 16261.141602
-8549.584961 16271.593750
-8561.299805 16282.042969
-8572.963867 16292.487305
-8584.578125 16302.925781
-8596.142578 16313.359375
-8607.657227 16323.787109
-8619.121094 16334.209961
-8630.535156 16344.627930
-8641.899414 16355.040039
-8653.213867 16365.447266
-8664.478516 16375.848633
-8675.692383 16386.244141
-8686.856445 16396.634766
-8697.970703 16407.019531
-8709.035156 16417.400391
-8720.048828 16427.775391
-8731.012695 16438.144531
-8741.926758 16448.509766
-8752.791016 16458.869141
-8763.605469 16469.222656
-8774.369141 16479.570312
-8785.083008 16489.914062
-8795.747070 16500.251953
-8806.361328 16510.583984
-8816.924805 16520.910156
-8827.438477 16531.232422
-8837.902344 16541.548828
-8848.316406 16551.859375
-8858.680664 16562.166016
-8868.994141 16572.466797
-8879.257812 16582.761719
-8889.471680 16593.050781
-8899.635742 16603.335938
-8909.749023 16613.615234
-8919.812500 16623.888672
-8929.826172 16634.156250
-8939.790039 16644.419922
-8949.703125 16654.677734
-8959.566406 16664.929688
-8969.379883 16675.177734
-8979.143555 16685.419922
-8988.823242 16695.636719
-8998.429688 16705.833984
-9007.963867 16716.011719
-9017.425781 16726.171875
-9026.814453 16736.312500
-9036.130859 16746.433594
-9045.374023 16756.535156
-9054.544922 16766.619141
-9063.642578 16776.683594
-9072.667969 16786.728516
-9081.621094 16796.755859
-9090.500977 16806.763672
-9099.308594 16816.751953
-9108.042969 16826.722656
-9116.705078 16836.673828
-9125.294922 16846.605469
-9133.811523 16856.519531
-9142.255859 16866.414062
-9150.626953 16876.289062
-9158.925781 16886.146484
-9167.151367 16895.984375
-9175.304688 16905.802734
-9183.385742 16915.601562
-9191.393555 16925.382812
-9199.329102 16935.144531
-9207.191406 16944.886719
-9214.981445 16954.611328
-9222.698242 16964.316406
-9230.342773 16974.001953
-9237.915039 16983.669922
-9245.414062 16993.318359
-9252.840820 17002.947266
-9260.194336 17012.558594
-9267.475586 17022.150391
-9274.684570 17031.722656
-9281.820312 17041.275391
-9288.883789 17050.810547
-9295.874023 17060.326172
-9302.791992 17069.822266
-9309.636719 17079.300781
-9316.405273 17088.785156
-9323.099609 17098.267578
-9329.718750 17107.748047
-9336.262695 17117.226562
-9342.731445 17126.705078
-9349.125000 17136.181641
-9355.444336 17145.656250
-9361.688477 17155.128906
-9367.857422 17164.599609
-9373.951172 17174.068359
-9379.969727 17183.535156
-9385.914062 17193.000000
-9391.783203 17202.462891
-9397.577148 17211.923828
-9403.295898 17221.382812
-9408.939453 17230.839844
-9414.508789 17240.294922
-9420.002930 17249.750000
-9425.421875 17259.203125
-9430.765625 17268.654297
-9436.034180 17278.103516
-9441.228516 17287.550781
-9446.347656 17296.996094
-9451.391602 17306.439453
-9456.360352 17315.880859
-9461.253906 17325.320312
-9466.073242 17334.757812
-9470.817383 17344.193359
-9475.486328 17353.626953
-9480.080078 17363.058594
-9484.598633 17372.490234
-9489.042969 17381.919922
-9493.412109 17391.347656
-9497.706055 17400.773438
-9501.924805 17410.197266
-9506.068359 17419.619141
-9510.137695 17429.039062
-9514.131836 17438.457031
-9518.050781 17447.873047
-9521.894531 17457.287109
-9525.709961 17466.667969
-9529.481445 17476.023438
-9533.208984 17485.355469
-9536.891602 17494.664062
-9540.530273 17503.949219
-9544.125000 17513.210938
-9547.675781 17522.449219
-9551.182617 17531.664062
-9554.645508 17540.855469
-9558.064453 17550.021484
-9561.438477 17559.164062
-9564.768555 17568.283203
-9568.054688 17577.378906
-9571.296875 17586.451172
-9574.495117 17595.500000
-9577.649414 17604.525391
-9580.758789 17613.527344
-9583.824219 17622.503906
-9586.845703 17631.457031
-9589.823242 17640.386719
-9592.756836 17649.292969
-9595.646484 17658.175781
-9598.491211 17667.035156
-9601.291992 17675.871094
-9604.048828 17684.683594
-9606.761719 17693.470703
-9609.430664 17702.234375
-9612.055664 17710.974609
-9614.636719 17719.691406
-9617.172852 17728.384766
-9619.665039 17737.054688
-9622.113281 17745.701172
-9624.517578 17754.324219
-9626.877930 17762.923828
-9629.194336 17771.498047
-9631.465820 17780.048828
-9633.693359 17788.576172
-9635.876953 17797.080078
-9638.016602 17805.560547
-9640.112305 17814.017578
-9642.194336 17822.445312
-9644.252930 17830.847656
-9646.287109 17839.222656
-9648.297852 17847.572266
-9650.285156 17855.894531
-9652.249023 17864.189453
-9654.189453 17872.458984
-9656.105469 17880.701172
-9657.998047 17888.917969
-9659.867188 17897.107422
-9661.712891 17905.269531
-9663.534180 17913.406250
-9665.332031 17921.515625
-9667.106445 17929.599609
-9668.857422 17937.656250
-9670.583984 17945.685547
-9672.287109 17953.689453
-9673.966797 17961.666016
-9675.623047 17969.617188
-9677.254883 17977.541016
-9678.863281 17985.437500
-9680.448242 17993.308594
-9682.009766 18001.152344
-9683.546875 18008.968750
-9685.060547 18016.759766
-9686.550781 18024.523438
-9688.017578 18032.261719
-9689.459961 18039.972656
-9690.878906 18047.656250
-9692.274414 18055.314453
-9693.646484 18062.945312
-9694.994141 18070.550781
-9696.318359 18078.128906
-9697.619141 18085.679688
-9698.896484 18093.205078
-9700.149414 18100.703125
-9701.378906 18108.175781
-9702.584961 18115.621094
-9703.767578 18123.039062
-9704.925781 18130.431641
-9706.050781 18137.824219
-9707.145508 18145.208984
-9708.209961 18152.585938
-9709.244141 18159.953125
-9710.248047 18167.312500
-9711.221680 18174.664062
-9712.165039 18182.007812
-9713.078125 18189.341797
-9713.960938 18196.667969
-9714.813477 18203.986328
-9715.635742 18211.296875
-9716.427734 18218.597656
-9717.189453 18225.890625
-9717.920898 18233.175781
-9718.622070 18240.453125
-9719.292969 18247.720703
-9719.933594 18254.980469
-9720.543945 18262.232422
-9721.124023 18269.474609
-9721.673828 18276.708984
-9722.193359 18283.935547
-9722.682617 18291.154297
-9723.140625 18298.363281
-9723.568359 18305.564453
-9723.965820 18312.757812
-9724.333008 18319.943359
-9724.669922 18327.119141
-9724.976562 18334.287109
-9725.252930 18341.447266
-9725.499023 18348.599609
-9725.714844 18355.742188
-9725.900391 18362.876953
-9726.055664 18370.003906
-9726.180664 18377.123047
-9726.275391 18384.232422
-9726.339844 18391.333984
-9726.374023 18398.427734
-9726.377930 18405.511719
-9726.351562 18412.587891
-9726.294922 18419.656250
-9726.208008 18426.716797
-9726.090820 18433.771484
-9725.943359 18440.818359
-9725.765625 18447.857422
-9725.557617 18454.888672
-9725.319336 18461.912109
-9725.050781 18468.927734
-9724.751953 18475.937500
-9724.422852 18482.939453
-9724.063477 18489.933594
-9723.673828 18496.919922
-9723.253906 18503.898438
-9722.803711 18510.871094
-9722.323242 18517.835938
-9721.812500 18524.792969
-9721.271484 18531.742188
-9720.700195 18538.683594
-9720.098633 18545.619141
-9719.466797 18552.546875
-9718.805664 18559.466797
-9718.114258 18566.378906
-9717.392578 18573.283203
-9716.640625 18580.179688
-9715.858398 18587.070312
-9715.045898 18593.953125
-9714.203125 18600.828125
-9713.330078 18607.695312
-9712.426758 18614.554688
-9711.493164 18621.408203
-9710.529297 18628.253906
-9709.535156 18635.091797
-9708.510742 18641.921875
-9707.456055 18648.744141
-9706.371094 18655.560547
-9705.255859 18662.369141
-9704.110352 18669.169922
-9702.934570 18675.962891
-9701.728516 18682.748047
-9700.492188 18689.525391
-9699.225586 18696.296875
-9697.928711 18703.052734
-9696.600586 18709.796875
-9695.242188 18716.529297
-9693.853516 18723.250000
-9692.433594 18729.958984
-9690.983398 18736.656250
-9689.502930 18743.339844
-9687.992188 18750.011719
-9686.450195 18756.671875
-9684.877930 18763.320312
-9683.275391 18769.957031
-9681.641602 18776.582031
-9679.977539 18783.193359
-9678.283203 18789.792969
-9676.558594 18796.380859
-9674.802734 18802.957031
-9673.016602 18809.521484
-9671.200195 18816.074219
-9669.352539 18822.613281
-9667.474609 18829.140625
-9665.566406 18835.656250
-9663.627930 18842.160156
-9661.658203 18848.652344
-9659.658203 18855.132812
-9657.627930 18861.601562
-9655.566406 18868.056641
-9653.474609 18874.500000
-9651.352539 18880.931641
-9649.200195 18887.351562
-9647.016602 18893.759766
-9644.802734 18900.156250
-9642.558594 18906.539062
-9640.283203 18912.910156
-9637.977539 18919.269531
-9635.641602 18925.617188
-9633.275391 18931.953125
-9630.877930 18938.277344
-9628.450195 18944.587891
-9625.992188 18950.886719
-9623.503906 18957.173828
-9621.011719 18963.458984
-9618.506836 18969.736328
-9615.989258 18976.007812
-9613.458984 18982.273438
-9610.916016 18988.533203
-9608.360352 18994.787109
-9605.791992 19001.035156
-9603.210938 19007.277344
-9600.618164 19013.513672
-9598.012695 19019.742188
-9595.394531 19025.964844
-9592.763672 19032.181641
-9590.120117 19038.392578
-9587.463867 19044.597656
-9584.794922 19050.796875
-9582.113281 19056.990234
-9579.418945 19063.177734
-9576.711914 19069.357422
-9573.993164 19075.531250
-9571.261719 19081.699219
-9568.517578 19087.861328
-9565.760742 19094.017578
-9562.991211 19100.167969
-9560.208984 19106.312500
-9557.414062 19112.451172
-9554.606445 19118.582031
-9551.786133 19124.707031
-9548.953125 19130.826172
-9546.108398 19136.939453
-9543.250977 19143.046875
-9540.380859 19149.148438
-9537.498047 19155.244141
-9534.602539 19161.333984
-9531.694336 19167.416016
-9528.773438 19173.492188
-9525.839844 19179.562500
-9522.893555 19185.626953
-9519.934570 19191.685547
-9516.963867 19197.738281
-9513.980469 19203.785156
-9510.980469 19209.826172
-9507.965820 19215.863281
-9504.935547 19221.894531
-9501.890625 19227.921875
-9498.831055 19233.943359
-9495.755859 19239.960938
-9492.666016 19245.972656
-9489.561523 19251.980469
-9486.441406 19257.982422
-9483.306641 19263.978516
-9480.157227 19269.970703
-9476.992188 19275.957031
-9473.812500 19281.939453
-9470.618164 19287.916016
-9467.408203 19293.888672
-9464.183594 19299.855469
-9460.944336 19305.818359
-9457.689453 19311.775391
-9454.419922 19317.726562
-9451.135742 19323.673828
-9447.835938 19329.615234
-9444.521484 19335.552734
-9441.192383 19341.484375
-9437.847656 19347.412109
-9434.488281 19353.333984
-9431.114258 19359.250000
-9427.724609 19365.162109
-9424.320312 19371.068359
-9420.901367 19376.970703
-9417.466797 19382.867188
-9414.017578 19388.759766
-9410.553711 19394.646484
-9407.074219 19400.529297
-9403.580078 19406.406250
-9400.071289 19412.277344
-9396.546875 19418.144531
-9393.007812 19424.005859
-9389.454102 19429.863281
-9385.884766 19435.714844
-9382.300781 19441.562500
-9378.705078 19447.410156
-9375.096680 19453.255859
-9371.475586 19459.099609
-9367.841797 19464.941406
-9364.195312 19470.781250
-9360.536133 19476.621094
-9356.865234 19482.458984
-9353.181641 19488.294922
-9349.485352 19494.128906
-9345.776367 19499.960938
-9342.054688 19505.792969
-9338.320312 19511.623047
-9334.573242 19517.451172
-9330.813477 19523.277344
-9327.041016 19529.101562
-9323.255859 19534.925781
-9319.458008 19540.748047
-9315.647461 19546.568359
-9311.824219 19552.386719
-9307.988281 19558.203125
-9304.139648 19564.019531
-9300.278320 19569.833984
-9296.404297 19575.646484
-9292.517578 19581.457031
-9288.618164 19587.265625
-9284.706055 19593.074219
-9280.781250 19598.880859
-9276.844727 19604.685547
-9272.895508 19610.488281
-9268.933594 19616.289062
-9264.958984 19622.089844
-9260.971680 19627.888672
-9256.971680 19633.685547
-9252.958984 19639.480469
-9248.933594 19645.273438
-9244.895508 19651.064453
-9240.844727 19656.855469
-9236.781250 19662.644531
-9232.705078 19668.431641
-9228.616211 19674.216797
-9224.516602 19679.996094
-9220.406250 19685.771484
-9216.284180 19691.542969
-9212.151367 19697.310547
-9208.006836 19703.072266
-9203.850586 19708.830078
-9199.683594 19714.583984
-9195.504883 19720.333984
-9191.315430 19726.080078
-9187.114258 19731.820312
-9182.902344 19737.556641
-9178.678711 19743.289062
-9174.444336 19749.017578
-9170.198242 19754.740234
-9165.941406 19760.458984
-9161.672852 19766.173828
-9157.392578 19771.884766
-9153.101562 19777.589844
-9148.798828 19783.291016
-9144.485352 19788.988281
-9140.160156 19794.681641
-9135.824219 19800.371094
-9131.476562 19806.054688
-9127.118164 19811.734375
-9122.748047 19817.410156
-9118.367188 19823.082031
-9113.974609 19828.748047
-9109.570312 19834.410156
-9105.155273 19840.068359
-9100.728516 19845.722656
-9096.291016 19851.373047
-9091.841797 19857.017578
-9087.381836 19862.658203
-9082.910156 19868.294922
-9078.427734 19873.927734
-9073.933594 19879.554688
-9069.428711 19885.177734
-9064.912109 19890.796875
-9060.383789 19896.412109
-9055.844727 19902.021484
-9051.309570 19907.628906
-9046.773438 19913.234375
-9042.236328 19918.835938
-9037.698242 19924.435547
-9033.159180 19930.033203
-9028.619141 19935.626953
-9024.078125 19941.218750
-9019.536133 19946.806641
-9014.993164 19952.392578
-9010.450195 19957.974609
-9005.906250 19963.554688
-9001.361328 19969.130859
-8996.815430 19974.705078
-8992.268555 19980.275391
-8987.720703 19985.843750
-8983.171875 19991.408203
-8978.622070 19996.970703
-8974.071289 20002.531250
-8969.519531 20008.087891
-8964.966797 20013.642578
-8960.413086 20019.193359
-8955.858398 20024.742188
-8951.302734 20030.287109
-8946.746094 20035.830078
-8942.188477 20041.369141
-8937.629883 20046.906250
-8933.070312 20052.439453
-8928.509766 20057.970703
-8923.948242 20063.500000
-8919.385742 20069.025391
-8914.822266 20074.548828
-8910.257812 20080.068359
-8905.692383 20085.585938
-8901.125977 20091.099609
-8896.558594 20096.611328
-8891.990234 20102.119141
-8887.420898 20107.625000
-8882.850586 20113.126953
-8878.279297 20118.626953
-8873.707031 20124.123047
-8869.148438 20129.613281
-8864.598633 20135.097656
-8860.056641 20140.578125
-8855.523438 20146.052734
-8850.999023 20151.521484
-8846.483398 20156.984375
-8841.975586 20162.441406
-8837.476562 20167.894531
-8832.986328 20173.341797
-8828.503906 20178.783203
-8824.030273 20184.218750
-8819.565430 20189.650391
-8815.109375 20195.076172
-8810.661133 20200.496094
-8806.221680 20205.910156
-8801.791016 20211.320312
-8797.369141 20216.724609
-8792.955078 20222.123047
-8788.549805 20227.515625
-8784.153320 20232.904297
-8779.765625 20238.287109
-8775.385742 20243.664062
-8771.014648 20249.035156
-8766.652344 20254.400391
-8762.297852 20259.761719
-8757.952148 20265.117188
-8753.615234 20270.466797
-8749.287109 20275.810547
-8744.966797 20281.150391
-8740.655273 20286.484375
-8736.352539 20291.812500
-8732.058594 20297.134766
-8727.772461 20302.453125
-8723.495117 20307.765625
-8719.226562 20313.072266
-8714.965820 20318.373047
-8710.713867 20323.669922
-8706.470703 20328.960938
-8702.236328 20334.246094
-8698.009766 20339.525391
-8693.788086 20344.791016
-8689.572266 20350.044922
-8685.362305 20355.287109
-8681.158203 20360.517578
-8676.959961 20365.736328
-8672.766602 20370.943359
-8668.579102 20376.138672
-8664.397461 20381.322266
-8660.221680 20386.494141
-8656.051758 20391.654297
-8651.887695 20396.802734
-8647.729492 20401.939453
-8643.577148 20407.064453
-8639.430664 20412.177734
-8635.290039 20417.279297
-8631.155273 20422.369141
-8627.025391 20427.447266
-8622.901367 20432.513672
-8618.783203 20437.570312
-8614.670898 20442.615234
-8610.564453 20447.648438
-8606.463867 20452.669922
-8602.369141 20457.679688
-8598.280273 20462.677734
-8594.197266 20467.664062
-8590.120117 20472.638672
-8586.048828 20477.601562
-8581.983398 20482.552734
-8577.922852 20487.492188
-8573.868164 20492.419922
-8569.819336 20497.335938
-8565.776367 20502.240234
-8561.739258 20507.132812
-8557.708008 20512.013672
-8553.682617 20516.882812
-8549.663086 20521.740234
-8545.649414 20526.585938
-8541.641602 20531.419922
-8537.639648 20536.244141
-8533.642578 20541.056641
-8529.657227 20545.861328
-8525.680664 20550.656250
-8521.713867 20555.443359
-8517.756836 20560.222656
-8513.808594 20564.992188
-8509.870117 20569.753906
-8505.940430 20574.505859
-8502.020508 20579.250000
-8498.109375 20583.984375
-8494.208008 20588.710938
-8490.316406 20593.427734
-8486.433594 20598.136719
-8482.560547 20602.837891
-8478.696289 20607.529297
-8474.841797 20612.212891
-8470.997070 20616.886719
-8467.161133 20621.552734
-8463.334961 20626.208984
-8459.517578 20630.857422
-8455.709961 20635.496094
-8451.911133 20640.126953
-8448.122070 20644.750000
-8444.342773 20649.363281
-8440.572266 20653.968750
-8436.811523 20658.564453
-8433.059570 20663.152344
-8429.317383 20667.730469
-8425.583984 20672.300781
-8421.860352 20676.863281
-8418.146484 20681.416016
-8414.441406 20685.960938
-8410.746094 20690.496094
-8407.059570 20695.023438
-8403.382812 20699.541016
-8399.714844 20704.050781
-8396.056641 20708.550781
-8392.408203 20713.042969
-8388.768555 20717.527344
-8385.138672 20722.001953
-8381.517578 20726.468750
-8377.910156 20730.921875
-8374.314453 20735.363281
-8370.730469 20739.792969
-8367.158203 20744.210938
-8363.597656 20748.615234
-8360.048828 20753.007812
-8356.511719 20757.388672
-8352.986328 20761.757812
-8349.472656 20766.115234
-8345.970703 20770.460938
-8342.480469 20774.794922
-8339.001953 20779.117188
-8335.535156 20783.427734
-8332.080078 20787.726562
-8328.636719 20792.013672
-8325.205078 20796.289062
-8321.786133 20800.550781
-8318.378906 20804.800781
-8314.983398 20809.039062
-8311.599609 20813.265625
-8308.227539 20817.480469
-8304.867188 20821.683594
-8301.518555 20825.875000
-8298.181641 20830.054688
-8294.856445 20834.222656
-8291.542969 20838.378906
-8288.241211 20842.523438
-8284.951172 20846.656250
-8281.672852 20850.777344
-8278.406250 20854.884766
-8275.151367 20858.980469
-8271.908203 20863.064453
-8268.676758 20867.136719
-8265.458008 20871.197266
-8262.250977 20875.246094
-8259.055664 20879.283203
-8255.872070 20883.308594
-8252.700195 20887.322266
-8249.540039 20891.324219
-8246.391602 20895.314453
-8243.253906 20899.304688
-8240.126953 20903.292969
-8237.011719 20907.279297
-8233.907227 20911.261719
-8230.814453 20915.242188
-8227.732422 20919.218750
-8224.662109 20923.193359
-8221.602539 20927.164062
-8218.554688 20931.132812
-8215.517578 20935.097656
-8212.491211 20939.060547
-8209.476562 20943.021484
-8206.472656 20946.978516
-8203.480469 20950.933594
-8200.499023 20954.884766
-8197.529297 20958.833984
-8194.570312 20962.779297
-8191.622559 20966.722656
-8188.686035 20970.662109
-8185.760742 20974.599609
-8182.846680 20978.535156
-8179.943848 20982.466797
-8177.051758 20986.396484
-8174.170898 20990.322266
-8171.301270 20994.246094
-8168.442871 20998.166016
-8165.595703 21002.083984
-8162.759766 21005.998047
-8159.935059 21009.910156
-8157.121582 21013.820312
-8154.319336 21017.726562
-8151.527832 21021.630859
-8148.747559 21025.531250
-8145.978516 21029.429688
-8143.220703 21033.324219
-8140.474121 21037.216797
-8137.738770 21041.105469
-8135.014648 21044.992188
-8132.301758 21048.876953
-8129.600098 21052.757812
-8126.893555 21056.619141
-8124.187988 21060.464844
-8121.483398 21064.296875
-8118.779297 21068.113281
-8116.076172 21071.916016
-8113.373535 21075.703125
-8110.671875 21079.476562
-8107.971191 21083.234375
-8105.270996 21086.978516
-8102.571777 21090.707031
-8099.873047 21094.421875
-8097.175293 21098.123047
-8094.478516 21101.808594
-8091.782227 21105.480469
-8089.086914 21109.136719
-8086.392090 21112.779297
-8083.698242 21116.406250
-8081.004883 21120.019531
-8078.312500 21123.617188
-8075.621094 21127.201172
-8072.930176 21130.769531
-8070.240234 21134.324219
-8067.550781 21137.863281
-8064.862305 21141.388672
-8062.174805 21144.900391
-8059.487793 21148.396484
-8056.801758 21151.878906
-8054.116211 21155.345703
-8051.431641 21158.798828
-8048.747559 21162.236328
-8046.064453 21165.660156
-8043.382324 21169.068359
-8040.700684 21172.462891
-8038.020020 21175.841797
-8035.339844 21179.207031
-8032.660645 21182.556641
-8029.982422 21185.892578
-8027.304688 21189.214844
-8024.627930 21192.521484
-8021.951660 21195.814453
-8019.293457 21199.097656
-8016.646973 21202.371094
-8014.012695 21205.634766
-8011.390625 21208.886719
-8008.780762 21212.128906
-8006.182617 21215.361328
-8003.596680 21218.582031
-8001.022949 21221.792969
-7998.461426 21224.994141
-7995.911621 21228.183594
-7993.374023 21231.363281
-7990.848633 21234.533203
-7988.334961 21237.691406
-7985.833496 21240.839844
-7983.344238 21243.978516
-7980.867188 21247.105469
-7978.401855 21250.222656
-7975.948730 21253.330078
-7973.507812 21256.425781
-7971.079102 21259.511719
-7968.662109 21262.587891
-7966.257324 21265.652344
-7963.864746 21268.707031
-7961.483887 21271.751953
-7959.115234 21274.787109
-7956.758789 21277.810547
-7954.414551 21280.824219
-7952.082031 21283.828125
-7949.761719 21286.820312
-7947.453613 21289.802734
-7945.157715 21292.775391
-7942.873535 21295.736328
-7940.601562 21298.687500
-7938.341797 21301.628906
-7936.093750 21304.558594
-7933.857910 21307.478516
-7931.634277 21310.388672
-7929.422852 21313.287109
-7927.223145 21316.175781
-7925.035645 21319.054688
-7922.843262 21321.935547
-7920.651855 21324.814453
-7918.460938 21327.693359
-7916.270996 21330.570312
-7914.081543 21333.445312
-7911.893066 21336.318359
-7909.705078 21339.189453
-7907.518066 21342.060547
-7905.331543 21344.929688
-7903.145996 21347.796875
-7900.960938 21350.662109
-7898.776855 21353.527344
-7896.593262 21356.390625
-7894.410645 21359.251953
-7892.229004 21362.111328
-7890.047852 21364.968750
-7887.867676 21367.826172
-7885.687988 21370.681641
-7883.509277 21373.535156
-7881.331055 21376.386719
-7879.153809 21379.238281
-7876.977051 21382.087891
-7874.801270 21384.935547
-7872.625977 21387.781250
-7870.451660 21390.625000
-7868.277832 21393.468750
-7866.104980 21396.310547
-7863.933105 21399.150391
-7861.761719 21401.988281
-7859.591309 21404.826172
-7857.421387 21407.662109
-7855.252441 21410.496094
-7853.083984 21413.328125
-7850.916504 21416.158203
-7848.749512 21418.988281
-7846.583496 21421.816406
-7844.417969 21424.642578
-7842.253418 21427.466797
-7840.089355 21430.289062
-7837.926270 21433.111328
-7835.770508 21435.917969
-7833.620117 21438.712891
-7831.475098 21441.498047
-7829.335449 21444.271484
-7827.201172 21447.035156
-7825.071777 21449.787109
-7822.947754 21452.529297
-7820.829102 21455.259766
-7818.715820 21457.978516
-7816.607910 21460.687500
-7814.504883 21463.384766
-7812.407227 21466.072266
-7810.314941 21468.748047
-7808.228027 21471.414062
-7806.146484 21474.068359
-7804.069824 21476.712891
-7801.998535 21479.345703
-7799.932617 21481.968750
-7797.872070 21484.580078
-7795.816895 21487.179688
-7793.766602 21489.769531
-7791.721680 21492.347656
-7789.682129 21494.916016
-7787.647949 21497.472656
-7785.619141 21500.019531
-7783.595215 21502.554688
-7781.576660 21505.080078
-7779.563477 21507.593750
-7777.555664 21510.097656
-7775.553223 21512.589844
-7773.555664 21515.072266
-7771.563477 21517.542969
-7769.576660 21520.001953
-7767.595215 21522.451172
-7765.619141 21524.888672
-7763.648438 21527.316406
-7761.682617 21529.732422
-7759.722168 21532.138672
-7757.767090 21534.533203
-7755.817383 21536.917969
-7753.876465 21539.285156
-7751.943359 21541.636719
-7750.018066 21543.974609
-7748.100586 21546.296875
-7746.190918 21548.605469
-7744.289062 21550.898438
-7742.395020 21553.177734
-7740.508789 21555.441406
-7738.630371 21557.689453
-7736.759766 21559.923828
-7734.896484 21562.142578
-7733.041016 21564.347656
-7731.193359 21566.537109
-7729.353516 21568.712891
-7727.521484 21570.873047
-7725.697266 21573.017578
-7723.880859 21575.148438
-7722.072266 21577.263672
-7720.271484 21579.365234
-7718.478516 21581.451172
-7716.693359 21583.521484
-7714.916016 21585.578125
-7713.146484 21587.619141
-7711.384277 21589.646484
-7709.629883 21591.658203
-7707.883301 21593.656250
-7706.144531 21595.638672
-7704.413574 21597.605469
-7702.690430 21599.558594
-7700.975098 21601.496094
-7699.267578 21603.419922
-7697.567871 21605.328125
-7695.875977 21607.222656
-7694.191895 21609.101562
-7692.515625 21610.964844
-7690.847168 21612.814453
-7689.186035 21614.648438
-7687.532715 21616.468750
-7685.887207 21618.273438
-7684.249512 21620.062500
-7682.625977 21621.845703
-7681.014160 21623.621094
-7679.414551 21625.386719
-7677.826660 21627.142578
-7676.250977 21628.890625
-7674.687012 21630.628906
-7673.135254 21632.359375
-7671.595215 21634.080078
-7670.067383 21635.791016
-7668.551270 21637.494141
-7667.047363 21639.187500
-7665.555176 21640.871094
-7664.075195 21642.546875
-7662.606934 21644.212891
-7661.150879 21645.869141
-7659.706543 21647.517578
-7658.274414 21649.156250
-7656.854004 21650.787109
-7655.445312 21652.408203
-7654.048828 21654.019531
-7652.664062 21655.623047
-7651.291504 21657.216797
-7649.930664 21658.800781
-7648.582031 21660.376953
-7647.245117 21661.943359
-7645.920410 21663.500000
-7644.607422 21665.048828
-7643.306641 21666.587891
-7642.017578 21668.119141
-7640.740723 21669.640625
-7639.475586 21671.152344
-7638.222656 21672.656250
-7636.981445 21674.150391
-7635.752441 21675.634766
-7634.535156 21677.111328
-7633.330078 21678.578125
-7632.136719 21680.037109
-7630.955078 21681.486328
-7629.785645 21682.925781
-7628.627930 21684.357422
-7627.489258 21685.767578
-7626.366699 21687.162109
-7625.260742 21688.541016
-7624.170898 21689.904297
-7623.097656 21691.250000
-7622.041016 21692.580078
-7621.000488 21693.894531
-7619.976562 21695.191406
-7618.968750 21696.472656
-7617.977539 21697.738281
-7617.002441 21698.986328
-7616.043945 21700.218750
-7615.102051 21701.435547
-7614.176270 21702.634766
-7613.267090 21703.818359
-7612.374023 21704.986328
-7611.497559 21706.138672
-7610.637695 21707.273438
-7609.793945 21708.392578
-7608.966797 21709.496094
-7608.155762 21710.582031
-7607.361328 21711.652344
-7606.583008 21712.707031
-7605.821289 21713.744141
-7605.076172 21714.765625
-7604.347168 21715.771484
-7603.634766 21716.759766
-7602.938477 21717.732422
-7602.258789 21718.689453
-7601.595703 21719.630859
-7600.948730 21720.554688
-7600.318359 21721.462891
-7599.704102 21722.355469
-7599.106445 21723.230469
-7598.525391 21724.089844
-7597.960449 21724.933594
-7597.412109 21725.759766
-7596.879883 21726.570312
-7596.364258 21727.365234
-7595.864746 21728.142578
-7595.399414 21728.888672
-7594.961914 21729.607422
-7594.552734 21730.298828
-7594.171387 21730.962891
-7593.818359 21731.599609
-7593.493164 21732.208984
-7593.196289 21732.792969
-7592.927246 21733.349609
-7592.686523 21733.878906
-7592.473633 21734.380859
-7592.289062 21734.855469
-7592.132324 21735.302734
-7592.003906 21735.722656
-7591.903320 21736.115234
-7591.831055 21736.482422
-7591.786621 21736.822266
-7591.770508 21737.134766
-7591.782227 21737.419922
-7591.822266 21737.677734
-7591.890137 21737.908203
-7591.986328 21738.111328
-7592.110352 21738.287109
-7592.262695 21738.437500
-7592.442871 21738.560547
-7592.651367 21738.656250
-7592.887695 21738.724609
-7593.152344 21738.765625
-7593.444824 21738.779297
-7593.765625 21738.765625
-7594.114258 21738.724609
-7594.491211 21738.658203
-7594.895996 21738.564453
-7595.329102 21738.443359
-7595.790039 21738.294922
-7596.279297 21738.119141
-7596.796387 21737.916016
-7597.341797 21737.685547
-7597.915039 21737.427734
-7598.516602 21737.144531
-7599.145996 21736.833984
-7599.801758 21736.511719
-7600.484375 21736.171875
-7601.193848 21735.816406
-7601.930176 21735.443359
-7602.692871 21735.052734
-7603.482422 21734.646484
-7604.298828 21734.222656
-7605.142090 21733.783203
-7606.012207 21733.326172
-7606.909180 21732.851562
-7607.833008 21732.361328
-7608.783691 21731.853516
-7609.761230 21731.330078
-7610.765137 21730.789062
-7611.795898 21730.230469
-7612.853516 21729.656250
-7613.937988 21729.064453
-7615.049316 21728.457031
-7616.187500 21727.832031
-7617.352539 21727.189453
-7618.544434 21726.531250
-7619.763184 21725.855469
-7621.008301 21725.164062
-7622.280273 21724.455078
-7623.579102 21723.728516
-7624.904785 21722.986328
-7626.257324 21722.226562
-7627.636719 21721.451172
-7629.042969 21720.658203
-7630.476074 21719.847656
-7631.936035 21719.021484
-7633.422363 21718.177734
-7634.935547 21717.316406
-7636.475586 21716.439453
-7638.042480 21715.544922
-7639.636230 21714.634766
-7641.256836 21713.707031
-7642.904297 21712.761719
-7644.578613 21711.800781
-7646.279297 21710.822266
-7648.005859 21709.828125
-7649.758301 21708.816406
-7651.536621 21707.789062
-7653.341309 21706.744141
-7655.171875 21705.683594
-7657.028320 21704.605469
-7658.910645 21703.511719
-7660.819336 21702.400391
-7662.753906 21701.273438
-7664.714355 21700.128906
-7666.700684 21698.968750
-7668.713379 21697.791016
-7670.751953 21696.597656
-7672.816406 21695.386719
-7674.906738 21694.160156
-7677.023438 21692.916016
-7679.166016 21691.656250
-7681.334473 21690.378906
-7683.528809 21689.085938
-7685.749512 21687.775391
-7687.996094 21686.449219
-7690.268555 21685.105469
-7692.566895 21683.746094
-7694.891602 21682.369141
-7697.242188 21680.976562
-7699.618652 21679.566406
-7702.020996 21678.140625
-7704.449707 21676.697266
-7706.904297 21675.238281
-7709.384766 21673.761719
-7711.891113 21672.269531
-7714.423828 21670.759766
-7716.982422 21669.234375
-7719.566895 21667.691406
-7722.177246 21666.132812
-7724.813965 21664.556641
-7727.476562 21662.964844
-7730.165039 21661.355469
-7732.879395 21659.730469
-7735.620117 21658.087891
-7738.383789 21656.419922
-7741.171875 21654.730469
-7743.984375 21653.017578
-7746.820801 21651.281250
-7749.681641 21649.523438
-7752.566895 21647.742188
-7755.476074 21645.939453
-7758.409668 21644.113281
-7761.367676 21642.263672
-7764.349609 21640.392578
-7767.355957 21638.498047
-7770.386719 21636.582031
-7773.441406 21634.642578
-7776.520508 21632.679688
-7779.624023 21630.695312
-7782.751465 21628.687500
-7785.903320 21626.658203
-7789.079590 21624.605469
-7792.279785 21622.529297
-7795.504395 21620.431641
-7798.753418 21618.310547
-7802.026367 21616.167969
-7805.323730 21614.001953
-7808.645508 21611.812500
-7811.991211 21609.601562
-7815.361328 21607.367188
-7818.755859 21605.111328
-7822.174316 21602.832031
-7825.617188 21600.531250
-7829.084473 21598.207031
-7832.575684 21595.859375
-7836.091309 21593.490234
-7839.631348 21591.097656
-7843.195312 21588.683594
-7846.783691 21586.246094
-7850.396484 21583.785156
-7854.033203 21581.302734
-7857.694336 21578.796875
-7861.379883 21576.269531
-7865.089355 21573.718750
-7868.808105 21571.138672
-7872.540527 21568.533203
-7876.287109 21565.900391
-7880.047852 21563.242188
-7883.822754 21560.556641
-7887.611328 21557.845703
-7891.414062 21555.107422
-7895.230957 21552.343750
-7899.061523 21549.552734
-7902.906250 21546.734375
-7906.765137 21543.890625
-7910.638184 21541.019531
-7914.524902 21538.123047
-7918.425781 21535.199219
-7922.340820 21532.250000
-7926.269531 21529.273438
-7930.212402 21526.271484
-7934.169434 21523.242188
-7938.140625 21520.185547
-7942.125488 21517.103516
-7946.124512 21513.994141
-7950.137695 21510.859375
-7954.165039 21507.697266
-7958.206055 21504.509766
-7962.261230 21501.294922
-7966.330566 21498.054688
-7970.413574 21494.787109
-7974.510742 21491.492188
-7978.622070 21488.171875
-7982.747559 21484.824219
-7986.886719 21481.451172
-7991.040039 21478.050781
-7995.207520 21474.625000
-7999.388672 21471.171875
-8003.583984 21467.693359
-8007.793457 21464.187500
-8012.017090 21460.654297
-8016.254395 21457.095703
-8020.505859 21453.509766
-8024.771484 21449.898438
-8029.119141 21446.302734
-8033.526367 21442.707031
-8037.992676 21439.113281
-8042.518555 21435.521484
-8047.104004 21431.931641
-8051.748535 21428.341797
-8056.452637 21424.753906
-8061.215820 21421.167969
-8066.038574 21417.583984
-8070.920898 21414.000000
-8075.862305 21410.417969
-8080.863281 21406.837891
-8085.923828 21403.259766
-8091.043457 21399.681641
-8096.222656 21396.105469
-8101.461426 21392.531250
-8106.759277 21388.958984
-8112.116699 21385.386719
-8117.533691 21381.816406
-8123.009766 21378.248047
-8128.545410 21374.679688
-8134.140625 21371.113281
-8139.794922 21367.548828
-8145.508789 21363.986328
-8151.282227 21360.423828
-8157.114746 21356.863281
-8163.006836 21353.304688
-8168.958496 21349.748047
-8174.969238 21346.191406
-8181.039551 21342.636719
-8187.168945 21339.083984
-8193.358398 21335.533203
-8199.606445 21331.982422
-8205.914062 21328.433594
-8212.281250 21324.886719
-8218.708008 21321.341797
-8225.194336 21317.796875
-8231.740234 21314.253906
-8238.344727 21310.712891
-8245.008789 21307.173828
-8251.608398 21303.591797
-8258.184570 21299.982422
-8264.737305 21296.345703
-8271.266602 21292.679688
-8277.773438 21288.986328
-8284.256836 21285.265625
-8290.716797 21281.517578
-8297.153320 21277.742188
-8303.566406 21273.937500
-8309.956055 21270.105469
-8316.322266 21266.246094
-8322.666016 21262.359375
-8328.986328 21258.445312
-8335.283203 21254.501953
-8341.556641 21250.531250
-8347.806641 21246.533203
-8354.033203 21242.507812
-8360.236328 21238.455078
-8366.416016 21234.373047
-8372.573242 21230.263672
-8378.707031 21226.126953
-8384.817383 21221.962891
-8390.904297 21217.771484
-8396.967773 21213.550781
-8403.007812 21209.302734
-8409.024414 21205.027344
-8415.018555 21200.724609
-8420.989258 21196.394531
-8426.936523 21192.035156
-8432.860352 21187.648438
-8438.760742 21183.234375
-8444.637695 21178.792969
-8450.491211 21174.324219
-8456.322266 21169.826172
-8462.129883 21165.300781
-8467.914062 21160.748047
-8473.674805 21156.167969
-8479.412109 21151.560547
-8485.125977 21146.925781
-8490.816406 21142.261719
-8496.435547 21137.589844
-8501.998047 21132.902344
-8507.504883 21128.199219
-8512.956055 21123.482422
-8518.351562 21118.750000
-8523.690430 21114.001953
-8528.973633 21109.240234
-8534.201172 21104.462891
-8539.373047 21099.669922
-8544.488281 21094.863281
-8549.547852 21090.041016
-8554.551758 21085.203125
-8559.500000 21080.349609
-8564.391602 21075.482422
-8569.227539 21070.599609
-8574.007812 21065.701172
-8578.732422 21060.789062
-8583.400391 21055.861328
-8588.012695 21050.917969
-8592.569336 21045.958984
-8597.070312 21040.986328
-8601.514648 21035.998047
-8605.903320 21030.994141
-8610.236328 21025.976562
-8614.513672 21020.943359
-8618.734375 21015.894531
-8622.899414 21010.832031
-8627.008789 21005.753906
-8631.062500 21000.660156
-8635.060547 20995.550781
-8639.001953 20990.427734
-8642.887695 20985.289062
-8646.717773 20980.134766
-8650.492188 20974.966797
-8654.209961 20969.783203
-8657.872070 20964.583984
-8661.478516 20959.369141
-8665.029297 20954.140625
-8668.523438 20948.896484
-8671.961914 20943.636719
-8675.362305 20938.367188
-8678.719727 20933.085938
-8682.033203 20927.792969
-8685.302734 20922.488281
-8688.528320 20917.171875
-8691.709961 20911.843750
-8694.848633 20906.503906
-8697.943359 20901.152344
-8700.994141 20895.789062
-8704.000977 20890.414062
-8706.963867 20885.027344
-8709.882812 20879.628906
-8712.758789 20874.218750
-8715.590820 20868.796875
-8718.378906 20863.363281
-8721.123047 20857.917969
-8723.823242 20852.460938
-8726.479492 20846.992188
-8729.092773 20841.511719
-8731.662109 20836.019531
-8734.187500 20830.515625
-8736.668945 20825.000000
-8739.106445 20819.472656
-8741.500000 20813.931641
-8743.850586 20808.378906
-8746.157227 20802.814453
-8748.419922 20797.238281
-8750.638672 20791.650391
-8752.813477 20786.050781
-8754.945312 20780.439453
-8757.033203 20774.816406
-8759.077148 20769.181641
-8761.077148 20763.535156
-8763.033203 20757.876953
-8764.945312 20752.207031
-8766.814453 20746.525391
-8768.639648 20740.832031
-8770.420898 20735.126953
-8772.158203 20729.410156
-8773.851562 20723.681641
-8775.533203 20717.921875
-8777.192383 20712.138672
-8778.829102 20706.330078
-8780.443359 20700.498047
-8782.035156 20694.640625
-8783.604492 20688.759766
-8785.151367 20682.853516
-8786.675781 20676.921875
-8788.177734 20670.966797
-8789.657227 20664.986328
-8791.114258 20658.982422
-8792.548828 20652.953125
-8793.960938 20646.900391
-8795.350586 20640.822266
-8796.717773 20634.720703
-8798.062500 20628.593750
-8799.384766 20622.443359
-8800.684570 20616.267578
-8801.961914 20610.066406
-8803.216797 20603.841797
-8804.449219 20597.591797
-8805.659180 20591.318359
-8806.846680 20585.019531
-8808.011719 20578.697266
-8809.154297 20572.349609
-8810.274414 20565.978516
-8811.372070 20559.582031
-8812.447266 20553.162109
-8813.500000 20546.716797
-8814.530273 20540.246094
-8815.538086 20533.751953
-8816.523438 20527.232422
-8817.486328 20520.689453
-8818.426758 20514.121094
-8819.344727 20507.529297
-8820.240234 20500.912109
-8821.113281 20494.271484
-8821.963867 20487.605469
-8822.791992 20480.916016
-8823.597656 20474.201172
-8824.421875 20467.490234
-8825.251953 20460.773438
-8826.087891 20454.048828
-8826.928711 20447.318359
-8827.775391 20440.582031
-8828.626953 20433.839844
-8829.484375 20427.091797
-8830.347656 20420.337891
-8831.215820 20413.578125
-8832.089844 20406.812500
-8832.968750 20400.041016
-8833.853516 20393.263672
-8834.743164 20386.478516
-8835.638672 20379.687500
-8836.540039 20372.890625
-8837.446289 20366.087891
-8838.358398 20359.279297
-8839.275391 20352.464844
-8840.198242 20345.644531
-8841.126953 20338.818359
-8842.060547 20331.986328
-8843.000000 20325.148438
-8843.944336 20318.302734
-8844.894531 20311.451172
-8845.849609 20304.593750
-8846.810547 20297.730469
-8847.777344 20290.861328
-8848.749023 20283.986328
-8849.726562 20277.105469
-8850.708984 20270.218750
-8851.697266 20263.326172
-8852.690430 20256.427734
-8853.689453 20249.523438
-8854.694336 20242.611328
-8855.704102 20235.693359
-8856.719727 20228.769531
-8857.740234 20221.839844
-8858.766602 20214.904297
-8859.798828 20207.962891
-8860.835938 20201.015625
-8861.825195 20194.060547
-8862.785156 20187.097656
-8863.714844 20180.128906
-8864.615234 20173.152344
-8865.485352 20166.167969
-8866.325195 20159.177734
-8867.135742 20152.179688
-8867.916016 20145.173828
-8868.666016 20138.162109
-8869.386719 20131.142578
-8870.077148 20124.117188
-8870.738281 20117.083984
-8871.369141 20110.042969
-8871.969727 20102.996094
-8872.541016 20095.941406
-8873.082031 20088.878906
-8873.593750 20081.810547
-8874.075195 20074.734375
-8874.526367 20067.650391
-8874.948242 20060.560547
-8875.339844 20053.462891
-8875.701172 20046.359375
-8876.033203 20039.248047
-8876.334961 20032.128906
-8876.607422 20025.003906
-8876.849609 20017.871094
-8877.061523 20010.730469
-8877.244141 20003.583984
-8877.396484 19996.429688
-8877.519531 19989.269531
-8877.612305 19982.101562
-8877.674805 19974.925781
-8877.708008 19967.744141
-8877.710938 19960.554688
-8877.683594 19953.357422
-8877.626953 19946.154297
-8877.540039 19938.943359
-8877.423828 19931.724609
-8877.277344 19924.500000
-8877.100586 19917.267578
-8876.914062 19910.023438
-8876.710938 19902.769531
-8876.491211 19895.507812
-8876.254883 19888.236328
-8876.001953 19880.955078
-8875.731445 19873.664062
-8875.444336 19866.363281
-8875.140625 19859.052734
-8874.820312 19851.732422
-8874.483398 19844.402344
-8874.129883 19837.062500
-8873.759766 19829.712891
-8873.373047 19822.353516
-8872.969727 19814.984375
-8872.549805 19807.605469
-8872.112305 19800.216797
-8871.658203 19792.818359
-8871.187500 19785.410156
-8870.700195 19777.992188
-8870.196289 19770.564453
-8869.675781 19763.126953
-8869.138672 19755.679688
-8868.584961 19748.222656
-8868.014648 19740.755859
-8867.427734 19733.279297
-8866.823242 19725.792969
-8866.202148 19718.296875
-8865.564453 19710.791016
-8864.910156 19703.275391
-8864.239258 19695.750000
-8863.551758 19688.214844
-8862.847656 19680.669922
-8862.126953 19673.115234
-8861.389648 19665.550781
-8860.635742 19657.976562
-8859.864258 19650.392578
-8859.076172 19642.798828
-8858.271484 19635.195312
-8857.450195 19627.582031
-8856.612305 19619.958984
-8855.776367 19612.312500
-8854.935547 19604.648438
-8854.090820 19596.964844
-8853.241211 19589.263672
-8852.387695 19581.542969
-8851.529297 19573.804688
-8850.666992 19566.046875
-8849.799805 19558.271484
-8848.928711 19550.476562
-8848.052734 19542.664062
-8847.172852 19534.833984
-8846.288086 19526.984375
-8845.399414 19519.117188
-8844.505859 19511.230469
-8843.608398 19503.326172
-8842.706055 19495.402344
-8841.799805 19487.460938
-8840.888672 19479.500000
-8839.973633 19471.521484
-8839.053711 19463.523438
-8838.129883 19455.507812
-8837.201172 19447.472656
-8836.268555 19439.419922
-8835.331055 19431.349609
-8834.389648 19423.259766
-8833.443359 19415.152344
-8832.493164 19407.025391
-8831.538086 19398.880859
-8830.579102 19390.716797
-8829.615234 19382.535156
-8828.647461 19374.333984
-8827.674805 19366.115234
-8826.698242 19357.876953
-8825.716797 19349.621094
-8824.731445 19341.345703
-8823.741211 19333.052734
-8822.747070 19324.742188
-8821.748047 19316.412109
-8820.745117 19308.064453
-8819.737305 19299.697266
-8818.739258 19291.324219
-8817.747070 19282.941406
-8816.759766 19274.548828
-8815.777344 19266.146484
-8814.800781 19257.734375
-8813.829102 19249.312500
-8812.862305 19240.880859
-8811.900391 19232.439453
-8810.944336 19223.988281
-8809.993164 19215.527344
-8809.046875 19207.056641
-8808.106445 19198.576172
-8807.170898 19190.085938
-8806.240234 19181.585938
-8805.315430 19173.076172
-8804.395508 19164.556641
-8803.480469 19156.027344
-8802.570312 19147.488281
-8801.666016 19138.939453
-8800.766602 19130.380859
-8799.872070 19121.812500
-8798.983398 19113.234375
-8798.099609 19104.646484
-8797.220703 19096.048828
-8796.347656 19087.441406
-8795.479492 19078.824219
-8794.616211 19070.197266
-8793.757812 19061.560547
-8792.905273 19052.914062
-8792.057617 19044.257812
-8791.214844 19035.589844
-8790.377930 19026.912109
-8789.545898 19018.224609
-8788.718750 19009.527344
-8787.897461 19000.820312
-8787.081055 18992.103516
-8786.269531 18983.376953
-8785.462891 18974.640625
-8784.662109 18965.894531
-8783.866211 18957.138672
-8783.056641 18948.359375
-8782.240234 18939.562500
-8781.416016 18930.746094
-8780.583984 18921.910156
-8779.745117 18913.056641
-8778.898438 18904.183594
-8778.044922 18895.291016
-8777.183594 18886.380859
-8776.315430 18877.451172
-8775.439453 18868.503906
-8774.556641 18859.537109
-8773.666016 18850.550781
-8772.768555 18841.546875
-8771.863281 18832.523438
-8770.951172 18823.480469
-8770.031250 18814.419922
-8769.104492 18805.339844
-8768.169922 18796.240234
-8767.228516 18787.123047
-8766.279297 18777.986328
-8765.323242 18768.830078
-8764.359375 18759.656250
-8763.387695 18750.462891
-8762.409180 18741.251953
-8761.422852 18732.021484
-8760.429688 18722.771484
-8759.428711 18713.503906
-8758.420898 18704.216797
-8757.405273 18694.910156
-8756.382812 18685.585938
-8755.352539 18676.242188
-8754.315430 18666.878906
-8753.270508 18657.498047
-8752.218750 18648.097656
-8751.159180 18638.679688
-8750.092773 18629.242188
-8749.018555 18619.785156
-8747.937500 18610.310547
-8746.848633 18600.816406
-8745.752930 18591.302734
-8744.579102 18581.765625
-8743.350586 18572.205078
-8742.068359 18562.623047
-8740.731445 18553.017578
-8739.340820 18543.388672
-8737.895508 18533.738281
-8736.396484 18524.064453
-8734.842773 18514.367188
-8733.235352 18504.648438
-8731.573242 18494.906250
-8729.857422 18485.142578
-8728.086914 18475.355469
-8726.262695 18465.544922
-8724.383789 18455.712891
-8722.451172 18445.857422
-8720.463867 18435.978516
-8718.422852 18426.078125
-8716.327148 18416.154297
-8714.177734 18406.208984
-8711.973633 18396.240234
-8709.714844 18386.248047
-8707.402344 18376.234375
-8705.035156 18366.197266
-8702.614258 18356.136719
-8700.138672 18346.054688
-8697.609375 18335.949219
-8695.025391 18325.822266
-8692.387695 18315.671875
-8689.695312 18305.498047
-8686.949219 18295.302734
-8684.148438 18285.083984
-8681.293945 18274.841797
-8678.384766 18264.578125
-8675.421875 18254.291016
-8672.404297 18243.982422
-8669.333008 18233.650391
-8666.207031 18223.294922
-8663.027344 18212.917969
-8659.792969 18202.517578
-8656.503906 18192.093750
-8653.124023 18181.648438
-8649.665039 18171.179688
-8646.127930 18160.687500
-8642.511719 18150.171875
-8638.816406 18139.634766
-8635.041992 18129.074219
-8631.188477 18118.490234
-8627.256836 18107.882812
-8623.246094 18097.251953
-8619.156250 18086.599609
-8614.987305 18075.923828
-8610.740234 18065.224609
-8606.414062 18054.501953
-8602.008789 18043.757812
-8597.524414 18032.990234
-8592.961914 18022.199219
-8588.320312 18011.384766
-8583.599609 18000.546875
-8578.799805 17989.687500
-8573.920898 17978.804688
-8568.963867 17967.898438
-8563.927734 17956.968750
-8558.812500 17946.017578
-8553.618164 17935.042969
-8548.345703 17924.044922
-8542.994141 17913.023438
-8537.563477 17901.978516
-8532.053711 17890.912109
-8526.465820 17879.822266
-8520.798828 17868.708984
-8515.052734 17857.572266
-8509.227539 17846.414062
-8503.324219 17835.232422
-8497.341797 17824.027344
-8491.280273 17812.798828
-8485.139648 17801.546875
-8478.919922 17790.273438
-8472.622070 17778.976562
-8466.245117 17767.656250
-8459.789062 17756.312500
-8453.304688 17744.974609
-8446.774414 17733.632812
-8440.198242 17722.285156
-8433.577148 17710.933594
-8426.910156 17699.578125
-8420.198242 17688.218750
-8413.440430 17676.853516
-8406.636719 17665.484375
-8399.788086 17654.111328
-8392.893555 17642.732422
-8385.953125 17631.349609
-8378.967773 17619.962891
-8371.936523 17608.572266
-8364.860352 17597.175781
-8357.738281 17585.775391
-8350.570312 17574.371094
-8343.357422 17562.962891
-8336.098633 17551.548828
-8328.793945 17540.130859
-8321.444336 17528.708984
-8314.048828 17517.283203
-8306.608398 17505.851562
-8299.122070 17494.416016
-8291.589844 17482.976562
-8284.012695 17471.531250
-8276.389648 17460.082031
-8268.721680 17448.628906
-8261.007812 17437.171875
-8253.248047 17425.708984
-8245.443359 17414.242188
-8237.592773 17402.771484
-8229.696289 17391.296875
-8221.754883 17379.816406
-8213.767578 17368.332031
-8205.735352 17356.843750
-8197.657227 17345.351562
-8189.533691 17333.853516
-8181.364258 17322.351562
-8173.149414 17310.845703
-8164.889160 17299.333984
-8156.552246 17287.820312
-8148.148926 17276.304688
-8139.679199 17264.785156
-8131.143555 17253.261719
-8122.541504 17241.736328
-8113.873047 17230.207031
-8105.138184 17218.675781
-8096.336914 17207.140625
-8087.469727 17195.603516
-8078.536133 17184.062500
-8069.536133 17172.517578
-8060.469727 17160.970703
-8051.337402 17149.419922
-8042.138672 17137.867188
-8032.873535 17126.310547
-8023.541992 17114.750000
-8014.144043 17103.187500
-8004.680176 17091.621094
-7995.149902 17080.052734
-7985.553223 17068.480469
-7975.890137 17056.906250
-7966.161133 17045.328125
-7956.365723 17033.746094
-7946.503906 17022.162109
-7936.575684 17010.574219
-7926.581055 16998.984375
-7916.520508 16987.390625
-7906.393555 16975.792969
-7896.200195 16964.193359
-7885.940430 16952.589844
-7875.614258 16940.984375
-7865.222168 16929.375000
-7854.763672 16917.761719
-7844.238770 16906.146484
-7833.647461 16894.527344
-7822.990234 16882.906250
-7812.266602 16871.281250
-7801.476562 16859.654297
-7790.620117 16848.023438
-7779.697266 16836.388672
-7768.712402 16824.722656
-7757.664062 16813.033203
-7746.552246 16801.322266
-7735.376465 16789.589844
-7724.137207 16777.833984
-7712.834473 16766.056641
-7701.468262 16754.255859
-7690.038574 16742.433594
-7678.544922 16730.587891
-7666.987793 16718.720703
-7655.367188 16706.830078
-7643.683105 16694.917969
-7631.935547 16682.982422
-7620.124023 16671.025391
-7608.249023 16659.046875
-7596.310547 16647.044922
-7584.308594 16635.021484
-7572.243164 16622.974609
-7560.113770 16610.906250
-7547.920898 16598.814453
-7535.664551 16586.701172
-7523.344727 16574.564453
-7510.961426 16562.406250
-7498.514160 16550.224609
-7486.003418 16538.021484
-7473.429199 16525.796875
-7460.791504 16513.548828
-7448.090332 16501.279297
-7435.325195 16488.986328
-7422.496582 16476.671875
-7409.604492 16464.333984
-7396.648926 16451.974609
-7383.629883 16439.591797
-7370.546875 16427.187500
-7357.400391 16414.759766
-7344.190430 16402.310547
-7330.916992 16389.839844
-7317.580078 16377.345703
-7304.179199 16364.829102
-7290.714844 16352.290039
-7277.239258 16339.748047
-7263.735352 16327.196289
-7250.202637 16314.635742
-7236.641602 16302.065430
-7223.051758 16289.485352
-7209.433594 16276.896484
-7195.786621 16264.297852
-7182.111328 16251.689453
-7168.407227 16239.071289
-7154.674805 16226.444336
-7140.913574 16213.807617
-7127.124023 16201.161133
-7113.305664 16188.504883
-7099.458984 16175.839844
-7085.583496 16163.165039
-7071.679688 16150.480469
-7057.747070 16137.787109
-7043.786133 16125.083984
-7029.796387 16112.371094
-7015.778320 16099.648438
-7001.731445 16086.916992
-6987.656250 16074.175781
-6973.552246 16061.424805
-6959.419434 16048.664062
-6945.258301 16035.894531
-6931.068359 16023.115234
-6916.850098 16010.326172
-6902.603027 15997.528320
-6888.327637 15984.720703
-6874.023438 15971.903320
-6859.690918 15959.076172
-6845.329590 15946.240234
-6830.939941 15933.394531
-6816.521484 15920.539062
-6802.074707 15907.673828
-6787.599121 15894.799805
-6773.095215 15881.916016
-6758.562500 15869.022461
-6744.001465 15856.120117
-6729.411621 15843.208008
-6714.779297 15830.282227
-6700.109375 15817.344727
-6685.401367 15804.394531
-6670.655762 15791.432617
-6655.872070 15778.458984
-6641.050781 15765.472656
-6626.191406 15752.474609
-6611.293945 15739.463867
-6596.358887 15726.441406
-6581.385742 15713.407227
-6566.375000 15700.360352
-6551.326172 15687.301758
-6536.239746 15674.230469
-6521.115234 15661.147461
-6505.953125 15648.052734
-6490.752930 15634.945312
-6475.515137 15621.826172
-6460.239258 15608.694336
-6444.925781 15595.550781
-6429.574219 15582.395508
-6414.185059 15569.227539
-6398.757812 15556.047852
-6383.292969 15542.856445
-6367.790039 15529.652344
-6352.249512 15516.436523
-6336.670898 15503.208008
-6321.054688 15489.967773
-6305.400391 15476.715820
-6289.708496 15463.451172
-6273.978516 15450.174805
-6258.210938 15436.885742
-6242.405273 15423.584961
-6226.562012 15410.272461
-6210.680664 15396.947266
-6194.761719 15383.610352
-6178.804688 15370.260742
-6162.809570 15356.899414
-6146.776855 15343.526367
-6130.706055 15330.140625
-6114.597656 15316.743164
-6098.476562 15303.347656
-6082.334961 15289.950195
-6066.172363 15276.550781
-6049.988770 15263.148438
-6033.784180 15249.744141
-6017.558594 15236.336914
-6001.312012 15222.927734
-5985.044434 15209.516602
-5968.756348 15196.102539
-5952.447266 15182.686523
-5936.117188 15169.267578
-5919.766113 15155.846680
-5903.394043 15142.423828
-5887.000977 15128.998047
-5870.586914 15115.570312
-5854.152344 15102.139648
-5837.696777 15088.707031
-5821.220215 15075.272461
-5804.722656 15061.834961
-5788.204102 15048.395508
-5771.664551 15034.953125
-5755.104004 15021.508789
-5738.522949 15008.062500
-5721.920898 14994.613281
-5705.297852 14981.162109
-5688.653809 14967.708008
-5671.988770 14954.251953
-5655.302734 14940.792969
-5638.595703 14927.332031
-5621.868164 14913.869141
-5605.119629 14900.403320
-5588.350098 14886.935547
-5571.559570 14873.464844
-5554.748047 14859.992188
-5537.915527 14846.517578
-5521.062012 14833.040039
-5504.187988 14819.560547
-5487.292969 14806.078125
-5470.376953 14792.593750
-5453.439941 14779.107422
-5436.470703 14765.605469
-5419.473145 14752.091797
-5402.447266 14738.567383
-5385.393066 14725.032227
-5368.310547 14711.485352
-5351.199707 14697.927734
-5334.060547 14684.359375
-5316.893066 14670.779297
-5299.697266 14657.188477
-5282.473145 14643.585938
-5265.220703 14629.972656
-5247.939941 14616.348633
-5230.630859 14602.712891
-5213.293457 14589.066406
-5195.927734 14575.409180
-5178.533203 14561.740234
-5161.110352 14548.060547
-5143.659180 14534.370117
-5126.179688 14520.667969
-5108.671875 14506.955078
-5091.135742 14493.230469
-5073.571289 14479.495117
-5055.978516 14465.749023
-5038.357422 14451.991211
-5020.708008 14438.222656
-5003.030273 14424.443359
-4985.324219 14410.652344
-4967.589844 14396.850586
-4949.827148 14383.038086
-4932.036133 14369.213867
-4914.216797 14355.378906
-4896.368652 14341.532227
-4878.492188 14327.674805
-4860.587402 14313.806641
-4842.654297 14299.926758
-4824.692871 14286.036133
-4806.703125 14272.134766
-4788.685059 14258.221680
-4770.638672 14244.297852
-4752.563965 14230.362305
-4734.469727 14216.414062
-4716.352539 14202.454102
-4698.212891 14188.481445
-4680.050781 14174.496094
-4661.865723 14160.499023
-4643.658203 14146.489258
-4625.428223 14132.466797
-4607.175781 14118.432617
-4588.900391 14104.385742
-4570.602539 14090.327148
-4552.282227 14076.255859
-4533.938965 14062.171875
-4515.573242 14048.076172
-4497.185059 14033.967773
-4478.774414 14019.847656
-4460.340820 14005.714844
-4441.884766 13991.569336
-4423.406250 13977.412109
-4404.904785 13963.242188
-4386.380859 13949.059570
-4367.834473 13934.865234
-4349.265625 13920.658203
-4330.673828 13906.439453
-4312.059570 13892.208008
-4293.422852 13877.963867
-4274.763184 13863.708008
-4256.081055 13849.439453
-4237.376465 13835.158203
-4218.649414 13820.865234
-4199.899414 13806.559570
-4181.126953 13792.242188
-4162.332031 13777.912109
-4143.514160 13763.569336
-4124.673828 13749.214844
-4105.811035 13734.847656
-4086.925537 13720.467773
-4068.017578 13706.076172
-4049.086914 13691.671875
-4030.133545 13677.255859
-4011.157715 13662.827148
-3992.155273 13648.382812
-3973.127441 13633.924805
-3954.074219 13619.452148
-3934.995850 13604.964844
-3915.892090 13590.462891
-3896.763184 13575.947266
-3877.608887 13561.416992
-3858.429199 13546.872070
-3839.224365 13532.312500
-3819.994141 13517.739258
-3800.738525 13503.151367
-3781.457764 13488.548828
-3762.151611 13473.932617
-3742.820312 13459.301758
-3723.463623 13444.656250
-3704.081543 13429.996094
-3684.674316 13415.322266
-3665.241699 13400.633789
-3645.783691 13385.930664
-3626.300537 13371.213867
-3606.791992 13356.482422
-3587.258301 13341.736328
-3567.699219 13326.975586
-3548.114746 13312.201172
-3528.505127 13297.412109
-3508.870117 13282.608398
-3489.209717 13267.791016
-3469.524170 13252.958984
-3449.813232 13238.112305
-3430.077148 13223.250977
-3410.315674 13208.375977
-3390.528809 13193.486328
-3370.716797 13178.582031
-3350.879395 13163.663086
-3331.016602 13148.730469
-3311.128662 13133.783203
-3291.215332 13118.821289
-3271.276855 13103.845703
-3251.312988 13088.855469
-3231.323730 13073.850586
-3211.312012 13058.832031
-3191.276855 13043.799805
-3171.218262 13028.752930
-3151.136230 13013.692383
-3131.030762 12998.618164
-3110.901855 12983.529297
-3090.749756 12968.426758
-3070.574219 12953.309570
-3050.375244 12938.178711
-3030.152832 12923.034180
-3009.906982 12907.875000
-2989.637695 12892.702148
-2969.344971 12877.515625
-2949.028809 12862.314453
-2928.689209 12847.099609
-2908.326172 12831.871094
-2887.939697 12816.627930
-2867.529785 12801.371094
-2847.096436 12786.099609
-2826.639648 12770.814453
-2806.159424 12755.515625
-2785.655762 12740.202148
-2765.128662 12724.875000
-2744.578125 12709.534180
-2724.004395 12694.178711
-2703.407227 12678.809570
-2682.786621 12663.426758
-2662.142578 12648.029297
-2641.475098 12632.618164
-2620.784180 12617.193359
-2600.069824 12601.753906
-2579.332031 12586.300781
-2558.570801 12570.833008
-2537.786133 12555.351562
-2516.978027 12539.856445
-2496.146484 12524.346680
-2475.291504 12508.823242
-2454.413086 12493.286133
-2433.511230 12477.734375
-2412.585938 12462.168945
-2391.643066 12446.589844
-2370.680420 12430.996094
-2349.698242 12415.388672
-2328.696533 12399.767578
-2307.675049 12384.131836
-2286.634033 12368.482422
-2265.573242 12352.819336
-2244.492920 12337.141602
-2223.393066 12321.450195
-2202.273438 12305.745117
-2181.134277 12290.025391
-2159.975586 12274.291992
-2138.797119 12258.544922
-2117.599121 12242.783203
-2096.381348 12227.007812
-2075.144043 12211.218750
-2053.887207 12195.415039
-2032.610596 12179.597656
-2011.314453 12163.766602
-1989.998657 12147.920898
-1968.663208 12132.061523
-1947.308105 12116.188477
-1925.933472 12100.300781
-1904.539185 12084.399414
-1883.125244 12068.484375
-1861.691650 12052.554688
-1840.238525 12036.611328
-1818.765747 12020.653320
-1797.273315 12004.681641
-1775.761230 11988.696289
-1754.229614 11972.696289
-1732.678345 11956.682617
-1711.107422 11940.655273
-1689.516846 11924.613281
-1667.906616 11908.557617
-1646.276855 11892.488281
-1624.627441 11876.404297
-1602.958374 11860.306641
-1581.269653 11844.195312
-1559.561401 11828.069336
-1537.838013 11811.928711
-1516.098022 11795.772461
-1494.341309 11779.601562
-1472.567993 11763.416016
-1450.778076 11747.214844
-1428.971558 11730.999023
-1407.148438 11714.768555
-1385.308594 11698.522461
-1363.452148 11682.261719
-1341.579102 11665.986328
-1319.689453 11649.695312
-1297.783203 11633.389648
-1275.860352 11617.069336
-1253.920776 11600.733398
-1231.964600 11584.382812
-1209.991821 11568.017578
-1188.002441 11551.636719
-1165.996460 11535.241211
-1143.973755 11518.831055
-1121.934448 11502.405273
-1099.878540 11485.964844
-1077.806030 11469.509766
-1055.716919 11453.039062
-1033.611084 11436.553711
-1011.488647 11420.053711
-989.349609 11403.538086
-967.193970 11387.007812
-945.021667 11370.462891
-922.832764 11353.902344
-900.627258 11337.327148
-878.405090 11320.737305
-856.166321 11304.131836
-833.910889 11287.511719
-811.638855 11270.876953
-789.350220 11254.226562
-767.044922 11237.561523
-744.723022 11220.881836
-722.384521 11204.186523
-700.029358 11187.476562
-677.657593 11170.751953
-655.266296 11154.009766
-632.856445 11137.250000
-610.428040 11120.473633
-587.981079 11103.680664
-565.515564 11086.871094
-543.031494 11070.044922
-520.528931 11053.202148
-498.007782 11036.341797
-475.468079 11019.464844
-452.909821 11002.571289
-430.333038 10985.661133
-407.737701 10968.734375
-385.123810 10951.791016
-362.491364 10934.831055
-339.840363 10917.853516
-317.170807 10900.859375
-294.482697 10883.848633
-271.776031 10866.821289
-249.050827 10849.777344
-226.307068 10832.716797
-203.544769 10815.638672
-180.763916 10798.543945
-157.964508 10781.432617
-135.146545 10764.304688
-112.310036 10747.160156
-89.454979 10729.999023
-66.581367 10712.821289
-43.689209 10695.625977
-20.778498 10678.414062
2.150764 10661.185547
25.098577 10643.940430
48.064941 10626.678711
71.049858 10609.400391
94.053322 10592.105469
117.075340 10574.792969
140.115906 10557.463867
163.175018 10540.118164
186.252686 10522.755859
209.348907 10505.376953
232.463684 10487.981445
255.605438 10470.562500
278.771362 10453.122070
301.961487 10435.660156
325.175781 10418.176758
348.414246 10400.672852
371.676880 10383.147461
394.963684 10365.600586
418.274658 10348.032227
441.609833 10330.443359
464.969177 10312.833008
488.352692 10295.201172
511.760376 10277.548828
535.192261 10259.875000
558.648315 10242.179688
582.128540 10224.462891
605.632935 10206.725586
629.161499 10188.966797
652.714233 10171.186523
676.291138 10153.384766
699.892212 10135.562500
723.517456 10117.718750
747.166931 10099.853516
770.840576 10081.966797
794.538391 10064.059570
818.260376 10046.130859
842.006531 10028.180664
865.776855 10010.208984
889.571350 9992.216797
913.390015 9974.203125
937.232849 9956.167969
961.099854 9938.112305
984.991028 9920.035156
1008.906433 9901.936523
1032.845947 9883.816406
1056.809692 9865.675781
1080.797607 9847.513672
1104.809692 9829.330078
1128.845947 9811.125000
1152.906372 9792.899414
1176.990967 9774.652344
1201.095825 9756.384766
1225.222168 9738.097656
1249.369995 9719.790039
1273.539429 9701.461914
1297.730347 9683.113281
1321.942749 9664.744141
1346.176758 9646.354492
1370.432251 9627.944336
1394.709229 9609.513672
1419.007812 9591.062500
1443.327881 9572.591797
1467.669434 9554.100586
1492.032593 9535.588867
1516.417236 9517.056641
1540.823364 9498.503906
1565.251099 9479.930664
1589.700317 9461.336914
1614.171021 9442.722656
1638.663330 9424.087891
1663.177124 9405.433594
1687.712402 9386.758789
1712.269165 9368.063477
1736.847534 9349.347656
1761.447388 9330.611328
1786.068726 9311.854492
1810.711670 9293.077148
1835.376099 9274.279297
1860.062012 9255.460938
1884.769531 9236.623047
1909.498535 9217.764648
1934.249023 9198.885742
1959.021118 9179.986328
1983.814697 9161.066406
2008.629761 9142.125977
2033.466431 9123.165039
2058.324707 9104.183594
2083.204346 9085.181641
2108.105469 9066.160156
2133.028320 9047.118164
2157.972656 9028.055664
