-0.031637 0.023675
-0.077700 0.059800
-0.138187 0.108375
-0.213100 0.169400
-0.302437 0.242875
-0.406200 0.328800
-0.524387 0.427175
-0.657000 0.538000
-0.804037 0.661275
-0.965500 0.797000
-1.141387 0.945175
-1.331699 1.105800
-1.536437 1.278875
-1.755599 1.464400
-1.989187 1.662374
-2.237199 1.872799
-2.499636 2.095674
-2.776499 2.330999
-3.067786 2.578774
-3.373498 2.838999
-3.693636 3.111674
-4.028198 3.396799
-4.377185 3.694374
-4.740598 4.004398
-5.118435 4.326873
-5.510697 4.661798
-5.917385 5.009173
-6.338497 5.368999
-6.774034 5.741273
-7.223996 6.125998
-7.688383 6.523173
-8.167195 6.932798
-8.660433 7.354873
-9.168095 7.789398
-9.690182 8.236373
-10.226694 8.695798
-10.777631 9.167673
-11.342993 9.651999
-11.922780 10.148773
-12.516992 10.657998
-13.124654 11.180723
-13.746091 11.716599
-14.381303 12.265623
-15.030290 12.827798
-15.693051 13.403123
-16.369589 13.991598
-17.059900 14.593223
-17.763987 15.207997
-18.481848 15.835922
-19.213484 16.476997
-19.958895 17.131222
-20.718082 17.798597
-21.491045 18.479122
-22.277782 19.172796
-23.078295 19.879622
-23.892582 20.599596
-24.720644 21.332720
-25.562481 22.078995
-26.418093 22.838419
-27.287479 23.610994
-28.170641 24.396719
-29.067577 25.195593
-29.978289 26.007618
-30.902775 26.832792
-31.841036 27.671116
-32.793072 28.522591
-33.758884 29.387215
-34.738472 30.264990
-35.731834 31.155914
-36.738972 32.059990
-37.759884 32.977215
-38.794571 33.907589
-39.843033 34.851112
-40.905270 35.807785
-41.981281 36.777611
-43.071068 37.760586
-44.174629 38.756710
-45.291965 39.765984
-46.423077 40.788406
-47.567963 41.823982
-48.722950 42.876270
-49.889263 43.944080
-51.066898 45.027416
-52.255859 46.126278
-53.456146 47.240665
-54.667759 48.370579
-55.890694 49.516014
-57.124954 50.676975
-58.370541 51.853462
-59.627453 53.045475
-60.895691 54.253010
-62.175251 55.476070
-63.466137 56.714657
-64.768349 57.968769
-66.081886 59.238407
-67.406746 60.523567
-68.742935 61.824253
-70.090446 63.140465
-71.449280 64.472198
-72.819443 65.819458
-74.200928 67.182243
-75.593742 68.560555
-76.997879 69.954391
-78.413338 71.363754
-79.840126 72.788643
-81.278236 74.229057
-82.727676 75.684990
-84.188438 77.156448
-85.660522 78.643433
-87.143936 80.145943
-88.638672 81.663979
-90.144730 83.197540
-91.662117 84.746628
-93.190826 86.311241
-94.730865 87.891380
-96.282227 89.487045
-97.844910 91.098228
-99.418922 92.724937
-101.004257 94.367172
-102.600922 96.024933
-104.196274 97.662331
-105.794525 99.291328
-107.395676 100.911926
-108.999725 102.524124
-110.606674 104.127922
-112.216522 105.723320
-113.829269 107.310318
-115.444916 108.888916
-117.063461 110.459114
-118.684914 112.020912
-120.309265 113.574310
-121.936516 115.119308
-123.566666 116.655907
-125.199715 118.184105
-126.835663 119.703903
-128.474518 121.215302
-130.116272 122.718300
-131.760925 124.212898
-133.408478 125.699097
-135.058929 127.176895
-136.712280 128.646301
-138.368530 130.107300
-140.027679 131.559906
-141.689728 133.004105
-143.354675 134.439911
-145.022522 135.867310
-146.693268 137.286316
-148.366913 138.696915
-150.043457 140.099121
-151.722900 141.492920
-153.405243 142.878326
-155.090485 144.255325
-156.778641 145.623932
-158.469696 146.984131
-160.163651 148.335938
-161.860504 149.679337
-163.560257 151.014343
-165.262909 152.340942
-166.968460 153.659149
-168.676910 154.968948
-170.372772 156.256805
-172.061203 157.527237
-173.742218 158.780243
-175.415802 160.015823
-177.081970 161.233994
-178.740707 162.434738
-180.392014 163.618057
-182.035904 164.783951
-183.672363 165.932419
-185.301407 167.063461
-186.923019 168.177078
-188.537201 169.273270
-190.143967 170.352036
-191.743301 171.413376
-193.335220 172.457291
-194.919708 173.483780
-196.496765 174.492844
-198.066406 175.484482
-199.628616 176.458694
-201.183411 177.415482
-202.730774 178.354843
-204.270706 179.276779
-205.803223 180.181290
-207.328308 181.068375
-208.845978 181.938034
-210.356216 182.790268
-211.859024 183.625076
-213.354416 184.442459
-214.842377 185.242416
-216.322922 186.024948
-217.796036 186.790054
-219.261719 187.537750
-220.719986 188.268021
-222.170822 188.980865
-223.614243 189.676285
-225.050232 190.354279
-226.478790 191.014847
-227.899933 191.657990
-229.313644 192.283707
-230.719940 192.891998
-232.108566 193.531204
-233.482941 194.185211
-234.843063 194.854019
-236.188934 195.537613
-237.520554 196.236008
-238.837936 196.949203
-240.141068 197.677200
-241.429947 198.419998
-242.704575 199.177597
-243.964951 199.949997
-245.211075 200.737198
-246.442947 201.539200
-247.660568 202.356003
-248.863937 203.187607
-250.053070 204.034012
-251.227951 204.895218
-252.388580 205.771225
-253.534958 206.662033
-254.667084 207.567627
-255.784958 208.488022
-256.888580 209.423218
-257.977966 210.373215
-259.053101 211.338013
-260.113983 212.317612
-261.160614 213.312012
-262.192993 214.321213
-263.211121 215.345215
-264.214996 216.384018
-265.204620 217.437622
-266.179993 218.506027
-267.141113 219.589233
-268.087982 220.687241
-269.020599 221.800049
-269.938965 222.927643
-270.843079 224.070038
-271.732941 225.227234
-272.608551 226.399231
-273.469940 227.586029
-274.317078 228.787628
-275.149963 230.004028
-275.947113 231.235794
-276.715668 232.482727
-277.455658 233.744843
-278.167084 235.022125
-278.849915 236.314590
-279.504181 237.622223
-280.129883 238.945038
-280.726990 240.283020
-281.295532 241.636185
-281.835510 243.004517
-282.346893 244.388031
-282.829712 245.786713
-283.283936 247.200577
-283.709595 248.629608
-284.106689 250.073822
-284.475189 251.533203
-284.815125 253.007767
-285.126495 254.497498
-285.409271 256.002411
-285.663483 257.522491
-285.889130 259.057739
-286.086182 260.608185
-286.254669 262.173798
-286.394592 263.754578
-286.505920 265.350555
-286.588684 266.961700
-286.642883 268.588013
-286.668488 270.229492
-286.665527 271.886169
-286.634003 273.558014
-286.573883 275.245026
-286.485199 276.947205
-286.367950 278.664581
-286.222107 280.397125
-286.047699 282.144836
-285.844696 283.907715
-285.613129 285.685791
-285.352997 287.479034
-285.064270 289.287445
-284.746979 291.111023
-284.416229 292.970825
-284.066986 294.859833
-283.699249 296.778046
-283.312988 298.725433
-282.908234 300.702026
-282.484985 302.707825
-282.043243 304.742828
-281.583008 306.807037
-281.104248 308.900452
-280.606995 311.023041
-280.091248 313.174835
-279.557007 315.355835
-279.004242 317.566040
-278.432983 319.805450
-277.843231 322.074036
-277.234985 324.371826
-276.608246 326.698822
-275.962982 329.055023
-275.299225 331.440430
-274.616974 333.855042
-273.916229 336.298828
-273.196991 338.771820
-272.459229 341.274017
-271.702972 343.805420
-270.928223 346.366028
-270.134979 348.955841
-269.323242 351.574829
-268.492981 354.223022
-267.644226 356.900421
-266.776978 359.607025
-265.891235 362.342834
-264.987000 365.107849
-264.064240 367.902039
-263.122986 370.725433
-262.163239 373.578033
-261.184998 376.459839
-260.188263 379.370850
-259.173004 382.311066
-258.139252 385.280457
-257.087006 388.279053
-256.008728 391.319580
-254.906921 394.397766
-253.781586 397.513641
-252.632721 400.667175
-251.460327 403.858398
-250.264420 407.087280
-249.044983 410.353851
-247.802017 413.658081
-246.535538 417.000000
-245.245529 420.379578
-243.931992 423.796844
-242.594925 427.251770
-241.234344 430.744385
-239.850235 434.274658
-238.442596 437.842621
-237.011429 441.448273
-235.556747 445.091583
-234.078537 448.772583
-232.576797 452.491241
-231.051529 456.247589
-229.502747 460.041595
-227.930435 463.873291
-226.334595 467.742645
-224.715225 471.649689
-223.072342 475.594391
-221.405930 479.576782
-219.715988 483.596832
-218.002533 487.654572
-216.265549 491.749969
-214.505035 495.883057
-212.720993 500.053833
-210.913437 504.262268
-209.082352 508.508392
-207.227737 512.792175
-205.349594 517.113647
-203.447937 521.472778
-201.522751 525.869568
-199.574036 530.304077
-197.601791 534.776245
-195.606033 539.286072
-193.576691 543.788635
-191.517136 548.298950
-189.427353 552.817017
-187.307343 557.342773
-185.157104 561.876282
-182.976639 566.417480
-180.765945 570.966431
-178.525040 575.523071
-176.253906 580.087463
-173.952545 584.659607
-171.620956 589.239441
-169.259140 593.827026
-166.867096 598.422302
-164.444839 603.025330
-161.992355 607.636047
-159.509644 612.254517
-156.996704 616.880737
-154.453537 621.514648
-151.880142 626.156311
-149.276535 630.805664
-146.642700 635.462769
-143.978638 640.127563
-141.284348 644.800110
-138.559830 649.480347
-135.805084 654.168335
-133.020126 658.864075
-130.204941 663.567505
-127.359528 668.278687
-124.483887 672.997559
-121.578026 677.724182
-118.641937 682.458496
-115.675621 687.200562
-112.679085 691.950378
-109.652321 696.707886
-106.595329 701.473145
-103.508118 706.246094
-100.390678 711.026794
-97.243011 715.815186
-94.065125 720.611328
-90.857010 725.415222
-87.648895 730.216736
-84.430710 735.019226
-81.202446 739.822754
-77.964104 744.627258
-74.715691 749.432739
-71.457199 754.239258
-68.188637 759.046753
-64.909996 763.855286
-61.621281 768.664795
-58.322491 773.475281
-55.013626 778.286804
-51.694687 783.099304
-48.365673 787.912842
-45.026585 792.727356
-41.677422 797.542847
-38.318180 802.359375
-34.948864 807.176880
-31.569473 811.995361
-28.180008 816.814880
-24.780468 821.635376
-21.370853 826.456909
-17.951162 831.279419
-14.521397 836.102905
-11.081556 840.927429
-7.631640 845.752930
-4.171649 850.579407
-0.701583 855.406921
2.778558 860.235413
6.268774 865.064941
9.769066 869.895447
13.279432 874.726929
16.799873 879.559448
20.330391 884.392944
23.870983 889.227478
27.421650 894.062988
30.982391 898.899475
34.553207 903.737000
38.134098 908.575500
41.725067 913.414978
45.326111 918.255493
48.932426 923.123047
52.545620 928.008911
56.165688 932.913147
59.792629 937.835754
63.426445 942.776672
67.067139 947.735962
70.714706 952.713623
74.369148 957.709595
78.030464 962.723938
81.698654 967.756592
85.373718 972.807617
89.055664 977.877014
92.744484 982.964722
96.440178 988.070801
100.142746 993.195251
103.852188 998.338013
107.568504 1003.499146
111.291695 1008.678650
115.021759 1013.876465
118.758705 1019.092651
122.502525 1024.327148
126.253220 1029.580078
130.010788 1034.851318
133.775238 1040.140869
137.546555 1045.448853
141.324753 1050.775146
145.109818 1056.119751
148.901764 1061.482788
152.700577 1066.864136
156.506271 1072.263794
160.318832 1077.681885
164.138275 1083.118286
167.964600 1088.572998
171.797791 1094.046143
175.637863 1099.537598
179.484802 1105.047363
183.338623 1110.575439
187.199310 1116.121948
191.066879 1121.686768
194.941330 1127.269897
198.854034 1132.856567
202.794540 1138.451660
206.762848 1144.055298
210.758957 1149.667358
214.782867 1155.287842
218.834579 1160.916748
222.914093 1166.554077
227.021393 1172.199951
231.156494 1177.854248
235.319397 1183.516968
239.510101 1189.188110
243.728607 1194.867798
247.974915 1200.555908
252.249023 1206.252441
256.550934 1211.957397
260.880646 1217.670776
265.238159 1223.392700
269.623474 1229.123047
274.036591 1234.861816
278.477509 1240.609009
282.946228 1246.364746
287.442749 1252.128906
291.967072 1257.901489
296.519165 1263.682495
301.099060 1269.471924
305.706757 1275.269897
310.342255 1281.076294
315.005554 1286.891113
319.696655 1292.714355
324.415558 1298.546143
329.162262 1304.386353
333.936768 1310.234985
338.739075 1316.092041
343.569183 1321.957520
348.427094 1327.831543
353.312805 1333.713989
358.226318 1339.604858
363.167633 1345.504150
368.136749 1351.411987
373.133667 1357.328247
378.149597 1363.232788
383.187469 1369.132324
388.247314 1375.026855
393.329102 1380.916382
398.432831 1386.800903
403.558502 1392.680420
408.706146 1398.554932
413.875732 1404.424438
419.067261 1410.288940
424.280731 1416.148438
429.516174 1422.002930
434.773560 1427.852417
440.052887 1433.696899
445.354156 1439.536377
450.677399 1445.370850
456.022583 1451.200317
461.389709 1457.024780
466.778778 1462.844238
472.189819 1468.658691
477.622803 1474.468262
483.077728 1480.272827
488.554596 1486.072388
494.053436 1491.866943
499.574219 1497.656494
505.116943 1503.441040
510.681610 1509.220581
516.268250 1514.995117
521.876831 1520.764648
527.507385 1526.529175
533.159851 1532.288696
538.834290 1538.043213
544.530640 1543.792725
550.248962 1549.537231
555.989258 1555.276733
561.751465 1561.011230
567.535645 1566.740723
573.341797 1572.465210
579.169861 1578.184692
585.019897 1583.899170
590.891846 1589.608643
596.771362 1595.328369
602.663208 1601.053223
608.567444 1606.783203
614.484009 1612.518433
620.412964 1618.258789
626.354248 1624.004272
632.307861 1629.754883
638.273865 1635.510620
644.252197 1641.271606
650.242859 1647.037720
656.245911 1652.808960
662.261292 1658.585327
668.289001 1664.366821
674.329102 1670.153442
680.381531 1675.945312
686.446289 1681.742310
692.523438 1687.544434
698.612915 1693.351685
704.714722 1699.164062
710.828918 1704.981689
716.955444 1710.804443
723.094299 1716.632324
729.245544 1722.465332
735.409119 1728.303467
741.585022 1734.146851
747.773315 1739.995361
753.973938 1745.848999
760.186890 1751.707764
766.412231 1757.571655
772.649902 1763.440674
778.899902 1769.314941
785.162292 1775.194336
791.437012 1781.078857
797.724060 1786.968506
804.023499 1792.863281
810.335266 1798.763306
816.659424 1804.668457
822.995911 1810.578735
829.344727 1816.494141
835.705933 1822.414673
842.099609 1828.318481
848.519043 1834.212891
854.964233 1840.097778
861.435242 1845.973267
867.932007 1851.839233
874.454529 1857.695801
881.002869 1863.542969
887.576965 1869.380615
894.176819 1875.208862
900.802490 1881.027588
907.453918 1886.836914
914.131104 1892.636841
920.834045 1898.427246
927.562805 1904.208252
934.317322 1909.979736
941.097595 1915.741821
947.903687 1921.494507
954.735535 1927.237671
961.593140 1932.971436
968.476501 1938.695679
975.385681 1944.410522
982.320618 1950.115845
989.281311 1955.811768
996.267822 1961.498291
1003.280090 1967.175293
1010.318115 1972.842896
1017.381958 1978.500977
1024.471558 1984.149658
1031.586914 1989.788940
1038.728027 1995.418701
1045.894897 2001.039062
1053.087646 2006.649902
1060.306152 2012.251343
1067.550415 2017.843262
1074.820435 2023.425781
1082.116211 2028.998901
1089.437744 2034.562500
1096.785034 2040.116699
1104.158203 2045.661377
1111.557129 2051.196533
1118.975098 2056.687012
1126.414429 2062.144531
1133.875122 2067.569092
1141.357178 2072.960693
1148.860596 2078.319336
1156.385376 2083.645020
1163.931519 2088.937744
1171.499023 2094.197510
1179.087891 2099.424316
1186.698120 2104.618164
1194.329590 2109.779053
1201.982422 2114.906982
1209.656616 2120.001709
1217.352173 2125.063477
1225.069092 2130.092285
1232.807373 2135.088135
1240.567017 2140.051025
1248.348022 2144.980957
1256.150391 2149.877930
1263.974121 2154.741943
1271.819092 2159.572998
1279.685425 2164.371094
1287.573120 2169.136230
1295.482178 2173.868408
1303.412598 2178.567627
1311.364380 2183.233887
1319.337524 2187.867188
1327.332031 2192.467285
1335.347900 2197.034424
1343.385132 2201.568604
1351.443604 2206.069824
1359.523438 2210.538086
1367.624634 2214.973389
1375.747192 2219.375732
1383.891113 2223.745117
1392.056396 2228.081543
1400.243042 2232.385010
1408.451050 2236.655518
1416.680420 2240.893066
1424.931152 2245.097656
1433.189697 2249.317383
1441.460571 2253.536133
1449.743774 2257.753906
1458.039307 2261.970703
1466.347290 2266.186523
1474.667603 2270.401611
1483.000244 2274.615723
1491.345215 2278.828857
1499.702515 2283.041016
1508.072144 2287.252197
1516.454224 2291.462646
1524.848633 2295.672119
1533.255371 2299.880615
1541.674438 2304.088135
1550.105835 2308.294678
1558.549561 2312.500488
1567.005737 2316.705322
1575.474243 2320.909180
1583.955078 2325.112061
1592.448242 2329.314209
1600.953735 2333.515381
1609.471558 2337.715576
1618.001831 2341.914795
1626.544434 2346.113037
1635.099365 2350.310547
1643.666626 2354.507080
1652.246216 2358.702637
1660.838135 2362.897217
1669.442505 2367.090820
1678.059204 2371.283691
1686.688232 2375.475586
1695.329590 2379.666504
1703.983276 2383.856445
1712.649292 2388.045410
1721.327759 2392.233643
1730.018555 2396.420898
1738.721680 2400.607178
1747.437134 2404.792480
1756.164917 2408.977051
1764.905151 2413.160645
1773.682373 2417.337402
1782.488281 2421.509277
1791.322998 2425.676270
1800.186523 2429.838623
1809.078735 2433.996094
1817.999756 2438.148682
1826.949585 2442.296387
1835.928223 2446.439453
1844.935547 2450.577637
1853.971680 2454.710938
1863.036621 2458.839355
1872.130371 2462.963135
1881.252808 2467.082031
1890.404053 2471.196045
1899.584106 2475.305176
1908.792847 2479.409668
1918.030396 2483.509277
1927.296753 2487.604004
1936.591919 2491.693848
1945.915771 2495.778809
1955.268433 2499.859131
1964.649902 2503.934570
1974.060181 2508.005127
1983.499146 2512.070801
1992.966919 2516.131836
2002.463501 2520.187988
2011.988770 2524.239258
2021.542847 2528.285645
2031.125732 2532.327393
2040.737427 2536.364258
2050.377930 2540.396240
2060.047119 2544.423340
2069.745117 2548.445801
2079.471924 2552.463379
2089.227539 2556.476074
2099.011719 2560.483887
2108.824707 2564.486816
2118.666504 2568.485107
2128.537109 2572.478516
2138.436523 2576.467041
2148.348389 2580.453857
2158.278076 2584.437988
2168.225586 2588.419434
2178.190918 2592.397949
2188.174072 2596.373779
2198.175049 2600.346924
2208.193848 2604.317383
2218.230469 2608.284912
2228.285156 2612.249756
2238.357666 2616.211914
2248.447998 2620.171387
2258.556152 2624.127930
2268.682129 2628.081787
2278.825928 2632.032959
2288.987549 2635.981201
2299.166992 2639.926758
2309.364258 2643.869629
2319.579590 2647.809814
2329.812744 2651.747070
2340.063721 2655.681641
2350.332520 2659.613525
2360.619141 2663.542725
2370.923584 2667.468994
2381.245850 2671.392578
2391.585938 2675.313477
2401.944092 2679.231689
2412.320068 2683.146973
2422.713867 2687.059570
2433.125488 2690.969482
2443.554932 2694.876709
2454.002197 2698.781006
2464.467285 2702.682617
2474.950195 2706.581543
2485.450928 2710.477539
2495.969727 2714.370850
2506.506348 2718.261475
2517.060791 2722.149414
2527.633057 2726.034424
2538.223145 2729.916748
2548.831055 2733.796387
2559.481445 2737.690674
2570.165771 2741.593994
2580.884277 2745.506104
2591.636963 2749.427246
2602.423828 2753.357178
2613.244873 2757.295898
2624.100098 2761.243652
2634.989502 2765.200195
2645.913086 2769.165771
2656.870850 2773.140137
2667.862793 2777.123535
2678.888916 2781.115723
2689.949219 2785.116943
2701.043701 2789.126953
2712.172363 2793.145996
2723.335205 2797.173828
2734.532227 2801.210449
2745.763428 2805.256104
2757.028809 2809.310547
2768.328369 2813.374023
2779.662109 2817.446289
2791.030029 2821.527588
2802.432129 2825.617676
2813.868408 2829.716797
2825.338867 2833.824707
2836.843506 2837.941650
2848.382324 2842.067383
2859.955322 2846.201904
2871.562500 2850.345459
2883.203857 2854.497803
2894.879395 2858.659180
2906.589111 2862.829346
2918.333008 2867.008545
2930.111084 2871.196533
2941.923340 2875.393555
2953.769775 2879.599365
2965.650391 2883.814209
2977.565186 2888.037842
2989.514160 2892.270508
3001.497314 2896.511963
3013.500488 2900.762695
3025.528564 2905.022705
3037.581543 2909.291992
3049.659180 2913.570312
3061.761719 2917.857910
3073.889160 2922.154785
3086.041260 2926.460693
3098.218262 2930.775879
3110.420166 2935.100342
3122.646729 2939.433838
3134.898193 2943.776611
3147.174561 2948.128662
3159.475586 2952.489746
3171.801514 2956.860107
3184.152344 2961.239746
3196.528076 2965.628662
3208.928467 2970.026611
3221.353760 2974.433838
3233.803955 2978.850342
3246.278809 2983.275879
3258.778564 2987.710693
3271.303223 2992.154785
3283.852539 2996.607910
3296.426758 3001.070312
3309.025879 3005.541992
3321.649658 3010.022705
3334.298340 3014.512695
3346.971924 3019.011963
3359.670166 3023.520264
3372.393311 3028.037842
3385.141357 3032.564697
3397.914062 3037.100586
3410.711670 3041.645752
3423.534180 3046.200195
3436.381592 3050.763672
3449.253662 3055.336426
3462.150635 3059.918457
3475.072510 3064.509766
3488.019043 3069.110107
3500.990479 3073.719727
3513.966064 3078.340332
3526.952637 3082.971436
3539.950439 3087.613037
3552.959229 3092.265137
3565.979004 3096.927734
3579.009766 3101.600830
3592.051758 3106.284424
3605.104736 3110.978516
3618.168701 3115.683105
3631.243652 3120.398193
3644.329834 3125.123535
3657.427002 3129.859375
3670.535156 3134.605713
3683.654297 3139.362549
3696.784668 3144.129883
3709.926025 3148.907715
3723.078369 3153.696045
3736.241699 3158.494873
3749.416260 3163.304199
3762.601807 3168.124023
3775.798340 3172.954346
3789.005859 3177.794922
3802.224609 3182.645996
3815.454346 3187.507568
3828.695068 3192.379639
3841.947021 3197.262207
3855.209961 3202.155273
3868.483887 3207.058838
3881.768799 3211.972900
3895.064941 3216.897461
3908.372070 3221.832520
3921.690186 3226.778076
3935.019287 3231.733887
3948.359619 3236.700195
3961.710938 3241.677002
3975.073242 3246.664307
3988.446533 3251.662109
4001.831055 3256.670410
4015.226562 3261.689209
4028.633057 3266.718506
4042.059082 3271.750488
4055.501709 3276.787842
4068.960938 3281.830566
4082.436768 3286.878662
4095.929199 3291.932129
4109.437988 3296.990967
4122.963379 3302.055176
4136.505371 3307.124756
4150.063965 3312.199707
4163.639160 3317.279785
4177.230957 3322.365234
4190.839355 3327.456055
4204.464355 3332.552246
4218.105957 3337.653809
4231.764160 3342.760742
4245.438965 3347.873047
4259.130371 3352.990723
4272.838379 3358.113770
4286.562988 3363.242188
4300.304199 3368.375977
4314.062012 3373.514893
4327.836426 3378.659180
4341.627441 3383.808838
4355.435059 3388.963867
4369.259277 3394.124268
4383.100098 3399.290039
4396.957520 3404.461182
4410.831543 3409.637695
4424.722168 3414.819580
4438.629395 3420.006836
4452.553223 3425.199463
4466.493652 3430.397461
4480.450684 3435.600586
4494.424316 3440.809082
4508.414551 3446.022949
4522.421387 3451.242188
4536.444824 3456.466797
4550.484863 3461.696777
4564.541504 3466.932129
4578.614746 3472.172852
4592.691406 3477.404053
4606.775879 3482.630859
4620.867676 3487.853271
4634.967285 3493.071045
4649.074707 3498.284424
4663.189941 3503.493408
4677.312988 3508.697754
4691.443848 3513.897705
4705.582031 3519.093262
4719.728027 3524.284180
4733.881836 3529.470703
4748.043457 3534.652832
4762.212891 3539.830322
4776.390137 3545.003418
4790.574707 3550.172119
4804.767090 3555.336182
4818.967285 3560.495850
4833.175293 3565.651123
4847.391113 3570.801758
4861.614258 3575.947998
4875.845215 3581.089844
4890.083984 3586.227051
4904.330566 3591.359863
4918.584961 3596.488281
4932.847168 3601.612061
4947.116699 3606.731445
4961.394043 3611.846436
4975.679199 3616.956787
4989.972168 3622.062744
5004.272949 3627.164307
5018.581055 3632.261230
5032.896973 3637.353760
5047.220703 3642.441895
5061.552246 3647.525391
5075.891602 3652.604492
5090.238770 3657.679199
5104.593262 3662.749512
5118.955566 3667.815186
5133.325684 3672.876465
5147.703613 3677.933350
5162.077637 3682.963135
5176.451660 3687.973389
5190.825195 3692.964111
5205.198730 3697.935303
5219.572266 3702.886963
5233.945801 3707.819092
5248.319336 3712.731689
5262.692871 3717.624756
5277.065918 3722.498291
5291.438965 3727.352295
5305.812012 3732.186768
5320.185059 3737.001709
5334.558105 3741.797119
5348.931152 3746.572998
5363.304199 3751.329346
5377.676758 3756.066162
5392.049316 3760.783447
5406.421875 3765.481201
5420.794434 3770.159424
5435.166992 3774.818115
5449.539551 3779.457275
5463.911621 3784.076904
5478.283691 3788.677002
5492.655762 3793.257568
5507.027832 3797.818604
5521.399902 3802.360107
5535.771973 3806.882080
5550.144043 3811.384521
5564.515625 3815.867432
5578.887207 3820.330811
5593.258789 3824.774658
5607.630371 3829.199219
5622.001953 3833.604248
5636.373535 3837.989746
5650.744629 3842.355713
5665.115723 3846.702148
5679.486816 3851.029053
5693.857910 3855.336426
5708.229004 3859.624268
5722.600098 3863.892578
5736.980957 3868.171143
5751.368164 3872.450195
5765.761719 3876.729736
5780.161621 3881.009766
5794.568359 3885.290283
5808.981445 3889.571289
5823.400879 3893.852783
5837.826660 3898.134521
5852.259277 3902.416748
5866.698242 3906.699463
5881.143555 3910.982666
5895.595703 3915.266357
5910.054199 3919.550537
5924.519043 3923.834961
5938.990234 3928.119873
5953.468262 3932.405273
5967.952637 3936.691162
5982.443359 3940.977539
5996.940430 3945.264404
6011.444336 3949.551514
6025.954590 3953.839111
6040.471191 3958.127197
6054.994141 3962.415771
6069.523926 3966.704834
6084.060059 3970.994385
6098.602539 3975.284424
6113.151367 3979.574707
6127.707031 3983.865479
6142.269043 3988.156738
6156.837402 3992.448486
6171.412598 3996.740723
6185.994141 4001.033447
6200.582031 4005.326416
6215.176270 4009.619873
6229.777344 4013.913818
6244.384766 4018.208252
6258.998535 4022.503174
6273.618652 4026.798584
6288.245605 4031.094482
6302.878906 4035.390625
6317.552734 4039.683838
6332.255371 4043.975342
6346.987305 4048.265137
6361.748047 4052.552979
6376.538086 4056.839111
6391.357422 4061.123535
6406.205566 4065.406006
6421.083008 4069.686768
6435.989258 4073.965576
6450.924805 4078.242676
6465.889648 4082.518066
6480.883301 4086.791504
6495.906250 4091.063232
6510.958008 4095.333252
6526.039062 4099.601562
6541.149414 4103.867676
6556.288574 4108.132324
6571.457031 4112.395020
6586.654297 4116.655762
6601.880859 4120.915039
6617.136719 4125.172363
6632.421387 4129.427734
6647.735352 4133.681641
6663.078125 4137.933594
6678.450195 4142.183594
6693.851562 4146.432129
6709.281738 4150.678711
6724.741211 4154.923340
6740.229492 4159.166016
6755.747070 4163.407227
6771.293945 4167.646484
6786.869629 4171.883789
6802.474609 4176.119629
6818.108398 4180.353516
6833.771484 4184.585449
6849.463867 4188.815918
6865.185059 4193.044434
6880.935547 4197.270996
6896.714844 4201.496094
6912.523438 4205.719238
6928.369629 4209.936035
6944.250488 4214.147949
6960.166016 4218.355469
6976.116211 4222.558105
6992.101074 4226.755859
7008.120605 4230.948730
7024.174805 4235.136719
7040.263672 4239.320312
7056.387207 4243.499023
7072.545410 4247.672852
7088.738281 4251.841797
7104.965820 4256.006348
7121.228516 4260.166016
7137.525879 4264.320801
7153.857910 4268.470703
7170.224609 4272.615723
7186.625977 4276.756348
7203.062012 4280.892090
7219.532715 4285.022949
7236.038086 4289.148926
7252.578125 4293.270508
7269.152832 4297.387207
7285.762207 4301.499023
7302.406250 4305.605957
7319.084961 4309.708008
7335.798340 4313.805664
7352.546387 4317.898438
7369.329590 4321.986328
7386.147461 4326.069336
7403.000000 4330.147461
7419.887207 4334.221191
7436.809082 4338.290039
7453.765625 4342.354004
7470.756836 4346.413086
7487.782715 4350.467773
7504.843262 4354.517578
7521.938477 4358.562500
7539.068359 4362.602539
7556.232910 4366.637695
7573.432129 4370.668457
7590.644531 4374.724609
7607.876953 4378.795898
7625.129395 4382.882812
7642.401855 4386.985352
7659.694336 4391.103027
7677.006836 4395.236328
7694.339844 4399.384766
7711.692871 4403.548828
7729.065918 4407.728027
7746.458984 4411.922852
7763.872070 4416.132812
7781.305176 4420.358398
7798.758789 4424.599121
7816.232422 4428.855469
7833.726074 4433.126953
7851.239746 4437.414062
7868.773438 4441.716797
7886.327148 4446.034668
7903.900879 4450.368164
7921.495117 4454.716797
7939.109375 4459.081055
7956.743652 4463.460449
7974.397949 4467.855469
7992.072266 4472.265625
8009.766602 4476.691406
8027.481445 4481.132324
8045.216309 4485.588867
8062.971191 4490.060547
8080.746094 4494.547852
8098.541016 4499.050781
8116.355957 4503.568848
8134.191406 4508.102539
8152.046875 4512.651367
8169.922363 4517.215820
8187.817871 4521.795410
8205.733398 4526.390625
8223.668945 4531.000977
8241.625000 4535.626953
8259.600586 4540.268066
8277.596680 4544.924805
8295.606445 4549.568359
8313.632812 4554.208496
8331.674805 4558.845215
8349.733398 4563.478516
8367.807617 4568.108398
8385.898438 4572.734863
8404.005859 4577.357910
8422.128906 4581.977539
8440.268555 4586.593750
8458.423828 4591.206055
8476.595703 4595.814941
8494.783203 4600.420410
8512.987305 4605.022461
8531.207031 4609.621094
8549.443359 4614.216309
8567.695312 4618.808105
8585.963867 4623.396484
8604.248047 4627.980957
8622.548828 4632.562012
8640.865234 4637.139648
8659.198242 4641.713867
8677.546875 4646.284668
8695.912109 4650.852051
8714.292969 4655.416016
8732.690430 4659.976562
8751.103516 4664.533691
8769.533203 4669.086914
8787.978516 4673.636719
8806.440430 4678.183105
8824.917969 4682.726074
8843.412109 4687.265625
8861.921875 4691.801758
8880.448242 4696.334473
8898.990234 4700.863770
8917.548828 4705.389160
8936.123047 4709.911133
8954.713867 4714.429688
8973.320312 4718.944824
8991.943359 4723.456543
9010.582031 4727.964844
9029.233398 4732.441895
9047.897461 4736.896973
9066.575195 4741.330566
9085.265625 4745.742188
9103.969727 4750.131836
9122.687500 4754.499512
9141.417969 4758.845215
9160.162109 4763.169434
9178.919922 4767.471680
9197.690430 4771.751953
9216.474609 4776.010254
9235.271484 4780.246582
9254.082031 4784.461426
9272.906250 4788.654297
9291.743164 4792.825195
9310.593750 4796.974121
9329.457031 4801.101074
9348.333984 4805.206543
9367.224609 4809.290039
9386.127930 4813.351562
9405.044922 4817.391113
9423.975586 4821.408691
9442.918945 4825.404785
9461.875977 4829.378906
9480.845703 4833.331055
9499.829102 4837.261230
9518.826172 4841.169434
9537.835938 4845.056152
9556.859375 4848.920898
9575.896484 4852.763672
9594.946289 4856.584473
9614.009766 4860.383301
9633.085938 4864.160645
9652.175781 4867.916016
9671.279297 4871.649414
9690.395508 4875.360840
9709.525391 4879.050293
9728.667969 4882.718262
9747.824219 4886.364258
9766.994141 4889.988281
9786.161133 4893.592285
9805.331055 4897.175293
9824.503906 4900.737793
9843.679688 4904.279297
9862.858398 4907.800293
9882.039062 4911.300293
9901.222656 4914.779785
9920.409180 4918.238281
9939.598633 4921.676270
9958.791016 4925.093262
9977.986328 4928.489746
9997.183594 4931.865234
10016.383789 4935.220215
10035.586914 4938.554199
10054.792969 4941.867676
10074.001953 4945.160156
10093.213867 4948.432129
10112.427734 4951.683105
10131.644531 4954.913574
10150.864258 4958.123047
10170.086914 4961.312012
10189.312500 4964.479980
10208.541016 4967.627441
10227.772461 4970.753906
10247.005859 4973.859863
10266.242188 4976.944824
10285.481445 4980.009277
10304.723633 4983.052734
10323.968750 4986.075684
10343.216797 4989.077637
10362.466797 4992.059082
10381.719727 4995.019531
10400.975586 4997.959473
10420.234375 5000.878418
10439.496094 5003.776855
10458.760742 5006.654297
10478.027344 5009.511230
10497.296875 5012.347168
10516.569336 5015.162598
10535.844727 5017.957031
10555.126953 5020.707520
10574.414062 5023.421875
10593.707031 5026.100098
10613.004883 5028.742188
10632.307617 5031.347656
10651.616211 5033.916992
10670.929688 5036.450195
10690.249023 5038.947266
10709.573242 5041.407715
10728.903320 5043.832031
10748.238281 5046.220215
10767.578125 5048.572266
10786.923828 5050.887695
10806.274414 5053.166992
10825.630859 5055.410156
10844.992188 5057.617188
10864.359375 5059.787598
10883.731445 5061.921875
10903.108398 5064.020020
10922.491211 5066.082031
10941.878906 5068.107422
10961.272461 5070.096680
10980.670898 5072.049805
11000.075195 5073.966797
11019.484375 5075.847656
11038.898438 5077.691895
11058.318359 5079.500000
11077.743164 5081.271973
11097.173828 5083.007812
11116.609375 5084.707031
11136.050781 5086.370117
11155.497070 5087.997070
11174.948242 5089.587891
11194.405273 5091.142090
11213.867188 5092.660156
11233.334961 5094.142090
11252.807617 5095.587891
11272.286133 5096.997070
11291.769531 5098.370117
11311.257812 5099.707031
11330.727539 5101.041016
11350.187500 5102.360840
11369.636719 5103.666992
11389.075195 5104.958984
11408.502930 5106.237305
11427.919922 5107.501465
11447.327148 5108.751465
11466.723633 5109.987793
11486.109375 5111.209961
11505.484375 5112.418457
11524.848633 5113.612793
11544.203125 5114.792969
11563.546875 5115.959473
11582.879883 5117.111816
11602.202148 5118.250000
11621.513672 5119.374512
11640.815430 5120.484863
11660.106445 5121.581543
11679.386719 5122.664062
11698.656250 5123.732422
11717.915039 5124.787109
11737.164062 5125.827637
11756.402344 5126.854004
11775.629883 5127.866699
11794.846680 5128.865234
11814.052734 5129.850098
11833.249023 5130.820801
11852.434570 5131.777344
11871.609375 5132.720215
11890.773438 5133.648926
11909.926758 5134.563477
11929.070312 5135.464355
11948.203125 5136.351074
11967.325195 5137.224121
11986.436523 5138.083008
12005.537109 5138.927734
12024.627930 5139.758789
12043.708008 5140.575684
12062.777344 5141.378906
12081.835938 5142.167969
12100.881836 5142.909180
12119.915039 5143.614258
12138.936523 5144.282715
12157.945312 5144.915039
12176.942383 5145.510742
12195.926758 5146.070312
12214.899414 5146.593262
12233.859375 5147.080078
12252.807617 5147.530273
12271.743164 5147.943848
12290.666992 5148.321289
12309.578125 5148.662109
12328.477539 5148.966797
12347.364258 5149.234863
12366.239258 5149.466797
12385.101562 5149.662109
12403.952148 5149.821289
12422.790039 5149.943848
12441.615234 5150.030273
12460.428711 5150.080078
12479.229492 5150.093262
12498.018555 5150.070312
12516.794922 5150.010742
12535.559570 5149.915039
12554.311523 5149.782715
12573.051758 5149.614258
12591.779297 5149.409180
12610.495117 5149.167969
12629.198242 5148.890137
12647.889648 5148.576172
12666.568359 5148.225586
12685.235352 5147.838379
12703.889648 5147.415039
12722.532227 5146.955078
12741.162109 5146.458984
12759.780273 5145.926270
12778.385742 5145.357422
12796.979492 5144.751953
12815.560547 5144.110352
12834.129883 5143.432129
12852.699219 5142.728027
12871.265625 5141.994141
12889.828125 5141.230957
12908.387695 5140.437988
12926.943359 5139.615723
12945.495117 5138.764160
12964.043945 5137.882812
12982.588867 5136.972168
13001.129883 5136.031738
13019.667969 5135.062012
13038.202148 5134.062988
13056.732422 5133.034180
13075.259766 5131.976074
13093.783203 5130.888184
13112.303711 5129.770996
13130.820312 5128.624023
13149.333008 5127.447754
13167.842773 5126.242188
13186.348633 5125.006836
13204.850586 5123.742188
13223.349609 5122.447754
13241.844727 5121.124023
13260.335938 5119.770996
13278.824219 5118.388184
13297.308594 5116.976074
13315.790039 5115.534180
13334.267578 5114.062988
13352.741211 5112.562012
13371.211914 5111.031738
13389.678711 5109.472168
13408.141602 5107.882812
13426.601562 5106.264160
13445.057617 5104.615723
13463.509766 5102.937988
13481.958984 5101.230957
13500.404297 5099.494141
13518.846680 5097.728027
13537.285156 5095.932129
13555.719727 5094.106934
13574.151367 5092.251953
13592.581055 5090.383789
13611.008789 5088.497070
13629.434570 5086.591797
13647.858398 5084.667969
13666.280273 5082.725586
13684.700195 5080.764160
13703.118164 5078.784180
13721.534180 5076.785645
13739.948242 5074.768555
13758.360352 5072.732910
13776.770508 5070.678223
13795.178711 5068.604980
13813.584961 5066.513184
13831.989258 5064.402832
13850.391602 5062.273926
13868.791992 5060.125977
13887.190430 5057.959473
13905.586914 5055.774414
13923.981445 5053.570801
13942.373047 5051.348633
13960.762695 5049.107422
13979.150391 5046.847656
13997.536133 5044.569336
14015.919922 5042.272461
14034.301758 5039.957031
14052.681641 5037.622559
14071.059570 5035.269531
14089.435547 5032.897949
14107.809570 5030.507812
14126.181641 5028.099121
14144.551758 5025.671875
14162.919922 5023.225586
14181.286133 5020.760742
14199.650391 5018.277344
14218.012695 5015.775391
14236.373047 5013.254883
14254.731445 5010.715332
14273.087891 5008.157227
14291.442383 5005.580566
14309.794922 5002.985352
14328.150391 5000.377441
14346.506836 4997.754883
14364.865234 4995.117676
14383.224609 4992.466309
14401.585938 4989.800293
14419.949219 4987.119629
14438.313477 4984.424316
14456.679688 4981.714355
14475.046875 4978.989746
14493.416016 4976.250488
14511.786133 4973.497070
14530.158203 4970.729004
14548.531250 4967.946289
14566.906250 4965.148926
14585.282227 4962.336914
14603.660156 4959.510254
14622.039062 4956.668945
14640.419922 4953.813477
14658.801758 4950.943359
14677.185547 4948.058594
14695.571289 4945.159180
14713.958008 4942.245117
14732.346680 4939.316406
14750.736328 4936.373535
14769.127930 4933.416016
14787.520508 4930.443848
14805.915039 4927.457031
14824.310547 4924.455566
14842.708008 4921.439453
14861.106445 4918.408691
14879.506836 4915.363770
14897.908203 4912.304199
14916.311523 4909.229980
14934.716797 4906.141113
14953.123047 4903.037598
14971.531250 4899.919434
14989.940430 4896.786621
15008.351562 4893.639648
15026.763672 4890.478027
15045.177734 4887.301758
15063.597656 4884.104004
15082.022461 4880.886719
15100.452148 4877.650391
15118.886719 4874.395020
15137.325195 4871.120117
15155.768555 4867.826172
15174.216797 4864.513184
15192.669922 4861.180664
15211.127930 4857.829102
15229.589844 4854.458008
15248.056641 4851.067871
15266.528320 4847.658691
15285.004883 4844.229980
15303.486328 4840.782227
15321.972656 4837.315430
15340.462891 4833.829102
15358.958008 4830.323730
15377.458008 4826.798828
15395.962891 4823.254883
15414.472656 4819.691895
15432.986328 4816.109375
15451.504883 4812.507812
15470.028320 4808.887207
15488.556641 4805.247070
15507.089844 4801.587891
15525.626953 4797.909180
15544.168945 4794.211426
15562.715820 4790.494629
15581.267578 4786.758301
15599.824219 4783.002930
15618.385742 4779.228516
15636.951172 4775.434570
15655.521484 4771.621582
15674.096680 4767.789062
15692.676758 4763.937500
15711.261719 4760.066895
15729.850586 4756.176758
15748.444336 4752.267578
15767.042969 4748.339355
15785.646484 4744.391602
15804.350586 4740.432129
15823.124023 4736.458496
15841.966797 4732.470215
15860.878906 4728.467773
15879.859375 4724.451172
15898.909180 4720.419922
15918.028320 4716.374512
15937.215820 4712.314941
15956.472656 4708.240723
15975.798828 4704.152344
15995.193359 4700.049805
16014.657227 4695.932617
16034.190430 4691.801270
16053.791992 4687.655762
16073.462891 4683.495605
16093.203125 4679.321289
16113.011719 4675.132812
16132.889648 4670.929688
16152.836914 4666.712402
16172.852539 4662.480957
16192.937500 4658.234863
16213.091797 4653.974609
16233.314453 4649.700195
16253.606445 4645.411133
16273.967773 4641.107910
16294.398438 4636.790039
16314.897461 4632.458008
16335.465820 4628.111816
16356.103516 4623.750977
16376.809570 4619.375977
16397.583984 4614.986816
16418.427734 4610.583008
16439.341797 4606.165039
16460.324219 4601.732910
16481.375000 4597.286133
16502.496094 4592.825195
16523.685547 4588.350098
16544.943359 4583.860352
16566.271484 4579.356445
16587.667969 4574.838379
16609.167969 4570.285645
16630.759766 4565.704590
16652.443359 4561.095703
16674.218750 4556.458984
16696.085938 4551.794434
16718.042969 4547.102051
16740.091797 4542.381836
16762.232422 4537.633301
16784.464844 4532.856934
16806.789062 4528.052734
16829.205078 4523.220703
16851.712891 4518.360840
16874.312500 4513.472656
16897.003906 4508.556641
16919.787109 4503.612793
16942.662109 4498.641113
16965.628906 4493.641602
16988.687500 4488.613770
17011.837891 4483.558105
17035.080078 4478.474609
17058.414062 4473.363281
17081.837891 4468.224121
17105.353516 4463.056641
17128.960938 4457.861328
17152.660156 4452.638184
17176.451172 4447.387207
17200.333984 4442.108398
17224.308594 4436.801758
17248.375000 4431.466797
17272.533203 4426.104004
17296.783203 4420.713379
17321.125000 4415.294922
17345.558594 4409.848633
17370.083984 4404.374023
17394.701172 4398.871582
17419.410156 4393.341309
17444.210938 4387.783203
17469.101562 4382.197266
17494.083984 4376.583008
17519.158203 4370.940918
17544.328125 4365.296875
17569.591797 4359.642090
17594.949219 4353.976074
17620.400391 4348.299316
17645.947266 4342.611816
17671.587891 4336.913574
17697.322266 4331.204590
17723.150391 4325.484863
17749.072266 4319.754395
17775.087891 4314.013184
17801.197266 4308.260742
17827.400391 4302.497559
17853.699219 4296.723633
17880.091797 4290.938965
17906.578125 4285.143555
17933.158203 4279.337402
17959.832031 4273.520508
17986.599609 4267.692871
18013.460938 4261.854492
18040.416016 4256.004883
18067.466797 4250.144531
18094.611328 4244.273438
18121.849609 4238.391602
18149.181641 4232.499023
18176.607422 4226.595703
18204.126953 4220.681641
18231.740234 4214.756836
18259.449219 4208.820801
18287.251953 4202.874023
18315.148438 4196.916504
18343.138672 4190.948242
18371.222656 4184.969238
18399.400391 4178.979492
18427.671875 4172.979004
18456.037109 4166.967773
18484.498047 4160.945312
18513.052734 4154.912109
18541.701172 4148.868164
18570.443359 4142.813477
18599.279297 4136.748047
18628.162109 4130.639160
18657.109375 4124.497559
18686.119141 4118.323242
18715.191406 4112.116211
18744.328125 4105.876465
18773.527344 4099.604004
18802.789062 4093.298828
18832.115234 4086.961182
18861.503906 4080.590820
18890.955078 4074.187744
18920.470703 4067.751953
18950.048828 4061.283447
18979.689453 4054.782227
19009.392578 4048.248535
19039.160156 4041.682129
19068.990234 4035.083008
19098.882812 4028.451172
19128.839844 4021.786621
19158.859375 4015.089355
19188.941406 4008.359619
19219.087891 4001.597168
19249.296875 3994.802002
19279.568359 3987.974121
19309.904297 3981.113525
19340.302734 3974.220215
19370.763672 3967.294434
19401.287109 3960.335938
19431.875000 3953.344727
19462.525391 3946.320801
19493.238281 3939.264160
19524.015625 3932.174805
19554.855469 3925.052979
19585.757812 3917.898438
19616.724609 3910.711182
19647.753906 3903.491211
19678.845703 3896.238525
19710.001953 3888.953125
19741.220703 3881.635010
19772.501953 3874.284424
19803.845703 3866.901123
19835.222656 3859.480713
19866.642578 3852.024658
19898.105469 3844.533203
19929.611328 3837.006104
19961.158203 3829.443359
19992.748047 3821.845215
20024.380859 3814.211426
20056.056641 3806.541992
20087.775391 3798.836914
20119.537109 3791.096436
20151.341797 3783.320312
20183.187500 3775.508545
20215.076172 3767.661377
20247.007812 3759.778564
20278.982422 3751.860107
20311.000000 3743.906006
20343.060547 3735.916504
20375.162109 3727.891357
20407.306641 3719.830566
20439.494141 3711.734375
20471.724609 3703.602539
20503.998047 3695.435059
20536.314453 3687.231934
20568.673828 3678.993408
20601.074219 3670.719238
20633.517578 3662.409424
20666.003906 3654.064209
20698.533203 3645.683350
20731.105469 3637.266846
20763.720703 3628.814697
20796.378906 3620.327148
20829.078125 3611.803955
20861.820312 3603.245117
20894.605469 3594.650879
20927.433594 3586.020996
20960.304688 3577.355469
20993.218750 3568.654297
21026.173828 3559.917725
21059.171875 3551.145508
21092.212891 3542.337646
21125.306641 3533.521729
21158.449219 3524.688477
21191.642578 3515.837891
21224.884766 3506.969971
21258.175781 3498.084717
21291.515625 3489.182129
21324.906250 3480.262207
21358.345703 3471.324951
21391.833984 3462.370361
21425.371094 3453.398438
21458.958984 3444.409180
21492.595703 3435.402588
21526.281250 3426.378662
21560.015625 3417.337402
21593.800781 3408.278809
21627.634766 3399.202881
21661.517578 3390.109619
21695.449219 3380.999023
21729.429688 3371.871094
21763.460938 3362.725830
21797.541016 3353.563232
21831.669922 3344.383301
21865.847656 3335.186035
21900.076172 3325.971680
21934.353516 3316.739990
21968.679688 3307.490967
22003.054688 3298.224609
22037.480469 3288.940918
22071.955078 3279.639893
22106.478516 3270.321533
22141.050781 3260.985840
22175.673828 3251.632812
22210.345703 3242.262451
22245.066406 3232.874756
22279.835938 3223.469727
22314.656250 3214.047363
22349.525391 3204.607666
22384.443359 3195.150635
22419.410156 3185.676270
22454.427734 3176.184570
22489.494141 3166.676758
22524.609375 3157.152588
22559.773438 3147.612061
22594.986328 3138.054932
22630.250000 3128.481445
22665.562500 3118.891602
22700.923828 3109.285156
22736.333984 3099.662354
22771.794922 3090.022949
22807.304688 3080.367188
22842.863281 3070.695068
22878.470703 3061.006348
22914.126953 3051.301270
22949.833984 3041.579834
22985.589844 3031.841797
23021.394531 3022.087402
23057.248047 3012.316406
23093.150391 3002.529053
23129.103516 2992.725342
23165.105469 2982.905029
23201.156250 2973.068359
23237.255859 2963.215332
23273.406250 2953.345703
23309.605469 2943.459717
23345.853516 2933.557129
23382.150391 2923.638184
23418.496094 2913.702881
23454.892578 2903.750977
23491.337891 2893.782715
23527.832031 2883.797852
23564.375000 2873.796631
23600.966797 2863.779053
23637.609375 2853.744873
23674.300781 2843.694336
23711.041016 2833.627441
23747.830078 2823.543945
23784.669922 2813.444092
23821.558594 2803.327637
23858.496094 2793.194824
23895.482422 2783.045654
23932.519531 2772.873047
23969.605469 2762.679443
24006.740234 2752.464844
24043.925781 2742.229248
24081.160156 2731.972656
24118.445312 2721.695068
24155.779297 2711.396484
24193.162109 2701.076660
24230.595703 2690.735840
24268.078125 2680.374023
24305.609375 2669.991211
24343.191406 2659.587402
24380.822266 2649.162598
24418.501953 2638.716797
24456.232422 2628.250000
24494.011719 2617.761963
24531.841797 2607.252930
24569.720703 2596.722900
24607.648438 2586.171875
24645.626953 2575.599854
24683.654297 2565.006836
24721.730469 2554.392822
24759.857422 2543.757812
24798.033203 2533.101807
24836.259766 2522.424561
24874.535156 2511.726318
24912.859375 2501.007080
24951.234375 2490.266846
24989.658203 2479.505615
25028.130859 2468.723389
25066.654297 2457.920166
25105.226562 2447.095947
25143.847656 2436.250488
25182.519531 2425.384033
25221.240234 2414.496582
25260.011719 2403.588135
25298.832031 2392.658691
25337.701172 2381.708252
25376.621094 2370.736816
25415.589844 2359.744385
25454.582031 2348.739746
25493.605469 2337.719971
25532.660156 2326.685059
25571.746094 2315.635010
25610.863281 2304.570068
25650.013672 2293.489990
25689.195312 2282.394775
25728.408203 2271.284424
25767.652344 2260.158936
25806.927734 2249.018311
25846.234375 2237.862549
25885.574219 2226.691895
25924.945312 2215.506104
25964.347656 2204.305176
26003.781250 2193.089111
26043.246094 2181.857910
26082.744141 2170.611572
26122.273438 2159.350342
26161.833984 2148.073975
26201.425781 2136.782471
26241.048828 2125.475830
26280.703125 2114.154053
26320.390625 2102.817139
26360.109375 2091.465088
26399.859375 2080.098145
26439.640625 2068.716064
26479.453125 2057.318848
26519.298828 2045.906494
26559.175781 2034.479004
26599.083984 2023.036499
26639.023438 2011.578857
26678.994141 2000.106079
26718.996094 1988.618286
26759.031250 1977.115356
26799.097656 1965.597290
26839.195312 1954.064209
26879.324219 1942.515991
26919.484375 1930.952637
26959.675781 1919.374146
26999.900391 1907.780640
27040.160156 1896.173706
27080.453125 1884.552734
27120.779297 1872.917725
27161.140625 1861.268799
27201.535156 1849.605835
27241.964844 1837.928833
27282.427734 1826.237793
27322.923828 1814.532837
27363.455078 1802.813843
27404.019531 1791.080811
27444.619141 1779.333862
27485.251953 1767.572876
27525.917969 1755.797852
27566.619141 1744.008911
27607.353516 1732.205933
27648.123047 1720.388916
27688.925781 1708.557983
27729.761719 1696.713013
27770.632812 1684.854004
27811.537109 1672.980957
27852.476562 1661.093994
27893.449219 1649.192993
27934.455078 1637.277954
27975.496094 1625.348999
28016.570312 1613.406006
28057.679688 1601.448975
28098.822266 1589.478027
28139.998047 1577.493042
28181.208984 1565.494019
28222.453125 1553.481079
28263.732422 1541.454102
28305.044922 1529.413086
28346.390625 1517.358154
28387.771484 1505.289185
28429.185547 1493.206177
28470.632812 1481.109131
28512.115234 1468.998169
28553.630859 1456.873169
28595.181641 1444.734131
28636.765625 1432.581177
28678.380859 1420.419312
28720.027344 1408.246948
28761.705078 1396.063965
28803.414062 1383.870361
28845.154297 1371.666260
28886.927734 1359.451538
28928.732422 1347.226196
28970.568359 1334.990356
29012.435547 1322.743896
29054.335938 1310.486816
29096.267578 1298.219238
29138.230469 1285.941040
29180.224609 1273.652344
29222.250000 1261.353027
29264.308594 1249.043091
29306.398438 1236.722656
29348.519531 1224.391602
29390.671875 1212.049927
29432.855469 1199.697754
29475.072266 1187.334961
29517.320312 1174.961548
29559.599609 1162.577637
29601.910156 1150.183105
29644.251953 1137.778076
29686.626953 1125.362427
29729.033203 1112.936157
29771.470703 1100.499390
29813.939453 1088.052002
29856.439453 1075.593994
29898.972656 1063.125488
29941.537109 1050.646362
29984.132812 1038.156738
30026.759766 1025.656494
30069.417969 1013.145691
30112.109375 1000.624268
30154.832031 988.092285
30197.585938 975.549744
30240.371094 962.996582
30283.187500 950.432861
30326.037109 937.858582
30368.916016 925.269531
30411.824219 912.667175
30454.763672 900.051453
30497.732422 887.422363
30540.732422 874.779968
30583.761719 862.124207
30626.822266 849.455078
30669.912109 836.772583
30713.033203 824.076782
30756.183594 811.367615
30799.365234 798.645081
30842.576172 785.909241
30885.818359 773.160034
30929.089844 760.397461
30972.392578 747.621521
31015.724609 734.832275
31059.087891 722.029663
31102.480469 709.213684
31145.904297 696.384399
31189.357422 683.541748
31232.841797 670.685730
31276.355469 657.816345
31319.900391 644.933655
31363.474609 632.037598
31407.080078 619.128174
31450.714844 606.205444
31494.380859 593.269348
31538.076172 580.319885
31581.802734 567.357056
31625.558594 554.380920
31669.345703 541.391418
31713.162109 528.388550
31757.009766 515.372314
31800.886719 502.342773
31844.794922 489.299866
31888.732422 476.243622
31932.701172 463.174011
31976.699219 450.091064
32020.728516 436.994751
32064.787109 423.885101
32108.861328 410.764343
32152.955078 397.631744
32197.068359 384.487305
32241.203125 371.330994
32285.357422 358.162842
32329.531250 344.982849
32373.724609 331.790985
32417.937500 318.587280
32462.171875 305.371735
32506.425781 292.144318
32550.699219 278.905060
32594.992188 265.653961
32639.304688 252.391006
32683.638672 239.116196
32727.992188 225.829544
32772.367188 212.531036
32816.761719 199.220673
32861.175781 185.898468
32905.609375 172.564407
32950.062500 159.218491
32994.535156 145.860733
33039.027344 132.491119
33083.539062 119.109657
33128.070312 105.716347
33172.625000 92.311188
33217.199219 78.894173
33261.792969 65.465309
33306.406250 52.024597
33351.039062 38.572033
33395.691406 25.107620
33440.363281 11.631356
33485.054688 -1.856758
33529.765625 -15.356723
33574.496094 -28.868538
33619.250000 -42.392204
33664.023438 -55.927719
33708.816406 -69.475082
33753.628906 -83.034302
33798.460938 -96.605370
33843.312500 -110.188286
33888.171875 -123.786880
33933.039062 -137.399872
33977.917969 -151.027267
34022.808594 -164.669052
34067.707031 -178.325241
34112.617188 -191.995834
34157.539062 -205.680817
34202.468750 -219.380203
34247.410156 -233.093994
34292.363281 -246.822174
34337.324219 -260.564758
34382.296875 -274.321747
34427.281250 -288.093140
34472.273438 -301.878937
34517.277344 -315.679108
34562.292969 -329.493683
34607.320312 -343.322662
34652.355469 -357.166046
34697.402344 -371.023834
34742.460938 -384.896027
34787.527344 -398.782623
34832.605469 -412.683594
34877.695312 -426.598969
34922.792969 -440.528748
34967.902344 -454.472931
35013.023438 -468.431519
35058.152344 -482.404510
35103.292969 -496.391876
35148.445312 -510.393646
35193.605469 -524.409851
35238.777344 -538.440430
35283.960938 -552.485413
35329.152344 -566.544800
35374.355469 -580.618591
35419.570312 -594.706787
35464.792969 -608.809387
35510.027344 -622.926392
35555.273438 -637.057739
35600.531250 -651.203491
35645.796875 -665.363647
35691.078125 -679.547546
35736.371094 -693.752075
35781.679688 -707.977234
35827.000000 -722.223022
35872.332031 -736.489441
35917.679688 -750.776489
35963.039062 -765.084167
36008.414062 -779.412476
36053.800781 -793.761414
36099.199219 -808.130981
36144.613281 -822.521118
36190.039062 -836.931885
36235.480469 -851.363281
36280.933594 -865.815308
36326.398438 -880.287964
36371.878906 -894.781250
36417.371094 -909.295166
36462.875000 -923.829712
36508.394531 -938.384888
36553.925781 -952.960693
36599.472656 -967.557129
36645.031250 -982.174194
36690.601562 -996.811829
36736.187500 -1011.470093
36781.785156 -1026.149048
36827.398438 -1040.848633
36873.023438 -1055.568848
36918.660156 -1070.309692
36964.312500 -1085.071167
37009.976562 -1099.853149
37055.652344 -1114.655762
37101.343750 -1129.479004
37147.046875 -1144.322876
37192.765625 -1159.187378
37238.496094 -1174.072510
37284.238281 -1188.978271
37329.996094 -1203.904663
37375.765625 -1218.851685
37421.550781 -1233.819336
37467.347656 -1248.807617
37513.152344 -1263.812134
37558.964844 -1278.834351
37604.789062 -1293.874146
37650.621094 -1308.931641
37696.464844 -1324.006836
37742.316406 -1339.099731
37788.179688 -1354.210327
37834.050781 -1369.338501
37879.933594 -1384.484375
37925.824219 -1399.647949
37971.726562 -1414.829224
38017.636719 -1430.028198
38063.558594 -1445.244751
38109.488281 -1460.479004
38155.429688 -1475.730957
38201.378906 -1491.000610
38247.339844 -1506.287964
38293.308594 -1521.592896
38339.285156 -1536.915527
38385.273438 -1552.255859
38431.269531 -1567.613892
38477.277344 -1582.989624
38523.292969 -1598.382935
38569.320312 -1613.793945
38615.355469 -1629.222656
38661.402344 -1644.669067
38707.457031 -1660.133179
38753.523438 -1675.614868
38799.597656 -1691.114258
38845.683594 -1706.631348
38891.777344 -1722.166138
38937.882812 -1737.718506
38983.996094 -1753.288574
39030.121094 -1768.876343
39076.253906 -1784.481812
39122.394531 -1800.104980
39168.546875 -1815.745728
39214.707031 -1831.404175
39260.878906 -1847.080322
39307.058594 -1862.774170
39353.246094 -1878.490479
39399.441406 -1894.227661
39445.644531 -1909.985718
39491.851562 -1925.764648
39538.066406 -1941.564453
39584.289062 -1957.385132
39630.519531 -1973.226685
39676.757812 -1989.089111
39723.003906 -2004.972412
39769.257812 -2020.876587
39815.515625 -2036.801636
39861.781250 -2052.747559
39908.054688 -2068.714355
39954.335938 -2084.702148
40000.625000 -2100.710693
40046.921875 -2116.740234
40093.222656 -2132.790527
40139.531250 -2148.861816
40185.847656 -2164.953857
40232.171875 -2181.066895
40278.503906 -2197.200684
40324.843750 -2213.355469
40371.191406 -2229.531006
40417.542969 -2245.727539
40463.902344 -2261.944824
40510.269531 -2278.183105
40556.644531 -2294.442139
40603.027344 -2310.722168
40649.417969 -2327.022949
40695.816406 -2343.344727
40742.218750 -2359.687256
40788.628906 -2376.050781
40835.046875 -2392.435059
40881.472656 -2408.840332
40927.906250 -2425.266357
40974.347656 -2441.713379
41020.792969 -2458.181152
41067.246094 -2474.669922
41113.707031 -2491.179443
41160.175781 -2507.709961
41206.652344 -2524.247803
41253.136719 -2540.797363
41299.628906 -2557.358887
41346.128906 -2573.932129
41392.636719 -2590.517090
41439.152344 -2607.114014
41485.675781 -2623.722656
41532.207031 -2640.343262
41578.746094 -2656.975586
41625.292969 -2673.619873
41671.847656 -2690.275879
41718.410156 -2706.943604
41764.980469 -2723.623291
41811.558594 -2740.314697
41858.144531 -2757.018066
41904.738281 -2773.733154
41951.339844 -2790.460205
41997.949219 -2807.198975
42044.566406 -2823.949707
42091.191406 -2840.712158
42137.824219 -2857.486328
42184.464844 -2874.272461
42231.113281 -2891.070312
42277.769531 -2907.880127
42324.433594 -2924.701660
42371.105469 -2941.535156
42417.785156 -2958.380371
42464.472656 -2975.237305
42511.167969 -2992.106201
42557.871094 -3008.986816
42604.582031 -3025.879395
42651.300781 -3042.783691
42698.027344 -3059.699951
42744.761719 -3076.627930
42791.503906 -3093.567871
42838.253906 -3110.519531
42885.011719 -3127.482910
42931.777344 -3144.458252
42978.550781 -3161.445312
43025.332031 -3178.444336
43072.136719 -3195.472656
43118.960938 -3212.524658
43165.804688 -3229.600098
43212.664062 -3246.699219
43259.542969 -3263.822021
43306.441406 -3280.968262
43353.355469 -3298.138184
43400.289062 -3315.331543
43447.242188 -3332.548584
43494.210938 -3349.789062
43541.199219 -3367.053223
43588.207031 -3384.341064
43635.230469 -3401.652344
43682.273438 -3418.987305
43729.335938 -3436.345703
43776.414062 -3453.727783
43823.511719 -3471.133301
43870.628906 -3488.562500
43917.761719 -3506.015137
43964.914062 -3523.491455
44012.085938 -3540.991455
44059.273438 -3558.514893
44106.480469 -3576.062012
44153.707031 -3593.632568
44200.949219 -3611.226807
44248.210938 -3628.844482
44295.492188 -3646.485840
44342.789062 -3664.150879
44390.105469 -3681.839355
44437.441406 -3699.551514
44484.792969 -3717.287109
44532.164062 -3735.046387
44579.554688 -3752.829102
44626.960938 -3770.635498
44674.386719 -3788.465332
44721.832031 -3806.318848
44769.292969 -3824.196045
44816.773438 -3842.096680
44864.273438 -3860.020996
44911.789062 -3877.968750
44959.304688 -3895.933838
45006.828125 -3913.918457
45054.359375 -3931.922363
45101.898438 -3949.945801
45149.445312 -3967.988525
45196.996094 -3986.050537
45244.554688 -4004.132080
45292.121094 -4022.232910
45339.695312 -4040.353271
45387.273438 -4058.492920
45434.859375 -4076.652100
45482.453125 -4094.830566
45530.054688 -4113.028320
45577.664062 -4131.245605
45625.277344 -4149.482422
45672.898438 -4167.738770
45720.527344 -4186.014160
45768.164062 -4204.309082
45815.804688 -4222.623535
45863.453125 -4240.957031
45911.109375 -4259.310059
45958.773438 -4277.682617
46006.441406 -4296.074707
46054.117188 -4314.485840
46101.800781 -4332.916504
46149.492188 -4351.366699
46197.191406 -4369.836426
46244.894531 -4388.325195
46292.605469 -4406.833496
46340.324219 -4425.361328
46388.050781 -4443.908691
46435.781250 -4462.475098
46483.519531 -4481.061035
46531.265625 -4499.666504
46579.019531 -4518.291016
46626.781250 -4536.935059
46674.546875 -4555.598633
46722.320312 -4574.281738
46770.101562 -4592.983887
46817.890625 -4611.705566
46865.703125 -4630.433594
46913.531250 -4649.171875
46961.378906 -4667.920898
47009.246094 -4686.680176
47057.128906 -4705.450195
47105.031250 -4724.230469
47152.953125 -4743.021484
47200.890625 -4761.822754
47248.847656 -4780.634766
47296.824219 -4799.457520
47344.816406 -4818.290527
47392.828125 -4837.134277
47440.859375 -4855.988281
47488.906250 -4874.853027
47536.972656 -4893.728027
47585.058594 -4912.613770
47633.160156 -4931.509766
47681.281250 -4950.416504
47729.421875 -4969.333984
47777.582031 -4988.261719
47825.757812 -5007.200195
47873.953125 -5026.148926
47922.167969 -5045.108398
47970.398438 -5064.078125
48018.648438 -5083.058594
48066.917969 -5102.049316
48115.203125 -5121.050781
48163.507812 -5140.062988
48211.832031 -5159.085449
48260.171875 -5178.118652
48308.531250 -5197.162109
48356.910156 -5216.216309
48405.304688 -5235.280762
48453.718750 -5254.355957
48502.152344 -5273.441406
48550.601562 -5292.537598
48599.070312 -5311.644531
48647.558594 -5330.761719
48696.062500 -5349.889648
48744.585938 -5369.027832
48793.121094 -5388.190430
48841.667969 -5407.373047
48890.230469 -5426.575684
48938.804688 -5445.797852
48987.394531 -5465.040039
49035.996094 -5484.301758
49084.613281 -5503.583496
49133.242188 -5522.885254
49181.886719 -5542.206543
49230.546875 -5561.547852
49279.218750 -5580.908691
49327.906250 -5600.289551
49376.605469 -5619.690430
49425.320312 -5639.110840
49474.046875 -5658.551270
49522.789062 -5678.011230
49571.542969 -5697.491211
49620.312500 -5716.991211
49669.093750 -5736.510742
49717.890625 -5756.050293
49766.699219 -5775.609375
49815.523438 -5795.188477
49864.359375 -5814.787598
49913.210938 -5834.406250
49962.074219 -5854.044922
50010.953125 -5873.703125
50059.843750 -5893.381348
50108.750000 -5913.079590
50157.667969 -5932.797363
50206.601562 -5952.535156
50255.546875 -5972.292480
50304.507812 -5992.069824
50353.480469 -6011.867188
50402.468750 -6031.684082
50451.468750 -6051.520996
50500.484375 -6071.377441
50549.511719 -6091.253906
50598.554688 -6111.150391
50647.609375 -6131.066406
50696.679688 -6151.002441
50745.757812 -6170.964355
50794.847656 -6190.949707
50843.949219 -6210.958984
50893.062500 -6230.992188
50942.187500 -6251.049316
50991.324219 -6271.129883
51040.472656 -6291.234375
51089.632812 -6311.362793
51138.800781 -6331.515137
51187.980469 -6351.690918
51237.171875 -6371.890625
51286.375000 -6392.114258
51335.589844 -6412.361328
51384.816406 -6432.632324
51434.054688 -6452.927246
51483.304688 -6473.246094
51532.562500 -6493.588379
51581.832031 -6513.954590
51631.113281 -6534.344727
51680.406250 -6554.758789
51729.710938 -6575.196289
51779.027344 -6595.657715
51828.355469 -6616.143066
51877.695312 -6636.652344
51927.042969 -6657.185059
51976.402344 -6677.741699
52025.773438 -6698.322266
52075.156250 -6718.926758
52124.550781 -6739.554688
52173.957031 -6760.206543
52223.375000 -6780.882324
52272.804688 -6801.582031
52322.242188 -6822.305176
52371.691406 -6843.052246
52421.152344 -6863.823242
52470.625000 -6884.618164
52520.109375 -6905.436523
52569.605469 -6926.278809
52619.113281 -6947.145020
52668.632812 -6968.035156
52718.156250 -6988.940430
52767.687500 -7009.863770
52817.222656 -7030.805176
52866.765625 -7051.764160
52916.316406 -7072.741211
52965.875000 -7093.736328
53015.441406 -7114.749512
53065.011719 -7135.780762
53114.589844 -7156.830078
53164.175781 -7177.897461
53213.769531 -7198.982910
53263.371094 -7220.086426
53312.976562 -7241.208008
53362.589844 -7262.347656
53412.210938 -7283.505371
53461.839844 -7304.681152
53511.476562 -7325.875000
53561.121094 -7347.086914
53610.769531 -7368.316895
53660.425781 -7389.564941
53710.089844 -7410.831055
53759.761719 -7432.115234
53809.441406 -7453.417480
53859.125000 -7474.737793
53908.816406 -7496.076172
53958.515625 -7517.432617
54008.222656 -7538.807129
54057.937500 -7560.199707
54107.656250 -7581.610352
54157.382812 -7603.039062
54207.117188 -7624.485840
54256.859375 -7645.950684
54306.609375 -7667.433105
54356.363281 -7688.933594
54406.125000 -7710.452148
54455.894531 -7731.988770
54505.671875 -7753.543457
54555.457031 -7775.116211
54605.246094 -7796.707031
54655.042969 -7818.315918
54704.839844 -7839.953613
54754.640625 -7861.616699
54804.445312 -7883.305176
54854.250000 -7905.018555
54904.058594 -7926.757324
54953.871094 -7948.521484
55003.683594 -7970.310547
55053.500000 -7992.125000
55103.320312 -8013.964844
55153.140625 -8035.829590
55202.964844 -8057.719727
55252.792969 -8079.634766
55302.621094 -8101.575195
55352.453125 -8123.541016
55402.289062 -8145.531738
55452.125000 -8167.547852
55501.964844 -8189.589355
55551.808594 -8211.656250
55601.652344 -8233.748047
55651.500000 -8255.865234
55701.351562 -8278.007812
55751.203125 -8300.175781
55801.058594 -8322.368164
55850.917969 -8344.585938
55900.777344 -8366.829102
55950.640625 -8389.097656
56000.507812 -8411.391602
56050.375000 -8433.710938
56100.246094 -8456.054688
56150.121094 -8478.423828
56199.996094 -8500.818359
56249.875000 -8523.238281
56299.757812 -8545.683594
56349.640625 -8568.154297
56399.527344 -8590.649414
56449.417969 -8613.169922
56499.308594 -8635.715820
56549.203125 -8658.287109
56599.101562 -8680.883789
56649.000000 -8703.504883
56698.882812 -8726.167969
56748.757812 -8748.867188
56798.625000 -8771.602539
56848.480469 -8794.374023
56898.328125 -8817.181641
56948.167969 -8840.025391
56998.000000 -8862.905273
57047.820312 -8885.821289
57097.632812 -8908.773438
57147.437500 -8931.761719
57197.230469 -8954.786133
57247.015625 -8977.846680
57296.792969 -9000.943359
57346.558594 -9024.076172
57396.316406 -9047.245117
57446.066406 -9070.450195
57495.804688 -9093.690430
57545.535156 -9116.966797
57595.257812 -9140.279297
57644.968750 -9163.627930
57694.671875 -9187.012695
57744.367188 -9210.433594
57794.050781 -9233.890625
57843.726562 -9257.383789
57893.394531 -9280.913086
57943.050781 -9304.478516
57992.699219 -9328.080078
58042.339844 -9351.717773
58091.968750 -9375.391602
58141.589844 -9399.101562
58191.203125 -9422.847656
58240.804688 -9446.629883
58290.398438 -9470.448242
58339.984375 -9494.302734
58389.558594 -9518.193359
58439.125000 -9542.120117
58488.683594 -9566.083008
58538.234375 -9590.082031
58587.773438 -9614.117188
58637.304688 -9638.188477
58686.828125 -9662.280273
58736.343750 -9686.397461
58785.851562 -9710.541016
58835.351562 -9734.709961
58884.843750 -9758.905273
58934.328125 -9783.125977
58983.804688 -9807.372070
59033.273438 -9831.644531
59082.734375 -9855.942383
59132.187500 -9880.266602
59181.632812 -9904.616211
59231.070312 -9928.991211
59280.500000 -9953.392578
59329.921875 -9977.819336
59379.335938 -10002.272461
59428.742188 -10026.750977
59478.140625 -10051.255859
59527.531250 -10075.786133
59576.914062 -10100.341797
59626.289062 -10124.923828
59675.656250 -10149.531250
59725.015625 -10174.165039
59774.367188 -10198.824219
59823.710938 -10223.509766
59873.046875 -10248.220703
59922.375000 -10272.957031
59971.695312 -10297.719727
60021.007812 -10322.507812
60070.312500 -10347.322266
60119.609375 -10372.162109
60168.898438 -10397.027344
60218.179688 -10421.918945
60267.453125 -10446.835938
60316.718750 -10471.779297
60365.976562 -10496.748047
60415.226562 -10521.743164
60464.468750 -10546.763672
60513.703125 -10571.809570
60562.929688 -10596.881836
60612.148438 -10621.979492
60661.359375 -10647.102539
60710.566406 -10672.251953
60759.765625 -10697.426758
60808.957031 -10722.626953
60858.140625 -10747.852539
60907.316406 -10773.103516
60956.488281 -10798.380859
61005.652344 -10823.683594
61054.808594 -10849.011719
61103.957031 -10874.365234
61153.101562 -10899.745117
61202.238281 -10925.150391
61251.367188 -10950.581055
61300.488281 -10976.037109
61349.601562 -11001.518555
61398.710938 -11027.026367
61447.812500 -11052.559570
61496.906250 -11078.118164
61545.992188 -11103.702148
61595.070312 -11129.311523
61644.144531 -11154.947266
61693.210938 -11180.608398
61742.269531 -11206.294922
61791.320312 -11232.006836
61840.363281 -11257.745117
61889.402344 -11283.508789
61938.433594 -11309.297852
61987.457031 -11335.112305
62036.472656 -11360.952148
62085.480469 -11386.818359
62134.484375 -11412.709961
62183.480469 -11438.626953
62232.468750 -11464.569336
62281.449219 -11490.537109
62330.425781 -11516.531250
62379.394531 -11542.550781
62428.355469 -11568.595703
62477.308594 -11594.666016
62526.253906 -11620.762695
62575.195312 -11646.884766
62624.128906 -11673.041016
62673.058594 -11699.229492
62721.984375 -11725.449219
62770.902344 -11751.700195
62819.816406 -11777.983398
62868.726562 -11804.297852
62917.628906 -11830.644531
62966.527344 -11857.022461
63015.421875 -11883.432617
63064.308594 -11909.874023
63113.191406 -11936.346680
63162.070312 -11962.851562
63210.941406 -11989.387695
63259.808594 -12015.956055
63308.671875 -12042.555664
63357.527344 -12069.186523
63406.378906 -12095.849609
63455.226562 -12122.543945
63504.066406 -12149.270508
63552.902344 -12176.028320
63601.734375 -12202.817383
63650.558594 -12229.638672
63699.378906 -12256.491211
63748.195312 -12283.375977
63797.003906 -12310.291992
63845.808594 -12337.240234
63894.609375 -12364.219727
63943.402344 -12391.230469
63992.191406 -12418.273438
64040.972656 -12445.347656
64089.750000 -12472.454102
64138.523438 -12499.591797
64187.289062 -12526.760742
64236.050781 -12553.961914
64284.808594 -12581.194336
64333.558594 -12608.458984
64382.304688 -12635.754883
64431.046875 -12663.082031
64479.781250 -12690.441406
64528.511719 -12717.832031
64577.253906 -12745.260742
64626.000000 -12772.724609
64674.750000 -12800.223633
64723.503906 -12827.758789
64772.265625 -12855.329102
64821.031250 -12882.934570
64869.800781 -12910.575195
64918.578125 -12938.251953
64967.359375 -12965.963867
65016.144531 -12993.710938
65064.933594 -13021.494141
65113.730469 -13049.312500
65162.531250 -13077.166016
65211.335938 -13105.055664
65260.144531 -13132.980469
65308.960938 -13160.940430
65357.781250 -13188.936523
65406.605469 -13216.967773
65455.437500 -13245.034180
65504.273438 -13273.136719
65553.117188 -13301.274414
65601.960938 -13329.447266
65650.812500 -13357.656250
65699.664062 -13385.900391
65748.523438 -13414.179688
65797.390625 -13442.495117
65846.257812 -13470.845703
65895.132812 -13499.231445
65944.015625 -13527.653320
65992.898438 -13556.110352
66041.789062 -13584.602539
66090.687500 -13613.130859
66139.585938 -13641.694336
66188.492188 -13670.292969
66237.398438 -13698.927734
66286.312500 -13727.597656
66335.234375 -13756.302734
66384.156250 -13785.043945
66433.085938 -13813.820312
66482.023438 -13842.631836
66530.898438 -13871.437500
66579.726562 -13900.250000
66628.515625 -13929.070312
66677.265625 -13957.898438
66725.976562 -13986.734375
66774.648438 -14015.577148
66823.281250 -14044.427734
66871.867188 -14073.286133
66920.414062 -14102.152344
66968.921875 -14131.025391
67017.390625 -14159.906250
67065.820312 -14188.794922
67114.210938 -14217.690430
67162.554688 -14246.593750
67210.859375 -14275.504883
67259.125000 -14304.423828
67307.351562 -14333.349609
67355.539062 -14362.283203
67403.679688 -14391.224609
67451.781250 -14420.173828
67499.843750 -14449.129883
67547.867188 -14478.093750
67595.851562 -14507.065430
67643.796875 -14536.043945
67691.695312 -14565.030273
67739.554688 -14594.024414
67787.375000 -14623.026367
67835.156250 -14652.035156
67882.898438 -14681.051758
67930.601562 -14710.076172
67978.257812 -14739.108398
68025.875000 -14768.147461
68073.453125 -14797.194336
68120.992188 -14826.249023
68168.492188 -14855.311523
68215.953125 -14884.380859
68263.367188 -14913.458008
68310.742188 -14942.542969
68358.078125 -14971.634766
68405.375000 -15000.734375
68452.757812 -15029.885742
68500.179688 -15059.073242
68547.640625 -15088.297852
68595.148438 -15117.559570
68642.695312 -15146.857422
68690.289062 -15176.192383
68737.921875 -15205.563477
68785.593750 -15234.971680
68833.312500 -15264.416992
68881.070312 -15293.898438
68928.875000 -15323.416992
68976.718750 -15352.971680
69024.609375 -15382.563477
69072.539062 -15412.192383
69120.507812 -15441.857422
69168.523438 -15471.559570
69216.578125 -15501.297852
69264.679688 -15531.073242
69312.820312 -15560.885742
69361.000000 -15590.734375
69409.226562 -15620.620117
69457.492188 -15650.541992
69505.804688 -15680.500977
69554.156250 -15710.497070
69602.554688 -15740.529297
69650.992188 -15770.598633
69699.468750 -15800.704102
69747.992188 -15830.846680
69796.554688 -15861.026367
69845.164062 -15891.242188
69893.812500 -15921.495117
69942.500000 -15951.784180
69991.234375 -15982.110352
70040.007812 -16012.473633
70088.828125 -16042.873047
70137.687500 -16073.309570
70186.593750 -16103.783203
70235.539062 -16134.292969
70284.523438 -16164.839844
70333.554688 -16195.422852
70382.671875 -16226.023438
70431.867188 -16256.648438
70481.140625 -16287.297852
70530.484375 -16317.970703
70579.906250 -16348.667969
70629.398438 -16379.389648
70678.968750 -16410.134766
70728.617188 -16440.904297
70778.335938 -16471.697266
70828.132812 -16502.515625
70878.000000 -16533.357422
70927.945312 -16564.222656
70977.960938 -16595.111328
71028.054688 -16626.025391
71078.226562 -16656.962891
71128.468750 -16687.923828
71178.789062 -16718.910156
71229.179688 -16749.919922
71279.648438 -16780.953125
71330.195312 -16812.011719
71380.812500 -16843.093750
71431.507812 -16874.199219
71482.273438 -16905.330078
71533.117188 -16936.484375
71584.039062 -16967.662109
71635.031250 -16998.865234
71686.101562 -17030.091797
71737.242188 -17061.341797
71788.460938 -17092.617188
71839.750000 -17123.916016
71891.117188 -17155.238281
71942.562500 -17186.583984
71994.078125 -17217.955078
72045.671875 -17249.349609
72097.335938 -17280.767578
72149.078125 -17312.210938
72200.898438 -17343.677734
72252.789062 -17375.167969
72304.757812 -17406.683594
72356.796875 -17438.222656
72408.898438 -17469.781250
72461.062500 -17501.359375
72513.289062 -17532.958984
72565.578125 -17564.580078
72617.929688 -17596.220703
72670.343750 -17627.882812
72722.820312 -17659.566406
72775.359375 -17691.269531
72827.960938 -17722.994141
72880.625000 -17754.738281
72933.351562 -17786.503906
72986.140625 -17818.291016
73038.992188 -17850.097656
73091.906250 -17881.925781
73144.882812 -17913.775391
73197.921875 -17945.644531
73251.023438 -17977.535156
73304.187500 -18009.447266
73357.414062 -18041.378906
73410.703125 -18073.332031
73464.054688 -18105.304688
73517.468750 -18137.298828
73570.945312 -18169.314453
73624.484375 -18201.349609
73678.085938 -18233.406250
73731.750000 -18265.484375
73785.484375 -18297.582031
73839.281250 -18329.701172
73893.140625 -18361.841797
73947.062500 -18394.001953
74001.046875 -18426.183594
74055.093750 -18458.384766
74109.203125 -18490.607422
74163.375000 -18522.851562
74217.609375 -18555.115234
74271.906250 -18587.400391
74326.265625 -18619.707031
74380.687500 -18652.033203
74435.171875 -18684.380859
74489.718750 -18716.750000
74544.296875 -18749.158203
74598.914062 -18781.599609
74653.578125 -18814.074219
74708.281250 -18846.582031
74763.023438 -18879.125000
74817.804688 -18911.701172
74872.632812 -18944.310547
74927.500000 -18976.953125
74982.406250 -19009.628906
75037.359375 -19042.337891
75092.351562 -19075.082031
75147.382812 -19107.859375
75202.460938 -19140.669922
75257.578125 -19173.513672
75312.734375 -19206.390625
75367.937500 -19239.300781
75423.179688 -19272.244141
75478.460938 -19305.222656
75533.781250 -19338.234375
75589.148438 -19371.279297
75644.554688 -19404.357422
75700.000000 -19437.468750
75755.492188 -19470.613281
75811.023438 -19503.792969
75866.593750 -19537.005859
75922.210938 -19570.251953
75977.867188 -19603.531250
76033.562500 -19636.843750
76089.304688 -19670.189453
76145.085938 -19703.568359
76200.906250 -19736.982422
76256.765625 -19770.429688
76312.671875 -19803.910156
76368.617188 -19837.423828
76424.601562 -19870.970703
76480.632812 -19904.550781
76536.703125 -19938.164062
76592.812500 -19971.812500
76648.968750 -20005.494141
76705.164062 -20039.208984
76761.359375 -20072.929688
76817.570312 -20106.666016
76873.789062 -20140.416016
76930.023438 -20174.181641
76986.273438 -20207.962891
77042.539062 -20241.757812
77098.812500 -20275.568359
77155.101562 -20309.394531
77211.406250 -20343.236328
77267.726562 -20377.091797
77324.054688 -20410.962891
77380.398438 -20444.849609
77436.757812 -20478.750000
77493.125000 -20512.666016
77549.507812 -20546.597656
77605.906250 -20580.542969
77662.320312 -20614.503906
77718.742188 -20648.480469
77775.179688 -20682.472656
77831.632812 -20716.478516
77888.101562 -20750.500000
77944.578125 -20784.537109
78001.070312 -20818.587891
78057.578125 -20852.654297
78114.101562 -20886.736328
78170.632812 -20920.833984
78227.179688 -20954.945312
78283.742188 -20989.072266
78340.312500 -21023.214844
78396.898438 -21057.371094
78453.500000 -21091.542969
78510.117188 -21125.730469
78566.742188 -21159.931641
78623.382812 -21194.148438
78680.039062 -21228.380859
78736.710938 -21262.628906
78793.390625 -21296.890625
78850.085938 -21331.167969
78906.796875 -21365.460938
78963.523438 -21399.767578
79020.312500 -21434.091797
79077.148438 -21468.431641
79134.039062 -21502.787109
79190.976562 -21537.160156
79247.960938 -21571.548828
79304.992188 -21605.953125
79362.078125 -21640.373047
79419.210938 -21674.810547
79476.390625 -21709.263672
79533.617188 -21743.732422
79590.898438 -21778.216797
79648.226562 -21812.718750
79705.601562 -21847.236328
79763.023438 -21881.769531
79820.500000 -21916.318359
79878.023438 -21950.884766
79935.593750 -21985.466797
79993.210938 -22020.064453
80050.882812 -22054.677734
80108.601562 -22089.308594
80166.367188 -22123.955078
80224.187500 -22158.617188
80282.054688 -22193.294922
80339.968750 -22227.990234
80397.929688 -22262.701172
80455.945312 -22297.427734
80514.007812 -22332.169922
80572.117188 -22366.929688
80630.273438 -22401.705078
80688.484375 -22436.496094
80746.742188 -22471.302734
80805.046875 -22506.126953
80863.398438 -22540.966797
80921.804688 -22575.822266
80980.257812 -22610.693359
81038.757812 -22645.580078
81097.304688 -22680.484375
81155.906250 -22715.404297
81214.554688 -22750.339844
81273.250000 -22785.291016
81331.976562 -22820.263672
81390.734375 -22855.253906
81449.531250 -22890.263672
81508.367188 -22925.292969
81567.234375 -22960.339844
81626.140625 -22995.406250
81685.078125 -23030.490234
81744.054688 -23065.593750
81803.062500 -23100.716797
81862.109375 -23135.857422
81921.195312 -23171.017578
81980.312500 -23206.195312
82039.468750 -23241.392578
82098.656250 -23276.609375
82157.882812 -23311.843750
82217.140625 -23347.097656
82276.437500 -23382.369141
82335.773438 -23417.660156
82395.140625 -23452.970703
82454.546875 -23488.298828
82513.984375 -23523.646484
82573.460938 -23559.011719
82632.968750 -23594.396484
82692.515625 -23629.800781
82752.101562 -23665.222656
82811.718750 -23700.664062
82871.375000 -23736.123047
82931.062500 -23771.601562
82990.789062 -23807.099609
83050.546875 -23842.615234
83110.343750 -23878.150391
83170.179688 -23913.703125
83230.046875 -23949.275391
83289.953125 -23984.867188
83349.890625 -24020.476562
83409.867188 -24056.105469
83469.875000 -24091.751953
83529.921875 -24127.417969
83590.007812 -24163.103516
83650.125000 -24198.806641
83710.257812 -24234.541016
83770.414062 -24270.302734
83830.593750 -24306.093750
83890.796875 -24341.912109
83951.023438 -24377.757812
84011.273438 -24413.630859
84071.546875 -24449.531250
84131.843750 -24485.458984
84192.164062 -24521.414062
84252.507812 -24557.396484
84312.875000 -24593.406250
84373.265625 -24629.443359
84433.679688 -24665.507812
84494.117188 -24701.599609
84554.578125 -24737.718750
84615.062500 -24773.865234
84675.570312 -24810.039062
84736.101562 -24846.242188
84796.656250 -24882.472656
84857.234375 -24918.730469
84917.835938 -24955.015625
84978.460938 -24991.328125
85039.109375 -25027.667969
85099.781250 -25064.035156
85160.476562 -25100.429688
85221.195312 -25136.851562
85281.937500 -25173.300781
85342.703125 -25209.777344
85403.492188 -25246.281250
85464.304688 -25282.812500
85525.140625 -25319.371094
85586.000000 -25355.957031
85646.882812 -25392.572266
85707.789062 -25429.214844
85768.718750 -25465.884766
85829.671875 -25502.582031
85890.648438 -25539.306641
85951.648438 -25576.058594
86012.671875 -25612.837891
86073.718750 -25649.644531
86134.773438 -25686.464844
86195.843750 -25723.304688
86256.929688 -25760.164062
86318.031250 -25797.041016
86379.140625 -25833.937500
86440.265625 -25870.853516
86501.406250 -25907.787109
86562.562500 -25944.740234
86623.726562 -25981.712891
86684.906250 -26018.703125
86746.101562 -26055.712891
86807.312500 -26092.740234
86868.539062 -26129.787109
86929.773438 -26166.853516
86991.023438 -26203.937500
87052.289062 -26241.041016
87113.570312 -26278.164062
87174.859375 -26315.304688
87236.164062 -26352.464844
87297.484375 -26389.644531
87358.820312 -26426.841797
87420.164062 -26464.058594
87481.523438 -26501.292969
87542.898438 -26538.546875
87604.289062 -26575.820312
87665.695312 -26613.111328
87727.109375 -26650.421875
87788.539062 -26687.751953
87849.984375 -26725.099609
87911.445312 -26762.466797
87972.914062 -26799.853516
88034.398438 -26837.257812
88095.898438 -26874.681641
88157.414062 -26912.125000
88218.937500 -26949.585938
88280.476562 -26987.066406
88342.031250 -27024.564453
88403.601562 -27062.082031
88465.187500 -27099.619141
88526.781250 -27137.173828
88588.406250 -27174.761719
88650.062500 -27212.376953
88711.742188 -27250.019531
88773.453125 -27287.691406
88835.187500 -27325.390625
88896.945312 -27363.117188
88958.734375 -27400.871094
89020.546875 -27438.654297
89082.382812 -27476.464844
89144.250000 -27514.302734
89206.140625 -27552.167969
89268.062500 -27590.062500
89330.007812 -27627.984375
89391.976562 -27665.933594
89453.976562 -27703.910156
89516.000000 -27741.916016
89578.046875 -27779.949219
89640.125000 -27818.009766
89702.226562 -27856.097656
89764.359375 -27894.214844
89826.515625 -27932.359375
89888.695312 -27970.531250
89950.906250 -28008.730469
90013.140625 -28046.958984
90075.398438 -28085.214844
90137.687500 -28123.498047
90200.000000 -28161.808594
90262.343750 -28200.148438
90324.710938 -28238.515625
90387.101562 -28276.910156
90449.523438 -28315.332031
90511.968750 -28353.783203
90574.437500 -28392.261719
90636.937500 -28430.767578
90699.460938 -28469.300781
90762.015625 -28507.863281
90824.593750 -28546.453125
90887.195312 -28585.070312
90949.828125 -28623.714844
91012.484375 -28662.386719
91075.234375 -28701.093750
91138.062500 -28739.832031
91200.960938 -28778.601562
91263.937500 -28817.402344
91326.984375 -28856.236328
91390.101562 -28895.101562
91453.296875 -28933.998047
91516.562500 -28972.925781
91579.898438 -29011.886719
91643.312500 -29050.878906
91706.796875 -29089.902344
91770.351562 -29128.957031
91833.984375 -29168.042969
91897.687500 -29207.162109
91961.468750 -29246.312500
92025.320312 -29285.494141
92089.242188 -29324.707031
92153.242188 -29363.953125
92217.312500 -29403.230469
92281.453125 -29442.539062
92345.671875 -29481.878906
92409.960938 -29521.251953
92474.328125 -29560.656250
92538.765625 -29600.091797
92603.273438 -29639.558594
92667.859375 -29679.056641
92732.515625 -29718.587891
92797.242188 -29758.150391
92862.046875 -29797.744141
92926.921875 -29837.369141
92991.875000 -29877.027344
93056.898438 -29916.716797
93121.992188 -29956.437500
93187.164062 -29996.189453
93252.406250 -30035.974609
93317.718750 -30075.791016
93383.109375 -30115.638672
93448.570312 -30155.517578
93514.109375 -30195.427734
93579.718750 -30235.371094
93645.437500 -30275.345703
93711.257812 -30315.353516
93777.171875 -30355.392578
93843.187500 -30395.462891
93909.296875 -30435.566406
93975.507812 -30475.701172
94041.812500 -30515.867188
94108.218750 -30556.066406
94174.718750 -30596.296875
94241.320312 -30636.560547
94308.015625 -30676.855469
94374.812500 -30717.181641
94441.703125 -30757.541016
94508.695312 -30797.931641
94575.781250 -30838.355469
94642.968750 -30878.810547
94710.257812 -30919.296875
94777.640625 -30959.816406
94845.125000 -31000.367188
94912.703125 -31040.949219
94980.382812 -31081.564453
95048.156250 -31122.210938
95116.031250 -31162.890625
95184.000000 -31203.601562
95252.070312 -31244.343750
95320.234375 -31285.119141
95388.500000 -31325.925781
95456.859375 -31366.765625
95525.320312 -31407.636719
95593.875000 -31448.539062
95662.531250 -31489.474609
95731.281250 -31530.441406
95800.132812 -31571.439453
95869.078125 -31612.470703
95938.125000 -31653.533203
96007.273438 -31694.628906
96076.515625 -31735.755859
96145.859375 -31776.914062
96215.296875 -31818.105469
96284.835938 -31859.328125
96354.421875 -31900.554688
96424.070312 -31941.794922
96493.781250 -31983.048828
96563.562500 -32024.316406
96633.406250 -32065.597656
96703.312500 -32106.892578
96773.281250 -32148.201172
96843.320312 -32189.521484
96913.421875 -32230.855469
96983.585938 -32272.203125
97053.812500 -32313.564453
97124.109375 -32354.939453
97194.468750 -32396.328125
97264.890625 -32437.730469
97335.375000 -32479.146484
97405.929688 -32520.574219
97476.546875 -32562.015625
97547.226562 -32603.470703
97617.968750 -32644.939453
97688.781250 -32686.421875
97759.656250 -32727.917969
97830.593750 -32769.425781
97901.593750 -32810.949219
97972.664062 -32852.484375
98043.796875 -32894.035156
98114.992188 -32935.597656
98186.257812 -32977.171875
98257.585938 -33018.761719
98328.976562 -33060.363281
98400.429688 -33101.980469
98471.953125 -33143.609375
98543.539062 -33185.253906
98615.187500 -33226.910156
98686.898438 -33268.582031
98758.679688 -33310.265625
98830.523438 -33351.960938
98902.429688 -33393.671875
98974.398438 -33435.394531
99046.437500 -33477.132812
99118.539062 -33518.882812
99190.734375 -33560.644531
99263.015625 -33602.417969
99335.382812 -33644.203125
99407.835938 -33686.000000
99480.375000 -33727.808594
99553.000000 -33769.632812
99625.710938 -33811.468750
99698.507812 -33853.316406
99771.382812 -33895.175781
99844.343750 -33937.046875
99917.390625 -33978.929688
99990.523438 -34020.824219
100063.742188 -34062.730469
100137.046875 -34104.648438
100210.437500 -34146.578125
100283.914062 -34188.523438
100357.476562 -34230.480469
100431.125000 -34272.449219
100504.859375 -34314.429688
100578.679688 -34356.421875
100652.578125 -34398.425781
100726.562500 -34440.441406
100800.632812 -34482.468750
100874.789062 -34524.507812
100949.031250 -34566.558594
101023.359375 -34608.625000
101097.773438 -34650.703125
101172.273438 -34692.792969
101246.859375 -34734.894531
101321.531250 -34777.007812
101396.289062 -34819.132812
101471.132812 -34861.269531
101546.054688 -34903.417969
101621.062500 -34945.578125
101696.156250 -34987.750000
101771.335938 -35029.937500
101846.601562 -35072.136719
101921.953125 -35114.347656
101997.390625 -35156.570312
102072.914062 -35198.804688
102148.515625 -35241.078125
102224.203125 -35283.382812
102299.968750 -35325.718750
102375.820312 -35368.085938
102451.757812 -35410.488281
102527.773438 -35452.921875
102603.875000 -35495.386719
102680.054688 -35537.882812
102756.320312 -35580.410156
102832.664062 -35622.968750
102909.093750 -35665.558594
102985.609375 -35708.179688
103062.203125 -35750.832031
103138.882812 -35793.515625
103215.640625 -35836.230469
103292.484375 -35878.976562
103369.406250 -35921.753906
103446.414062 -35964.562500
103523.507812 -36007.402344
103600.679688 -36050.273438
103677.937500 -36093.175781
103755.273438 -36136.109375
103832.695312 -36179.074219
103910.195312 -36222.070312
103987.781250 -36265.097656
104065.453125 -36308.156250
104143.203125 -36351.246094
104221.039062 -36394.367188
104298.953125 -36437.519531
104376.953125 -36480.703125
104455.031250 -36523.917969
104533.195312 -36567.164062
104611.445312 -36610.441406
104689.773438 -36653.750000
104768.187500 -36697.089844
104846.679688 -36740.464844
104925.257812 -36783.871094
105003.914062 -36827.308594
105082.656250 -36870.777344
105161.484375 -36914.277344
105240.335938 -36957.789062
105319.234375 -37001.316406
105398.187500 -37044.863281
105477.187500 -37088.429688
105556.234375 -37132.015625
105635.328125 -37175.617188
105714.468750 -37219.238281
105793.656250 -37262.878906
105872.890625 -37306.539062
105952.171875 -37350.214844
106031.500000 -37393.910156
106110.875000 -37437.625000
106190.296875 -37481.359375
106269.773438 -37525.109375
106349.296875 -37568.878906
106428.867188 -37612.667969
106508.484375 -37656.476562
106588.148438 -37700.300781
106667.859375 -37744.144531
106747.617188 -37788.007812
106827.421875 -37831.886719
106907.273438 -37875.785156
106987.171875 -37919.703125
107067.117188 -37963.640625
107147.117188 -38007.593750
107227.164062 -38051.566406
107307.257812 -38095.558594
107387.398438 -38139.570312
107467.585938 -38183.597656
107547.820312 -38227.644531
107628.101562 -38271.710938
107708.429688 -38315.796875
107788.804688 -38359.898438
107869.226562 -38404.019531
107949.695312 -38448.160156
108030.218750 -38492.320312
108110.789062 -38536.496094
108191.406250 -38580.691406
108272.070312 -38624.906250
108352.781250 -38669.136719
108433.554688 -38713.390625
108514.382812 -38757.667969
108595.265625 -38801.964844
108676.210938 -38846.281250
108757.210938 -38890.621094
108838.265625 -38934.980469
108919.375000 -38979.363281
109000.546875 -39023.765625
109081.773438 -39068.187500
109163.054688 -39112.632812
109244.398438 -39157.097656
109325.796875 -39201.585938
109407.250000 -39246.093750
109488.757812 -39290.621094
109570.328125 -39335.171875
109651.953125 -39379.742188
109733.632812 -39424.335938
109815.367188 -39468.949219
109897.164062 -39513.582031
109979.015625 -39558.238281
110060.921875 -39602.914062
110142.890625 -39647.613281
110224.914062 -39692.332031
110306.992188 -39737.070312
110389.125000 -39781.832031
110471.320312 -39826.613281
110553.570312 -39871.417969
110635.875000 -39916.242188
110718.234375 -39961.085938
110800.656250 -40005.953125
110883.132812 -40050.839844
110965.664062 -40095.750000
111048.257812 -40140.679688
111130.906250 -40185.628906
111213.609375 -40230.601562
111296.367188 -40275.593750
111379.187500 -40320.609375
111462.062500 -40365.644531
111544.992188 -40410.699219
111627.984375 -40455.777344
111711.007812 -40500.863281
111794.070312 -40545.957031
111877.171875 -40591.062500
111960.312500 -40636.179688
112043.492188 -40681.308594
112126.710938 -40726.449219
112209.968750 -40771.601562
112293.265625 -40816.765625
112376.601562 -40861.941406
112459.984375 -40907.128906
112543.406250 -40952.328125
112626.867188 -40997.535156
112710.367188 -41042.753906
112793.906250 -41087.984375
112877.484375 -41133.226562
112961.101562 -41178.480469
113044.757812 -41223.746094
113128.453125 -41269.023438
113212.195312 -41314.312500
113295.976562 -41359.613281
113379.796875 -41404.925781
113463.656250 -41450.250000
113547.554688 -41495.582031
113631.492188 -41540.925781
113715.468750 -41586.281250
113799.484375 -41631.648438
113883.539062 -41677.027344
113967.640625 -41722.417969
114051.781250 -41767.820312
114135.960938 -41813.234375
114220.179688 -41858.660156
114304.437500 -41904.097656
114388.734375 -41949.542969
114473.070312 -41995.000000
114557.445312 -42040.468750
114641.859375 -42085.949219
114726.320312 -42131.441406
114810.820312 -42176.945312
114895.359375 -42222.460938
114979.937500 -42267.988281
115064.562500 -42313.539062
115149.234375 -42359.109375
115233.960938 -42404.699219
115318.734375 -42450.312500
115403.554688 -42495.945312
115488.421875 -42541.597656
115573.335938 -42587.269531
115658.296875 -42632.960938
115743.304688 -42678.671875
115828.359375 -42724.402344
115913.460938 -42770.156250
115998.609375 -42815.929688
116083.804688 -42861.722656
116169.046875 -42907.535156
116254.335938 -42953.367188
116339.671875 -42999.218750
116425.054688 -43045.089844
116510.484375 -43090.984375
116595.960938 -43136.898438
116681.492188 -43182.832031
116767.070312 -43228.785156
116852.695312 -43274.757812
116938.367188 -43320.750000
117024.085938 -43366.761719
117109.851562 -43412.796875
117195.664062 -43458.851562
117281.523438 -43504.925781
117367.429688 -43551.019531
117453.382812 -43597.132812
117539.382812 -43643.265625
117625.429688 -43689.417969
117711.523438 -43735.593750
117797.664062 -43781.789062
117883.851562 -43828.003906
117970.085938 -43874.238281
118056.375000 -43920.492188
118142.710938 -43966.765625
118229.093750 -44013.058594
118315.523438 -44059.375000
118402.000000 -44105.710938
118488.515625 -44152.066406
118575.070312 -44198.445312
118661.664062 -44244.843750
118748.304688 -44291.265625
118834.984375 -44337.707031
118921.703125 -44384.171875
119008.468750 -44430.656250
119095.273438 -44477.164062
119182.117188 -44523.691406
119269.007812 -44570.242188
119355.937500 -44616.812500
119442.906250 -44663.402344
119529.921875 -44710.015625
119616.976562 -44756.648438
119704.070312 -44803.304688
119791.210938 -44849.980469
119878.390625 -44896.679688
119965.609375 -44943.398438
120052.875000 -44990.140625
120140.179688 -45036.902344
120227.523438 -45083.687500
120314.914062 -45130.492188
120402.343750 -45177.316406
120489.812500 -45224.164062
120577.328125 -45271.031250
120664.882812 -45317.921875
120752.476562 -45364.832031
120840.109375 -45411.765625
120927.789062 -45458.718750
121015.507812 -45505.695312
121103.265625 -45552.691406
121191.070312 -45599.710938
121278.914062 -45646.750000
121366.796875 -45693.812500
121454.726562 -45740.894531
121542.695312 -45787.996094
121630.703125 -45835.121094
121718.757812 -45882.265625
121806.851562 -45929.433594
121894.984375 -45976.621094
121983.164062 -46023.835938
122071.390625 -46071.074219
122159.664062 -46118.332031
122247.976562 -46165.613281
122336.335938 -46212.917969
122424.742188 -46260.246094
122513.187500 -46307.597656
122601.679688 -46354.972656
122690.218750 -46402.371094
122778.796875 -46449.792969
122867.421875 -46497.238281
122956.093750 -46544.707031
123044.804688 -46592.199219
123133.562500 -46639.714844
123222.367188 -46687.253906
123311.210938 -46734.816406
123400.101562 -46782.402344
123489.039062 -46830.011719
123578.015625 -46877.644531
123667.039062 -46925.300781
123756.109375 -46972.980469
123845.218750 -47020.683594
123934.375000 -47068.410156
124023.578125 -47116.160156
124112.820312 -47163.933594
124202.109375 -47211.730469
124291.445312 -47259.550781
124380.820312 -47307.394531
124470.242188 -47355.261719
124559.710938 -47403.152344
124649.218750 -47451.066406
124738.773438 -47499.003906
124828.375000 -47546.964844
124918.015625 -47594.949219
125007.703125 -47642.957031
125097.437500 -47690.988281
125187.210938 -47739.042969
125277.031250 -47787.121094
125366.898438 -47835.222656
125456.804688 -47883.347656
125546.757812 -47931.496094
125636.750000 -47979.667969
125726.789062 -48027.863281
125816.867188 -48076.078125
125906.984375 -48124.316406
125997.148438 -48172.578125
126087.351562 -48220.863281
126177.601562 -48269.171875
126267.890625 -48317.503906
126358.226562 -48365.859375
126448.601562 -48414.238281
126539.015625 -48462.640625
126629.476562 -48511.062500
126719.976562 -48559.507812
126810.523438 -48607.976562
126901.109375 -48656.468750
126991.742188 -48704.984375
127082.414062 -48753.523438
127173.125000 -48802.085938
127263.882812 -48850.671875
127354.679688 -48899.281250
127445.523438 -48947.914062
127536.406250 -48996.566406
127627.335938 -49045.242188
127718.304688 -49093.941406
127809.312500 -49142.664062
127900.367188 -49191.410156
127991.460938 -49240.179688
128082.601562 -49288.972656
128173.781250 -49337.789062
128265.007812 -49386.628906
128356.273438 -49435.488281
128447.578125 -49484.371094
128538.929688 -49533.277344
128630.320312 -49582.207031
128721.757812 -49631.160156
128813.234375 -49680.136719
128904.757812 -49729.136719
128996.320312 -49778.160156
129087.921875 -49827.207031
129179.562500 -49876.277344
129271.242188 -49925.367188
129362.960938 -49974.480469
129454.718750 -50023.617188
129546.515625 -50072.777344
129638.351562 -50121.960938
129730.226562 -50171.167969
129822.140625 -50220.398438
129914.093750 -50269.652344
130006.085938 -50318.929688
130098.117188 -50368.226562
130190.187500 -50417.546875
130282.289062 -50466.890625
130374.429688 -50516.257812
130466.609375 -50565.648438
130558.828125 -50615.062500
130651.085938 -50664.500000
130743.382812 -50713.960938
130835.718750 -50763.445312
130928.093750 -50812.949219
131020.507812 -50862.476562
131112.953125 -50912.027344
131205.437500 -50961.601562
131297.968750 -51011.199219
131390.531250 -51060.820312
131483.140625 -51110.464844
131575.781250 -51160.132812
131668.468750 -51209.820312
131761.187500 -51259.531250
131853.953125 -51309.265625
131946.750000 -51359.023438
132039.593750 -51408.804688
132132.468750 -51458.609375
132225.390625 -51508.437500
132318.343750 -51558.289062
132411.343750 -51608.164062
132504.375000 -51658.058594
132597.453125 -51707.976562
132690.562500 -51757.917969
132783.703125 -51807.882812
132876.890625 -51857.871094
132970.109375 -51907.886719
133063.359375 -51957.925781
133156.656250 -52007.988281
133249.984375 -52058.074219
133343.343750 -52108.183594
133436.734375 -52158.316406
133530.171875 -52208.472656
133623.640625 -52258.656250
133717.140625 -52308.863281
133810.671875 -52359.093750
133904.250000 -52409.347656
133997.859375 -52459.625000
134091.500000 -52509.925781
134185.187500 -52560.250000
134278.906250 -52610.597656
134372.656250 -52660.972656
134466.437500 -52711.371094
134560.265625 -52761.792969
134654.125000 -52812.238281
134748.015625 -52862.707031
134841.953125 -52913.199219
134935.921875 -52963.714844
135029.921875 -53014.257812
135123.953125 -53064.824219
135218.031250 -53115.414062
135312.140625 -53166.027344
135406.281250 -53216.664062
135500.468750 -53267.324219
135594.687500 -53318.007812
135688.937500 -53368.718750
135783.218750 -53419.453125
135877.546875 -53470.210938
135971.906250 -53520.992188
136066.296875 -53571.796875
136160.718750 -53622.625000
136255.187500 -53673.476562
136349.687500 -53724.355469
136444.218750 -53775.257812
136538.796875 -53826.183594
136633.406250 -53877.136719
136728.046875 -53928.113281
136822.734375 -53979.117188
136917.453125 -54030.144531
137012.218750 -54081.199219
137107.015625 -54132.281250
137201.843750 -54183.386719
137296.718750 -54234.519531
137391.625000 -54285.675781
137486.578125 -54336.859375
137581.562500 -54388.070312
137676.578125 -54439.304688
137771.640625 -54490.566406
137866.734375 -54541.851562
137961.875000 -54593.164062
138057.046875 -54644.500000
138152.265625 -54695.863281
138247.515625 -54747.253906
138342.796875 -54798.667969
138438.125000 -54850.109375
138533.484375 -54901.574219
138628.890625 -54953.066406
138724.328125 -55004.585938
138819.796875 -55056.128906
138915.312500 -55107.699219
139010.859375 -55159.292969
139106.453125 -55210.914062
139202.078125 -55262.562500
139297.734375 -55314.234375
139393.437500 -55365.933594
139489.171875 -55417.656250
139584.953125 -55469.406250
139680.765625 -55521.183594
139776.609375 -55572.984375
139872.500000 -55624.812500
139968.421875 -55676.664062
140064.390625 -55728.542969
140160.390625 -55780.445312
140256.421875 -55832.375000
140352.500000 -55884.332031
140448.625000 -55936.320312
140544.781250 -55988.339844
140640.984375 -56040.386719
140737.234375 -56092.464844
140833.531250 -56144.574219
140929.875000 -56196.714844
141026.250000 -56248.882812
141122.671875 -56301.082031
141219.140625 -56353.312500
141315.656250 -56405.574219
141412.203125 -56457.863281
141508.796875 -56510.183594
141605.437500 -56562.535156
141702.125000 -56614.917969
141798.843750 -56667.328125
141895.609375 -56719.769531
141992.421875 -56772.242188
142089.281250 -56824.746094
142186.171875 -56877.277344
142283.109375 -56929.839844
142380.093750 -56982.433594
142477.125000 -57035.054688
142574.203125 -57087.707031
142671.312500 -57140.390625
142768.468750 -57193.105469
142865.671875 -57245.847656
142962.921875 -57298.621094
143060.203125 -57351.425781
143157.531250 -57404.261719
143254.906250 -57457.125000
143352.328125 -57510.019531
143449.781250 -57562.945312
143547.281250 -57615.902344
143644.828125 -57668.886719
143742.421875 -57721.902344
143840.046875 -57774.949219
143937.718750 -57828.027344
144035.437500 -57881.132812
144133.203125 -57934.269531
144231.000000 -57987.437500
144328.843750 -58040.632812
144426.734375 -58093.859375
144524.656250 -58147.113281
144622.625000 -58200.398438
144720.625000 -58253.710938
144818.671875 -58307.054688
144916.765625 -58360.425781
145014.890625 -58413.828125
145113.062500 -58467.257812
145211.265625 -58520.718750
145309.515625 -58574.207031
145407.812500 -58627.726562
145506.140625 -58681.273438
145604.515625 -58734.851562
145702.921875 -58788.460938
145801.375000 -58842.097656
145899.875000 -58895.765625
145998.406250 -58949.460938
146096.984375 -59003.187500
146195.593750 -59056.941406
146294.250000 -59110.726562
146392.937500 -59164.539062
146491.671875 -59218.382812
146590.453125 -59272.253906
146689.265625 -59326.156250
146788.125000 -59380.085938
146887.015625 -59434.046875
146985.953125 -59488.035156
147084.937500 -59542.054688
147183.953125 -59596.101562
147283.015625 -59650.179688
147382.109375 -59704.285156
147481.250000 -59758.421875
147580.437500 -59812.589844
147679.656250 -59866.785156
147778.921875 -59921.011719
147878.218750 -59975.265625
147977.562500 -60029.550781
148076.953125 -60083.863281
148176.375000 -60138.207031
