-0.050637 0.033675
-0.134700 0.089800
-0.252187 0.168375
-0.403100 0.269400
-0.587437 0.392875
-0.805200 0.538800
-1.056387 0.707175
-1.341000 0.898000
-1.659037 1.111275
-2.010499 1.347000
-2.395387 1.605175
-2.813699 1.885800
-3.265437 2.188875
-3.750599 2.514400
-4.269186 2.862375
-4.821199 3.232800
-5.406636 3.625675
-6.025498 4.041000
-6.677786 4.478775
-7.363498 4.939000
-8.082636 5.421675
-8.835198 5.926800
-9.621185 6.454375
-10.440598 7.004400
-11.293435 7.576875
-12.179697 8.171800
-13.099384 8.789174
-14.052496 9.428999
-15.039033 10.091273
-16.058994 10.775998
-17.112381 11.483172
-18.199192 12.212797
-19.319429 12.964871
-20.473091 13.739396
-21.660177 14.536370
-22.880690 15.355795
-24.134626 16.197670
-25.421988 17.061995
-26.742775 17.948769
-28.096987 18.857992
-29.483648 19.790716
-30.903086 20.746592
-32.355297 21.725616
-33.840282 22.727791
-35.358044 23.753115
-36.908581 24.801590
-38.491894 25.873215
-40.107983 26.967989
-41.756844 28.085913
-43.438480 29.226988
-45.152893 30.391212
-46.900082 31.578587
-48.680042 32.789112
-50.492779 34.022785
-52.338291 35.279610
-54.216579 36.559586
-56.127644 37.862709
-58.071480 39.188984
-60.048092 40.538406
-62.057480 41.910980
-64.099640 43.306705
-66.174576 44.725578
-68.282288 46.167603
-70.422775 47.632778
-72.596039 49.121101
-74.802078 50.632576
-77.040894 52.167198
-79.312477 53.724972
-81.616837 55.305897
-83.953972 56.909969
-86.323883 58.537193
-88.726570 60.187569
-91.162033 61.861092
-93.630272 63.557766
-96.131287 65.277588
-98.665070 67.020561
-101.231628 68.786682
-103.830963 70.575958
-106.463074 72.388382
-109.127960 74.223953
-111.821945 76.086243
-114.546257 77.974052
-117.300896 79.887390
-120.085854 81.826248
-122.901138 83.790634
-125.746750 85.780548
-128.622681 87.795982
-131.528946 89.836945
-134.465530 91.903427
-137.432434 93.995438
-140.429672 96.112976
-143.457230 98.256035
-146.515121 100.424622
-149.603333 102.618736
-152.721863 104.838371
-155.870728 107.083534
-159.049911 109.354218
-162.259415 111.650429
-165.499252 113.972168
-168.769409 116.319427
-172.069901 118.692215
-175.400711 121.090530
-178.761841 123.514366
-182.153305 125.963730
-185.575089 128.438614
-189.027191 130.939026
-192.509628 133.464966
-196.022385 136.016434
-199.565475 138.593414
-203.138885 141.195923
-206.742615 143.823959
-210.376678 146.477524
-214.041061 149.156616
-217.735764 151.861237
-221.460800 154.591370
-225.216156 157.347031
-229.001846 160.128220
-232.817856 162.934937
-236.664185 165.767181
-240.540848 168.624939
-244.435196 171.472336
-248.351440 174.321335
-252.289581 177.171936
-256.249634 180.024139
-260.231567 182.877945
-264.235413 185.733353
-268.261169 188.590347
-272.308807 191.448944
-276.378357 194.309143
-280.469818 197.170944
-284.583160 200.034348
-288.718414 202.899353
-292.875549 205.765961
-297.054596 208.634155
-301.255554 211.503952
-305.478394 214.375351
-309.723145 217.248352
-313.989807 220.122955
-318.278351 222.999161
-322.588806 225.876968
-326.921143 228.756363
-331.275391 231.637360
-335.651550 234.519958
-340.049591 237.404160
-344.469543 240.289963
-348.911407 243.177368
-353.375153 246.066376
-357.860809 248.956970
-362.368347 251.849167
-366.897797 254.742966
-371.449158 257.638367
-376.022400 260.535370
-380.617554 263.433960
-385.234619 266.334167
-389.873566 269.235962
-394.534424 272.139374
-399.217163 275.044373
-403.921814 277.950989
-408.648376 280.859192
-413.396820 283.768982
-418.151672 286.666840
-422.918121 289.557281
-427.696136 292.440308
-432.485718 295.315887
-437.286896 298.184052
-442.099640 301.044800
-446.923950 303.898102
-451.759827 306.743988
-456.607300 309.582458
-461.466339 312.413513
-466.336945 315.237122
-471.219147 318.053314
-476.112915 320.862091
-481.018250 323.663422
-485.935181 326.457336
-490.863678 329.243835
-495.803741 332.022888
-500.755371 334.794525
-505.718597 337.558746
-510.693390 340.315521
-515.679749 343.064880
-520.677673 345.806824
-525.687195 348.541351
-530.708313 351.268433
-535.740967 353.988098
-540.785217 356.700348
-545.841064 359.405151
-550.908447 362.102539
-555.987427 364.792511
-561.078003 367.475037
-566.180115 370.150146
-571.293823 372.817841
-576.419067 375.478088
-581.555908 378.130920
-586.704346 380.776337
-591.864319 383.414337
-597.035889 386.044891
-602.219055 388.668030
-607.413757 391.283752
-612.620056 393.892029
-617.827698 396.541229
-623.040100 399.215240
-628.257263 401.914032
-633.479126 404.637634
-638.705750 407.386047
-643.937134 410.159241
-649.173279 412.957245
-654.414185 415.780060
-659.659851 418.627655
-664.910217 421.500061
-670.165344 424.397247
-675.425232 427.319244
-680.689880 430.266052
-685.959290 433.237640
-691.233398 436.234039
-696.512268 439.255249
-701.795898 442.301239
-707.084290 445.372040
-712.377441 448.467651
-717.675354 451.588043
-722.977966 454.733246
-728.285339 457.903259
-733.597473 461.098053
-738.914368 464.317657
-744.236023 467.562073
-749.562439 470.831268
-754.893555 474.125275
-760.229431 477.444061
-765.570068 480.787659
-770.915466 484.156067
-776.265625 487.549255
-781.620544 490.967255
-786.980164 494.410065
-792.344543 497.877655
-797.713684 501.370056
-803.087585 504.887268
-808.466248 508.429260
-813.849670 511.996063
-819.237793 515.587646
-824.630676 519.204041
-830.006836 522.845825
-835.373413 526.512756
-840.730408 530.204895
-846.077820 533.922180
-851.415649 537.664673
-856.743958 541.432312
-862.062683 545.225098
-867.371826 549.043091
-872.671387 552.886230
-877.961365 556.754578
-883.241760 560.648071
-888.512573 564.566772
-893.773804 568.510620
-899.025513 572.479675
-904.267639 576.473877
-909.500183 580.493286
-914.723145 584.537842
-919.936523 588.607605
-925.140320 592.702515
-930.334534 596.822632
-935.519165 600.967896
-940.694275 605.138367
-945.859802 609.333984
-951.015747 613.554749
-956.162109 617.800720
-961.298889 622.071838
-966.426086 626.368164
-971.543701 630.689636
-976.651733 635.036316
-981.750244 639.408142
-986.839172 643.805176
-991.918518 648.227356
-996.988281 652.674744
-1002.048462 657.147278
-1007.099060 661.645020
-1012.140076 666.167908
-1017.171509 670.716003
-1022.193420 675.289246
-1027.205688 679.887634
-1032.208374 684.511230
-1037.216675 689.181030
-1042.225464 693.890015
-1047.234741 698.638245
-1052.244507 703.425659
-1057.254761 708.252258
-1062.265503 713.118042
-1067.276733 718.023071
-1072.288452 722.967285
-1077.300781 727.950684
-1082.313599 732.973267
-1087.326904 738.035095
-1092.340698 743.136108
-1097.354980 748.276306
-1102.369751 753.455688
-1107.385010 758.674316
-1112.400757 763.932129
-1117.416992 769.229126
-1122.433716 774.565308
-1127.451050 779.940735
-1132.468872 785.355347
-1137.487183 790.809143
-1142.505981 796.302124
-1147.525269 801.834351
-1152.545044 807.405762
-1157.565308 813.016357
-1162.586060 818.666138
-1167.607300 824.355164
-1172.629028 830.083374
-1177.651367 835.850769
-1182.674194 841.657349
-1187.697510 847.503174
-1192.721313 853.388184
-1197.745605 859.312378
-1202.770386 865.275757
-1207.795654 871.278381
-1212.821411 877.320190
-1217.847656 883.401184
-1222.874390 889.521362
-1227.901733 895.680786
-1232.929565 901.879395
-1237.950317 908.129883
-1242.966553 914.428040
-1247.978271 920.773926
-1252.985474 927.167480
-1257.988159 933.608704
-1262.986328 940.097595
-1267.979980 946.634155
-1272.968994 953.218384
-1277.953491 959.850281
-1282.933472 966.529846
-1287.908936 973.257080
-1292.879883 980.032043
-1297.846313 986.854675
-1302.808228 993.724976
-1307.765625 1000.642944
-1312.718506 1007.608582
-1317.666870 1014.621887
-1322.610718 1021.682861
-1327.550049 1028.791504
-1332.484863 1035.947876
-1337.415161 1043.151855
-1342.340820 1050.403564
-1347.261963 1057.702881
-1352.178589 1065.049927
-1357.090698 1072.444702
-1361.998291 1079.887085
-1366.901367 1087.377197
-1371.799927 1094.914917
-1376.693970 1102.500366
-1381.583496 1110.133423
-1386.468506 1117.814209
-1391.348999 1125.542603
-1396.224976 1133.318726
-1401.096436 1141.142456
-1405.963379 1149.013916
-1410.825684 1156.933105
-1415.683472 1164.899902
-1420.536743 1172.914429
-1425.385498 1180.976562
-1430.229736 1189.086426
-1435.059448 1197.198975
-1439.877930 1205.329346
-1444.685181 1213.477417
-1449.481201 1221.643188
-1454.265991 1229.826660
-1459.039551 1238.027832
-1463.801880 1246.246826
-1468.552979 1254.483521
-1473.292847 1262.737915
-1478.021484 1271.010010
-1482.738892 1279.299805
-1487.445068 1287.607422
-1492.140015 1295.932739
-1496.823730 1304.275757
-1501.496216 1312.636475
-1506.157471 1321.014893
-1510.807495 1329.411133
-1515.446411 1337.825073
-1520.074097 1346.256714
-1524.690552 1354.706055
-1529.295776 1363.173096
-1533.889771 1371.657959
-1538.472534 1380.160522
-1543.044067 1388.680786
-1547.604370 1397.218750
-1552.153442 1405.774414
-1556.691284 1414.347900
-1561.217896 1422.939087
-1565.733276 1431.547974
-1570.237427 1440.174561
-1574.730347 1448.818848
-1579.212036 1457.480957
-1583.682495 1466.160767
-1588.141724 1474.858276
-1592.589722 1483.573486
-1597.026489 1492.306396
-1601.452026 1501.057129
-1605.866333 1509.825562
-1610.269409 1518.611694
-1614.661255 1527.415527
-1619.072144 1536.227051
-1623.491943 1545.049561
-1627.920654 1553.883057
-1632.358276 1562.727539
-1636.804932 1571.583008
-1641.260498 1580.449463
-1645.724976 1589.326904
-1650.198364 1598.215454
-1654.680664 1607.114990
-1659.171875 1616.025513
-1663.671997 1624.947021
-1668.181030 1633.879517
-1672.698975 1642.822998
-1677.225952 1651.777466
-1681.761841 1660.742920
-1686.306641 1669.719360
-1690.860352 1678.706909
-1695.422974 1687.705444
-1699.994507 1696.714966
-1704.574951 1705.735474
-1709.164307 1714.766968
-1713.762695 1723.809448
-1718.369995 1732.862915
-1722.986206 1741.927368
-1727.611328 1751.002808
-1732.245361 1760.089355
-1736.888306 1769.186890
-1741.540161 1778.295410
-1746.200928 1787.414917
-1750.870605 1796.545410
-1755.549316 1805.686890
-1760.236938 1814.839355
-1764.933472 1824.002808
-1769.638916 1833.177246
-1774.353271 1842.362793
-1779.076538 1851.559326
-1783.808716 1860.766846
-1788.549805 1869.985352
-1793.299805 1879.214844
-1798.058838 1888.455322
-1802.831543 1897.732788
-1807.616333 1907.038696
-1812.413330 1916.372925
-1817.222412 1925.735474
-1822.043579 1935.126343
-1826.876953 1944.545654
-1831.722412 1953.993286
-1836.579956 1963.469238
-1841.449707 1972.973511
-1846.331543 1982.506226
-1851.225464 1992.067261
-1856.131592 2001.656616
-1861.049805 2011.274292
-1865.980103 2020.920410
-1870.922607 2030.594849
-1875.877197 2040.297607
-1880.843872 2050.028809
-1885.822754 2059.788330
-1890.813721 2069.576172
-1895.816772 2079.392334
-1900.832031 2089.236816
-1905.859375 2099.109619
-1910.898804 2109.010742
-1915.950439 2118.940186
-1921.014160 2128.898193
-1926.089966 2138.884521
-1931.177979 2148.899170
-1936.278076 2158.942139
-1941.390259 2169.013428
-1946.514648 2179.113037
-1951.651123 2189.240967
-1956.799683 2199.397217
-1961.960327 2209.582031
-1967.133179 2219.795166
-1972.318115 2230.036621
-1977.515137 2240.306396
-1982.724365 2250.604492
-1987.945679 2260.930908
-1993.179077 2271.285645
-1998.424683 2281.668701
-2003.651001 2292.065430
-2008.868530 2302.480469
-2014.077271 2312.914062
-2019.277222 2323.365967
-2024.468384 2333.836426
-2029.650757 2344.325439
-2034.824219 2354.832764
-2039.988892 2365.358643
-2045.144775 2375.902832
-2050.291992 2386.465576
-2055.430420 2397.046631
-2060.559814 2407.646240
-2065.680420 2418.264404
-2070.792236 2428.900879
-2075.895264 2439.555908
-2080.989502 2450.229248
-2086.074951 2460.921143
-2091.151611 2471.631348
-2096.219482 2482.360107
-2101.278564 2493.107422
-2106.328857 2503.873047
-2111.370361 2514.657227
-2116.403076 2525.459717
-2121.427002 2536.280762
-2126.442139 2547.120117
-2131.448486 2557.978027
-2136.446045 2568.854492
-2141.434814 2579.749268
-2146.414795 2590.662598
-2151.385986 2601.594238
-2156.348389 2612.544434
-2161.302002 2623.512939
-2166.246826 2634.500000
-2171.182861 2645.505615
-2176.109863 2656.529541
-2181.028076 2667.572021
-2185.937500 2678.632812
-2190.838135 2689.712158
-2195.729980 2700.809814
-2200.613037 2711.926025
-2205.496094 2723.040527
-2210.376221 2734.159912
-2215.253418 2745.284424
-2220.127686 2756.413818
-2224.999023 2767.548340
-2229.867432 2778.687744
-2234.732910 2789.832275
-2239.595459 2800.981689
-2244.454834 2812.136230
-2249.311279 2823.295654
-2254.164795 2834.460205
-2259.015381 2845.629639
-2263.863037 2856.804199
-2268.707764 2867.983643
-2273.549561 2879.168213
-2278.388428 2890.357666
-2283.224365 2901.552246
-2288.057373 2912.751709
-2292.887451 2923.956299
-2297.714600 2935.165771
-2302.538574 2946.380371
-2307.359619 2957.599854
-2312.177734 2968.824219
-2316.992920 2980.053711
-2321.805176 2991.288086
-2326.614502 3002.527588
-2331.420898 3013.771973
-2336.224365 3025.021484
-2341.024902 3036.275879
-2345.822510 3047.535400
-2350.617188 3058.799805
-2355.408936 3070.069336
-2360.197510 3081.343750
-2364.983154 3092.623291
-2369.765869 3103.907715
-2374.545654 3115.197266
-2379.322510 3126.491699
-2384.096436 3137.791260
-2388.867432 3149.095703
-2393.635498 3160.405273
-2398.415039 3171.734863
-2403.201172 3183.079834
-2407.993896 3194.439941
-2412.793213 3205.815186
-2417.599365 3217.205566
-2422.412109 3228.611084
-2427.231445 3240.031738
-2432.057373 3251.467529
-2436.890137 3262.918457
-2441.729492 3274.384521
-2446.575439 3285.865723
-2451.427979 3297.362061
-2456.287354 3308.873535
-2461.153320 3320.400146
-2466.025879 3331.941895
-2470.905029 3343.498779
-2475.791016 3355.070801
-2480.683594 3366.657959
-2485.582764 3378.260254
-2490.488525 3389.877930
-2495.401123 3401.510742
-2500.320312 3413.158691
-2505.246094 3424.821777
-2510.178467 3436.500000
-2515.117432 3448.193359
-2520.063232 3459.901855
-2525.015625 3471.625488
-2529.974609 3483.364258
-2534.940186 3495.118164
-2539.912598 3506.887207
-2544.891602 3518.671387
-2549.877197 3530.470703
-2554.869385 3542.285156
-2559.868408 3554.114746
-2564.874023 3565.959473
-2569.886230 3577.819336
-2574.905029 3589.694336
-2579.930664 3601.584717
-2584.962891 3613.490234
-2590.001709 3625.410889
-2595.027100 3637.324707
-2600.045654 3649.239014
-2605.057373 3661.153809
-2610.062500 3673.069336
-2615.060791 3684.985352
-2620.052246 3696.901855
-2625.036865 3708.818848
-2630.014893 3720.736572
-2634.986084 3732.654785
-2639.950439 3744.573486
-2644.907959 3756.492920
-2649.858887 3768.412842
-2654.802979 3780.333252
-2659.740234 3792.254150
-2664.670654 3804.175781
-2669.594482 3816.097900
-2674.511475 3828.020508
-2679.421631 3839.943604
-2684.324951 3851.867432
-2689.221680 3863.791748
-2694.111572 3875.716553
-2698.994629 3887.641846
-2703.870850 3899.567871
-2708.740479 3911.494385
-2713.603271 3923.421387
-2718.459229 3935.348877
-2723.308350 3947.277100
-2728.150879 3959.205811
-2732.986572 3971.135010
-2737.815430 3983.064697
-2742.637451 3994.995117
-2747.452881 4006.926025
-2752.261475 4018.857422
-2757.063232 4030.789307
-2761.858154 4042.721924
-2766.646484 4054.655029
-2771.427979 4066.588623
-2776.202637 4078.522705
-2780.970459 4090.457520
-2785.731689 4102.392578
-2790.492676 4114.292969
-2795.251221 4126.170410
-2800.007568 4138.024902
-2804.761475 4149.856445
-2809.512939 4161.665039
-2814.262207 4173.450684
-2819.009033 4185.213379
-2823.753662 4196.953125
-2828.495850 4208.669922
-2833.235596 4220.363770
-2837.973145 4232.034668
-2842.708252 4243.682617
-2847.440918 4255.307617
-2852.171387 4266.909668
-2856.899414 4278.488770
-2861.625244 4290.044922
-2866.348633 4301.577637
-2871.069580 4313.087402
-2875.788330 4324.574219
-2880.504639 4336.038086
-2885.218506 4347.479004
-2889.930176 4358.896973
-2894.639404 4370.291992
-2899.346436 4381.664062
-2904.051025 4393.013184
-2908.753174 4404.339355
-2913.453125 4415.642578
-2918.150635 4426.922852
-2922.845703 4438.180176
-2927.538574 4449.414551
-2932.229004 4460.625977
-2936.917236 4471.814453
-2941.603027 4482.979980
-2946.286377 4494.122559
-2950.967529 4505.241699
-2955.646240 4516.337891
-2960.322510 4527.411133
-2964.996582 4538.461426
-2969.668213 4549.488770
-2974.337646 4560.493164
-2979.018066 4571.522949
-2983.705322 4582.561523
-2988.399170 4593.609375
-2993.099609 4604.666016
-2997.806641 4615.731934
-3002.520264 4626.807129
-3007.240723 4637.891113
-3011.967773 4648.984375
-3016.701416 4660.086426
-3021.441650 4671.197754
-3026.188721 4682.318359
-3030.942383 4693.447754
-3035.702637 4704.586426
-3040.469482 4715.733887
-3045.243164 4726.890625
-3050.023438 4738.056152
-3054.810303 4749.230957
-3059.603760 4760.415039
-3064.404053 4771.607910
-3069.210938 4782.810059
-3074.024414 4794.020996
-3078.844482 4805.241211
-3083.671387 4816.470703
-3088.504883 4827.708984
-3093.344971 4838.956543
-3098.191650 4850.212891
-3103.044922 4861.478516
-3107.905029 4872.752930
-3112.771729 4884.036621
-3117.645020 4895.329590
-3122.524902 4906.631348
-3127.411621 4917.942383
-3132.304932 4929.262207
-3137.204834 4940.591309
-3142.111328 4951.929688
-3147.024658 4963.276855
-3151.944580 4974.633301
-3156.871094 4985.998535
-3161.804199 4997.373047
-3166.744141 5008.756348
-3171.666016 5020.143066
-3176.578125 5031.535156
-3181.480469 5042.932129
-3186.373047 5054.334473
-3191.255859 5065.741699
-3196.128906 5077.154297
-3200.992188 5088.572266
-3205.845703 5099.995117
-3210.689453 5111.423340
-3215.523438 5122.856445
-3220.347656 5134.294922
-3225.161865 5145.738770
-3229.966309 5157.187500
-3234.760986 5168.641602
-3239.545898 5180.100586
-3244.321045 5191.564941
-3249.086426 5203.034668
-3253.842041 5214.509277
-3258.587891 5225.989258
-3263.323975 5237.474121
-3268.050293 5248.964355
-3272.766846 5260.459961
-3277.473633 5271.960449
-3282.170654 5283.466309
-3286.857910 5294.977051
-3291.535400 5306.493164
-3296.203125 5318.014648
-3300.861084 5329.541016
-3305.509277 5341.072754
-3310.147705 5352.609375
-3314.776367 5364.151367
-3319.395264 5375.698730
-3324.004395 5387.250977
-3328.603760 5398.808594
-3333.193359 5410.371094
-3337.773193 5421.938965
-3342.343262 5433.512207
-3346.903320 5445.090332
-3351.453613 5456.673828
-3355.994141 5468.262207
-3360.541260 5479.858887
-3365.089600 5491.462891
-3369.639160 5503.074219
-3374.189941 5514.692871
-3378.741699 5526.318848
-3383.294678 5537.952148
-3387.848877 5549.592285
-3392.404053 5561.239746
-3396.960449 5572.894531
-3401.518066 5584.556641
-3406.076904 5596.226074
-3410.636719 5607.902832
-3415.197754 5619.586914
-3419.760010 5631.277832
-3424.323242 5642.976074
-3428.887695 5654.681641
-3433.453369 5666.394531
-3438.020264 5678.114746
-3442.588135 5689.842285
-3447.157227 5701.576660
-3451.727539 5713.318359
-3456.298828 5725.067383
-3460.871338 5736.823730
-3465.445068 5748.587402
-3470.020020 5760.358398
-3474.595947 5772.136719
-3479.173096 5783.921875
-3483.751465 5795.714355
-3488.330811 5807.514160
-3492.911377 5819.321289
-3497.493164 5831.135742
-3502.076172 5842.957520
-3506.660156 5854.786621
-3511.245361 5866.622559
-3515.831787 5878.465820
-3520.419189 5890.316406
-3525.007812 5902.174316
-3529.597656 5914.039551
-3534.188477 5925.912109
-3538.780518 5937.791504
-3543.349365 5949.695801
-3547.902832 5961.619141
-3552.441162 5973.561035
-3556.964355 5985.521973
-3561.472412 5997.501953
-3565.965332 6009.500977
-3570.443115 6021.518555
-3574.905762 6033.555176
-3579.353027 6045.610840
-3583.785156 6057.685059
-3588.202148 6069.778320
-3592.604004 6081.890625
-3596.990723 6094.021973
-3601.362305 6106.171875
-3605.718506 6118.340820
-3610.059570 6130.528809
-3614.385498 6142.735352
-3618.696289 6154.960938
-3622.991943 6167.205566
-3627.272461 6179.469238
-3631.537598 6191.751465
-3635.787598 6204.052734
-3640.022461 6216.373047
-3644.242188 6228.711914
-3648.446777 6241.069824
-3652.636230 6253.446777
-3656.810547 6265.842285
-3660.969482 6278.256836
-3665.113281 6290.690430
-3669.241943 6303.143066
-3673.355469 6315.614258
-3677.453857 6328.104492
-3681.537109 6340.613770
-3685.604980 6353.141602
-3689.657715 6365.688477
-3693.695312 6378.254395
-3697.717773 6390.839355
-3701.725098 6403.442871
-3705.717285 6416.065430
-3709.694336 6428.707031
-3713.670166 6441.367676
-3717.640137 6454.047852
-3721.604248 6466.747070
-3725.562500 6479.465332
-3729.514893 6492.203125
-3733.461670 6504.959961
-3737.402588 6517.735840
-3741.337646 6530.531250
-3745.266846 6543.345703
-3749.190186 6556.179199
-3753.107666 6569.031738
-3757.019287 6581.903809
-3760.925049 6594.794922
-3764.825195 6607.705078
-3768.719482 6620.634766
-3772.607910 6633.583496
-3776.490479 6646.551270
-3780.367188 6659.538574
-3784.238037 6672.544922
-3788.103027 6685.570312
-3791.962402 6698.615234
-3795.815918 6711.679199
-3799.663574 6724.762207
-3803.505371 6737.864746
-3807.341309 6750.986328
-3811.171387 6764.126953
-3814.995605 6777.287109
-3818.814209 6790.466309
-3822.626953 6803.664551
-3826.433838 6816.882324
-3830.234863 6830.119141
-3834.030029 6843.375000
-3837.819336 6856.650391
-3841.602783 6869.944824
-3845.380615 6883.258301
-3849.152588 6896.591309
-3852.918701 6909.943359
-3856.678955 6923.314453
-3860.433350 6936.705078
-3864.181885 6950.114746
-3867.945312 6963.545410
-3871.716797 6976.996582
-3875.496094 6990.468262
-3879.283447 7003.960449
-3883.078613 7017.473145
-3886.881836 7031.006348
-3890.692871 7044.560059
-3894.511963 7058.134277
-3898.339111 7071.729004
-3902.174072 7085.343750
-3906.017090 7098.979004
-3909.867920 7112.634766
-3913.726807 7126.311035
-3917.593506 7140.007812
-3921.468262 7153.725098
-3925.351074 7167.462891
-3929.241699 7181.221191
-3933.140381 7195.000000
-3937.046875 7208.799316
-3940.961426 7222.619141
-3944.883789 7236.459473
-3948.814209 7250.320312
-3952.752441 7264.201660
-3956.698730 7278.103516
-3960.653076 7292.025391
-3964.615234 7305.967773
-3968.585449 7319.930664
-3972.563477 7333.914062
-3976.549561 7347.917969
-3980.543457 7361.942383
-3984.545410 7375.987305
-3988.555420 7390.052734
-3992.573242 7404.138672
-3996.599121 7418.245117
-4000.632812 7432.372070
-4004.674561 7446.519531
-4008.724121 7460.687500
-4012.781738 7474.875977
-4016.847168 7489.084961
-4020.920654 7503.313965
-4024.993652 7517.556152
-4029.069092 7531.813477
-4033.146973 7546.086426
-4037.227295 7560.374512
-4041.310059 7574.677734
-4045.395264 7588.996582
-4049.482666 7603.330566
-4053.572510 7617.680176
-4057.664795 7632.044922
-4061.759521 7646.425293
-4065.856689 7660.820801
-4069.956299 7675.231445
-4074.058105 7689.657715
-4078.162354 7704.099121
-4082.269043 7718.556152
-4086.378174 7733.028320
-4090.489746 7747.516113
-4094.603760 7762.019043
-4098.720215 7776.537598
-4102.838867 7791.071289
-4106.959961 7805.620117
-4111.083496 7820.184570
-4115.209473 7834.764160
-4119.337891 7849.359375
-4123.468750 7863.969727
-4127.602051 7878.595703
-4131.737793 7893.236816
-4135.875488 7907.893066
-4140.015625 7922.564941
-4144.158203 7937.251953
-4148.303223 7951.954590
-4152.450684 7966.672363
-4156.600586 7981.405762
-4160.752930 7996.154297
-4164.907715 8010.918457
-4169.064941 8025.697754
-4173.224609 8040.492188
-4177.386719 8055.302246
-4181.551270 8070.127441
-4185.717773 8084.968262
-4189.900391 8099.809570
-4194.094238 8114.656250
-4198.299316 8129.508789
-4202.515625 8144.366699
-4206.743164 8159.229980
-4210.981934 8174.099121
-4215.231934 8188.973633
-4219.493164 8203.853516
-4223.765625 8218.739258
-4228.049316 8233.629883
-4232.344727 8248.526367
-4236.651367 8263.428711
-4240.969238 8278.335938
-4245.298340 8293.249023
-4249.638672 8308.167969
-4253.990234 8323.091797
-4258.353027 8338.021484
-4262.727051 8352.957031
-4267.112305 8367.897461
-4271.508789 8382.843750
-4275.916504 8397.795898
-4280.335938 8412.752930
-4284.766602 8427.715820
-4289.208496 8442.684570
-4293.661621 8457.658203
-4298.125977 8472.637695
-4302.601562 8487.623047
-4307.088379 8502.613281
-4311.586426 8517.609375
-4316.095703 8532.611328
-4320.616211 8547.618164
-4325.147949 8562.630859
-4329.691406 8577.649414
-4334.246094 8592.672852
-4338.812012 8607.702148
-4343.389160 8622.737305
-4347.977539 8637.777344
-4352.577148 8652.823242
-4357.187988 8667.874023
-4361.810059 8682.930664
-4366.455078 8697.970703
-4371.119141 8713.000977
-4375.802246 8728.021484
-4380.504395 8743.032227
-4385.225586 8758.034180
-4389.966309 8773.026367
-4394.726074 8788.008789
-4399.504883 8802.981445
-4404.302734 8817.945312
-4409.119629 8832.899414
-4413.955566 8847.843750
-4418.810547 8862.778320
-4423.684570 8877.704102
-4428.577637 8892.620117
-4433.489746 8907.526367
-4438.420898 8922.422852
-4443.371094 8937.310547
-4448.340332 8952.188477
-4453.328613 8967.056641
-4458.335938 8981.915039
-4463.362793 8996.764648
-4468.408691 9011.604492
-4473.473633 9026.434570
-4478.557617 9041.254883
-4483.660645 9056.066406
-4488.782715 9070.868164
-4493.923828 9085.660156
-4499.083984 9100.442383
-4504.263184 9115.215820
-4509.461426 9129.979492
-4514.678711 9144.733398
-4519.915039 9159.477539
-4525.170410 9174.212891
-4530.444824 9188.938477
-4535.738281 9203.654297
-4541.050781 9218.360352
-4546.382812 9233.057617
-4551.733887 9247.745117
-4557.104004 9262.422852
-4562.493164 9277.090820
-4567.891602 9291.779297
-4573.302246 9306.478516
-4578.725586 9321.188477
-4584.161621 9335.908203
-4589.609863 9350.638672
-4595.070801 9365.379883
-4600.544434 9380.130859
-4606.030273 9394.892578
-4611.528809 9409.665039
-4617.040039 9424.448242
-4622.563477 9439.241211
-4628.099609 9454.044922
-4633.648438 9468.859375
-4639.209473 9483.683594
-4644.783203 9498.518555
-4650.369141 9513.364258
-4655.967773 9528.219727
-4661.579102 9543.085938
-4667.202637 9557.962891
-4672.838867 9572.850586
-4678.487793 9587.748047
-4684.148926 9602.656250
-4689.822754 9617.575195
-4695.509277 9632.503906
-4701.208008 9647.443359
-4706.919434 9662.393555
-4712.643555 9677.353516
-4718.379883 9692.324219
-4724.128906 9707.305664
-4729.890625 9722.297852
-4735.664551 9737.299805
-4741.451172 9752.312500
-4747.250488 9767.335938
-4753.062012 9782.369141
-4758.886230 9797.413086
-4764.722656 9812.467773
-4770.571777 9827.532227
-4776.433594 9842.607422
-4782.307617 9857.693359
-4788.194336 9872.790039
-4794.059570 9887.893555
-4799.915039 9903.004883
-4805.760254 9918.125000
-4811.595215 9933.252930
-4817.420410 9948.388672
-4823.235352 9963.533203
-4829.040039 9978.685547
-4834.834473 9993.846680
-4840.619141 10009.015625
-4846.393555 10024.192383
-4852.157715 10039.377930
-4857.912109 10054.571289
-4863.656250 10069.773438
-4869.390137 10084.983398
-4875.114258 10100.201172
-4880.828125 10115.427734
-4886.531738 10130.662109
-4892.225586 10145.905273
-4897.909180 10161.156250
-4903.582520 10176.415039
-4909.246094 10191.682617
-4914.899414 10206.958008
-4920.542480 10222.242188
-4926.175781 10237.534180
-4931.798828 10252.833984
-4937.411621 10268.142578
-4943.014160 10283.458984
-4948.606934 10298.783203
-4954.189453 10314.116211
-4959.761719 10329.457031
-4965.324219 10344.806641
-4970.876465 10360.164062
-4976.418457 10375.529297
-4981.950684 10390.903320
-4987.472656 10406.285156
-4992.984375 10421.675781
-4998.486328 10437.074219
-5003.978027 10452.480469
-5009.459473 10467.895508
-5014.931152 10483.318359
-5020.384277 10498.745117
-5025.821777 10514.176758
-5031.243164 10529.614258
-5036.648926 10545.056641
-5042.039062 10560.503906
-5047.413574 10575.957031
-5052.772461 10591.415039
-5058.115723 10606.878906
-5063.442871 10622.347656
-5068.754395 10637.821289
-5074.050293 10653.300781
-5079.330566 10668.785156
-5084.595215 10684.274414
-5089.844238 10699.769531
-5095.077637 10715.269531
-5100.294922 10730.774414
-5105.496582 10746.285156
-5110.682617 10761.800781
-5115.853027 10777.321289
-5121.007812 10792.847656
-5126.146973 10808.378906
-5131.270020 10823.915039
-5136.377441 10839.457031
-5141.469238 10855.003906
-5146.545410 10870.555664
-5151.605957 10886.113281
-5156.650879 10901.675781
-5161.680176 10917.244141
-5166.693359 10932.817383
-5171.690918 10948.395508
-5176.672852 10963.979492
-5181.639160 10979.568359
-5186.589844 10995.162109
-5191.524902 11010.761719
-5196.443848 11026.366211
-5201.347168 11041.975586
-5206.234863 11057.590820
-5211.106934 11073.210938
-5215.963379 11088.835938
-5220.804199 11104.466797
-5225.650879 11120.132812
-5230.496582 11135.824219
-5235.341309 11151.541016
-5240.185059 11167.283203
-5245.027344 11183.050781
-5249.868652 11198.843750
-5254.708984 11214.662109
-5259.548340 11230.505859
-5264.386230 11246.375000
-5269.223145 11262.269531
-5274.059082 11278.189453
-5278.894043 11294.134766
-5283.727539 11310.105469
-5288.560059 11326.101562
-5293.391602 11342.123047
-5298.222168 11358.169922
-5303.051270 11374.242188
-5307.879395 11390.339844
-5312.706543 11406.462891
-5317.532715 11422.611328
-5322.357422 11438.785156
-5327.181152 11454.984375
-5332.003906 11471.208984
-5336.825684 11487.458984
-5341.645996 11503.734375
-5346.465332 11520.035156
-5351.283691 11536.361328
-5356.101074 11552.712891
-5360.916992 11569.089844
-5365.731934 11585.492188
-5370.545898 11601.919922
-5375.358887 11618.373047
-5380.170410 11634.851562
-5384.980957 11651.355469
-5389.790527 11667.884766
-5394.599121 11684.439453
-5399.406250 11701.019531
-5404.212402 11717.625000
-5409.017578 11734.255859
-5413.821777 11750.912109
-5418.630371 11767.565430
-5423.441895 11784.225586
-5428.256348 11800.892578
-5433.073730 11817.566406
-5437.894043 11834.246094
-5442.717285 11850.932617
-5447.543457 11867.625977
-5452.372559 11884.325195
-5457.204590 11901.031250
-5462.039062 11917.744141
-5466.876465 11934.462891
-5471.716797 11951.188477
-5476.560059 11967.920898
-5481.406250 11984.659180
-5486.255371 12001.404297
-5491.107422 12018.156250
-5495.962402 12034.914062
-5500.820312 12051.678711
-5505.680664 12068.450195
-5510.543945 12085.227539
-5515.410156 12102.011719
-5520.279297 12118.802734
-5525.151367 12135.599609
-5530.026367 12152.403320
-5534.904297 12169.213867
-5539.785156 12186.031250
-5544.668945 12202.854492
-5549.555176 12219.684570
-5554.444336 12236.521484
-5559.336426 12253.364258
-5564.231445 12270.213867
-5569.129395 12287.070312
-5574.030273 12303.932617
-5578.934082 12320.801758
-5583.840820 12337.677734
-5588.750488 12354.559570
-5593.662598 12371.448242
-5598.577637 12388.343750
-5603.495605 12405.245117
-5608.416504 12422.153320
-5613.344727 12439.040039
-5618.278320 12455.915039
-5623.217773 12472.778320
-5628.163086 12489.629883
-5633.113770 12506.469727
-5638.070312 12523.297852
-5643.032715 12540.114258
-5648.000488 12556.917969
-5652.974121 12573.709961
-5657.953613 12590.490234
-5662.938477 12607.258789
-5667.929199 12624.015625
-5672.925781 12640.760742
-5677.927734 12657.493164
-5682.935547 12674.213867
-5687.949219 12690.922852
-5692.968262 12707.620117
-5697.993164 12724.305664
-5703.023926 12740.979492
-5708.060059 12757.640625
-5713.102051 12774.290039
-5718.149902 12790.927734
-5723.203125 12807.553711
-5728.262207 12824.167969
-5733.327148 12840.770508
-5738.397949 12857.360352
-5743.474121 12873.938477
-5748.556152 12890.504883
-5753.644043 12907.059570
-5758.737305 12923.602539
-5763.836426 12940.133789
-5768.941406 12956.653320
-5774.051758 12973.160156
-5779.167969 12989.655273
-5784.290039 13006.138672
-5789.417480 13022.610352
-5794.550781 13039.070312
-5799.689941 13055.518555
-5804.834473 13071.954102
-5809.984863 13088.377930
-5815.156738 13104.791992
-5820.344727 13121.195312
-5825.548828 13137.587891
-5830.769531 13153.969727
-5836.006348 13170.340820
-5841.259277 13186.701172
-5846.528320 13203.050781
-5851.813965 13219.389648
-5857.115723 13235.717773
-5862.433594 13252.035156
-5867.767578 13268.341797
-5873.117676 13284.637695
-5878.484375 13300.922852
-5883.867188 13317.197266
-5889.266113 13333.460938
-5894.681152 13349.713867
-5900.112793 13365.956055
-5905.560547 13382.187500
-5911.024414 13398.408203
-5916.504395 13414.618164
-5922.000977 13430.817383
-5927.513672 13447.005859
-5933.042480 13463.183594
-5938.587402 13479.350586
-5944.148438 13495.506836
-5949.726074 13511.652344
-5955.319824 13527.787109
-5960.929688 13543.911133
-5966.555664 13560.024414
-5972.198242 13576.126953
-5977.856934 13592.218750
-5983.531738 13608.299805
-5989.222656 13624.370117
-5994.929688 13640.429688
-6000.653320 13656.478516
-6006.393066 13672.516602
-6012.148926 13688.543945
-6017.920898 13704.560547
-6023.709473 13720.566406
-6029.514160 13736.561523
-6035.331055 13752.522461
-6041.161621 13768.457031
-6047.005859 13784.365234
-6052.864258 13800.247070
-6058.736328 13816.102539
-6064.622070 13831.931641
-6070.521484 13847.734375
-6076.434570 13863.511719
-6082.361328 13879.262695
-6088.301758 13894.987305
-6094.255859 13910.685547
-6100.223633 13926.357422
-6106.205078 13942.002930
-6112.200195 13957.622070
-6118.208984 13973.214844
-6124.231445 13988.781250
-6130.267578 14004.322266
-6136.317383 14019.836914
-6142.380859 14035.325195
-6148.458008 14050.787109
-6154.548828 14066.222656
-6160.653809 14081.631836
-6166.772461 14097.014648
-6172.904785 14112.371094
-6179.050781 14127.702148
-6185.210449 14143.006836
-6191.383789 14158.285156
-6197.570801 14173.537109
-6203.771484 14188.762695
-6209.985840 14203.961914
-6216.213867 14219.134766
-6222.455566 14234.281250
-6228.710938 14249.402344
-6234.979980 14264.497070
-6241.262695 14279.565430
-6247.559082 14294.607422
-6253.869141 14309.623047
-6260.192871 14324.612305
-6266.530762 14339.575195
-6272.882324 14354.511719
-6279.270996 14369.456055
-6285.689453 14384.396484
-6292.137207 14399.333008
-6298.614746 14414.265625
-6305.121582 14429.193359
-6311.658203 14444.117188
-6318.224121 14459.037109
-6324.819824 14473.953125
-6331.444824 14488.865234
-6338.099609 14503.773438
-6344.784180 14518.677734
-6351.498047 14533.578125
-6358.241699 14548.474609
-6365.014648 14563.367188
-6371.817383 14578.255859
-6378.649414 14593.140625
-6385.511230 14608.021484
-6392.402344 14622.898438
-6399.323242 14637.770508
-6406.273438 14652.638672
-6413.253418 14667.502930
-6420.262695 14682.363281
-6427.301758 14697.219727
-6434.370117 14712.072266
-6441.468262 14726.920898
-6448.595703 14741.765625
-6455.752930 14756.606445
-6462.939453 14771.443359
-6470.155762 14786.276367
-6477.401367 14801.105469
-6484.676758 14815.930664
-6491.981445 14830.751953
-6499.315918 14845.568359
-6506.679688 14860.380859
-6514.073242 14875.189453
-6521.496094 14889.994141
-6528.948730 14904.794922
-6536.431152 14919.591797
-6543.942871 14934.384766
-6551.484375 14949.173828
-6559.057617 14963.924805
-6566.662109 14978.649414
-6574.297852 14993.347656
-6581.964844 15008.019531
-6589.663086 15022.665039
-6597.392578 15037.284180
-6605.153320 15051.876953
-6612.945312 15066.443359
-6620.768555 15080.983398
-6628.623047 15095.497070
-6636.508789 15109.984375
-6644.425781 15124.445312
-6652.374023 15138.879883
-6660.353516 15153.288086
-6668.364258 15167.669922
-6676.405762 15182.025391
-6684.478516 15196.354492
-6692.582520 15210.657227
-6700.717773 15224.933594
-6708.884277 15239.183594
-6717.082031 15253.407227
-6725.311035 15267.604492
-6733.571289 15281.775391
-6741.862793 15295.919922
-6750.185547 15310.038086
-6758.539551 15324.129883
-6766.924805 15338.195312
-6775.341309 15352.234375
-6783.789062 15366.247070
-6792.268066 15380.232422
-6800.778320 15394.191406
-6809.319824 15408.124023
-6817.892578 15422.030273
-6826.496582 15435.910156
-6835.131348 15449.763672
-6843.797363 15463.590820
-6852.494629 15477.391602
-6861.223145 15491.166016
-6869.982910 15504.914062
-6878.773926 15518.635742
-6887.583496 15532.341797
-6896.415527 15546.028320
-6905.270020 15559.695312
-6914.146973 15573.342773
-6923.046387 15586.970703
-6931.968262 15600.579102
-6940.913086 15614.167969
-6949.880371 15627.737305
-6958.870117 15641.287109
-6967.882324 15654.817383
-6976.916992 15668.328125
-6985.974609 15681.819336
-6995.054688 15695.291016
-7004.157227 15708.743164
-7013.282227 15722.175781
-7022.429688 15735.588867
-7031.599609 15748.982422
-7040.792480 15762.356445
-7050.007812 15775.710938
-7059.245605 15789.045898
-7068.505859 15802.361328
-7077.788574 15815.657227
-7087.094238 15828.933594
-7096.422363 15842.190430
-7105.772949 15855.427734
-7115.145996 15868.646484
-7124.541504 15881.845703
-7133.959473 15895.025391
-7143.400391 15908.185547
-7152.863770 15921.326172
-7162.349609 15934.447266
-7171.857910 15947.548828
-7181.388672 15960.630859
-7190.942383 15973.693359
-7200.518555 15986.736328
-7210.117188 15999.759766
-7219.738281 16012.763672
-7229.381836 16025.748047
-7239.047852 16038.712891
-7248.736816 16051.658203
-7258.445801 16064.600586
-7268.175781 16077.534180
-7277.926758 16090.458984
-7287.698730 16103.375000
-7297.491699 16116.282227
-7307.305664 16129.180664
-7317.140625 16142.071289
-7326.996582 16154.953125
-7336.873535 16167.826172
-7346.771484 16180.690430
-7356.690430 16193.545898
-7366.630371 16206.392578
-7376.591309 16219.230469
-7386.573242 16232.060547
-7396.576172 16244.881836
-7406.600098 16257.694336
-7416.645020 16270.498047
-7426.710938 16283.292969
-7436.797852 16296.079102
-7446.905762 16308.856445
-7457.034668 16321.625977
-7467.184570 16334.386719
-7477.355469 16347.138672
-7487.547363 16359.881836
-7497.760254 16372.616211
-7507.994141 16385.341797
-7518.249023 16398.058594
-7528.524902 16410.767578
-7538.821777 16423.466797
-7549.139648 16436.158203
-7559.478516 16448.839844
-7569.838379 16461.513672
-7580.219238 16474.179688
-7590.621094 16486.835938
-7601.043945 16499.484375
-7611.487793 16512.123047
-7621.952637 16524.753906
-7632.438477 16537.375000
-7642.945312 16549.988281
-7653.473145 16562.593750
-7664.017090 16575.195312
-7674.578125 16587.792969
-7685.156738 16600.386719
-7695.752930 16612.974609
-7706.366699 16625.558594
-7716.998047 16638.138672
-7727.646973 16650.712891
-7738.312988 16663.283203
-7748.996582 16675.849609
-7759.697754 16688.410156
-7770.416504 16700.966797
-7781.152832 16713.519531
-7791.906738 16726.066406
-7802.678223 16738.609375
-7813.466797 16751.148438
-7824.272949 16763.681641
-7835.096680 16776.210938
-7845.937988 16788.736328
-7856.796875 16801.255859
-7867.673340 16813.771484
-7878.566895 16826.281250
-7889.478027 16838.787109
-7900.406738 16851.289062
-7911.353027 16863.785156
-7922.316895 16876.277344
-7933.298340 16888.765625
-7944.296875 16901.248047
-7955.312988 16913.726562
-7966.346680 16926.201172
-7977.397949 16938.669922
-7988.466797 16951.134766
-7999.553223 16963.595703
-8010.656738 16976.050781
-8021.777832 16988.501953
-8032.916504 17000.949219
-8044.072754 17013.390625
-8055.246582 17025.828125
-8066.437988 17038.261719
-8077.646973 17050.689453
-8088.873047 17063.113281
-8100.111816 17075.525391
-8111.365234 17087.927734
-8122.632812 17100.322266
-8133.914551 17112.707031
-8145.210938 17125.082031
-8156.521484 17137.447266
-8167.846191 17149.804688
-8179.185059 17162.152344
-8190.538574 17174.490234
-8201.906250 17186.820312
-8213.288086 17199.140625
-8224.684570 17211.451172
-8236.094727 17223.751953
-8247.519531 17236.044922
-8258.958984 17248.328125
-8270.412109 17260.601562
-8281.879883 17272.865234
-8293.362305 17285.121094
-8304.858398 17297.367188
-8316.369141 17309.603516
-8327.894531 17321.832031
-8339.433594 17334.050781
-8350.987305 17346.259766
-8362.554688 17358.458984
-8374.136719 17370.650391
-8385.733398 17382.832031
-8397.343750 17395.003906
-8408.968750 17407.167969
-8420.608398 17419.322266
-8432.261719 17431.466797
-8443.929688 17443.601562
-8455.612305 17455.728516
-8467.308594 17467.845703
-8479.019531 17479.953125
-8490.745117 17492.050781
-8502.484375 17504.140625
-8514.238281 17516.220703
-8526.005859 17528.291016
-8537.788086 17540.353516
-8549.584961 17552.406250
-8561.299805 17564.457031
-8572.963867 17576.503906
-8584.578125 17588.544922
-8596.142578 17600.582031
-8607.657227 17612.615234
-8619.121094 17624.644531
-8630.535156 17636.669922
-8641.899414 17648.689453
-8653.213867 17660.705078
-8664.478516 17672.716797
-8675.692383 17684.724609
-8686.856445 17696.728516
-8697.970703 17708.726562
-8709.035156 17720.720703
-8720.048828 17732.710938
-8731.012695 17744.697266
-8741.926758 17756.677734
-8752.791016 17768.654297
-8763.605469 17780.626953
-8774.369141 17792.595703
-8785.083008 17804.560547
-8795.747070 17816.519531
-8806.361328 17828.474609
-8816.924805 17840.425781
-8827.438477 17852.373047
-8837.902344 17864.316406
-8848.316406 17876.253906
-8858.680664 17888.187500
-8868.994141 17900.117188
-8879.257812 17912.042969
-8889.471680 17923.962891
-8899.635742 17935.878906
-8909.749023 17947.791016
-8919.812500 17959.699219
-8929.826172 17971.603516
-8939.790039 17983.501953
-8949.703125 17995.396484
-8959.566406 18007.287109
-8969.379883 18019.173828
-8979.143555 18031.056641
-8988.823242 18042.914062
-8998.429688 18054.753906
-9007.963867 18066.576172
-9017.425781 18078.378906
-9026.814453 18090.164062
-9036.130859 18101.931641
-9045.374023 18113.681641
-9054.544922 18125.414062
-9063.642578 18137.126953
-9072.667969 18148.822266
-9081.621094 18160.500000
-9090.500977 18172.160156
-9099.308594 18183.802734
-9108.042969 18195.427734
-9116.705078 18207.033203
-9125.294922 18218.621094
-9133.811523 18230.191406
-9142.255859 18241.744141
-9150.626953 18253.279297
-9158.925781 18264.796875
-9167.151367 18276.294922
-9175.304688 18287.775391
-9183.385742 18299.238281
-9191.393555 18310.683594
-9199.329102 18322.111328
-9207.191406 18333.519531
-9214.981445 18344.910156
-9222.698242 18356.283203
-9230.342773 18367.638672
-9237.915039 18378.976562
-9245.414062 18390.296875
-9252.840820 18401.597656
-9260.194336 18412.880859
-9267.475586 18424.146484
-9274.684570 18435.394531
-9281.820312 18446.625000
-9288.883789 18457.835938
-9295.874023 18469.029297
-9302.791992 18480.205078
-9309.636719 18491.363281
-9316.405273 18502.529297
-9323.099609 18513.695312
-9329.718750 18524.859375
-9336.262695 18536.023438
-9342.731445 18547.185547
-9349.125000 18558.347656
-9355.444336 18569.507812
-9361.688477 18580.667969
-9367.857422 18591.828125
-9373.951172 18602.986328
-9379.969727 18614.144531
-9385.914062 18625.300781
-9391.783203 18636.457031
-9397.577148 18647.613281
-9403.295898 18658.767578
-9408.939453 18669.921875
-9414.508789 18681.074219
-9420.002930 18692.226562
-9425.421875 18703.378906
-9430.765625 18714.529297
-9436.034180 18725.679688
-9441.228516 18736.828125
-9446.347656 18747.976562
-9451.391602 18759.123047
-9456.360352 18770.269531
-9461.253906 18781.416016
-9466.073242 18792.560547
-9470.817383 18803.705078
-9475.486328 18814.847656
-9480.080078 18825.990234
-9484.598633 18837.132812
-9489.042969 18848.273438
-9493.412109 18859.414062
-9497.706055 18870.552734
-9501.924805 18881.691406
-9506.068359 18892.830078
-9510.137695 18903.966797
-9514.131836 18915.103516
-9518.050781 18926.238281
-9521.894531 18937.373047
-9525.709961 18948.474609
-9529.481445 18959.552734
-9533.208984 18970.609375
-9536.891602 18981.642578
-9540.530273 18992.652344
-9544.125000 19003.640625
-9547.675781 19014.605469
-9551.182617 19025.546875
-9554.645508 19036.466797
-9558.064453 19047.363281
-9561.438477 19058.238281
-9564.768555 19069.089844
-9568.054688 19079.917969
-9571.296875 19090.724609
-9574.495117 19101.507812
-9577.649414 19112.269531
-9580.758789 19123.007812
-9583.824219 19133.722656
-9586.845703 19144.416016
-9589.823242 19155.085938
-9592.756836 19165.734375
-9595.646484 19176.359375
-9598.491211 19186.960938
-9601.291992 19197.541016
-9604.048828 19208.097656
-9606.761719 19218.630859
-9609.430664 19229.142578
-9612.055664 19239.630859
-9614.636719 19250.097656
-9617.172852 19260.541016
-9619.665039 19270.960938
-9622.113281 19281.359375
-9624.517578 19291.734375
-9626.877930 19302.087891
-9629.194336 19312.417969
-9631.465820 19322.724609
-9633.693359 19333.009766
-9635.876953 19343.271484
-9638.016602 19353.511719
-9640.112305 19363.728516
-9642.194336 19373.917969
-9644.252930 19384.082031
-9646.287109 19394.220703
-9648.297852 19404.333984
-9650.285156 19414.421875
-9652.249023 19424.484375
-9654.189453 19434.521484
-9656.105469 19444.531250
-9657.998047 19454.515625
-9659.867188 19464.474609
-9661.712891 19474.408203
-9663.534180 19484.316406
-9665.332031 19494.199219
-9667.106445 19504.056641
-9668.857422 19513.888672
-9670.583984 19523.695312
-9672.287109 19533.476562
-9673.966797 19543.232422
-9675.623047 19552.960938
-9677.254883 19562.664062
-9678.863281 19572.341797
-9680.448242 19581.994141
-9682.009766 19591.621094
-9683.546875 19601.222656
-9685.060547 19610.798828
-9686.550781 19620.349609
-9688.017578 19629.875000
-9689.459961 19639.375000
-9690.878906 19648.847656
-9692.274414 19658.294922
-9693.646484 19667.716797
-9694.994141 19677.113281
-9696.318359 19686.484375
-9697.619141 19695.830078
-9698.896484 19705.150391
-9700.149414 19714.445312
-9701.378906 19723.714844
-9702.584961 19732.958984
-9703.767578 19742.177734
-9704.925781 19751.369141
-9706.050781 19760.562500
-9707.145508 19769.750000
-9708.209961 19778.929688
-9709.244141 19788.101562
-9710.248047 19797.265625
-9711.221680 19806.423828
-9712.165039 19815.574219
-9713.078125 19824.716797
-9713.960938 19833.851562
-9714.813477 19842.980469
-9715.635742 19852.101562
-9716.427734 19861.214844
-9717.189453 19870.320312
-9717.920898 19879.419922
-9718.622070 19888.511719
-9719.292969 19897.595703
-9719.933594 19906.671875
-9720.543945 19915.742188
-9721.124023 19924.804688
-9721.673828 19933.859375
-9722.193359 19942.906250
-9722.682617 19951.947266
-9723.140625 19960.980469
-9723.568359 19970.005859
-9723.965820 19979.023438
-9724.333008 19988.035156
-9724.669922 19997.039062
-9724.976562 20006.035156
-9725.252930 20015.023438
-9725.499023 20024.005859
-9725.714844 20032.980469
-9725.900391 20041.947266
-9726.055664 20050.906250
-9726.180664 20059.859375
-9726.275391 20068.804688
-9726.339844 20077.742188
-9726.374023 20086.671875
-9726.377930 20095.595703
-9726.351562 20104.511719
-9726.294922 20113.419922
-9726.208008 20122.322266
-9726.090820 20131.218750
-9725.943359 20140.107422
-9725.765625 20148.990234
-9725.557617 20157.867188
-9725.319336 20166.738281
-9725.050781 20175.601562
-9724.751953 20184.458984
-9724.422852 20193.310547
-9724.063477 20202.154297
-9723.673828 20210.992188
-9723.253906 20219.824219
-9722.803711 20228.648438
-9722.323242 20237.466797
-9721.812500 20246.279297
-9721.271484 20255.083984
-9720.700195 20263.882812
-9720.098633 20272.675781
-9719.466797 20281.462891
-9718.805664 20290.242188
-9718.114258 20299.015625
-9717.392578 20307.783203
-9716.640625 20316.542969
-9715.858398 20325.296875
-9715.045898 20334.044922
-9714.203125 20342.785156
-9713.330078 20351.519531
-9712.426758 20360.248047
-9711.493164 20368.970703
-9710.529297 20377.685547
-9709.535156 20386.394531
-9708.510742 20395.097656
-9707.456055 20403.792969
-9706.371094 20412.482422
-9705.255859 20421.166016
-9704.110352 20429.841797
-9702.934570 20438.511719
-9701.728516 20447.175781
-9700.492188 20455.833984
-9699.225586 20464.484375
-9697.928711 20473.121094
-9696.600586 20481.748047
-9695.242188 20490.363281
-9693.853516 20498.966797
-9692.433594 20507.560547
-9690.983398 20516.142578
-9689.502930 20524.714844
-9687.992188 20533.275391
-9686.450195 20541.824219
-9684.877930 20550.363281
-9683.275391 20558.890625
-9681.641602 20567.406250
-9679.977539 20575.912109
-9678.283203 20584.406250
-9676.558594 20592.888672
-9674.802734 20601.361328
-9673.016602 20609.822266
-9671.200195 20618.271484
-9669.352539 20626.710938
-9667.474609 20635.138672
-9665.566406 20643.556641
-9663.627930 20651.962891
-9661.658203 20660.357422
-9659.658203 20668.742188
-9657.627930 20677.115234
-9655.566406 20685.476562
-9653.474609 20693.828125
-9651.352539 20702.167969
-9649.200195 20710.496094
-9647.016602 20718.814453
-9644.802734 20727.121094
-9642.558594 20735.416016
-9640.283203 20743.701172
-9637.977539 20751.974609
-9635.641602 20760.236328
-9633.275391 20768.488281
-9630.877930 20776.728516
-9628.450195 20784.958984
-9625.992188 20793.177734
-9623.503906 20801.384766
-9621.011719 20809.589844
-9618.506836 20817.791016
-9615.989258 20825.986328
-9613.458984 20834.175781
-9610.916016 20842.361328
-9608.360352 20850.541016
-9605.791992 20858.716797
-9603.210938 20866.886719
-9600.618164 20875.050781
-9598.012695 20883.210938
-9595.394531 20891.365234
-9592.763672 20899.513672
-9590.120117 20907.658203
-9587.463867 20915.796875
-9584.794922 20923.931641
-9582.113281 20932.060547
-9579.418945 20940.183594
-9576.711914 20948.302734
-9573.993164 20956.416016
-9571.261719 20964.525391
-9568.517578 20972.628906
-9565.760742 20980.726562
-9562.991211 20988.820312
-9560.208984 20996.908203
-9557.414062 21004.992188
-9554.606445 21013.070312
-9551.786133 21021.142578
-9548.953125 21029.210938
-9546.108398 21037.273438
-9543.250977 21045.330078
-9540.380859 21053.382812
-9537.498047 21061.429688
-9534.602539 21069.472656
-9531.694336 21077.509766
-9528.773438 21085.541016
-9525.839844 21093.568359
-9522.893555 21101.589844
-9519.934570 21109.607422
-9516.963867 21117.619141
-9513.980469 21125.625000
-9510.980469 21133.628906
-9507.965820 21141.628906
-9504.935547 21149.623047
-9501.890625 21157.613281
-9498.831055 21165.599609
-9495.755859 21173.582031
-9492.666016 21181.560547
-9489.561523 21189.535156
-9486.441406 21197.505859
-9483.306641 21205.472656
-9480.157227 21213.435547
-9476.992188 21221.394531
-9473.812500 21229.349609
-9470.618164 21237.300781
-9467.408203 21245.248047
-9464.183594 21253.191406
-9460.944336 21261.130859
-9457.689453 21269.066406
-9454.419922 21276.998047
-9451.135742 21284.925781
-9447.835938 21292.849609
-9444.521484 21300.769531
-9441.192383 21308.685547
-9437.847656 21316.595703
-9434.488281 21324.501953
-9431.114258 21332.404297
-9427.724609 21340.302734
-9424.320312 21348.197266
-9420.901367 21356.087891
-9417.466797 21363.974609
-9414.017578 21371.857422
-9410.553711 21379.736328
-9407.074219 21387.611328
-9403.580078 21395.482422
-9400.071289 21403.349609
-9396.546875 21411.212891
-9393.007812 21419.072266
-9389.454102 21426.927734
-9385.884766 21434.779297
-9382.300781 21442.626953
-9378.705078 21450.474609
-9375.096680 21458.322266
-9371.475586 21466.169922
-9367.841797 21474.015625
-9364.195312 21481.861328
-9360.536133 21489.707031
-9356.865234 21497.552734
-9353.181641 21505.396484
-9349.485352 21513.240234
-9345.776367 21521.083984
-9342.054688 21528.925781
-9338.320312 21536.767578
-9334.573242 21544.609375
-9330.813477 21552.449219
-9327.041016 21560.289062
-9323.255859 21568.128906
-9319.458008 21575.968750
-9315.647461 21583.806641
-9311.824219 21591.644531
-9307.988281 21599.482422
-9304.139648 21607.318359
-9300.278320 21615.154297
-9296.404297 21622.990234
-9292.517578 21630.826172
-9288.618164 21638.660156
-9284.706055 21646.494141
-9280.781250 21654.328125
-9276.844727 21662.160156
-9272.895508 21669.992188
-9268.933594 21677.824219
-9264.958984 21685.654297
-9260.971680 21693.484375
-9256.971680 21701.314453
-9252.958984 21709.144531
-9248.933594 21716.972656
-9244.895508 21724.800781
-9240.844727 21732.628906
-9236.781250 21740.455078
-9232.705078 21748.281250
-9228.616211 21756.107422
-9224.516602 21763.927734
-9220.406250 21771.746094
-9216.284180 21779.560547
-9212.151367 21787.371094
-9208.006836 21795.179688
-9203.850586 21802.984375
-9199.683594 21810.785156
-9195.504883 21818.582031
-9191.315430 21826.376953
-9187.114258 21834.167969
-9182.902344 21841.955078
-9178.678711 21849.740234
-9174.444336 21857.521484
-9170.198242 21865.298828
-9165.941406 21873.072266
-9161.672852 21880.843750
-9157.392578 21888.611328
-9153.101562 21896.375000
-9148.798828 21904.134766
-9144.485352 21911.892578
-9140.160156 21919.646484
-9135.824219 21927.396484
-9131.476562 21935.144531
-9127.118164 21942.888672
-9122.748047 21950.628906
-9118.367188 21958.365234
-9113.974609 21966.099609
-9109.570312 21973.830078
-9105.155273 21981.556641
-9100.728516 21989.281250
-9096.291016 21997.001953
-9091.841797 22004.718750
-9087.381836 22012.431641
-9082.910156 22020.142578
-9078.427734 22027.849609
-9073.933594 22035.552734
-9069.428711 22043.253906
-9064.912109 22050.951172
-9060.383789 22058.644531
-9055.844727 22066.333984
-9051.309570 22074.023438
-9046.773438 22081.710938
-9042.236328 22089.396484
-9037.698242 22097.080078
-9033.159180 22104.761719
-9028.619141 22112.441406
-9024.078125 22120.119141
-9019.536133 22127.794922
-9014.993164 22135.468750
-9010.450195 22143.140625
-9005.906250 22150.810547
-9001.361328 22158.478516
-8996.815430 22166.146484
-8992.268555 22173.812500
-8987.720703 22181.476562
-8983.171875 22189.138672
-8978.622070 22196.798828
-8974.071289 22204.457031
-8969.519531 22212.113281
-8964.966797 22219.767578
-8960.413086 22227.419922
-8955.858398 22235.070312
-8951.302734 22242.718750
-8946.746094 22250.365234
-8942.188477 22258.009766
-8937.629883 22265.652344
-8933.070312 22273.292969
-8928.509766 22280.931641
-8923.948242 22288.568359
-8919.385742 22296.203125
-8914.822266 22303.835938
-8910.257812 22311.468750
-8905.692383 22319.099609
-8901.125977 22326.728516
-8896.558594 22334.355469
-8891.990234 22341.980469
-8887.420898 22349.603516
-8882.850586 22357.224609
-8878.279297 22364.843750
-8873.707031 22372.460938
-8869.148438 22380.072266
-8864.598633 22387.679688
-8860.056641 22395.283203
-8855.523438 22402.880859
-8850.999023 22410.474609
-8846.483398 22418.064453
-8841.975586 22425.650391
-8837.476562 22433.230469
-8832.986328 22440.806641
-8828.503906 22448.378906
-8824.030273 22455.947266
-8819.565430 22463.509766
-8815.109375 22471.068359
-8810.661133 22478.623047
-8806.221680 22486.173828
-8801.791016 22493.718750
-8797.369141 22501.259766
-8792.955078 22508.796875
-8788.549805 22516.330078
-8784.153320 22523.857422
-8779.765625 22531.380859
-8775.385742 22538.900391
-8771.014648 22546.416016
-8766.652344 22553.925781
-8762.297852 22561.431641
-8757.952148 22568.933594
-8753.615234 22576.429688
-8749.287109 22583.921875
-8744.966797 22591.410156
-8740.655273 22598.894531
-8736.352539 22606.373047
-8732.058594 22613.847656
-8727.772461 22621.318359
-8723.495117 22628.785156
-8719.226562 22636.246094
-8714.965820 22643.703125
-8710.713867 22651.156250
-8706.470703 22658.605469
-8702.236328 22666.048828
-8698.009766 22673.488281
-8693.788086 22680.914062
-8689.572266 22688.330078
-8685.362305 22695.734375
-8681.158203 22703.128906
-8676.959961 22710.511719
-8672.766602 22717.884766
-8668.579102 22725.248047
-8664.397461 22732.599609
-8660.221680 22739.941406
-8656.051758 22747.271484
-8651.887695 22754.591797
-8647.729492 22761.900391
-8643.577148 22769.199219
-8639.430664 22776.486328
-8635.290039 22783.763672
-8631.155273 22791.031250
-8627.025391 22798.287109
-8622.901367 22805.533203
-8618.783203 22812.767578
-8614.670898 22819.992188
-8610.564453 22827.205078
-8606.463867 22834.408203
-8602.369141 22841.599609
-8598.280273 22848.781250
-8594.197266 22855.953125
-8590.120117 22863.113281
-8586.048828 22870.263672
-8581.983398 22877.402344
-8577.922852 22884.531250
-8573.868164 22891.648438
-8569.819336 22898.755859
-8565.776367 22905.853516
-8561.739258 22912.939453
-8557.708008 22920.015625
-8553.682617 22927.080078
-8549.663086 22934.134766
-8545.649414 22941.177734
-8541.641602 22948.210938
-8537.639648 22955.232422
-8533.642578 22962.244141
-8529.657227 22969.250000
-8525.680664 22976.248047
-8521.713867 22983.238281
-8517.756836 22990.220703
-8513.808594 22997.195312
-8509.870117 23004.162109
-8505.940430 23011.121094
-8502.020508 23018.072266
-8498.109375 23025.015625
-8494.208008 23031.951172
-8490.316406 23038.880859
-8486.433594 23045.802734
-8482.560547 23052.716797
-8478.696289 23059.623047
-8474.841797 23066.521484
-8470.997070 23073.412109
-8467.161133 23080.294922
-8463.334961 23087.169922
-8459.517578 23094.037109
-8455.709961 23100.896484
-8451.911133 23107.748047
-8448.122070 23114.591797
-8444.342773 23121.427734
-8440.572266 23128.255859
-8436.811523 23135.078125
-8433.059570 23141.892578
-8429.317383 23148.699219
-8425.583984 23155.498047
-8421.860352 23162.289062
-8418.146484 23169.072266
-8414.441406 23175.847656
-8410.746094 23182.615234
-8407.059570 23189.375000
-8403.382812 23196.126953
-8399.714844 23202.871094
-8396.056641 23209.607422
-8392.408203 23216.335938
-8388.768555 23223.056641
-8385.138672 23229.771484
-8381.517578 23236.478516
-8377.910156 23243.171875
-8374.314453 23249.855469
-8370.730469 23256.527344
-8367.158203 23263.187500
-8363.597656 23269.837891
-8360.048828 23276.476562
-8356.511719 23283.105469
-8352.986328 23289.722656
-8349.472656 23296.330078
-8345.970703 23302.925781
-8342.480469 23309.511719
-8339.001953 23316.085938
-8335.535156 23322.648438
-8332.080078 23329.201172
-8328.636719 23335.742188
-8325.205078 23342.273438
-8321.786133 23348.792969
-8318.378906 23355.302734
-8314.983398 23361.800781
-8311.599609 23368.287109
-8308.227539 23374.763672
-8304.867188 23381.228516
-8301.518555 23387.683594
-8298.181641 23394.126953
-8294.856445 23400.560547
-8291.542969 23406.982422
-8288.241211 23413.392578
-8284.951172 23419.792969
-8281.672852 23426.181641
-8278.406250 23432.560547
-8275.151367 23438.927734
-8271.908203 23445.285156
-8268.676758 23451.630859
-8265.458008 23457.964844
-8262.250977 23464.289062
-8259.055664 23470.601562
-8255.872070 23476.904297
-8252.700195 23483.195312
-8249.540039 23489.476562
-8246.391602 23495.746094
-8243.253906 23502.017578
-8240.126953 23508.289062
-8237.011719 23514.558594
-8233.907227 23520.826172
-8230.814453 23527.091797
-8227.732422 23533.355469
-8224.662109 23539.617188
-8221.602539 23545.876953
-8218.554688 23552.134766
-8215.517578 23558.390625
-8212.491211 23564.644531
-8209.476562 23570.896484
-8206.472656 23577.146484
-8203.480469 23583.394531
-8200.499023 23589.640625
-8197.529297 23595.884766
-8194.570312 23602.126953
-8191.622559 23608.369141
-8188.686035 23614.609375
-8185.760742 23620.847656
-8182.846680 23627.083984
-8179.943848 23633.318359
-8177.051758 23639.550781
-8174.170898 23645.781250
-8171.301270 23652.009766
-8168.442871 23658.236328
-8165.595703 23664.460938
-8162.759766 23670.683594
-8159.935059 23676.904297
-8157.121582 23683.123047
-8154.319336 23689.339844
-8151.527832 23695.554688
-8148.747559 23701.769531
-8145.978516 23707.982422
-8143.220703 23714.193359
-8140.474121 23720.402344
-8137.738770 23726.609375
-8135.014648 23732.814453
-8132.301758 23739.017578
-8129.600098 23745.218750
-8126.893555 23751.400391
-8124.187988 23757.568359
-8121.483398 23763.722656
-8118.779297 23769.863281
-8116.076172 23775.990234
-8113.373535 23782.103516
-8110.671875 23788.203125
-8107.971191 23794.289062
-8105.270996 23800.361328
-8102.571777 23806.419922
-8099.873047 23812.466797
-8097.175293 23818.500000
-8094.478516 23824.519531
-8091.782227 23830.525391
-8089.086914 23836.517578
-8086.392090 23842.496094
-8083.698242 23848.460938
-8081.004883 23854.412109
-8078.312500 23860.349609
-8075.621094 23866.273438
-8072.930176 23872.183594
-8070.240234 23878.080078
-8067.550781 23883.962891
-8064.862305 23889.832031
-8062.174805 23895.687500
-8059.487793 23901.529297
-8056.801758 23907.357422
-8054.116211 23913.171875
-8051.431641 23918.972656
-8048.747559 23924.759766
-8046.064453 23930.535156
-8043.382324 23936.296875
-8040.700684 23942.044922
-8038.020020 23947.779297
-8035.339844 23953.500000
-8032.660645 23959.207031
-8029.982422 23964.900391
-8027.304688 23970.580078
-8024.627930 23976.246094
-8021.951660 23981.898438
-8019.293457 23987.542969
-8016.646973 23993.177734
-8014.012695 23998.804688
-8011.390625 24004.421875
-8008.780762 24010.029297
-8006.182617 24015.626953
-8003.596680 24021.214844
-8001.022949 24026.794922
-7998.461426 24032.365234
-7995.911621 24037.925781
-7993.374023 24043.476562
-7990.848633 24049.017578
-7988.334961 24054.548828
-7985.833496 24060.072266
-7983.344238 24065.585938
-7980.867188 24071.089844
-7978.401855 24076.583984
-7975.948730 24082.068359
-7973.507812 24087.544922
-7971.079102 24093.011719
-7968.662109 24098.468750
-7966.257324 24103.916016
-7963.864746 24109.353516
-7961.483887 24114.783203
-7959.115234 24120.203125
-7956.758789 24125.613281
-7954.414551 24131.013672
-7952.082031 24136.404297
-7949.761719 24141.785156
-7947.453613 24147.158203
-7945.157715 24152.521484
-7942.873535 24157.875000
-7940.601562 24163.218750
-7938.341797 24168.552734
-7936.093750 24173.878906
-7933.857910 24179.195312
-7931.634277 24184.501953
-7929.422852 24189.798828
-7927.223145 24195.085938
-7925.035645 24200.365234
-7922.843262 24205.648438
-7920.651855 24210.929688
-7918.460938 24216.210938
-7916.270996 24221.492188
-7914.081543 24226.771484
-7911.893066 24232.050781
-7909.705078 24237.330078
-7907.518066 24242.609375
-7905.331543 24247.886719
-7903.145996 24253.164062
-7900.960938 24258.441406
-7898.776855 24263.718750
-7896.593262 24268.994141
-7894.410645 24274.269531
-7892.229004 24279.544922
-7890.047852 24284.820312
-7887.867676 24290.093750
-7885.687988 24295.367188
-7883.509277 24300.640625
-7881.331055 24305.912109
-7879.153809 24311.183594
-7876.977051 24316.455078
-7874.801270 24321.726562
-7872.625977 24326.996094
-7870.451660 24332.265625
-7868.277832 24337.535156
-7866.104980 24342.804688
-7863.933105 24348.072266
-7861.761719 24353.339844
-7859.591309 24358.607422
-7857.421387 24363.873047
-7855.252441 24369.138672
-7853.083984 24374.404297
-7850.916504 24379.669922
-7848.749512 24384.933594
-7846.583496 24390.197266
-7844.417969 24395.460938
-7842.253418 24400.724609
-7840.089355 24405.986328
-7837.926270 24411.248047
-7835.770508 24416.496094
-7833.620117 24421.734375
-7831.475098 24426.962891
-7829.335449 24432.181641
-7827.201172 24437.390625
-7825.071777 24442.587891
-7822.947754 24447.775391
-7820.829102 24452.953125
-7818.715820 24458.121094
-7816.607910 24463.279297
-7814.504883 24468.427734
-7812.407227 24473.566406
-7810.314941 24478.695312
-7808.228027 24483.814453
-7806.146484 24488.923828
-7804.069824 24494.023438
-7801.998535 24499.113281
-7799.932617 24504.193359
-7797.872070 24509.263672
-7795.816895 24514.324219
-7793.766602 24519.375000
-7791.721680 24524.416016
-7789.682129 24529.447266
-7787.647949 24534.468750
-7785.619141 24539.480469
-7783.595215 24544.482422
-7781.576660 24549.474609
-7779.563477 24554.457031
-7777.555664 24559.429688
-7775.553223 24564.392578
-7773.555664 24569.345703
-7771.563477 24574.289062
-7769.576660 24579.222656
-7767.595215 24584.146484
-7765.619141 24589.060547
-7763.648438 24593.964844
-7761.682617 24598.859375
-7759.722168 24603.744141
-7757.767090 24608.617188
-7755.817383 24613.480469
-7753.876465 24618.328125
-7751.943359 24623.162109
-7750.018066 24627.982422
-7748.100586 24632.789062
-7746.190918 24637.582031
-7744.289062 24642.361328
-7742.395020 24647.126953
-7740.508789 24651.878906
-7738.630371 24656.617188
-7736.759766 24661.341797
-7734.896484 24666.052734
-7733.041016 24670.750000
-7731.193359 24675.433594
-7729.353516 24680.103516
-7727.521484 24684.757812
-7725.697266 24689.398438
-7723.880859 24694.025391
-7722.072266 24698.638672
-7720.271484 24703.238281
-7718.478516 24707.824219
-7716.693359 24712.396484
-7714.916016 24716.955078
-7713.146484 24721.500000
-7711.384277 24726.031250
-7709.629883 24730.548828
-7707.883301 24735.052734
-7706.144531 24739.542969
-7704.413574 24744.019531
-7702.690430 24748.482422
-7700.975098 24752.929688
-7699.267578 24757.363281
-7697.567871 24761.783203
-7695.875977 24766.189453
-7694.191895 24770.582031
-7692.515625 24774.960938
-7690.847168 24779.326172
-7689.186035 24783.677734
-7687.532715 24788.015625
-7685.887207 24792.339844
-7684.249512 24796.650391
-7682.625977 24800.955078
-7681.014160 24805.251953
-7679.414551 24809.541016
-7677.826660 24813.822266
-7676.250977 24818.095703
-7674.687012 24822.361328
-7673.135254 24826.617188
-7671.595215 24830.865234
-7670.067383 24835.105469
-7668.551270 24839.337891
-7667.047363 24843.562500
-7665.555176 24847.779297
-7664.075195 24851.988281
-7662.606934 24856.189453
-7661.150879 24860.380859
-7659.706543 24864.564453
-7658.274414 24868.740234
-7656.854004 24872.908203
-7655.445312 24877.068359
-7654.048828 24881.220703
-7652.664062 24885.365234
-7651.291504 24889.501953
-7649.930664 24893.628906
-7648.582031 24897.748047
-7647.245117 24901.859375
-7645.920410 24905.962891
-7644.607422 24910.058594
-7643.306641 24914.146484
-7642.017578 24918.226562
-7640.740723 24922.298828
-7639.475586 24926.363281
-7638.222656 24930.417969
-7636.981445 24934.464844
-7635.752441 24938.503906
-7634.535156 24942.535156
-7633.330078 24946.558594
-7632.136719 24950.574219
-7630.955078 24954.582031
-7629.785645 24958.582031
-7628.627930 24962.572266
-7627.489258 24966.544922
-7626.366699 24970.501953
-7625.260742 24974.443359
-7624.170898 24978.369141
-7623.097656 24982.281250
-7622.041016 24986.177734
-7621.000488 24990.058594
-7619.976562 24993.923828
-7618.968750 24997.773438
-7617.977539 25001.609375
-7617.002441 25005.429688
-7616.043945 25009.234375
-7615.102051 25013.023438
-7614.176270 25016.796875
-7613.267090 25020.556641
-7612.374023 25024.300781
-7611.497559 25028.029297
-7610.637695 25031.742188
-7609.793945 25035.439453
-7608.966797 25039.123047
-7608.155762 25042.791016
-7607.361328 25046.443359
-7606.583008 25050.080078
-7605.821289 25053.701172
-7605.076172 25057.308594
-7604.347168 25060.900391
-7603.634766 25064.476562
-7602.938477 25068.037109
-7602.258789 25071.583984
-7601.595703 25075.115234
-7600.948730 25078.630859
-7600.318359 25082.130859
-7599.704102 25085.615234
-7599.106445 25089.085938
-7598.525391 25092.541016
-7597.960449 25095.980469
-7597.412109 25099.404297
-7596.879883 25102.812500
-7596.364258 25106.207031
-7595.864746 25109.585938
-7595.399414 25112.933594
-7594.961914 25116.253906
-7594.552734 25119.548828
-7594.171387 25122.818359
-7593.818359 25126.060547
-7593.493164 25129.277344
-7593.196289 25132.466797
-7592.927246 25135.630859
-7592.686523 25138.769531
-7592.473633 25141.880859
-7592.289062 25144.966797
-7592.132324 25148.027344
-7592.003906 25151.060547
-7591.903320 25154.068359
-7591.831055 25157.050781
-7591.786621 25160.005859
-7591.770508 25162.935547
-7591.782227 25165.837891
-7591.822266 25168.714844
-7591.890137 25171.566406
-7591.986328 25174.390625
-7592.110352 25177.189453
-7592.262695 25179.962891
-7592.442871 25182.708984
-7592.651367 25185.429688
-7592.887695 25188.125000
-7593.152344 25190.792969
-7593.444824 25193.435547
-7593.765625 25196.050781
-7594.114258 25198.640625
-7594.491211 25201.205078
-7594.895996 25203.742188
-7595.329102 25206.253906
-7595.790039 25208.740234
-7596.279297 25211.199219
-7596.796387 25213.632812
-7597.341797 25216.041016
-7597.915039 25218.421875
-7598.516602 25220.777344
-7599.145996 25223.105469
-7599.801758 25225.423828
-7600.484375 25227.726562
-7601.193848 25230.013672
-7601.930176 25232.285156
-7602.692871 25234.541016
-7603.482422 25236.781250
-7604.298828 25239.003906
-7605.142090 25241.210938
-7606.012207 25243.402344
-7606.909180 25245.578125
-7607.833008 25247.738281
-7608.783691 25249.882812
-7609.761230 25252.011719
-7610.765137 25254.125000
-7611.795898 25256.222656
-7612.853516 25258.304688
-7613.937988 25260.371094
-7615.049316 25262.419922
-7616.187500 25264.453125
-7617.352539 25266.470703
-7618.544434 25268.472656
-7619.763184 25270.458984
-7621.008301 25272.429688
-7622.280273 25274.384766
-7623.579102 25276.324219
-7624.904785 25278.248047
-7626.257324 25280.156250
-7627.636719 25282.048828
-7629.042969 25283.923828
-7630.476074 25285.783203
-7631.936035 25287.626953
-7633.422363 25289.455078
-7634.935547 25291.267578
-7636.475586 25293.064453
-7638.042480 25294.845703
-7639.636230 25296.611328
-7641.256836 25298.361328
-7642.904297 25300.095703
-7644.578613 25301.814453
-7646.279297 25303.517578
-7648.005859 25305.205078
-7649.758301 25306.876953
-7651.536621 25308.533203
-7653.341309 25310.173828
-7655.171875 25311.798828
-7657.028320 25313.408203
-7658.910645 25315.001953
-7660.819336 25316.580078
-7662.753906 25318.142578
-7664.714355 25319.689453
-7666.700684 25321.220703
-7668.713379 25322.736328
-7670.751953 25324.236328
-7672.816406 25325.720703
-7674.906738 25327.189453
-7677.023438 25328.642578
-7679.166016 25330.080078
-7681.334473 25331.501953
-7683.528809 25332.908203
-7685.749512 25334.298828
-7687.996094 25335.673828
-7690.268555 25337.033203
-7692.566895 25338.376953
-7694.891602 25339.705078
-7697.242188 25341.017578
-7699.618652 25342.314453
-7702.020996 25343.595703
-7704.449707 25344.861328
-7706.904297 25346.111328
-7709.384766 25347.345703
-7711.891113 25348.564453
-7714.423828 25349.767578
-7716.982422 25350.955078
-7719.566895 25352.126953
-7722.177246 25353.283203
-7724.813965 25354.423828
-7727.476562 25355.548828
-7730.165039 25356.658203
-7732.879395 25357.751953
-7735.620117 25358.830078
-7738.383789 25359.882812
-7741.171875 25360.914062
-7743.984375 25361.923828
-7746.820801 25362.912109
-7749.681641 25363.878906
-7752.566895 25364.824219
-7755.476074 25365.748047
-7758.409668 25366.650391
-7761.367676 25367.531250
-7764.349609 25368.390625
-7767.355957 25369.228516
-7770.386719 25370.044922
-7773.441406 25370.837891
-7776.520508 25371.609375
-7779.624023 25372.359375
-7782.751465 25373.087891
-7785.903320 25373.794922
-7789.079590 25374.480469
-7792.279785 25375.144531
-7795.504395 25375.787109
-7798.753418 25376.408203
-7802.026367 25377.007812
-7805.323730 25377.585938
-7808.645508 25378.140625
-7811.991211 25378.673828
-7815.361328 25379.185547
-7818.755859 25379.675781
-7822.174316 25380.144531
-7825.617188 25380.591797
-7829.084473 25381.017578
-7832.575684 25381.421875
-7836.091309 25381.804688
-7839.631348 25382.166016
-7843.195312 25382.505859
-7846.783691 25382.824219
-7850.396484 25383.119141
-7854.033203 25383.392578
-7857.694336 25383.644531
-7861.379883 25383.875000
-7865.089355 25384.083984
-7868.808105 25384.265625
-7872.540527 25384.421875
-7876.287109 25384.552734
-7880.047852 25384.658203
-7883.822754 25384.738281
-7887.611328 25384.792969
-7891.414062 25384.822266
-7895.230957 25384.826172
-7899.061523 25384.804688
-7902.906250 25384.757812
-7906.765137 25384.685547
-7910.638184 25384.587891
-7914.524902 25384.464844
-7918.425781 25384.316406
-7922.340820 25384.142578
-7926.269531 25383.941406
-7930.212402 25383.714844
-7934.169434 25383.462891
-7938.140625 25383.185547
-7942.125488 25382.882812
-7946.124512 25382.554688
-7950.137695 25382.201172
-7954.165039 25381.822266
-7958.206055 25381.417969
-7962.261230 25380.988281
-7966.330566 25380.533203
-7970.413574 25380.052734
-7974.510742 25379.546875
-7978.622070 25379.015625
-7982.747559 25378.458984
-7986.886719 25377.876953
-7991.040039 25377.269531
-7995.207520 25376.636719
-7999.388672 25375.978516
-8003.583984 25375.294922
-8007.793457 25374.585938
-8012.017090 25373.851562
-8016.254395 25373.091797
-8020.505859 25372.304688
-8024.771484 25371.492188
-8029.119141 25370.697266
-8033.526367 25369.904297
-8037.992676 25369.113281
-8042.518555 25368.326172
-8047.104004 25367.541016
-8051.748535 25366.757812
-8056.452637 25365.976562
-8061.215820 25365.199219
-8066.038574 25364.423828
-8070.920898 25363.650391
-8075.862305 25362.878906
-8080.863281 25362.111328
-8085.923828 25361.345703
-8091.043457 25360.582031
-8096.222656 25359.820312
-8101.461426 25359.062500
-8106.759277 25358.306641
-8112.116699 25357.552734
-8117.533691 25356.800781
-8123.009766 25356.052734
-8128.545410 25355.306641
-8134.140625 25354.562500
-8139.794922 25353.820312
-8145.508789 25353.082031
-8151.282227 25352.345703
-8157.114746 25351.611328
-8163.006836 25350.878906
-8168.958496 25350.150391
-8174.969238 25349.423828
-8181.039551 25348.699219
-8187.168945 25347.976562
-8193.358398 25347.257812
-8199.606445 25346.541016
-8205.914062 25345.826172
-8212.281250 25345.113281
-8218.708008 25344.404297
-8225.194336 25343.697266
-8231.740234 25342.992188
-8238.344727 25342.289062
-8245.008789 25341.589844
-8251.608398 25340.849609
-8258.184570 25340.082031
-8264.737305 25339.287109
-8271.266602 25338.466797
-8277.773438 25337.619141
-8284.256836 25336.744141
-8290.716797 25335.843750
-8297.153320 25334.916016
-8303.566406 25333.960938
-8309.956055 25332.978516
-8316.322266 25331.970703
-8322.666016 25330.935547
-8328.986328 25329.873047
-8335.283203 25328.785156
-8341.556641 25327.669922
-8347.806641 25326.527344
-8354.033203 25325.359375
-8360.236328 25324.164062
-8366.416016 25322.941406
-8372.573242 25321.693359
-8378.707031 25320.417969
-8384.817383 25319.115234
-8390.904297 25317.787109
-8396.967773 25316.431641
-8403.007812 25315.048828
-8409.024414 25313.640625
-8415.018555 25312.205078
-8420.989258 25310.742188
-8426.936523 25309.251953
-8432.860352 25307.736328
-8438.760742 25306.193359
-8444.637695 25304.623047
-8450.491211 25303.027344
-8456.322266 25301.404297
-8462.129883 25299.753906
-8467.914062 25298.078125
-8473.674805 25296.375000
-8479.412109 25294.644531
-8485.125977 25292.888672
-8490.816406 25291.105469
-8496.435547 25289.314453
-8501.998047 25287.509766
-8507.504883 25285.691406
-8512.956055 25283.857422
-8518.351562 25282.009766
-8523.690430 25280.148438
-8528.973633 25278.273438
-8534.201172 25276.384766
-8539.373047 25274.480469
-8544.488281 25272.562500
-8549.547852 25270.630859
-8554.551758 25268.685547
-8559.500000 25266.726562
-8564.391602 25264.751953
-8569.227539 25262.763672
-8574.007812 25260.761719
-8578.732422 25258.746094
-8583.400391 25256.716797
-8588.012695 25254.673828
-8592.569336 25252.615234
-8597.070312 25250.542969
-8601.514648 25248.457031
-8605.903320 25246.357422
-8610.236328 25244.244141
-8614.513672 25242.115234
-8618.734375 25239.972656
-8622.899414 25237.816406
-8627.008789 25235.646484
-8631.062500 25233.462891
-8635.060547 25231.263672
-8639.001953 25229.050781
-8642.887695 25226.824219
-8646.717773 25224.583984
-8650.492188 25222.330078
-8654.209961 25220.060547
-8657.872070 25217.777344
-8661.478516 25215.480469
-8665.029297 25213.169922
-8668.523438 25210.845703
-8671.961914 25208.505859
-8675.362305 25206.158203
-8678.719727 25203.798828
-8682.033203 25201.429688
-8685.302734 25199.048828
-8688.528320 25196.658203
-8691.709961 25194.255859
-8694.848633 25191.843750
-8697.943359 25189.419922
-8700.994141 25186.986328
-8704.000977 25184.541016
-8706.963867 25182.085938
-8709.882812 25179.619141
-8712.758789 25177.142578
-8715.590820 25174.654297
-8718.378906 25172.156250
-8721.123047 25169.646484
-8723.823242 25167.126953
-8726.479492 25164.595703
-8729.092773 25162.052734
-8731.662109 25159.500000
-8734.187500 25156.935547
-8736.668945 25154.361328
-8739.106445 25151.775391
-8741.500000 25149.179688
-8743.850586 25146.572266
-8746.157227 25143.955078
-8748.419922 25141.326172
-8750.638672 25138.687500
-8752.813477 25136.037109
-8754.945312 25133.376953
-8757.033203 25130.705078
-8759.077148 25128.023438
-8761.077148 25125.330078
-8763.033203 25122.626953
-8764.945312 25119.912109
-8766.814453 25117.187500
-8768.639648 25114.451172
-8770.420898 25111.705078
-8772.158203 25108.947266
-8773.851562 25106.179688
-8775.533203 25103.380859
-8777.192383 25100.558594
-8778.829102 25097.712891
-8780.443359 25094.843750
-8782.035156 25091.951172
-8783.604492 25089.035156
-8785.151367 25086.095703
-8786.675781 25083.132812
-8788.177734 25080.146484
-8789.657227 25077.136719
-8791.114258 25074.103516
-8792.548828 25071.046875
-8793.960938 25067.966797
-8795.350586 25064.863281
-8796.717773 25061.736328
-8798.062500 25058.585938
-8799.384766 25055.412109
-8800.684570 25052.214844
-8801.961914 25048.994141
-8803.216797 25045.750000
-8804.449219 25042.482422
-8805.659180 25039.191406
-8806.846680 25035.876953
-8808.011719 25032.539062
-8809.154297 25029.177734
-8810.274414 25025.792969
-8811.372070 25022.382812
-8812.447266 25018.949219
-8813.500000 25015.492188
-8814.530273 25012.011719
-8815.538086 25008.507812
-8816.523438 25004.980469
-8817.486328 25001.429688
-8818.426758 24997.855469
-8819.344727 24994.257812
-8820.240234 24990.636719
-8821.113281 24986.992188
-8821.963867 24983.324219
-8822.791992 24979.632812
-8823.597656 24975.917969
-8824.421875 24972.207031
-8825.251953 24968.492188
-8826.087891 24964.771484
-8826.928711 24961.044922
-8827.775391 24957.314453
-8828.626953 24953.578125
-8829.484375 24949.837891
-8830.347656 24946.091797
-8831.215820 24942.341797
-8832.089844 24938.585938
-8832.968750 24934.824219
-8833.853516 24931.058594
-8834.743164 24927.287109
-8835.638672 24923.511719
-8836.540039 24919.730469
-8837.446289 24915.943359
-8838.358398 24912.152344
-8839.275391 24908.355469
-8840.198242 24904.554688
-8841.126953 24900.748047
-8842.060547 24896.937500
-8843.000000 24893.121094
-8843.944336 24889.298828
-8844.894531 24885.472656
-8845.849609 24881.640625
-8846.810547 24877.804688
-8847.777344 24873.962891
-8848.749023 24870.115234
-8849.726562 24866.263672
-8850.708984 24862.406250
-8851.697266 24858.544922
-8852.690430 24854.677734
-8853.689453 24850.804688
-8854.694336 24846.927734
-8855.704102 24843.044922
-8856.719727 24839.158203
-8857.740234 24835.265625
-8858.766602 24831.369141
-8859.798828 24827.466797
-8860.835938 24823.558594
-8861.825195 24819.644531
-8862.785156 24815.724609
-8863.714844 24811.798828
-8864.615234 24807.867188
-8865.485352 24803.927734
-8866.325195 24799.982422
-8867.135742 24796.031250
-8867.916016 24792.074219
-8868.666016 24788.111328
-8869.386719 24784.142578
-8870.077148 24780.167969
-8870.738281 24776.187500
-8871.369141 24772.201172
-8871.969727 24768.207031
-8872.541016 24764.207031
-8873.082031 24760.201172
-8873.593750 24756.189453
-8874.075195 24752.171875
-8874.526367 24748.148438
-8874.948242 24744.119141
-8875.339844 24740.083984
-8875.701172 24736.041016
-8876.033203 24731.992188
-8876.334961 24727.937500
-8876.607422 24723.876953
-8876.849609 24719.810547
-8877.061523 24715.738281
-8877.244141 24711.660156
-8877.396484 24707.576172
-8877.519531 24703.484375
-8877.612305 24699.386719
-8877.674805 24695.283203
-8877.708008 24691.173828
-8877.710938 24687.058594
-8877.683594 24682.937500
-8877.626953 24678.810547
-8877.540039 24674.677734
-8877.423828 24670.537109
-8877.277344 24666.390625
-8877.100586 24662.238281
-8876.914062 24658.076172
-8876.710938 24653.906250
-8876.491211 24649.726562
-8876.254883 24645.539062
-8876.001953 24641.341797
-8875.731445 24637.136719
-8875.444336 24632.921875
-8875.140625 24628.699219
-8874.820312 24624.466797
-8874.483398 24620.226562
-8874.129883 24615.976562
-8873.759766 24611.718750
-8873.373047 24607.451172
-8872.969727 24603.175781
-8872.549805 24598.890625
-8872.112305 24594.597656
-8871.658203 24590.294922
-8871.187500 24585.984375
-8870.700195 24581.664062
-8870.196289 24577.335938
-8869.675781 24572.998047
-8869.138672 24568.652344
-8868.584961 24564.296875
-8868.014648 24559.933594
-8867.427734 24555.562500
-8866.823242 24551.181641
-8866.202148 24546.792969
-8865.564453 24542.394531
-8864.910156 24537.988281
-8864.239258 24533.572266
-8863.551758 24529.148438
-8862.847656 24524.714844
-8862.126953 24520.273438
-8861.389648 24515.822266
-8860.635742 24511.363281
-8859.864258 24506.894531
-8859.076172 24502.417969
-8858.271484 24497.931641
-8857.450195 24493.437500
-8856.612305 24488.933594
-8855.776367 24484.408203
-8854.935547 24479.865234
-8854.090820 24475.304688
-8853.241211 24470.726562
-8852.387695 24466.130859
-8851.529297 24461.517578
-8850.666992 24456.886719
-8849.799805 24452.238281
-8848.928711 24447.574219
-8848.052734 24442.892578
-8847.172852 24438.193359
-8846.288086 24433.476562
-8845.399414 24428.742188
-8844.505859 24423.990234
-8843.608398 24419.220703
-8842.706055 24414.433594
-8841.799805 24409.628906
-8840.888672 24404.806641
-8839.973633 24399.966797
-8839.053711 24395.109375
-8838.129883 24390.234375
-8837.201172 24385.341797
-8836.268555 24380.431641
-8835.331055 24375.503906
-8834.389648 24370.558594
-8833.443359 24365.595703
-8832.493164 24360.615234
-8831.538086 24355.619141
-8830.579102 24350.605469
-8829.615234 24345.574219
-8828.647461 24340.525391
-8827.674805 24335.458984
-8826.698242 24330.375000
-8825.716797 24325.273438
-8824.731445 24320.154297
-8823.741211 24315.017578
-8822.747070 24309.863281
-8821.748047 24304.691406
-8820.745117 24299.501953
-8819.737305 24294.294922
-8818.739258 24289.083984
-8817.747070 24283.863281
-8816.759766 24278.634766
-8815.777344 24273.396484
-8814.800781 24268.150391
-8813.829102 24262.894531
-8812.862305 24257.630859
-8811.900391 24252.357422
-8810.944336 24247.076172
-8809.993164 24241.785156
-8809.046875 24236.486328
-8808.106445 24231.177734
-8807.170898 24225.861328
-8806.240234 24220.535156
-8805.315430 24215.201172
-8804.395508 24209.857422
-8803.480469 24204.505859
-8802.570312 24199.144531
-8801.666016 24193.775391
-8800.766602 24188.396484
-8799.872070 24183.009766
-8798.983398 24177.613281
-8798.099609 24172.207031
-8797.220703 24166.792969
-8796.347656 24161.369141
-8795.479492 24155.937500
-8794.616211 24150.496094
-8793.757812 24145.046875
-8792.905273 24139.587891
-8792.057617 24134.121094
-8791.214844 24128.644531
-8790.377930 24123.160156
-8789.545898 24117.666016
-8788.718750 24112.164062
-8787.897461 24106.652344
-8787.081055 24101.132812
-8786.269531 24095.603516
-8785.462891 24090.066406
-8784.662109 24084.519531
-8783.866211 24078.964844
-8783.056641 24073.386719
-8782.240234 24067.791016
-8781.416016 24062.177734
-8780.583984 24056.546875
-8779.745117 24050.898438
-8778.898438 24045.232422
-8778.044922 24039.546875
-8777.183594 24033.843750
-8776.315430 24028.123047
-8775.439453 24022.384766
-8774.556641 24016.628906
-8773.666016 24010.855469
-8772.768555 24005.064453
-8771.863281 23999.255859
-8770.951172 23993.427734
-8770.031250 23987.582031
-8769.104492 23981.718750
-8768.169922 23975.837891
-8767.228516 23969.939453
-8766.279297 23964.023438
-8765.323242 23958.089844
-8764.359375 23952.138672
-8763.387695 23946.167969
-8762.409180 23940.179688
-8761.422852 23934.173828
-8760.429688 23928.150391
-8759.428711 23922.109375
-8758.420898 23916.050781
-8757.405273 23909.974609
-8756.382812 23903.880859
-8755.352539 23897.767578
-8754.315430 23891.636719
-8753.270508 23885.488281
-8752.218750 23879.322266
-8751.159180 23873.138672
-8750.092773 23866.937500
-8749.018555 23860.718750
-8747.937500 23854.482422
-8746.848633 23848.226562
-8745.752930 23841.953125
-8744.579102 23835.656250
-8743.350586 23829.337891
-8742.068359 23822.998047
-8740.731445 23816.636719
-8739.340820 23810.253906
-8737.895508 23803.849609
-8736.396484 23797.423828
-8734.842773 23790.974609
-8733.235352 23784.503906
-8731.573242 23778.011719
-8729.857422 23771.498047
-8728.086914 23764.962891
-8726.262695 23758.406250
-8724.383789 23751.828125
-8722.451172 23745.228516
-8720.463867 23738.607422
-8718.422852 23731.962891
-8716.327148 23725.296875
-8714.177734 23718.609375
-8711.973633 23711.900391
-8709.714844 23705.169922
-8707.402344 23698.417969
-8705.035156 23691.644531
-8702.614258 23684.849609
-8700.138672 23678.033203
-8697.609375 23671.193359
-8695.025391 23664.332031
-8692.387695 23657.449219
-8689.695312 23650.544922
-8686.949219 23643.619141
-8684.148438 23636.671875
-8681.293945 23629.703125
-8678.384766 23622.712891
-8675.421875 23615.701172
-8672.404297 23608.666016
-8669.333008 23601.609375
-8666.207031 23594.531250
-8663.027344 23587.431641
-8659.792969 23580.310547
-8656.503906 23573.167969
-8653.124023 23566.003906
-8649.665039 23558.816406
-8646.127930 23551.607422
-8642.511719 23544.376953
-8638.816406 23537.123047
-8635.041992 23529.847656
-8631.188477 23522.550781
-8627.256836 23515.232422
-8623.246094 23507.890625
-8619.156250 23500.527344
-8614.987305 23493.142578
-8610.740234 23485.736328
-8606.414062 23478.306641
-8602.008789 23470.855469
-8597.524414 23463.382812
-8592.961914 23455.888672
-8588.320312 23448.371094
-8583.599609 23440.832031
-8578.799805 23433.271484
-8573.920898 23425.689453
-8568.963867 23418.083984
-8563.927734 23410.457031
-8558.812500 23402.808594
-8553.618164 23395.136719
-8548.345703 23387.443359
-8542.994141 23379.728516
-8537.563477 23371.992188
-8532.053711 23364.232422
-8526.465820 23356.451172
-8520.798828 23348.648438
-8515.052734 23340.824219
-8509.227539 23332.976562
-8503.324219 23325.107422
-8497.341797 23317.216797
-8491.280273 23309.304688
-8485.139648 23301.369141
-8478.919922 23293.412109
-8472.622070 23285.433594
-8466.245117 23277.433594
-8459.789062 23269.410156
-8453.304688 23261.392578
-8446.774414 23253.373047
-8440.198242 23245.349609
-8433.577148 23237.322266
-8426.910156 23229.291016
-8420.198242 23221.255859
-8413.440430 23213.218750
-8406.636719 23205.177734
-8399.788086 23197.132812
-8392.893555 23189.083984
-8385.953125 23181.033203
-8378.967773 23172.978516
-8371.936523 23164.919922
-8364.860352 23156.857422
-8357.738281 23148.792969
-8350.570312 23140.724609
-8343.357422 23132.652344
-8336.098633 23124.576172
-8328.793945 23116.498047
-8321.444336 23108.416016
-8314.048828 23100.330078
-8306.608398 23092.240234
-8299.122070 23084.148438
-8291.589844 23076.052734
-8284.012695 23067.953125
-8276.389648 23059.849609
-8268.721680 23051.744141
-8261.007812 23043.634766
-8253.248047 23035.521484
-8245.443359 23027.404297
-8237.592773 23019.285156
-8229.696289 23011.162109
-8221.754883 23003.035156
-8213.767578 22994.904297
-8205.735352 22986.771484
-8197.657227 22978.634766
-8189.533691 22970.494141
-8181.364258 22962.349609
-8173.149414 22954.203125
-8164.889160 22946.052734
-8156.552246 22937.900391
-8148.148926 22929.746094
-8139.679199 22921.589844
-8131.143555 22913.431641
-8122.541504 22905.271484
-8113.873047 22897.109375
-8105.138184 22888.945312
-8096.336914 22880.779297
-8087.469727 22872.611328
-8078.536133 22864.439453
-8069.536133 22856.265625
-8060.469727 22848.089844
-8051.337402 22839.912109
-8042.138672 22831.732422
-8032.873535 22823.550781
-8023.541992 22815.367188
-8014.144043 22807.181641
-8004.680176 22798.994141
-7995.149902 22790.804688
-7985.553223 22782.613281
-7975.890137 22774.419922
-7966.161133 22766.224609
-7956.365723 22758.025391
-7946.503906 22749.824219
-7936.575684 22741.621094
-7926.581055 22733.416016
-7916.520508 22725.208984
-7906.393555 22717.000000
-7896.200195 22708.789062
-7885.940430 22700.576172
-7875.614258 22692.361328
-7865.222168 22684.144531
-7854.763672 22675.925781
-7844.238770 22667.705078
-7833.647461 22659.482422
-7822.990234 22651.257812
-7812.266602 22643.029297
-7801.476562 22634.798828
-7790.620117 22626.566406
-7779.697266 22618.332031
-7768.712402 22610.066406
-7757.664062 22601.779297
-7746.552246 22593.470703
-7735.376465 22585.142578
-7724.137207 22576.792969
-7712.834473 22568.421875
-7701.468262 22560.029297
-7690.038574 22551.615234
-7678.544922 22543.179688
-7666.987793 22534.722656
-7655.367188 22526.244141
-7643.683105 22517.744141
-7631.935547 22509.222656
-7620.124023 22500.679688
-7608.249023 22492.115234
-7596.310547 22483.529297
-7584.308594 22474.921875
-7572.243164 22466.292969
-7560.113770 22457.642578
-7547.920898 22448.970703
-7535.664551 22440.277344
-7523.344727 22431.564453
-7510.961426 22422.830078
-7498.514160 22414.074219
-7486.003418 22405.296875
-7473.429199 22396.498047
-7460.791504 22387.677734
-7448.090332 22378.835938
-7435.325195 22369.972656
-7422.496582 22361.087891
-7409.604492 22352.181641
-7396.648926 22343.253906
-7383.629883 22334.304688
-7370.546875 22325.333984
-7357.400391 22316.341797
-7344.190430 22307.328125
-7330.916992 22298.292969
-7317.580078 22289.236328
-7304.179199 22280.158203
-7290.714844 22271.060547
-7277.239258 22261.958984
-7263.735352 22252.849609
-7250.202637 22243.732422
-7236.641602 22234.605469
-7223.051758 22225.470703
-7209.433594 22216.328125
-7195.786621 22207.175781
-7182.111328 22198.015625
-7168.407227 22188.847656
-7154.674805 22179.669922
-7140.913574 22170.484375
-7127.124023 22161.291016
-7113.305664 22152.087891
-7099.458984 22142.876953
-7085.583496 22133.658203
-7071.679688 22124.429688
-7057.747070 22115.193359
-7043.786133 22105.947266
-7029.796387 22096.693359
-7015.778320 22087.431641
-7001.731445 22078.160156
-6987.656250 22068.880859
-6973.552246 22059.593750
-6959.419434 22050.296875
-6945.258301 22040.992188
-6931.068359 22031.679688
-6916.850098 22022.357422
-6902.603027 22013.027344
-6888.327637 22003.689453
-6874.023438 21994.341797
-6859.690918 21984.986328
-6845.329590 21975.623047
-6830.939941 21966.250000
-6816.521484 21956.869141
-6802.074707 21947.478516
-6787.599121 21938.080078
-6773.095215 21928.673828
-6758.562500 21919.257812
-6744.001465 21909.833984
-6729.411621 21900.402344
-6714.779297 21890.957031
-6700.109375 21881.501953
-6685.401367 21872.035156
-6670.655762 21862.556641
-6655.872070 21853.068359
-6641.050781 21843.568359
-6626.191406 21834.056641
-6611.293945 21824.535156
-6596.358887 21815.001953
-6581.385742 21805.457031
-6566.375000 21795.902344
-6551.326172 21786.335938
-6536.239746 21776.757812
-6521.115234 21767.169922
-6505.953125 21757.570312
-6490.752930 21747.958984
-6475.515137 21738.335938
-6460.239258 21728.703125
-6444.925781 21719.058594
-6429.574219 21709.402344
-6414.185059 21699.736328
-6398.757812 21690.058594
-6383.292969 21680.369141
-6367.790039 21670.669922
-6352.249512 21660.958984
-6336.670898 21651.236328
-6321.054688 21641.503906
-6305.400391 21631.759766
-6289.708496 21622.003906
-6273.978516 21612.238281
-6258.210938 21602.460938
-6242.405273 21592.671875
-6226.562012 21582.873047
-6210.680664 21573.062500
-6194.761719 21563.240234
-6178.804688 21553.406250
-6162.809570 21543.562500
-6146.776855 21533.707031
-6130.706055 21523.839844
-6114.597656 21513.962891
-6098.476562 21504.089844
-6082.334961 21494.214844
-6066.172363 21484.337891
-6049.988770 21474.458984
-6033.784180 21464.580078
-6017.558594 21454.699219
-6001.312012 21444.816406
-5985.044434 21434.933594
-5968.756348 21425.048828
-5952.447266 21415.162109
-5936.117188 21405.275391
-5919.766113 21395.386719
-5903.394043 21385.496094
-5887.000977 21375.605469
-5870.586914 21365.712891
-5854.152344 21355.818359
-5837.696777 21345.921875
-5821.220215 21336.025391
-5804.722656 21326.126953
-5788.204102 21316.226562
-5771.664551 21306.326172
-5755.104004 21296.423828
-5738.522949 21286.519531
-5721.920898 21276.615234
-5705.297852 21266.708984
-5688.653809 21256.800781
-5671.988770 21246.892578
-5655.302734 21236.982422
-5638.595703 21227.070312
-5621.868164 21217.158203
-5605.119629 21207.244141
-5588.350098 21197.328125
-5571.559570 21187.410156
-5554.748047 21177.492188
-5537.915527 21167.572266
-5521.062012 21157.650391
-5504.187988 21147.728516
-5487.292969 21137.804688
-5470.376953 21127.878906
-5453.439941 21117.953125
-5436.470703 21108.011719
-5419.473145 21098.060547
-5402.447266 21088.099609
-5385.393066 21078.128906
-5368.310547 21068.146484
-5351.199707 21058.154297
-5334.060547 21048.152344
-5316.893066 21038.140625
-5299.697266 21028.119141
-5282.473145 21018.087891
-5265.220703 21008.044922
-5247.939941 20997.992188
-5230.630859 20987.929688
-5213.293457 20977.857422
-5195.927734 20967.775391
-5178.533203 20957.683594
-5161.110352 20947.580078
-5143.659180 20937.466797
-5126.179688 20927.343750
-5108.671875 20917.210938
-5091.135742 20907.068359
-5073.571289 20896.916016
-5055.978516 20886.751953
-5038.357422 20876.578125
-5020.708008 20866.394531
-5003.030273 20856.201172
-4985.324219 20845.998047
-4967.589844 20835.785156
-4949.827148 20825.560547
-4932.036133 20815.326172
-4914.216797 20805.082031
-4896.368652 20794.828125
-4878.492188 20784.564453
-4860.587402 20774.291016
-4842.654297 20764.005859
-4824.692871 20753.710938
-4806.703125 20743.406250
-4788.685059 20733.091797
-4770.638672 20722.767578
-4752.563965 20712.431641
-4734.469727 20702.083984
-4716.352539 20691.726562
-4698.212891 20681.357422
-4680.050781 20670.976562
-4661.865723 20660.583984
-4643.658203 20650.179688
-4625.428223 20639.765625
-4607.175781 20629.339844
-4588.900391 20618.902344
-4570.602539 20608.453125
-4552.282227 20597.992188
-4533.938965 20587.521484
-4515.573242 20577.039062
-4497.185059 20566.544922
-4478.774414 20556.039062
-4460.340820 20545.521484
-4441.884766 20534.994141
-4423.406250 20524.455078
-4404.904785 20513.904297
-4386.380859 20503.341797
-4367.834473 20492.767578
-4349.265625 20482.183594
-4330.673828 20471.587891
-4312.059570 20460.980469
-4293.422852 20450.361328
-4274.763184 20439.730469
-4256.081055 20429.089844
-4237.376465 20418.437500
-4218.649414 20407.773438
-4199.899414 20397.097656
-4181.126953 20386.410156
-4162.332031 20375.712891
-4143.514160 20365.003906
-4124.673828 20354.283203
-4105.811035 20343.550781
-4086.925537 20332.806641
-4068.017578 20322.052734
-4049.086914 20311.287109
-4030.133545 20300.509766
-4011.157715 20289.720703
-3992.155273 20278.917969
-3973.127441 20268.101562
-3954.074219 20257.271484
-3934.995850 20246.427734
-3915.892090 20235.570312
-3896.763184 20224.701172
-3877.608887 20213.818359
-3858.429199 20202.921875
-3839.224365 20192.011719
-3819.994141 20181.087891
-3800.738525 20170.150391
-3781.457764 20159.201172
-3762.151611 20148.238281
-3742.820312 20137.261719
-3723.463623 20126.271484
-3704.081543 20115.267578
-3684.674316 20104.250000
-3665.241699 20093.218750
-3645.783691 20082.175781
-3626.300537 20071.119141
-3606.791992 20060.048828
-3587.258301 20048.964844
-3567.699219 20037.867188
-3548.114746 20026.755859
-3528.505127 20015.632812
-3508.870117 20004.496094
-3489.209717 19993.345703
-3469.524170 19982.181641
-3449.813232 19971.003906
-3430.077148 19959.812500
-3410.315674 19948.607422
-3390.528809 19937.390625
-3370.716797 19926.160156
-3350.879395 19914.916016
-3331.016602 19903.658203
-3311.128662 19892.386719
-3291.215332 19881.101562
-3271.276855 19869.802734
-3251.312988 19858.492188
-3231.323730 19847.167969
-3211.312012 19835.830078
-3191.276855 19824.480469
-3171.218262 19813.117188
-3151.136230 19801.740234
-3131.030762 19790.351562
-3110.901855 19778.949219
-3090.749756 19767.533203
-3070.574219 19756.105469
-3050.375244 19744.664062
-3030.152832 19733.208984
-3009.906982 19721.742188
-2989.637695 19710.261719
-2969.344971 19698.767578
-2949.028809 19687.261719
-2928.689209 19675.742188
-2908.326172 19664.208984
-2887.939697 19652.664062
-2867.529785 19641.105469
-2847.096436 19629.533203
-2826.639648 19617.949219
-2806.159424 19606.351562
-2785.655762 19594.740234
-2765.128662 19583.115234
-2744.578125 19571.478516
-2724.004395 19559.828125
-2703.407227 19548.164062
-2682.786621 19536.488281
-2662.142578 19524.798828
-2641.475098 19513.095703
-2620.784180 19501.380859
-2600.069824 19489.652344
-2579.332031 19477.910156
-2558.570801 19466.156250
-2537.786133 19454.388672
-2516.978027 19442.607422
-2496.146484 19430.814453
-2475.291504 19419.007812
-2454.413086 19407.187500
-2433.511230 19395.355469
-2412.585938 19383.509766
-2391.643066 19371.650391
-2370.680420 19359.779297
-2349.698242 19347.894531
-2328.696533 19335.998047
-2307.675049 19324.087891
-2286.634033 19312.164062
-2265.573242 19300.228516
-2244.492920 19288.279297
-2223.393066 19276.316406
-2202.273438 19264.341797
-2181.134277 19252.353516
-2159.975586 19240.351562
-2138.797119 19228.337891
-2117.599121 19216.310547
-2096.381348 19204.269531
-2075.144043 19192.216797
-2053.887207 19180.150391
-2032.610596 19168.070312
-2011.314453 19155.978516
-1989.998657 19143.873047
-1968.663208 19131.753906
-1947.308105 19119.623047
-1925.933472 19107.478516
-1904.539185 19095.320312
-1883.125244 19083.150391
-1861.691650 19070.966797
-1840.238525 19058.769531
-1818.765747 19046.560547
-1797.273315 19034.337891
-1775.761230 19022.101562
-1754.229614 19009.853516
-1732.678345 18997.591797
-1711.107422 18985.316406
-1689.516846 18973.029297
-1667.906616 18960.728516
-1646.276855 18948.416016
-1624.627441 18936.089844
-1602.958374 18923.750000
-1581.269653 18911.398438
-1559.561401 18899.033203
-1537.838013 18886.652344
-1516.098022 18874.257812
-1494.341309 18861.849609
-1472.567993 18849.427734
-1450.778076 18836.992188
-1428.971558 18824.542969
-1407.148438 18812.080078
-1385.308594 18799.601562
-1363.452148 18787.109375
-1341.579102 18774.603516
-1319.689453 18762.083984
-1297.783203 18749.550781
-1275.860352 18737.003906
-1253.920776 18724.441406
-1231.964600 18711.865234
-1209.991821 18699.275391
-1188.002441 18686.671875
-1165.996460 18674.054688
-1143.973755 18661.423828
-1121.934448 18648.779297
-1099.878540 18636.119141
-1077.806030 18623.445312
-1055.716919 18610.757812
-1033.611084 18598.056641
-1011.488647 18585.341797
-989.349609 18572.613281
-967.193970 18559.869141
-945.021667 18547.111328
-922.832764 18534.339844
-900.627258 18521.554688
-878.405090 18508.755859
-856.166321 18495.943359
-833.910889 18483.117188
-811.638855 18470.275391
-789.350220 18457.419922
-767.044922 18444.550781
-744.723022 18431.667969
-722.384521 18418.771484
-700.029358 18405.861328
-677.657593 18392.935547
-655.266296 18379.994141
-632.856445 18367.037109
-610.428040 18354.064453
-587.981079 18341.076172
-565.515564 18328.072266
-543.031494 18315.052734
-520.528931 18302.017578
-498.007782 18288.964844
-475.468079 18275.896484
-452.909821 18262.812500
-430.333038 18249.712891
-407.737701 18236.597656
-385.123810 18223.466797
-362.491364 18210.320312
-339.840363 18197.158203
-317.170807 18183.980469
-294.482697 18170.787109
-271.776031 18157.578125
-249.050827 18144.353516
-226.307068 18131.113281
-203.544769 18117.857422
-180.763916 18104.585938
-157.964508 18091.296875
-135.146545 18077.992188
-112.310036 18064.671875
-89.454979 18051.335938
-66.581367 18037.984375
-43.689209 18024.617188
-20.778498 18011.234375
2.150764 17997.835938
25.098577 17984.421875
48.064941 17970.992188
71.049858 17957.546875
94.053322 17944.085938
117.075340 17930.609375
140.115906 17917.117188
163.175018 17903.609375
186.252686 17890.085938
209.348907 17876.544922
232.463684 17862.988281
255.605438 17849.410156
278.771362 17835.812500
301.961487 17822.193359
325.175781 17808.554688
348.414246 17794.894531
371.676880 17781.214844
394.963684 17767.515625
418.274658 17753.794922
441.609833 17740.054688
464.969177 17726.294922
488.352692 17712.513672
511.760376 17698.712891
535.192261 17684.892578
558.648315 17671.050781
582.128540 17657.189453
605.632935 17643.308594
629.161499 17629.406250
652.714233 17615.484375
676.291138 17601.542969
699.892212 17587.580078
723.517456 17573.597656
747.166931 17559.593750
770.840576 17545.570312
794.538391 17531.527344
818.260376 17517.462891
842.006531 17503.378906
865.776855 17489.275391
889.571350 17475.150391
913.390015 17461.005859
937.232849 17446.841797
961.099854 17432.656250
984.991028 17418.451172
1008.906433 17404.226562
1032.845947 17389.980469
1056.809692 17375.714844
1080.797607 17361.427734
1104.809692 17347.121094
1128.845947 17332.794922
1152.906372 17318.447266
1176.990967 17304.080078
1201.095825 17289.693359
1225.222168 17275.287109
1249.369995 17260.861328
1273.539429 17246.417969
1297.730347 17231.955078
1321.942749 17217.472656
1346.176758 17202.970703
1370.432251 17188.449219
1394.709229 17173.908203
1419.007812 17159.347656
1443.327881 17144.767578
1467.669434 17130.167969
1492.032593 17115.548828
1516.417236 17100.910156
1540.823364 17086.251953
1565.251099 17071.574219
1589.700317 17056.876953
1614.171021 17042.160156
1638.663330 17027.425781
1663.177124 17012.671875
1687.712402 16997.898438
1712.269165 16983.105469
1736.847534 16968.292969
1761.447388 16953.460938
1786.068726 16938.609375
1810.711670 16923.738281
1835.376099 16908.847656
1860.062012 16893.937500
1884.769531 16879.007812
1909.498535 16864.058594
1934.249023 16849.089844
1959.021118 16834.101562
1983.814697 16819.093750
2008.629761 16804.068359
2033.466431 16789.023438
2058.324707 16773.958984
2083.204346 16758.875000
2108.105469 16743.771484
2133.028320 16728.648438
2157.972656 16713.505859
