-0.048637 0.026175
-0.129700 0.069800
-0.243187 0.130875
-0.389100 0.209400
-0.567437 0.305375
-0.778200 0.418800
-1.021387 0.549675
-1.297000 0.698000
-1.605037 0.863775
-1.945500 1.047001
-2.318387 1.247676
-2.723699 1.465801
-3.161437 1.701376
-3.631599 1.954401
-4.134187 2.224876
-4.669199 2.512801
-5.236637 2.818176
-5.836499 3.141002
-6.468786 3.481277
-7.133499 3.839002
-7.830636 4.214177
-8.560198 4.606802
-9.322186 5.016877
-10.116598 5.444403
-10.943435 5.889378
-11.802698 6.351803
-12.694385 6.831678
-13.618497 7.329004
-14.575035 7.843779
-15.563997 8.376004
-16.585384 8.925679
-17.639197 9.492805
-18.725434 10.077380
-19.844096 10.679405
-20.995183 11.298881
-22.178696 11.935806
-23.394633 12.590181
-24.642995 13.262006
-25.923783 13.951282
-27.236995 14.658007
-28.581657 15.383233
-29.958094 16.126608
-31.366306 16.888133
-32.806293 17.667809
-34.278056 18.465634
-35.781593 19.281610
-37.316905 20.115735
-38.883992 20.968011
-40.482853 21.838436
-42.113490 22.727012
-43.775902 23.633737
-45.470089 24.558613
-47.196051 25.501638
-48.953788 26.462814
-50.743299 27.442139
-52.564586 28.439615
-54.417648 29.455241
-56.302485 30.489016
-58.219096 31.540942
-60.167483 32.611018
-62.147644 33.699243
-64.159581 34.805619
-66.203292 35.930145
-68.278779 37.072821
-70.386040 38.233646
-72.525077 39.412622
-74.695888 40.609748
-76.898474 41.825024
-79.132836 43.058450
-81.398972 44.310025
-83.696883 45.579751
-86.026569 46.867627
-88.388031 48.173653
-90.781267 49.497829
-93.206278 50.840155
-95.663064 52.200631
-98.151625 53.579257
-100.671961 54.976033
-103.224072 56.390959
-105.807958 57.824035
-108.419944 59.278823
-111.061255 60.754137
-113.731891 62.249975
-116.431852 63.766339
-119.161138 65.303227
-121.919748 66.860641
-124.707684 68.438579
-127.524945 70.037043
-130.371531 71.656031
-133.247442 73.295545
-136.152678 74.955584
-139.087238 76.636147
-142.051124 78.337236
-145.044335 80.058849
-148.066871 81.800988
-151.118731 83.563651
-154.199917 85.346840
-157.310428 87.150553
-160.450264 88.974792
-163.619424 90.819555
-166.817910 92.684844
-170.045721 94.570657
-173.302856 96.476996
-176.589317 98.403859
-179.905102 100.351248
-183.250213 102.319161
-186.624649 104.307600
-190.028409 106.316563
-193.461495 108.346052
-196.923905 110.396066
-200.415641 112.466604
-203.936701 114.557668
-207.487087 116.669256
-211.066797 118.801370
-214.675833 120.954008
-218.314193 123.127172
-221.981879 125.320860
-225.678889 127.535074
-229.405225 129.769812
-233.160885 132.025076
-236.933233 134.264977
-240.726481 136.501478
-244.540629 138.734579
-248.375677 140.964280
-252.231625 143.190581
-256.108473 145.413482
-260.006220 147.632983
-263.924868 149.849084
-267.864416 152.061785
-271.824864 154.271086
-275.806212 156.476987
-279.808460 158.679488
-283.831608 160.878589
-287.875656 163.074290
-291.940604 165.266591
-296.026452 167.455492
-300.133200 169.640993
-304.260848 171.823094
-308.409396 174.001795
-312.578844 176.177096
-316.769192 178.348997
-320.980440 180.517498
-325.212588 182.682599
-329.465636 184.844299
-333.739584 187.002600
-338.034432 189.157501
-342.350180 191.309002
-346.686828 193.457103
-351.044376 195.601804
-355.422824 197.743105
-359.822172 199.881006
-364.242420 202.015507
-368.683568 204.146607
-373.145616 206.274308
-377.628564 208.398609
-382.132412 210.519510
-386.657160 212.637011
-391.202808 214.751112
-395.769356 216.861813
-400.356804 218.969113
-404.949665 221.059477
-409.553101 223.137415
-414.167111 225.202929
-418.791697 227.256017
-423.426857 229.296681
-428.072593 231.324919
-432.728904 233.340733
-437.395789 235.344122
-442.073250 237.335085
-446.761286 239.313624
-451.459896 241.279738
-456.169082 243.233427
-460.888843 245.174691
-465.619178 247.103529
-470.360089 249.019943
-475.111575 250.923932
-479.873636 252.815496
-484.646271 254.694635
-489.429482 256.561350
-494.223268 258.415639
-499.027629 260.257503
-503.842565 262.086942
-508.668075 263.903956
-513.504161 265.708546
-518.350822 267.500710
-523.208058 269.280449
-528.075869 271.047764
-532.954255 272.802653
-537.843216 274.545118
-542.742752 276.275157
-547.652862 277.992772
-552.573548 279.697961
-557.504809 281.390726
-562.446645 283.071066
-567.399056 284.738980
-572.362042 286.394470
-577.335603 288.037535
-582.319739 289.668175
-587.314450 291.286390
-592.319736 292.892180
-597.325360 294.533882
-602.334733 296.195384
-607.347857 297.876687
-612.364731 299.577789
-617.385354 301.298692
-622.409728 303.039394
-627.437852 304.799896
-632.469725 306.580199
-637.505349 308.380301
-642.544723 310.200204
-647.587847 312.039906
-652.634721 313.899408
-657.685344 315.778711
-662.739718 317.677813
-667.797842 319.596716
-672.859716 321.535418
-677.925340 323.493920
-682.994714 325.472223
-688.067838 327.470325
-693.144712 329.488228
-698.225336 331.525930
-703.309710 333.583432
-708.397834 335.660735
-713.489709 337.757837
-718.585333 339.874740
-723.684707 342.011442
-728.787831 344.167944
-733.894705 346.344247
-739.005330 348.540349
-744.119704 350.756252
-749.237828 352.991954
-754.359703 355.247456
-759.485327 357.522759
-764.614702 359.817861
-769.747826 362.132764
-774.884700 364.467466
-780.025325 366.821968
-785.169699 369.196271
-790.317824 371.590373
-795.469699 374.004276
-800.603836 376.438541
-805.727398 378.892980
-810.840385 381.367595
-815.942797 383.862385
-821.034634 386.377350
-826.115896 388.912490
-831.186582 391.467805
-836.246694 394.043294
-841.296231 396.638959
-846.335193 399.254799
-851.363580 401.890814
-856.381392 404.547003
-861.388629 407.223368
-866.385290 409.919908
-871.371377 412.636623
-876.346889 415.373512
-881.311826 418.130577
-886.266187 420.907817
-891.209974 423.705231
-896.143186 426.522821
-901.065822 429.360586
-905.977884 432.218525
-910.879371 435.096640
-915.770282 437.994929
-920.650619 440.913394
-925.520380 443.852033
-930.379567 446.810848
-935.228178 449.789838
-940.066215 452.789002
-944.893676 455.808342
-949.710563 458.847856
-954.516874 461.907546
-959.312611 464.987410
-964.097772 468.087450
-968.872358 471.207664
-973.636370 474.348054
-978.389806 477.508618
-983.132668 480.689357
-987.864954 483.890272
-992.586665 487.111361
-997.312914 490.373663
-1002.038663 493.670165
-1006.763912 497.000867
-1011.488660 500.365769
-1016.212909 503.764871
-1020.936658 507.198172
-1025.659907 510.665674
-1030.382656 514.167376
-1035.104905 517.703278
-1039.826654 521.273380
-1044.547902 524.877681
-1049.268651 528.516183
-1053.988900 532.188885
-1058.708649 535.895787
-1063.427898 539.636888
-1068.146647 543.412190
-1072.864896 547.221692
-1077.582645 551.065394
-1082.299894 554.943295
-1087.016643 558.855397
-1091.732892 562.801699
-1096.448641 566.782200
-1101.163890 570.796902
-1105.878639 574.845804
-1110.592887 578.928905
-1115.306636 583.046207
-1120.019885 587.197709
-1124.732634 591.383410
-1129.444883 595.603312
-1134.156632 599.857414
-1138.867881 604.145715
-1143.578630 608.468217
-1148.288879 612.824918
-1152.998628 617.215820
-1157.707878 621.640922
-1162.416627 626.100223
-1167.124876 630.593725
-1171.832625 635.121426
-1176.539874 639.683328
-1181.246623 644.279429
-1185.945334 648.922443
-1190.638521 653.608132
-1195.326183 658.336496
-1200.008319 663.107535
-1204.684931 667.921250
-1209.356017 672.777639
-1214.021579 677.676703
-1218.681616 682.618442
-1223.336127 687.602856
-1227.985114 692.629945
-1232.628576 697.699710
-1237.266512 702.812149
-1241.898924 707.967263
-1246.525810 713.165052
-1251.147172 718.405517
-1255.763009 723.688656
-1260.373321 729.014470
-1264.978107 734.382960
-1269.577369 739.794124
-1274.171106 745.247964
-1278.759317 750.744478
-1283.342004 756.283667
-1287.919166 761.865532
-1292.490803 767.490071
-1297.056914 773.157286
-1301.617501 778.867175
-1306.172563 784.619740
-1310.722100 790.414979
-1315.266111 796.252894
-1319.804598 802.133483
-1324.337560 808.056748
-1328.864997 814.022688
-1333.386908 820.031302
-1337.903295 826.082592
-1342.414157 832.176557
-1346.919494 838.313196
-1351.419306 844.492511
-1355.913593 850.714501
-1360.402354 856.979165
-1364.885591 863.286505
-1369.353253 869.591595
-1373.808690 875.909410
-1378.251902 882.239950
-1382.682889 888.583214
-1387.101651 894.939204
-1391.508188 901.307919
-1395.902500 907.689359
-1400.284587 914.083524
-1404.654449 920.490414
-1409.012085 926.910029
-1413.357497 933.342369
-1417.690684 939.787434
-1422.011647 946.245224
-1426.320384 952.715739
-1430.616896 959.198979
-1434.901183 965.694944
-1439.173245 972.203634
-1443.433082 978.725049
-1447.680694 985.259189
-1451.916081 991.806054
-1456.139243 998.365644
-1460.350180 1004.937959
-1464.548892 1011.523000
-1468.735380 1018.120765
-1472.909642 1024.731255
-1477.071679 1031.354470
-1481.221491 1037.990410
-1485.359078 1044.639076
-1489.484441 1051.300466
-1493.597578 1057.974581
-1497.698490 1064.661422
-1501.787177 1071.360987
-1505.863640 1078.073277
-1509.927877 1084.798293
-1513.979889 1091.536033
-1518.019677 1098.286498
-1522.047239 1105.049689
-1526.062576 1111.825604
-1530.065689 1118.614245
-1534.056576 1125.415610
-1538.065463 1132.219613
-1542.082276 1139.029616
-1546.107013 1145.845619
-1550.139676 1152.667622
-1554.180263 1159.495625
-1558.228776 1166.329628
-1562.285213 1173.169631
-1566.349576 1180.015634
-1570.421863 1186.867638
-1574.502076 1193.725641
-1578.590213 1200.589644
-1582.686276 1207.459647
-1586.790263 1214.335650
-1590.902176 1221.217653
-1595.022014 1228.105656
-1599.149776 1234.999659
-1603.285464 1241.899663
-1607.429077 1248.805666
-1611.580614 1255.717669
-1615.740077 1262.635672
-1619.907465 1269.559675
-1624.082778 1276.489679
-1628.266016 1283.425682
-1632.457178 1290.367685
-1636.656266 1297.315689
-1640.863279 1304.269692
-1645.078217 1311.229695
-1649.301080 1318.195698
-1653.531868 1325.167702
-1657.770581 1332.145705
-1662.017219 1339.129708
-1666.271782 1346.119712
-1670.534270 1353.115715
-1674.804683 1360.117719
-1679.083021 1367.125722
-1683.369284 1374.139725
-1687.663472 1381.159729
-1691.965585 1388.185732
-1696.275623 1395.217736
-1700.593586 1402.255739
-1704.924274 1409.325768
-1709.266087 1416.419146
-1713.619025 1423.535875
-1717.983088 1430.675953
-1722.358276 1437.839382
-1726.744589 1445.026160
-1731.142027 1452.236289
-1735.550590 1459.469767
-1739.970278 1466.726596
-1744.401091 1474.006775
-1748.843029 1481.310303
-1753.296092 1488.637182
-1757.760280 1495.987411
-1762.235593 1503.360989
-1766.722031 1510.757918
-1771.219594 1518.178197
-1775.728282 1525.621825
-1780.248095 1533.088804
-1784.779033 1540.579133
-1789.321096 1548.092812
-1793.874284 1555.629840
-1798.438597 1563.190219
-1803.014035 1570.773948
-1807.600598 1578.381027
-1812.198286 1586.011456
-1816.807098 1593.665234
-1821.427036 1601.342363
-1826.058099 1609.042842
-1830.700287 1616.766671
-1835.353600 1624.513850
-1840.018038 1632.284379
-1844.693600 1640.078258
-1849.380288 1647.895487
-1854.078101 1655.736066
-1858.787039 1663.599995
-1863.507102 1671.487274
-1868.238289 1679.397903
-1872.980602 1687.331882
-1877.734040 1695.289211
-1882.498603 1703.269890
-1887.242903 1711.259069
-1891.977403 1719.261698
-1896.702103 1727.277777
-1901.417004 1735.307307
-1906.122104 1743.350286
-1910.817404 1751.406715
-1915.502904 1759.476594
-1920.178604 1767.559923
-1924.844505 1775.656703
-1929.500605 1783.766932
-1934.146905 1791.890611
-1938.783405 1800.027740
-1943.410106 1808.178320
-1948.027006 1816.342349
-1952.634106 1824.519829
-1957.231406 1832.710758
-1961.818906 1840.915137
-1966.396607 1849.132967
-1970.964507 1857.364246
-1975.522607 1865.608976
-1980.070907 1873.867155
-1984.609407 1882.138785
-1989.138108 1890.423864
-1993.657008 1898.722394
-1998.166108 1907.034373
-2002.665408 1915.359803
-2007.154908 1923.698682
-2011.634609 1932.051012
-2016.104509 1940.416792
-2020.564609 1948.796021
-2025.014909 1957.188701
-2029.455409 1965.594831
-2033.886109 1974.014410
-2038.307010 1982.447440
-2042.718110 1990.893920
-2047.119410 1999.353849
-2051.510910 2007.827229
-2055.892610 2016.314059
-2060.264510 2024.814339
-2064.626611 2033.328069
-2068.987686 2041.835074
-2073.344811 2050.342078
-2077.697986 2058.849083
-2082.047211 2067.356088
-2086.392487 2075.863093
-2090.733812 2084.370098
-2095.071187 2092.877103
-2099.404612 2101.384108
-2103.734087 2109.891113
-2108.059613 2118.398117
-2112.381188 2126.905122
-2116.698813 2135.412127
-2121.012488 2143.919132
-2125.322214 2152.426137
-2129.627989 2160.933142
-2133.929814 2169.440147
-2138.227690 2177.947152
-2142.521615 2186.454157
-2146.811590 2194.961162
-2151.097616 2203.468167
-2155.379691 2211.975172
-2159.657816 2220.482177
-2163.931992 2228.989182
-2168.202217 2237.496187
-2172.468492 2246.003192
-2176.730818 2254.510197
-2180.989193 2263.017202
-2185.243618 2271.524207
-2189.494094 2280.031212
-2193.740619 2288.538217
-2197.983195 2297.045222
-2202.221820 2305.552227
-2206.456495 2314.059232
-2210.687221 2322.566237
-2214.913996 2331.073242
-2219.136822 2339.580248
-2223.355697 2348.087253
-2227.570623 2356.594258
-2231.781598 2365.101263
-2235.988623 2373.608268
-2240.206099 2382.130498
-2244.429225 2390.662878
-2248.658000 2399.205408
-2252.892426 2407.758088
-2257.132501 2416.320918
-2261.378227 2424.893898
-2265.629602 2433.477028
-2269.886628 2442.070308
-2274.149304 2450.673738
-2278.417629 2459.287318
-2282.691605 2467.911047
-2286.971231 2476.544927
-2291.256507 2485.188957
-2295.547432 2493.843137
-2299.844008 2502.507466
-2304.146234 2511.181946
-2308.454110 2519.866575
-2312.767636 2528.561355
-2317.086812 2537.266285
-2321.411638 2545.981364
-2325.742113 2554.706594
-2330.078239 2563.441973
-2334.420015 2572.187502
-2338.767441 2580.943182
-2343.120517 2589.709011
-2347.479243 2598.484991
-2351.843619 2607.271120
-2356.213645 2616.067399
-2360.589322 2624.873828
-2364.970648 2633.690408
-2369.357624 2642.517137
-2373.750250 2651.354016
-2378.148526 2660.201045
-2382.552452 2669.058224
-2386.962029 2677.925553
-2391.377255 2686.803032
-2395.798131 2695.690662
-2400.224657 2704.588441
-2404.656834 2713.496369
-2409.094660 2722.414448
-2413.517999 2731.320777
-2417.933563 2740.222656
-2422.341352 2749.120085
-2426.741365 2758.013064
-2431.133604 2766.901593
-2435.518068 2775.785672
-2439.894757 2784.665302
-2444.263671 2793.540481
-2448.624810 2802.411210
-2452.978174 2811.277489
-2457.323763 2820.139318
-2461.661577 2828.996697
-2465.991616 2837.849626
-2470.313880 2846.698105
-2474.628369 2855.542134
-2478.935083 2864.381714
-2483.234022 2873.216843
-2487.525186 2882.047522
-2491.808575 2890.873751
-2496.084189 2899.695531
-2500.352028 2908.512860
-2504.612092 2917.325739
-2508.864382 2926.134168
-2513.108896 2934.938148
-2517.345635 2943.737677
-2521.574599 2952.532756
-2525.795788 2961.323386
-2530.009203 2970.109565
-2534.214842 2978.891294
-2538.412706 2987.668574
-2542.602795 2996.441403
-2546.785109 3005.209783
-2550.959649 3013.973712
-2555.126413 3022.733191
-2559.285402 3031.488221
-2563.436617 3040.238800
-2567.580056 3048.984930
-2571.715720 3057.726609
-2575.843610 3066.463839
-2579.963724 3075.196618
-2584.082701 3083.889660
-2588.198328 3092.554727
-2592.310605 3101.191819
-2596.419531 3109.800936
-2600.525108 3118.382078
-2604.627335 3126.935246
-2608.726212 3135.460438
-2612.821739 3143.957655
-2616.913916 3152.426897
-2621.002743 3160.868164
-2625.088220 3169.281456
-2629.170347 3177.666773
-2633.249123 3186.024115
-2637.324550 3194.353482
-2641.396627 3202.654874
-2645.465354 3210.928292
-2649.530731 3219.173734
-2653.592758 3227.391201
-2657.651435 3235.580693
-2661.706762 3243.742210
-2665.758739 3251.875752
-2669.807366 3259.981319
-2673.852643 3268.058912
-2677.894570 3276.108529
-2681.933147 3284.130171
-2685.968373 3292.123838
-2690.000250 3300.089530
-2694.028777 3308.027248
-2698.053954 3315.936990
-2702.075781 3323.818757
-2706.094258 3331.672549
-2710.109385 3339.498367
-2714.121162 3347.296209
-2718.129589 3355.066076
-2722.134666 3362.807968
-2726.136393 3370.521886
-2730.134770 3378.207828
-2734.129797 3385.865795
-2738.121474 3393.495787
-2742.109801 3401.097805
-2746.108278 3408.719922
-2750.112405 3416.346114
-2754.122182 3423.976382
-2758.137609 3431.610724
-2762.158686 3439.249141
-2766.185413 3446.891634
-2770.217790 3454.538201
-2774.255818 3462.188844
-2778.299495 3469.843561
-2782.348822 3477.502353
-2786.403799 3485.165221
-2790.464426 3492.832163
-2794.530704 3500.503181
-2798.602631 3508.178273
-2802.680208 3515.857441
-2806.763436 3523.540683
-2810.852313 3531.228001
-2814.946840 3538.919393
-2819.047018 3546.614861
-2823.152845 3554.314404
-2827.264322 3562.018021
-2831.381450 3569.725714
-2835.504227 3577.437481
-2839.632655 3585.153324
-2843.766732 3592.873242
-2847.906460 3600.597234
-2852.051838 3608.325302
-2856.202865 3616.057445
-2860.359543 3623.793662
-2864.521870 3631.533955
-2868.689848 3639.278323
-2872.863476 3647.026765
-2877.042753 3654.779283
-2881.227681 3662.535876
-2885.418259 3670.296544
-2889.614486 3678.061286
-2893.816364 3685.830104
-2898.023892 3693.602997
-2902.237070 3701.379965
-2906.455898 3709.161008
-2910.655738 3716.940275
-2914.844803 3724.719718
-2919.023094 3732.499336
-2923.190609 3740.279129
-2927.347349 3748.059097
-2931.493315 3755.839240
-2935.628505 3763.619558
-2939.752920 3771.400052
-2943.866561 3779.180720
-2947.969426 3786.961563
-2952.061516 3794.742581
-2956.142832 3802.523774
-2960.213372 3810.305143
-2964.273137 3818.086686
-2968.322128 3825.868404
-2972.360343 3833.650298
-2976.387783 3841.432366
-2980.404449 3849.214610
-2984.410339 3856.997028
-2988.405454 3864.779622
-2992.389794 3872.562391
-2996.363360 3880.345334
-3000.326150 3888.128453
-3004.278165 3895.911747
-3008.219406 3903.695215
-3012.149871 3911.478859
-3016.069561 3919.262678
-3019.978477 3927.046672
-3023.876617 3934.830841
-3027.763982 3942.615185
-3031.640573 3950.399704
-3035.506388 3958.184398
-3039.361428 3965.969267
-3043.205694 3973.754311
-3047.039184 3981.539530
-3050.861899 3989.324924
-3054.673840 3997.110493
-3058.475005 4004.896237
-3062.265395 4012.682157
-3066.045011 4020.468251
-3069.830239 4028.257633
-3073.615616 4036.049264
-3077.401144 4043.843146
-3081.186822 4051.639278
-3084.972650 4059.437660
-3088.758628 4067.238291
-3092.544756 4075.041173
-3096.331034 4082.846305
-3100.117462 4090.653687
-3103.904040 4098.463318
-3107.690768 4106.275200
-3111.477645 4114.089332
-3115.264673 4121.905713
-3119.051851 4129.724345
-3122.839179 4137.545227
-3126.626657 4145.368358
-3130.414285 4153.193740
-3134.202063 4161.021372
-3137.989991 4168.851253
-3141.778069 4176.683385
-3145.566297 4184.517767
-3149.354676 4192.354398
-3153.143204 4200.193280
-3156.931882 4208.034412
-3160.720710 4215.877793
-3164.509688 4223.723425
-3168.298816 4231.571306
-3172.088094 4239.421438
-3175.877522 4247.273820
-3179.667100 4255.128451
-3183.456828 4262.985333
-3187.246707 4270.844464
-3191.036735 4278.705846
-3194.826913 4286.569477
-3198.617241 4294.435359
-3202.407719 4302.303490
-3206.198348 4310.173872
-3209.989126 4318.046504
-3213.780054 4325.921385
-3217.571132 4333.798517
-3221.337873 4341.695373
-3225.088439 4349.606130
-3228.822829 4357.530786
-3232.541045 4365.469343
-3236.243086 4373.421799
-3239.928951 4381.388156
-3243.598642 4389.368412
-3247.252158 4397.362569
-3250.889498 4405.370626
-3254.510664 4413.392582
-3258.115655 4421.428439
-3261.704470 4429.478195
-3265.277111 4437.541852
-3268.833576 4445.619409
-3272.373867 4453.710865
-3275.897982 4461.816222
-3279.405923 4469.935479
-3282.897689 4478.068635
-3286.373279 4486.215692
-3289.832695 4494.376649
-3293.275935 4502.551505
-3296.703001 4510.740262
-3300.113891 4518.942919
-3303.508607 4527.159475
-3306.887147 4535.389932
-3310.249513 4543.634289
-3313.595703 4551.892546
-3316.925719 4560.164702
-3320.239559 4568.450759
-3323.537225 4576.750716
-3326.818715 4585.064573
-3330.084030 4593.392329
-3333.333171 4601.733986
-3336.566136 4610.089543
-3339.782927 4618.459000
-3342.983542 4626.842357
-3346.167982 4635.239613
-3349.336248 4643.650770
-3352.488338 4652.075827
-3355.624253 4660.514784
-3358.758019 4668.968091
-3361.884959 4677.435598
-3365.005075 4685.917304
-3368.118365 4694.413211
-3371.224830 4702.923318
-3374.324471 4711.447625
-3377.417286 4719.986132
-3380.503276 4728.538839
-3383.582442 4737.105746
-3386.654782 4745.686853
-3389.720297 4754.282160
-3392.778988 4762.891667
-3395.830853 4771.515374
-3398.875893 4780.153281
-3401.914109 4788.805388
-3404.945499 4797.471695
-3407.970064 4806.152202
-3410.987805 4814.846909
-3413.998720 4823.555816
-3417.002811 4832.278923
-3420.000076 4841.016231
-3422.990516 4849.767738
-3425.974132 4858.533445
-3428.950922 4867.313352
-3431.920887 4876.107459
-3434.884028 4884.915766
-3437.840343 4893.738274
-3440.789833 4902.574981
-3443.732499 4911.425888
-3446.668339 4920.290995
-3449.597354 4929.170302
-3452.519545 4938.063810
-3455.434910 4946.971517
-3458.343450 4955.893424
-3461.245166 4964.829532
-3464.140056 4973.779839
-3467.028122 4982.744346
-3469.909362 4991.723054
-3472.783777 5000.715961
-3475.651368 5009.723068
-3478.532796 5018.746288
-3481.421173 5027.784983
-3484.316501 5036.839153
-3487.218779 5045.908798
-3490.128007 5054.993918
-3493.044186 5064.094513
-3495.967314 5073.210583
-3498.897392 5082.342127
-3501.834420 5091.489147
-3504.778398 5100.651642
-3507.729327 5109.829612
-3510.687205 5119.023057
-3513.652033 5128.231977
-3516.623812 5137.456372
-3519.602540 5146.696242
-3522.588218 5155.951587
-3525.580847 5165.222407
-3528.580425 5174.508702
-3531.586954 5183.810472
-3534.600433 5193.127717
-3537.620861 5202.460437
-3540.648240 5211.808632
-3543.682568 5221.172302
-3546.723847 5230.551447
-3549.772076 5239.946067
-3552.827255 5249.356162
-3555.889384 5258.781732
-3558.958462 5268.222777
-3562.034491 5277.679297
-3565.117470 5287.151292
-3568.207399 5296.638762
-3571.304278 5306.141707
-3574.408107 5315.660127
-3577.518886 5325.194022
-3580.636616 5334.743392
-3583.761295 5344.308237
-3586.892924 5353.888557
-3590.031503 5363.484352
-3593.177032 5373.095622
-3596.329512 5382.722367
-3599.480616 5392.356899
-3602.633120 5402.001782
-3605.787024 5411.657015
-3608.942329 5421.322597
-3612.099033 5430.998530
-3615.257137 5440.684812
-3618.416641 5450.381445
-3621.577545 5460.088427
-3624.739850 5469.805760
-3627.903554 5479.533442
-3631.068658 5489.271475
-3634.235162 5499.019857
-3637.403066 5508.778590
-3640.572370 5518.547672
-3643.743074 5528.327105
-3646.915178 5538.116887
-3650.088682 5547.917020
-3653.263586 5557.727502
-3656.439890 5567.548335
-3659.617594 5577.379517
-3662.796698 5587.221050
-3665.977202 5597.072932
-3669.159106 5606.935165
-3672.342410 5616.807747
-3675.527114 5626.690680
-3678.713218 5636.583962
-3681.900722 5646.487595
-3685.089626 5656.401577
-3688.279930 5666.325909
-3691.471634 5676.260592
-3694.664737 5686.205624
-3697.859241 5696.161007
-3701.055145 5706.126739
-3704.252449 5716.102822
-3707.451153 5726.089254
-3710.651257 5736.086037
-3713.852760 5746.093169
-3717.055664 5756.110651
-3720.259968 5766.138484
-3723.465672 5776.176666
-3726.686088 5786.210461
-3729.916779 5796.244781
-3733.157745 5806.279626
-3736.408987 5816.314996
-3739.670503 5826.350891
-3742.942294 5836.387311
-3746.224360 5846.424255
-3749.516702 5856.461725
-3752.819318 5866.499720
-3756.132209 5876.538240
-3759.455376 5886.577285
-3762.788817 5896.616855
-3766.132533 5906.656950
-3769.486525 5916.697570
-3772.850791 5926.738715
-3776.225332 5936.780384
-3779.610149 5946.822579
-3783.005240 5956.865299
-3786.410606 5966.908544
-3789.826248 5976.952314
-3793.252164 5986.996609
-3796.688355 5997.041429
-3800.134822 6007.086774
-3803.591563 6017.132643
-3807.058580 6027.179038
-3810.535871 6037.225958
-3814.023437 6047.273403
-3817.521279 6057.321373
-3821.029395 6067.369868
-3824.547787 6077.418887
-3828.076453 6087.468432
-3831.615395 6097.518502
-3835.164611 6107.569097
-3838.724102 6117.620217
-3842.293869 6127.671862
-3845.873910 6137.724031
-3849.464227 6147.776726
-3853.064818 6157.829946
-3856.675685 6167.883691
-3860.296826 6177.937961
-3863.939943 6187.970181
-3867.601134 6197.987876
-3871.280401 6207.991045
-3874.977743 6217.979690
-3878.693159 6227.953810
-3882.426651 6237.913406
-3886.178217 6247.858476
-3889.947859 6257.789021
-3893.735576 6267.705041
-3897.541367 6277.606536
-3901.365234 6287.493506
-3905.207176 6297.365951
-3909.067193 6307.223872
-3912.945284 6317.067267
-3916.841451 6326.896137
-3920.755693 6336.710483
-3924.688010 6346.510303
-3928.638402 6356.295599
-3932.606868 6366.066369
-3936.593410 6375.822615
-3940.598027 6385.564335
-3944.620719 6395.291531
-3948.661486 6405.004201
-3952.720328 6414.702347
-3956.797245 6424.385968
-3960.892237 6434.055063
-3965.005304 6443.709634
-3969.136446 6453.349680
-3973.285663 6462.975201
-3977.452955 6472.586197
-3981.638322 6482.182667
-3985.841764 6491.764613
-3990.063282 6501.332034
-3994.302874 6510.884930
-3998.560541 6520.423301
-4002.836283 6529.947147
-4007.130100 6539.456468
-4011.441993 6548.951264
-4015.771960 6558.431536
-4020.120002 6567.897282
-4024.476294 6577.378466
-4028.844112 6586.865099
-4033.223454 6596.357183
-4037.614321 6605.854717
-4042.016713 6615.357701
-4046.430630 6624.866135
-4050.856073 6634.380018
-4055.293040 6643.899352
-4059.741532 6653.424136
-4064.201549 6662.954370
-4068.673091 6672.490054
-4073.156158 6682.031188
-4077.650750 6691.577773
-4082.156868 6701.129807
-4086.674510 6710.687291
-4091.203677 6720.250225
-4095.744369 6729.818609
-4100.296586 6739.392444
-4104.860328 6748.971728
-4109.435595 6758.556462
-4114.022387 6768.146647
-4118.620704 6777.742281
-4123.230546 6787.343365
-4127.851913 6796.949900
-4132.484805 6806.561884
-4137.129222 6816.179319
-4141.785164 6825.802203
-4146.452631 6835.430538
-4151.131623 6845.064323
-4155.822140 6854.703557
-4160.524182 6864.348242
-4165.237749 6873.998377
-4169.962841 6883.653962
-4174.699458 6893.314996
-4179.447600 6902.981481
-4184.207267 6912.653416
-4188.978458 6922.330801
-4193.761175 6932.013636
-4198.555417 6941.701921
-4203.361184 6951.395656
-4208.144538 6961.091466
-4212.916793 6970.790476
-4217.677947 6980.492686
-4222.428001 6990.198096
-4227.166956 6999.906706
-4231.894810 7009.618516
-4236.611564 7019.333526
-4241.317219 7029.051736
-4246.011773 7038.773146
-4250.695228 7048.497756
-4255.367582 7058.225566
-4260.028836 7067.956576
-4264.678991 7077.690786
-4269.318045 7087.428196
-4273.945999 7097.168806
-4278.562854 7106.912617
-4283.168608 7116.659627
-4287.763262 7126.409837
-4292.346817 7136.163247
-4296.919271 7145.919857
-4301.480625 7155.679667
-4306.030880 7165.442678
-4310.570034 7175.208888
-4315.098088 7184.978298
-4319.615043 7194.750908
-4324.120897 7204.526718
-4328.615651 7214.305729
-4333.099305 7224.087939
-4337.571860 7233.873349
-4342.033314 7243.661959
-4346.483668 7253.453770
-4350.922923 7263.248780
-4355.351077 7273.046990
-4359.768131 7282.848400
-4364.174086 7292.653011
-4368.568940 7302.460821
-4372.952694 7312.271831
-4377.325349 7322.086042
-4381.686903 7331.903452
-4386.037357 7341.724062
-4390.368311 7351.543410
-4394.682566 7361.362983
-4398.980120 7371.182781
-4403.260974 7381.002804
-4407.525129 7390.823052
-4411.772583 7400.643524
-4416.003337 7410.464222
-4420.217391 7420.285145
-4424.414746 7430.106293
-4428.595400 7439.927666
-4432.759354 7449.749264
-4436.906608 7459.571087
-4441.037163 7469.393134
-4445.151017 7479.215407
-4449.248171 7489.037905
-4453.328625 7498.860628
-4457.392380 7508.683576
-4461.439434 7518.506749
-4465.469788 7528.330147
-4469.483442 7538.153769
-4473.480397 7547.977617
-4477.460651 7557.801690
-4481.424205 7567.625988
-4485.371059 7577.450511
-4489.301213 7587.275259
-4493.214668 7597.100231
-4497.111422 7606.925429
-4500.991476 7616.750852
-4504.854830 7626.576500
-4508.701485 7636.402373
-4512.531439 7646.228471
-4516.344693 7656.054794
-4520.141247 7665.881341
-4523.921101 7675.708114
-4527.684255 7685.535112
-4531.430710 7695.362335
-4535.160464 7705.189783
-4538.873518 7715.017456
-4542.569872 7724.845354
-4546.249526 7734.673476
-4549.934380 7744.532087
-4553.617135 7754.411097
-4557.297789 7764.310508
-4560.976343 7774.230318
-4564.652797 7784.170529
-4568.327151 7794.131139
-4571.999406 7804.112150
-4575.669560 7814.113561
-4579.337614 7824.135371
-4583.003568 7834.177582
-4586.667422 7844.240193
-4590.329176 7854.323204
-4593.988831 7864.426615
-4597.646385 7874.550426
-4601.301839 7884.694637
-4604.955193 7894.859248
-4608.606447 7905.044259
-4612.255602 7915.249670
-4615.902656 7925.475481
-4619.547610 7935.721692
-4623.190464 7945.988303
-4626.831218 7956.275315
-4630.469873 7966.582726
-4634.106427 7976.910537
-4637.740881 7987.258749
-4641.373235 7997.627360
-4645.003489 8008.016371
-4648.631644 8018.425783
-4652.257698 8028.855594
-4655.881652 8039.305806
-4659.503506 8049.776418
-4663.123261 8060.267429
-4666.740915 8070.778841
-4670.356469 8081.310653
-4673.969923 8091.862864
-4677.581277 8102.435476
-4681.190532 8113.028488
-4684.797686 8123.641900
-4688.402740 8134.275712
-4692.005694 8144.929924
-4695.612511 8155.576223
-4699.221203 8166.224048
-4702.831769 8176.873397
-4706.444211 8187.524272
-4710.058528 8198.176672
-4713.674719 8208.830596
-4717.292786 8219.486046
-4720.912727 8230.143021
-4724.534544 8240.801520
-4728.158235 8251.461545
-4731.783802 8262.123095
-4735.411243 8272.786170
-4739.040560 8283.450770
-4742.671751 8294.116894
-4746.304817 8304.784544
-4749.939759 8315.453719
-4753.576575 8326.124419
-4757.215266 8336.796644
-4760.855832 8347.470394
-4764.498274 8358.145669
-4768.142590 8368.822469
-4771.788781 8379.500794
-4775.436847 8390.180645
-4779.086788 8400.862020
-4782.738605 8411.544920
-4786.392296 8422.229345
-4790.047862 8432.915295
-4793.705303 8443.602771
-4797.364619 8454.291771
-4801.025810 8464.982296
-4804.688876 8475.674347
-4808.353817 8486.367922
-4812.020633 8497.063023
-4815.689324 8507.759648
-4819.359889 8518.457799
-4823.032330 8529.157474
-4826.706646 8539.858675
-4830.382837 8550.561400
-4834.060903 8561.265651
-4837.740843 8571.971426
-4841.426897 8582.651127
-4845.117650 8593.313953
-4848.813103 8603.959904
-4852.513256 8614.588979
-4856.218109 8625.201180
-4859.927663 8635.796506
-4863.641916 8646.374957
-4867.360869 8656.936532
-4871.084522 8667.481233
-4874.812875 8678.009059
-4878.545928 8688.520010
-4882.283681 8699.014086
-4886.026134 8709.491287
-4889.773287 8719.951613
-4893.525140 8730.395064
-4897.281693 8740.821640
-4901.042946 8751.231341
-4904.808899 8761.624167
-4908.579552 8772.000118
-4912.354905 8782.359194
-4916.134958 8792.701395
-4919.919711 8803.026721
-4923.709164 8813.335173
-4927.503316 8823.626749
-4931.302169 8833.901450
-4935.105722 8844.159276
-4938.913975 8854.400228
-4942.726928 8864.624304
-4946.544580 8874.831505
-4950.366933 8885.021832
-4954.193986 8895.195283
-4958.025739 8905.351859
-4961.862191 8915.491561
-4965.703344 8925.614387
-4969.549197 8935.720339
-4973.399749 8945.809415
-4977.255002 8955.881617
-4981.114955 8965.936943
-4984.979607 8975.975395
-4988.848960 8985.996971
-4992.738800 8996.003360
-4996.643865 9005.993999
-5000.564155 9015.968888
-5004.499670 9025.928027
-5008.450410 9035.871416
-5012.416375 9045.799055
-5016.397565 9055.710944
-5020.393981 9065.607083
-5024.405621 9075.487472
-5028.432486 9085.352111
-5032.474576 9095.201000
-5036.531891 9105.034138
-5040.604431 9114.851527
-5044.692197 9124.653166
-5048.795187 9134.439055
-5052.913402 9144.209193
-5057.046842 9153.963582
-5061.195507 9163.702221
-5065.359398 9173.425109
-5069.538513 9183.132248
-5073.732853 9192.823637
-5077.942418 9202.499275
-5082.167209 9212.159164
-5086.407224 9221.803302
-5090.662464 9231.431691
-5094.932930 9241.044329
-5099.218620 9250.641218
-5103.519535 9260.222356
-5107.835676 9269.787745
-5112.167041 9279.337383
-5116.513631 9288.871272
-5120.875447 9298.389410
-5125.252487 9307.891799
-5129.644752 9317.378437
-5134.052243 9326.849325
-5138.474958 9336.304464
-5142.912898 9345.743852
-5147.366064 9355.167490
-5151.834454 9364.575378
-5156.318070 9373.967517
-5160.813122 9383.320655
-5165.320875 9392.642543
-5169.841328 9401.933181
-5174.374481 9411.192570
-5178.920334 9420.420708
-5183.478887 9429.617596
-5188.050141 9438.783235
-5192.634094 9447.917623
-5197.230747 9457.020761
-5201.840100 9466.092650
-5206.462153 9475.133288
-5211.096906 9484.142677
-5215.744359 9493.120815
-5220.404513 9502.067704
-5225.077366 9510.983342
-5229.762919 9519.867731
-5234.461172 9528.720869
-5239.172126 9537.542758
-5243.895779 9546.333396
-5248.632132 9555.092785
-5253.381186 9563.820923
-5258.142939 9572.517812
-5262.917392 9581.183450
-5267.704546 9589.817839
-5272.504399 9598.420978
-5277.316953 9606.992866
-5282.142206 9615.533505
-5286.980160 9624.042893
-5291.830813 9632.521032
-5296.694167 9640.967921
-5301.570220 9649.383560
-5306.458974 9657.767948
-5311.360428 9666.121087
-5316.274581 9674.442976
-5321.201435 9682.733615
-5326.140989 9690.993003
-5331.093242 9699.221142
-5336.058196 9707.418031
-5341.035850 9715.583670
-5346.026203 9723.718059
-5351.053032 9731.854610
-5356.108411 9739.982186
-5361.192340 9748.100788
-5366.304818 9756.210414
-5371.445847 9764.311066
-5376.615426 9772.402742
-5381.813554 9780.485443
-5387.040233 9788.559170
-5392.295462 9796.623921
-5397.579241 9804.679698
-5402.891569 9812.726499
-5408.232448 9820.764326
-5413.601876 9828.793177
-5418.999855 9836.813054
-5424.426384 9844.823956
-5429.881462 9852.825882
-5435.365091 9860.818834
-5440.877270 9868.802810
-5446.417998 9876.777812
-5451.987277 9884.743839
-5457.585105 9892.700890
-5463.211484 9900.648967
-5468.866412 9908.588069
-5474.549891 9916.518196
-5480.261919 9924.439347
-5486.002498 9932.351524
-5491.771626 9940.254726
-5497.569305 9948.148953
-5503.395534 9956.034204
-5509.250312 9963.910481
-5515.133640 9971.777783
-5521.045519 9979.636110
-5526.985947 9987.485462
-5532.954926 9995.325839
-5538.952454 10003.157240
-5544.978533 10010.979667
-5551.033161 10018.793119
-5557.116340 10026.597596
-5563.228068 10034.393098
-5569.368346 10042.179625
-5575.539687 10049.923540
-5581.741253 10057.636054
-5587.973044 10065.317168
-5594.235060 10072.966883
-5600.527301 10080.585197
-5606.849766 10088.172112
-5613.202457 10095.727626
-5619.585373 10103.251740
-5625.998514 10110.744455
-5632.441879 10118.205769
-5638.915470 10125.635684
-5645.419286 10133.034198
-5651.953326 10140.401312
-5658.517592 10147.737027
-5665.112083 10155.041341
-5671.736798 10162.314255
-5678.391739 10169.555769
-5685.076904 10176.765884
-5691.792295 10183.944598
-5698.537910 10191.091912
-5705.313751 10198.207826
-5712.119816 10205.292341
-5718.956106 10212.345455
-5725.822622 10219.367169
-5732.719362 10226.357483
-5739.646328 10233.316398
-5746.603518 10240.243912
-5753.590933 10247.140026
-5760.608574 10254.004740
-5767.656439 10260.838054
-5774.734529 10267.639968
-5781.842844 10274.410483
-5788.981384 10281.149597
-5796.150150 10287.857311
-5803.349140 10294.533625
-5810.578355 10301.178539
-5817.837795 10307.792053
-5825.127460 10314.374167
-5832.447350 10320.924881
-5839.797465 10327.444195
-5847.164793 10333.942459
-5854.553670 10340.416223
-5861.964098 10346.865487
-5869.396076 10353.290251
-5876.849603 10359.690516
-5884.324681 10366.066280
-5891.821308 10372.417544
-5899.339486 10378.744308
-5906.879213 10385.046572
-5914.440491 10391.324336
-5922.023319 10397.577600
-5929.627696 10403.806364
-5937.253624 10410.010628
-5944.901101 10416.190392
-5952.570129 10422.345656
-5960.260706 10428.476420
-5967.972834 10434.582684
-5975.706512 10440.664448
-5983.461739 10446.721712
-5991.238517 10452.754475
-5999.036844 10458.762739
-6006.856722 10464.746503
-6014.698149 10470.705767
-6022.561127 10476.640531
-6030.445655 10482.550795
-6038.351732 10488.436559
-6046.279360 10494.297823
-6054.228537 10500.134587
-6062.199265 10505.946851
-6070.191542 10511.734615
-6078.205370 10517.497879
-6086.240747 10523.236643
-6094.297675 10528.950907
-6102.376153 10534.640670
-6110.476180 10540.305934
-6118.597758 10545.946698
-6126.740885 10551.562962
-6134.905563 10557.154726
-6143.091790 10562.721990
-6151.299568 10568.264754
-6159.526571 10573.799293
-6167.773573 10579.320181
-6176.040576 10584.827420
-6184.327578 10590.321009
-6192.634581 10595.800948
-6200.961583 10601.267237
-6209.308586 10606.719876
-6217.675589 10612.158865
-6226.062591 10617.584203
-6234.469594 10622.995892
-6242.896596 10628.393931
-6251.343599 10633.778320
-6259.810602 10639.149059
-6268.297604 10644.506148
-6276.804607 10649.849587
-6285.331609 10655.179375
-6293.878612 10660.495514
-6302.445615 10665.798003
-6311.032617 10671.086842
-6319.639620 10676.362031
-6328.266623 10681.623570
-6336.913625 10686.871459
-6345.580628 10692.105698
-6354.267630 10697.326286
-6362.974633 10702.533225
-6371.701636 10707.726514
-6380.448638 10712.906153
-6389.215641 10718.072142
-6398.002644 10723.224481
-6406.809646 10728.363170
-6415.636649 10733.488208
-6424.483652 10738.599597
-6433.350654 10743.697336
-6442.237657 10748.781425
-6451.144660 10753.851864
-6460.071662 10758.908653
-6469.018665 10763.951792
-6477.985668 10768.981280
-6486.972670 10773.997119
-6495.979673 10778.999308
-6505.001426 10783.993960
-6514.039679 10788.979036
-6523.094431 10793.954538
-6532.165684 10798.920464
-6541.253437 10803.876816
-6550.357690 10808.823593
-6559.478443 10813.760795
-6568.615695 10818.688421
-6577.769448 10823.606473
-6586.939701 10828.514950
-6596.126454 10833.413852
-6605.329707 10838.303179
-6614.549460 10843.182932
-6623.785713 10848.053109
-6633.038466 10852.913711
-6642.307719 10857.764738
-6651.593472 10862.606191
-6660.895725 10867.438068
-6670.214478 10872.260371
-6679.549731 10877.073098
-6688.901484 10881.876251
-6698.269737 10886.669828
-6707.654490 10891.453831
-6717.055743 10896.228259
-6726.473497 10900.993112
-6735.907750 10905.748390
-6745.358503 10910.494093
-6754.825756 10915.230221
-6764.309509 10919.956774
-6773.809763 10924.673752
-6783.326516 10929.381155
-6792.859769 10934.078983
-6802.409523 10938.767236
-6811.975776 10943.445915
-6821.558529 10948.115018
-6831.157783 10952.774547
-6840.773536 10957.424500
-6850.405789 10962.064879
-6860.054543 10966.695682
-6869.719796 10971.316911
-6879.396750 10975.921590
-6889.087003 10980.512043
-6898.790557 10985.088272
-6908.507410 10989.650276
-6918.237564 10994.198055
-6927.981018 10998.731608
-6937.737771 11003.250937
-6947.507825 11007.756041
-6957.291179 11012.246919
-6967.087833 11016.723573
-6976.897786 11021.186002
-6986.721040 11025.634205
-6996.557594 11030.068184
-7006.407448 11034.487938
-7016.270602 11038.893466
-7026.147056 11043.284770
-7036.036810 11047.661849
-7045.939864 11052.024702
-7055.856218 11056.373331
-7065.785872 11060.707735
-7075.728826 11065.027914
-7085.685080 11069.333867
-7095.654634 11073.625596
-7105.637489 11077.903100
-7115.633643 11082.166378
-7125.643097 11086.415432
-7135.665851 11090.650261
-7145.701906 11094.870864
-7155.751260 11099.077243
-7165.813914 11103.269397
-7175.889869 11107.447326
-7185.979123 11111.611029
-7196.081678 11115.760508
-7206.197532 11119.895762
-7216.326687 11124.016790
-7226.469141 11128.123594
-7236.624896 11132.216173
-7246.793951 11136.294527
-7256.976305 11140.358655
-7267.171960 11144.408559
-7277.284427 11148.451588
-7287.345870 11152.485291
-7297.356287 11156.509670
-7307.315679 11160.524724
-7317.224047 11164.530452
-7327.081389 11168.526856
-7336.887707 11172.513935
-7346.642999 11176.491688
-7356.347267 11180.460117
-7366.000509 11184.419221
-7375.602727 11188.368999
-7385.153919 11192.309453
-7394.654087 11196.240581
-7404.103230 11200.162385
-7413.501348 11204.074863
-7422.848440 11207.978017
-7432.144508 11211.871845
-7441.389551 11215.756349
-7450.583569 11219.631527
-7459.726562 11223.497381
-7468.818530 11227.353909
-7477.859473 11231.201113
-7486.849391 11235.038991
-7495.788284 11238.867545
-7504.676153 11242.686773
-7513.512996 11246.496676
-7522.298814 11250.297255
-7531.033607 11254.088508
-7539.717376 11257.870436
-7548.350119 11261.643040
-7556.931837 11265.406318
-7565.462531 11269.160271
-7573.942199 11272.904900
-7582.370843 11276.640203
-7590.748461 11280.366181
-7599.075055 11284.082835
-7607.350623 11287.790163
-7615.575167 11291.488166
-7623.748686 11295.176844
-7631.871179 11298.856197
-7639.908673 11302.505826
-7647.872492 11306.132529
-7655.762635 11309.736307
-7663.579104 11313.317160
-7671.321898 11316.875089
-7678.991016 11320.410092
-7686.586460 11323.922170
-7694.108229 11327.411324
-7701.556322 11330.877552
-7708.930741 11334.320855
-7716.231485 11337.741234
-7723.458553 11341.138687
-7730.611947 11344.513215
-7737.691665 11347.864819
-7744.697709 11351.193497
-7751.630078 11354.499251
-7758.488771 11357.782079
-7765.273790 11361.041982
-7771.985133 11364.278961
-7778.622802 11367.493014
-7785.186795 11370.684143
-7791.677114 11373.852346
-7798.093758 11376.997625
-7804.436726 11380.119978
-7810.706020 11383.219407
-7816.901638 11386.295910
-7823.023582 11389.349489
-7829.071850 11392.380142
-7835.046444 11395.387871
-7840.947362 11398.372674
-7846.774606 11401.334553
-7852.528174 11404.273506
-7858.208068 11407.189535
-7863.814286 11410.082638
-7869.346830 11412.952817
-7874.805698 11415.800071
-7880.190891 11418.624399
-7885.502410 11421.425803
-7890.740253 11424.204281
-7895.904422 11426.959835
-7900.991428 11429.718151
-7906.002434 11432.470668
-7910.937440 11435.217384
-7915.796446 11437.958300
-7920.579452 11440.693416
-7925.286458 11443.422733
-7929.917464 11446.146249
-7934.472470 11448.863966
-7938.951476 11451.575882
-7943.354482 11454.281999
-7947.681488 11456.982315
-7951.932494 11459.676832
-7956.107501 11462.365548
-7960.206507 11465.048465
-7964.229513 11467.725582
-7968.176519 11470.396899
-7972.047526 11473.062415
-7975.842532 11475.722132
-7979.561538 11478.376049
-7983.204544 11481.024166
-7986.771551 11483.666483
-7990.262557 11486.303000
-7993.677563 11488.933717
-7997.016570 11491.558634
-8000.279576 11494.177751
-8003.466582 11496.791068
-8006.577589 11499.398585
-8009.612595 11502.000302
-8012.571602 11504.596219
-8015.454608 11507.186337
-8018.261615 11509.770654
-8020.992621 11512.349171
-8023.647628 11514.921889
-8026.226634 11517.488806
-8028.729641 11520.049923
-8031.156647 11522.605241
-8033.507654 11525.154758
-8035.782661 11527.698476
-8037.981667 11530.236393
-8040.104674 11532.768511
-8042.198030 11535.262016
-8044.246287 11537.727846
-8046.249444 11540.166001
-8048.207500 11542.576481
-8050.120457 11544.959287
-8051.988314 11547.314417
-8053.811070 11549.641872
-8055.588727 11551.941652
-8057.321284 11554.213757
-8059.008740 11556.458187
-8060.651097 11558.674942
-8062.248354 11560.864022
-8063.800510 11563.025428
-8065.307567 11565.159158
-8066.769524 11567.265213
-8068.186380 11569.343593
-8069.558137 11571.394298
-8070.884794 11573.417328
-8072.166351 11575.412683
-8073.402807 11577.380364
-8074.594164 11579.320369
-8075.740421 11581.232699
-8076.841577 11583.117354
-8077.897634 11584.974334
-8078.908591 11586.803640
-8079.874448 11588.605270
-8080.795204 11590.379225
-8081.670861 11592.125505
-8082.501418 11593.844110
-8083.286875 11595.535041
-8084.027231 11597.198296
-8084.722488 11598.833876
-8085.372645 11600.441781
-8085.977702 11602.022012
-8086.537658 11603.574567
-8087.052515 11605.099447
-8087.522272 11606.596652
-8087.946929 11608.066183
-8088.326486 11609.508038
-8088.660942 11610.922218
-8088.980937 11612.304373
-8089.276256 11613.655954
-8089.546900 11614.976959
-8089.792870 11616.267389
-8090.014164 11617.527245
-8090.210783 11618.756525
-8090.382728 11619.955231
-8090.529997 11621.123361
-8090.652591 11622.260917
-8090.750511 11623.367897
-8090.823755 11624.444303
-8090.872324 11625.490133
-8090.896219 11626.505389
-8090.895438 11627.490069
-8090.869983 11628.444175
-8090.819852 11629.367706
-8090.745046 11630.260661
-8090.645566 11631.123042
-8090.521410 11631.954848
-8090.372580 11632.756078
-8090.199074 11633.526734
-8090.000894 11634.266815
-8089.778038 11634.976321
-8089.530507 11635.655252
-8089.258302 11636.303607
-8088.961421 11636.921388
-8088.639866 11637.508594
-8088.293635 11638.065225
-8087.922730 11638.591281
-8087.527149 11639.086762
-8087.106894 11639.551668
-8086.661963 11639.985999
-8086.192358 11640.389755
-8085.698077 11640.762936
-8085.179122 11641.105542
-8084.635491 11641.417573
-8084.067186 11641.699029
-8083.474206 11641.949910
-8082.856550 11642.170217
-8082.214220 11642.359948
-8081.537277 11642.546479
-8080.829034 11642.720685
-8080.089491 11642.882566
-8079.318648 11643.032123
-8078.516506 11643.169354
-8077.683063 11643.294260
-8076.818320 11643.406841
-8075.922278 11643.507098
-8074.994935 11643.595029
-8074.036293 11643.670636
-8073.046350 11643.733917
-8072.025108 11643.784873
-8070.972565 11643.823505
-8069.888723 11643.849811
-8068.773580 11643.863793
-8067.627138 11643.865449
-8066.449396 11643.854781
-8065.240353 11643.831787
-8064.000011 11643.796469
-8062.728369 11643.748825
-8061.425427 11643.688857
-8060.091185 11643.616563
-8058.725643 11643.531945
-8057.328801 11643.435002
-8055.900659 11643.325733
-8054.441217 11643.204140
-8052.950475 11643.070222
-8051.428433 11642.923978
-8049.875091 11642.765410
-8048.290449 11642.594517
-8046.674507 11642.411298
-8045.027266 11642.215755
-8043.348724 11642.007887
-8041.638882 11641.787694
-8039.897741 11641.555176
-8038.125299 11641.310333
-8036.321557 11641.053164
-8034.486516 11640.783671
-8032.620174 11640.501853
-8030.722533 11640.207710
-8028.793667 11639.902555
-8026.833550 11639.585949
-8024.842184 11639.257893
-8022.819567 11638.918388
-8020.765701 11638.567432
-8018.680584 11638.205027
-8016.564218 11637.831171
-8014.416602 11637.445866
-8012.237735 11637.049110
-8010.027619 11636.640905
-8007.786252 11636.221249
-8005.513636 11635.790144
-8003.209770 11635.347588
-8000.874653 11634.893583
-7998.508287 11634.428127
-7996.110670 11633.951222
-7993.681804 11633.462866
-7991.221688 11632.963061
-7988.730321 11632.451805
-7986.207705 11631.929100
-7983.653839 11631.394945
-7981.068723 11630.849339
-7978.452356 11630.292284
-7975.804740 11629.723778
-7973.125874 11629.143823
-7970.415757 11628.552418
-7967.674391 11627.949562
-7964.901775 11627.335257
-7962.097909 11626.709501
-7959.262792 11626.072296
-7956.396426 11625.423641
-7953.498810 11624.763535
-7950.569944 11624.091980
-7947.609827 11623.408975
-7944.618461 11622.714519
-7941.595845 11622.008614
-7938.541979 11621.291259
-7935.456863 11620.562453
-7932.340496 11619.822198
-7929.192880 11619.070493
-7926.013564 11618.300475
-7922.802698 11617.514432
-7919.560282 11616.712364
-7916.286316 11615.894272
-7912.980800 11615.060154
-7909.643734 11614.210011
-7906.275118 11613.343843
-7902.874952 11612.461651
-7899.443236 11611.563433
-7895.979970 11610.649190
-7892.485154 11609.718922
-7888.958788 11608.772629
-7885.400872 11607.810312
-7881.811407 11606.831969
-7878.190391 11605.837601
-7874.537825 11604.827208
-7870.853709 11603.800790
-7867.138043 11602.758348
-7863.390828 11601.699880
-7859.612062 11600.625387
-7855.801746 11599.534869
-7851.959881 11598.428327
-7848.086465 11597.305759
-7844.181500 11596.167166
-7840.244984 11595.012548
-7836.276919 11593.841905
-7832.277303 11592.655238
-7828.246138 11591.452545
-7824.183422 11590.233827
-7820.089157 11588.999084
-7815.963341 11587.748317
-7811.805976 11586.481524
-7807.617061 11585.198706
-7803.396595 11583.899863
-7799.144580 11582.584996
-7794.861015 11581.254103
-7790.545900 11579.907185
-7786.199234 11578.544242
-7781.821019 11577.165274
-7777.411254 11575.770282
-7772.996864 11574.368151
-7768.568874 11572.955921
-7764.127283 11571.533591
-7759.672093 11570.101161
-7755.203303 11568.658631
-7750.720913 11567.206000
-7746.224923 11565.743270
-7741.715333 11564.270440
-7737.192142 11562.787510
-7732.655352 11561.294480
-7728.104962 11559.791350
-7723.540972 11558.278120
-7718.963382 11556.754790
-7714.372192 11555.221360
-7709.767402 11553.677830
-7705.149012 11552.124200
-7700.517021 11550.560470
-7695.871431 11548.986640
-7691.212241 11547.402710
-7686.539451 11545.808680
-7681.853061 11544.204550
-7677.153071 11542.590320
-7672.439481 11540.965990
-7667.712291 11539.331560
-7662.971501 11537.687030
-7658.217111 11536.032400
-7653.449121 11534.367671
-7648.667530 11532.692841
-7643.872340 11531.007911
-7639.063550 11529.312881
-7634.241160 11527.607751
-7629.405170 11525.892522
-7624.555580 11524.167192
-7619.692390 11522.431762
-7614.815600 11520.686232
-7609.925210 11518.930603
-7605.021220 11517.164873
-7600.103630 11515.389043
-7595.172440 11513.603114
-7590.227650 11511.807084
-7585.265698 11510.002604
-7580.287770 11508.189125
-7575.293868 11506.366645
-7570.283990 11504.535165
-7565.258138 11502.694685
-7560.216310 11500.845206
-7555.158507 11498.986726
-7550.084730 11497.119246
-7544.994977 11495.242766
-7539.889250 11493.357286
-7534.767547 11491.462806
-7529.629870 11489.559327
-7524.476217 11487.646847
-7519.306590 11485.725367
-7514.120987 11483.794887
-7508.919410 11481.855407
-7503.701857 11479.906927
-7498.468330 11477.949447
-7493.218827 11475.982967
-7487.953349 11474.007487
-7482.671897 11472.023007
-7477.374469 11470.029527
-7472.061067 11468.027047
-7466.731689 11466.015567
-7461.386337 11463.995086
-7456.025009 11461.965606
-7450.647706 11459.927126
-7445.254429 11457.879646
-7439.845176 11455.823166
-7434.419949 11453.757686
-7428.978746 11451.683205
-7423.521569 11449.599725
-7418.048416 11447.507245
-7412.559288 11445.405765
-7407.054186 11443.295284
-7401.533108 11441.175804
-7395.996056 11439.047324
-7390.443028 11436.909843
-7384.874025 11434.763363
-7379.289048 11432.607882
-7373.691583 11430.448540
-7368.080468 11428.283622
-7362.455702 11426.113129
-7356.817287 11423.937062
-7351.165222 11421.755419
-7345.499507 11419.568202
-7339.820142 11417.375409
-7334.127127 11415.177042
-7328.420461 11412.973100
-7322.700146 11410.763583
-7316.966181 11408.548490
-7311.218566 11406.327823
-7305.457300 11404.101581
-7299.682385 11401.869764
-7293.893820 11399.632373
-7288.091605 11397.389406
-7282.275739 11395.140864
-7276.446224 11392.886747
-7270.603059 11390.627056
-7264.746243 11388.361789
-7258.875778 11386.090948
-7252.991663 11383.814531
-7247.093897 11381.532540
-7241.182482 11379.244974
-7235.257417 11376.951833
-7229.318701 11374.653116
-7223.366336 11372.348825
-7217.400320 11370.038959
-7211.420655 11367.723518
-7205.427340 11365.402503
-7199.420374 11363.075912
-7193.399759 11360.743746
-7187.365493 11358.406005
-7181.317578 11356.062690
-7175.256012 11353.713799
-7169.180797 11351.359334
-7163.091931 11348.999293
-7156.989416 11346.633678
-7150.873250 11344.262488
-7144.743434 11341.885722
-7138.602031 11339.499220
-7132.448353 11337.104367
-7126.282400 11334.701164
-7120.104172 11332.289612
-7113.913669 11329.869709
-7107.710891 11327.441457
-7101.495839 11325.004854
-7095.268511 11322.559902
-7089.028908 11320.106600
-7082.777030 11317.644947
-7076.512877 11315.174945
-7070.236449 11312.696593
-7063.947746 11310.209890
-7057.646768 11307.714838
-7051.333515 11305.211436
-7045.007987 11302.699684
-7038.670185 11300.179582
-7032.320107 11297.651130
-7025.957754 11295.114328
-7019.583126 11292.569176
-7013.196223 11290.015674
-7006.797046 11287.453822
-7000.385593 11284.883620
-6993.961865 11282.305068
-6987.525862 11279.718166
-6981.077585 11277.122915
-6974.617032 11274.519313
-6968.144204 11271.907361
-6961.659101 11269.287060
-6955.161724 11266.658408
-6948.652071 11264.021406
-6942.130143 11261.376055
-6935.595941 11258.722353
-6929.049463 11256.060302
-6922.490711 11253.389900
-6915.919683 11250.711149
-6909.336380 11248.024048
-6902.740803 11245.328596
-6896.132950 11242.624795
-6889.512823 11239.912644
-6882.895908 11237.194393
-6876.277043 11234.469292
-6869.656228 11231.737340
-6863.033462 11228.998539
-6856.408747 11226.252888
-6849.782082 11223.500387
-6843.153468 11220.741036
-6836.522903 11217.974835
-6829.890388 11215.201784
-6823.255923 11212.421883
-6816.619508 11209.635132
-6809.981143 11206.841532
-6803.340828 11204.041081
-6796.698563 11201.233780
-6790.054348 11198.419629
-6783.408183 11195.598629
-6776.760068 11192.770778
-6770.110004 11189.936077
-6763.457989 11187.094527
-6756.804024 11184.246126
-6750.148109 11181.390876
-6743.490244 11178.528775
-6736.830429 11175.659825
-6730.168665 11172.784024
-6723.504950 11169.901374
-6716.839285 11167.011873
-6710.171670 11164.115523
-6703.502106 11161.212323
-6696.830591 11158.302272
-6690.157126 11155.385372
-6683.481711 11152.461622
-6676.804347 11149.531022
-6670.125032 11146.593572
-6663.443767 11143.649272
-6656.760553 11140.698121
-6650.075388 11137.740121
-6643.388274 11134.775271
-6636.699209 11131.803571
-6630.008194 11128.825021
-6623.315230 11125.839622
-6616.634528 11122.843547
-6609.961351 11119.838072
-6603.295699 11116.823197
-6596.637572 11113.798922
-6589.986970 11110.765247
-6583.343893 11107.722173
-6576.708341 11104.669698
-6570.080314 11101.607823
-6563.459813 11098.536549
-6556.846836 11095.455874
-6550.241384 11092.365799
-6543.643457 11089.266325
-6537.053056 11086.157450
-6530.470179 11083.039176
-6523.894828 11079.911501
-6517.327001 11076.774427
-6510.766700 11073.627952
-6504.213923 11070.472078
-6497.668672 11067.306803
-6491.130945 11064.132129
-6484.600744 11060.948055
-6478.078068 11057.754580
-6471.562916 11054.551706
-6465.055290 11051.339432
-6458.555189 11048.117757
-6452.062613 11044.886683
-6445.577561 11041.646209
-6439.100035 11038.396335
-6432.630034 11035.137061
-6426.167558 11031.868387
-6419.712607 11028.590313
-6413.265181 11025.302839
-6406.825280 11022.005965
-6400.392904 11018.699691
-6393.968053 11015.384017
-6387.550728 11012.058943
-6381.140927 11008.724469
-6374.738651 11005.380595
-6368.343900 11002.027321
-6361.956674 10998.664647
-6355.572849 10995.283236
-6349.193798 10991.886200
-6342.819522 10988.473538
-6336.450022 10985.045252
-6330.085296 10981.601341
-6323.725345 10978.141805
-6317.370170 10974.666644
-6311.019769 10971.175858
-6304.674143 10967.669447
-6298.333293 10964.147411
-6291.997217 10960.609751
-6285.665917 10957.056465
-6279.339391 10953.487554
-6273.017640 10949.903018
-6266.700665 10946.302858
-6260.388464 10942.687072
-6254.081039 10939.055662
-6247.778388 10935.408626
-6241.480513 10931.745966
-6235.187412 10928.067680
-6228.899087 10924.373770
-6222.615536 10920.664234
-6216.336761 10916.939074
-6210.062760 10913.198289
-6203.793535 10909.441879
-6197.529084 10905.669844
-6191.269409 10901.882183
-6185.014508 10898.078898
-6178.764383 10894.259988
-6172.519032 10890.425453
-6166.278457 10886.575293
-6160.042657 10882.709509
-6153.811631 10878.828099
-6147.585381 10874.931064
-6141.363905 10871.018404
-6135.147205 10867.090119
-6128.935280 10863.146210
-6122.728129 10859.186675
-6116.525754 10855.211516
-6110.328154 10851.220731
-6104.140691 10847.218746
-6097.961578 10843.204087
-6091.790815 10839.176752
-6085.628403 10835.136743
-6079.474340 10831.084058
-6073.328627 10827.018699
-6067.191265 10822.940664
-6061.062252 10818.849955
-6054.941589 10814.746570
-6048.829277 10810.630511
-6042.725314 10806.501776
-6036.629702 10802.360367
-6030.542439 10798.206282
-6024.463527 10794.039523
-6018.392964 10789.860088
-6012.330752 10785.667979
-6006.276889 10781.463194
-6000.231377 10777.245735
-5994.194214 10773.015600
-5988.165402 10768.772791
-5982.144940 10764.517307
-5976.132827 10760.249147
-5970.129065 10755.968313
-5964.133653 10751.674803
-5958.146590 10747.368619
-5952.167878 10743.049759
-5946.197516 10738.718225
-5940.235504 10734.374016
-5934.281842 10730.017131
-5928.336529 10725.647572
-5922.399567 10721.265337
-5916.470955 10716.870428
-5910.550693 10712.462844
-5904.638781 10708.042584
-5898.735219 10703.609650
-5892.840007 10699.164041
-5886.953145 10694.705756
-5881.074633 10690.234797
-5875.204471 10685.751163
-5869.342659 10681.254853
-5863.492835 10676.741069
-5857.653785 10672.211410
-5851.825511 10667.665875
-5846.008012 10663.104466
-5840.201287 10658.527182
-5834.405338 10653.934023
-5828.620164 10649.324988
-5822.845764 10644.700079
-5817.082140 10640.059295
-5811.329291 10635.402636
-5805.587217 10630.730102
-5799.855918 10626.041693
-5794.135394 10621.337408
-5788.425644 10616.617249
-5782.726670 10611.881215
-5777.038471 10607.129306
-5771.361047 10602.361522
-5765.694398 10597.577863
-5760.038524 10592.778329
-5754.393425 10587.962920
-5748.759101 10583.131636
-5743.135552 10578.284477
-5737.522778 10573.421443
-5731.920779 10568.542535
-5726.329556 10563.647751
-5720.749107 10558.737092
-5715.179433 10553.810558
-5709.620534 10548.868149
-5704.072410 10543.909865
-5698.535061 10538.935706
-5693.008488 10533.945673
-5687.492689 10528.939764
-5681.987665 10523.917980
-5676.493417 10518.880321
-5671.009943 10513.826788
-5665.537244 10508.757379
-5660.075321 10503.672095
-5654.624172 10498.570937
-5649.183799 10493.453903
-5643.754200 10488.320995
-5638.334476 10483.185786
-5632.924928 10478.043752
-5627.525554 10472.894894
-5622.136356 10467.739210
-5616.757332 10462.576702
-5611.388484 10457.407368
-5606.029810 10452.231210
-5600.681311 10447.048226
-5595.342988 10441.858418
-5590.014839 10436.661784
-5584.696866 10431.458326
-5579.389067 10426.248042
-5574.091444 10421.030934
-5568.803995 10415.807000
-5563.526721 10410.576242
-5558.259623 10405.338659
-5553.002699 10400.094250
-5547.755951 10394.843017
-5542.519377 10389.584959
-5537.292978 10384.320075
-5532.076755 10379.048367
-5526.870706 10373.769834
-5521.674832 10368.484476
-5516.489134 10363.192292
-5511.313610 10357.893284
-5506.148262 10352.587451
-5500.993088 10347.274793
-5495.848089 10341.955309
-5490.713266 10336.629001
-5485.588617 10331.295868
-5480.474143 10325.955910
-5475.369845 10320.609127
-5470.275721 10315.255519
-5465.191772 10309.895085
-5460.117999 10304.527827
-5455.054400 10299.153744
-5450.000976 10293.772836
-5444.957728 10288.385103
-5439.924654 10282.990545
-5434.901755 10277.589162
-5429.873432 10272.163329
-5424.844883 10266.718921
-5419.816110 10261.255938
-5414.787111 10255.774381
-5409.757887 10250.274248
-5404.728439 10244.755540
-5399.698765 10239.218257
-5394.668867 10233.662400
-5389.638744 10228.087967
-5384.608395 10222.494959
-5379.577822 10216.883377
-5374.547023 10211.253219
-5369.516000 10205.604487
-5364.484752 10199.937179
-5359.453278 10194.251297
-5354.421580 10188.546839
-5349.389657 10182.823807
-5344.357508 10177.082200
-5339.325135 10171.322017
-5334.292537 10165.543260
-5329.259714 10159.745928
-5324.226666 10153.930021
-5319.193392 10148.095539
-5314.159894 10142.242482
-5309.126171 10136.370850
-5304.092223 10130.480643
-5299.058050 10124.571861
-5294.023652 10118.644504
-5288.989029 10112.698572
-5283.954181 10106.734065
-5278.919108 10100.750983
-5273.883810 10094.749327
-5268.848287 10088.729095
-5263.812539 10082.690288
-5258.776566 10076.632907
-5253.740369 10070.556950
-5248.703946 10064.462419
-5243.667298 10058.349312
-5238.630425 10052.217631
-5233.593327 10046.067374
-5228.572955 10039.904805
-5223.563657 10033.727836
-5218.565434 10027.536468
-5213.578287 10021.330699
-5208.602214 10015.110530
-5203.637216 10008.875961
-5198.683294 10002.626992
-5193.740446 9996.363624
-5188.808673 9990.085855
-5183.887976 9983.793686
-5178.978353 9977.487118
-5174.079806 9971.166149
-5169.192333 9964.830780
-5164.315936 9958.481012
-5159.450613 9952.116843
-5154.596366 9945.738275
-5149.753193 9939.345306
-5144.921096 9932.937938
-5140.100074 9926.516169
-5135.290126 9920.080001
-5130.491254 9913.629432
-5125.703457 9907.164464
-5120.926734 9900.685095
-5116.161087 9894.191327
-5111.406515 9887.683159
-5106.663017 9881.160590
-5101.930595 9874.623622
-5097.209248 9868.072254
-5092.498976 9861.506486
-5087.799779 9854.926317
-5083.111656 9848.331749
-5078.434609 9841.722781
-5073.768637 9835.099413
-5069.113740 9828.461645
-5064.469918 9821.809477
-5059.837171 9815.142909
-5055.215499 9808.461941
-5050.604902 9801.766573
-5046.005380 9795.056805
-5041.416933 9788.332637
-5036.822573 9781.607381
-5032.227964 9774.876601
-5027.633105 9768.140295
-5023.037995 9761.398465
-5018.442636 9754.651109
-5013.847027 9747.898229
-5009.251167 9741.139823
-5004.655058 9734.375893
-5000.058699 9727.606437
-4995.462090 9720.831457
-4990.865230 9714.050951
-4986.268121 9707.264921
-4981.670762 9700.473365
-4977.073153 9693.676284
-4972.475294 9686.873679
-4967.877185 9680.065548
-4963.278826 9673.251893
-4958.680217 9666.432712
-4954.081358 9659.608006
-4949.482249 9652.777776
-4944.882890 9645.942020
-4940.283281 9639.100739
-4935.683422 9632.253934
-4931.083313 9625.401603
-4926.482954 9618.543747
-4921.882346 9611.680367
-4917.281487 9604.811461
-4912.680378 9597.937030
-4908.079019 9591.057075
-4903.477411 9584.171594
-4898.875552 9577.280588
-4894.273443 9570.384057
-4889.671085 9563.482002
-4885.068476 9556.574421
-4880.465618 9549.661315
-4875.862509 9542.742685
-4871.259150 9535.818529
-4866.655542 9528.888848
-4862.051683 9521.953642
-4857.447575 9515.012911
-4852.850004 9508.052706
-4848.256708 9501.077675
-4843.667687 9494.087819
-4839.082941 9487.083138
-4834.502471 9480.063633
-4829.926275 9473.029302
-4825.354354 9465.980146
-4820.786708 9458.916165
-4816.223338 9451.837360
-4811.664242 9444.743729
-4807.109421 9437.635273
-4802.558876 9430.511993
-4798.012605 9423.373887
-4793.470609 9416.220956
-4788.932889 9409.053200
-4784.399443 9401.870620
-4779.870273 9394.673214
-4775.345377 9387.460983
-4770.824757 9380.233928
-4766.308411 9372.992047
-4761.796341 9365.735341
-4757.288545 9358.463811
-4752.785025 9351.177455
-4748.285779 9343.876274
-4743.790809 9336.560269
-4739.300114 9329.229438
-4734.813693 9321.883783
-4730.331548 9314.523302
-4725.853678 9307.147996
-4721.380083 9299.757866
-4716.910762 9292.352910
-4712.445717 9284.933130
-4707.984947 9277.498524
-4703.528452 9270.049093
-4699.076232 9262.584838
-4694.628287 9255.105757
-4690.184617 9247.611852
-4685.745222 9240.103121
-4681.310102 9232.579566
-4676.879257 9225.041185
-4672.456437 9217.482017
-4668.040392 9209.904049
-4663.631122 9202.307281
-4659.228627 9194.691713
-4654.832907 9187.057345
-4650.443962 9179.404177
-4646.061792 9171.732209
-4641.686397 9164.041441
-4637.317777 9156.331873
-4632.955932 9148.603505
-4628.600863 9140.856337
-4624.252568 9133.090369
-4619.911048 9125.305601
-4615.576303 9117.502033
-4611.248333 9109.679665
-4606.927139 9101.838497
-4602.612719 9093.978529
-4598.305074 9086.099761
-4594.004204 9078.202193
-4589.710110 9070.285825
-4585.422790 9062.350657
-4581.142245 9054.396689
-4576.868476 9046.423921
-4572.601481 9038.432353
-4568.341261 9030.421985
-4564.087817 9022.392817
-4559.841147 9014.344849
-4555.601252 9006.278081
-4551.368133 8998.192513
-4547.141788 8990.088145
-4542.922219 8981.964977
-4538.709424 8973.823009
-4534.503405 8965.662241
-4530.304160 8957.482673
-4526.111691 8949.284305
-4521.925996 8941.067137
-4517.747077 8932.831169
-4513.574932 8924.576401
-4509.409563 8916.302833
-4505.250968 8908.010465
-4501.105411 8899.707922
-4496.970804 8891.392330
-4492.847147 8883.063687
-4488.734440 8874.721994
-4484.632683 8866.367251
-4480.541876 8857.999459
-4476.462019 8849.618616
-4472.393112 8841.224724
-4468.335155 8832.817781
-4464.288148 8824.397789
-4460.252091 8815.964746
-4456.226984 8807.518654
-4452.212827 8799.059512
-4448.209620 8790.587319
-4444.217363 8782.102077
-4440.236056 8773.603785
-4436.265699 8765.092443
-4432.306292 8756.568051
-4428.357835 8748.030609
-4424.420328 8739.480117
-4420.493771 8730.916575
-4416.578163 8722.339983
-4412.673506 8713.750341
-4408.779799 8705.147649
-4404.897042 8696.531907
-4401.025235 8687.903116
-4397.164378 8679.261274
-4393.314470 8670.606382
-4389.475513 8661.938441
-4385.647506 8653.257449
-4381.830449 8644.563408
-4378.024342 8635.856317
-4374.229184 8627.136175
-4370.444977 8618.402984
-4366.671720 8609.656743
-4362.909413 8600.897451
-4359.158056 8592.125110
-4355.417648 8583.339719
-4351.688191 8574.541278
-4347.969684 8565.729787
-4344.268801 8556.894483
-4340.583319 8548.038955
-4336.913237 8539.163201
-4333.258554 8530.267223
-4329.619272 8521.351019
-4325.995390 8512.414591
-4322.386907 8503.457937
-4318.793825 8494.481059
-4315.216142 8485.483955
-4311.653860 8476.466627
-4308.106978 8467.429073
-4304.575495 8458.371294
-4301.059413 8449.293291
-4297.558730 8440.195062
-4294.073448 8431.076609
-4290.603565 8421.937930
-4287.149083 8412.779027
-4283.710000 8403.599899
-4280.286318 8394.400545
-4276.878035 8385.180967
-4273.485152 8375.941163
-4270.107670 8366.681135
-4266.745587 8357.400881
-4263.398904 8348.100403
-4260.067622 8338.779699
-4256.751739 8329.438771
-4253.451256 8320.077617
-4250.166174 8310.696239
-4246.896491 8301.294635
-4243.642208 8291.872807
-4240.403326 8282.430754
-4237.179843 8272.968475
-4233.971760 8263.485972
-4230.779077 8253.983243
-4227.601794 8244.460290
-4224.439912 8234.917111
-4221.293429 8225.353708
-4218.162346 8215.770080
-4215.046663 8206.166226
-4211.946380 8196.542148
-4208.879010 8186.881532
-4205.838714 8177.189816
-4202.825494 8167.467000
-4199.839349 8157.713085
-4196.880278 8147.928069
-4193.948283 8138.111953
-4191.043363 8128.264737
-4188.165517 8118.386422
-4185.314747 8108.477006
-4182.491052 8098.536490
-4179.694432 8088.564875
-4176.924886 8078.562159
-4174.182416 8068.528344
-4171.467021 8058.463428
-4168.778700 8048.367413
-4166.117455 8038.240297
-4163.483285 8028.082082
-4160.876190 8017.892766
-4158.296170 8007.672351
-4155.743224 7997.420835
-4153.217354 7987.138220
-4150.718559 7976.824505
-4148.246839 7966.479689
-4145.802194 7956.103774
-4143.384623 7945.696759
-4140.994128 7935.258644
-4138.630708 7924.789428
-4136.294363 7914.289113
-4133.985093 7903.757698
-4131.702898 7893.195183
-4129.447777 7882.601568
-4127.219732 7871.976853
-4125.018762 7861.321038
-4122.844867 7850.634123
-4120.698047 7839.916108
-4118.578302 7829.166993
-4116.485632 7818.386778
-4114.420037 7807.575463
-4112.381517 7796.733048
-4110.370072 7785.859533
-4108.383789 7774.970368
-4106.423307 7764.060403
-4104.488624 7753.129638
-4102.579742 7742.178073
-4100.696659 7731.205708
-4098.839377 7720.212544
-4097.007895 7709.198579
-4095.202212 7698.163814
-4093.422330 7687.108249
-4091.668248 7676.031884
-4089.939966 7664.934719
-4088.237484 7653.816754
-4086.560801 7642.677990
-4084.909919 7631.518425
-4083.284837 7620.338060
-4081.685555 7609.136895
-4080.112073 7597.914930
-4078.564391 7586.672166
-4077.042510 7575.408601
-4075.546428 7564.124236
-4074.076146 7552.819071
-4072.631664 7541.493106
-4071.212982 7530.146342
-4069.820101 7518.778777
-4068.453019 7507.390412
-4067.111737 7495.981247
-4065.796256 7484.551283
-4064.506574 7473.100518
-4063.242692 7461.628953
-4062.004611 7450.136588
-4060.792329 7438.623424
-4059.605848 7427.089459
-4058.445167 7415.534694
-4057.310285 7403.959129
-4056.201204 7392.362765
-4055.117922 7380.745600
-4054.060441 7369.107635
-4053.028760 7357.448871
-4052.022879 7345.769306
-4051.042798 7334.068941
-4050.087316 7322.348077
-4049.156835 7310.606612
-4048.251354 7298.844547
-4047.370873 7287.061883
-4046.515392 7275.258618
-4045.684911 7263.434753
-4044.879430 7251.590289
-4044.098949 7239.725224
-4043.343468 7227.839560
-4042.612987 7215.933295
-4041.907506 7204.006430
-4041.227025 7192.058966
-4040.571544 7180.090901
-4039.941063 7168.102237
-4039.335582 7156.092972
-4038.755101 7144.063108
-4038.199621 7132.012643
-4037.669140 7119.941579
-4037.163659 7107.849914
-4036.683178 7095.737650
-4036.227697 7083.604785
-4035.797217 7071.451321
-4035.391736 7059.277256
-4035.011255 7047.082592
-4034.655775 7034.867327
-4034.325294 7022.631463
-4034.019813 7010.374998
-4033.739333 6998.097934
-4033.483852 6985.800270
-4033.253372 6973.482005
-4033.047891 6961.143141
-4032.867411 6948.783676
-4032.711930 6936.403612
-4032.581450 6924.002948
-4032.475969 6911.581683
-4032.395489 6899.139819
-4032.340008 6886.677355
-4032.309528 6874.194290
-4032.304048 6861.690626
-4032.323567 6849.166362
-4032.365462 6836.612422
-4032.430606 6824.031833
-4032.519001 6811.424594
-4032.630646 6798.790704
-4032.765540 6786.130165
-4032.923685 6773.442976
-4033.105079 6760.729136
-4033.309723 6747.988647
-4033.537618 6735.221508
-4033.788762 6722.427718
-4034.063157 6709.607279
-4034.360801 6696.760190
-4034.681695 6683.886451
-4035.025840 6670.986061
-4035.393234 6658.059022
-4035.783878 6645.105333
-4036.197772 6632.124994
-4036.634917 6619.118004
-4037.095311 6606.084365
-4037.578955 6593.024076
-4038.085849 6579.937137
-4038.615993 6566.823547
-4039.169387 6553.683308
-4039.746031 6540.516419
-4040.345925 6527.322880
-4040.969069 6514.102690
-4041.615463 6500.855851
-4042.285107 6487.582362
-4042.978001 6474.282223
-4043.694145 6460.955433
-4044.433539 6447.601994
-4045.196183 6434.221905
-4045.982077 6420.815166
-4046.791221 6407.381777
-4047.623614 6393.921737
-4048.479258 6380.435048
-4049.358152 6366.921709
-4050.260296 6353.381720
-4051.185689 6339.815081
-4052.134333 6326.221791
-4053.090889 6312.596115
-4054.060470 6298.939963
-4055.043077 6285.253336
-4056.038708 6271.536235
-4057.047364 6257.788658
-4058.069045 6244.010606
-4059.103752 6230.202080
-4060.151483 6216.363078
-4061.212239 6202.493601
-4062.286020 6188.593650
-4063.372827 6174.663223
-4064.472658 6160.702321
-4065.585514 6146.710945
-4066.711396 6132.689093
-4067.850302 6118.636766
-4069.002233 6104.553965
-4070.167190 6090.440688
-4071.345171 6076.296936
-4072.536177 6062.122710
-4073.740209 6047.918008
-4074.957265 6033.682831
-4076.187346 6019.417180
-4077.430453 6005.121053
-4078.686584 5990.794451
-4079.955741 5976.437375
-4081.237922 5962.049823
-4082.533128 5947.631796
-4083.841360 5933.183295
-4085.162616 5918.704318
-4086.496898 5904.194867
-4087.844204 5889.654940
-4089.204536 5875.084538
-4090.577892 5860.483662
-4091.964273 5845.852310
-4093.363680 5831.190483
-4094.776111 5816.498182
-4096.201568 5801.775405
-4097.640049 5787.022154
-4099.091556 5772.238427
-4100.556087 5757.424225
-4102.101707 5742.621436
-4103.705726 5727.816097
-4105.368145 5713.008208
-4107.088964 5698.197769
-4108.868183 5683.384780
-4110.705803 5668.569241
-4112.601822 5653.751152
-4114.556242 5638.930513
-4116.569061 5624.107324
-4118.640281 5609.281585
-4120.769900 5594.453296
-4122.957920 5579.622457
-4125.204340 5564.789068
-4127.509159 5549.953130
-4129.872379 5535.114641
-4132.293999 5520.273602
-4134.774019 5505.430013
-4137.312439 5490.583874
-4139.909259 5475.735185
-4142.564479 5460.883947
-4145.278099 5446.030158
-4148.050119 5431.173819
-4150.880539 5416.314930
-4153.769359 5401.453492
-4156.716580 5386.589503
-4159.722200 5371.722964
-4162.786220 5356.853876
-4165.908641 5341.982237
-4169.089461 5327.108048
-4172.328682 5312.231310
-4175.626303 5297.352021
-4178.982323 5282.470183
-4182.396744 5267.585794
-4185.869565 5252.698856
-4189.400785 5237.809367
-4192.990406 5222.917329
-4196.638427 5208.022740
-4200.344848 5193.125602
-4204.109669 5178.225913
-4207.932890 5163.323675
-4211.690461 5148.375124
-4215.423732 5133.394848
-4219.132703 5118.382847
-4222.817374 5103.339121
-4226.477745 5088.263670
-4230.113816 5073.156494
-4233.725587 5058.017593
-4237.313058 5042.846967
-4240.876229 5027.644615
-4244.415100 5012.410539
-4247.929671 4997.144738
-4251.419941 4981.847212
-4254.885912 4966.517961
-4258.327583 4951.156985
-4261.744954 4935.764284
-4265.138025 4920.339858
-4268.506796 4904.883707
-4271.851267 4889.395830
-4275.171437 4873.876229
-4278.467308 4858.324903
-4281.738879 4842.741852
-4284.986150 4827.127076
-4288.209121 4811.480574
-4291.407791 4795.802348
-4294.582162 4780.092397
-4297.732233 4764.350721
-4300.858004 4748.577319
-4303.959475 4732.772193
-4307.036645 4716.935342
-4310.089516 4701.066765
-4313.118087 4685.166464
-4316.122357 4669.234438
-4319.102328 4653.270686
-4322.057999 4637.275210
-4324.989370 4621.248009
-4327.896440 4605.189082
-4330.779211 4589.098431
-4333.637682 4572.976054
-4336.471852 4556.821953
-4339.281723 4540.636127
-4342.018394 4524.437588
-4344.698164 4508.219999
-4347.321035 4491.983360
-4349.887005 4475.727671
-4352.396076 4459.452932
-4354.848246 4443.159143
-4357.243517 4426.846304
-4359.581887 4410.514416
-4361.863358 4394.163477
-4364.087928 4377.793488
-4366.255599 4361.404449
-4368.366369 4344.996361
-4370.420240 4328.569222
-4372.417210 4312.123033
-4374.357280 4295.657794
-4376.240451 4279.173506
-4378.066721 4262.670167
-4379.836092 4246.147778
-4381.548562 4229.606340
-4383.204132 4213.045851
-4384.802802 4196.466312
-4386.344573 4179.867724
-4387.829443 4163.250085
-4389.257413 4146.613396
-4390.628483 4129.957658
-4391.942654 4113.282869
-4393.199924 4096.589031
-4394.400294 4079.876142
-4395.543764 4063.144203
-4396.630334 4046.393215
-4397.660004 4029.623176
-4398.632774 4012.834088
-4399.548645 3996.025949
-4400.407615 3979.198761
-4401.209685 3962.352522
-4401.954855 3945.487234
-4402.643125 3928.602896
-4403.274495 3911.699507
-4403.848965 3894.777069
-4404.366535 3877.835580
-4404.845392 3860.879954
-4405.279475 3843.908553
-4405.668782 3826.921377
-4406.013314 3809.918426
-4406.313072 3792.899700
-4406.568054 3775.865199
-4406.778262 3758.814923
-4406.943694 3741.748872
-4407.064351 3724.667046
-4407.140234 3707.569445
-4407.171341 3690.456069
-4407.157674 3673.326918
-4407.099231 3656.181992
-4406.996013 3639.021291
-4406.848021 3621.844814
-4406.655253 3604.652563
-4406.417710 3587.444537
-4406.135392 3570.220736
-4405.808300 3552.981159
-4405.436432 3535.725808
-4405.019789 3518.454682
-4404.558372 3501.167781
-4404.052179 3483.865104
-4403.501211 3466.546653
-4402.905468 3449.212427
-4402.264951 3431.862425
-4401.579658 3414.496649
-4400.849590 3397.115097
-4400.074747 3379.717771
-4399.255129 3362.304669
-4398.390737 3344.875793
-4397.481569 3327.431142
-4396.527626 3309.970715
-4395.528908 3292.494514
-4394.485415 3275.002537
-4393.397147 3257.494785
-4392.264104 3239.971259
-4391.086287 3222.431957
-4389.863694 3204.876881
-4388.596326 3187.306029
-4387.316133 3169.700315
-4386.012465 3152.066101
-4384.685322 3134.403387
-4383.334704 3116.712173
-4381.960611 3098.992459
-4380.563042 3081.244245
-4379.141999 3063.467531
-4377.697481 3045.662317
-4376.229488 3027.828603
-4374.738019 3009.966388
-4373.223076 2992.075674
-4371.684658 2974.156460
-4370.122764 2956.208747
-4368.537396 2938.232533
-4366.928552 2920.227819
-4365.296234 2902.194605
-4363.640440 2884.132891
-4361.961172 2866.042677
-4360.258428 2847.923963
-4358.532209 2829.776749
-4356.782515 2811.601035
-4355.009347 2793.396821
-4353.212703 2775.164107
-4351.392584 2756.902893
-4349.548990 2738.613179
-4347.681921 2720.294966
-4345.791377 2701.948252
-4343.877358 2683.573038
-4341.939864 2665.169324
-4339.978895 2646.737110
-4337.994451 2628.276396
-4335.986532 2609.787183
-4333.955137 2591.269469
-4331.900268 2572.723255
-4329.821924 2554.148541
-4327.720104 2535.545327
-4325.594810 2516.913614
-4323.446041 2498.253400
-4321.273796 2479.564686
-4319.078077 2460.847472
-4316.900770 2442.129434
-4314.727913 2423.401345
-4312.559506 2404.663206
-4310.395549 2385.915018
-4308.236042 2367.156779
-4306.080985 2348.388491
-4303.930378 2329.610152
-4301.784221 2310.821763
-4299.642515 2292.023325
-4297.505258 2273.214836
-4295.372451 2254.396298
-4293.244094 2235.567710
-4291.120187 2216.729071
-4289.000731 2197.880383
-4286.885724 2179.021644
-4284.775167 2160.152856
-4282.669060 2141.274018
-4280.567404 2122.385129
-4278.470197 2103.486191
-4276.377440 2084.577203
-4274.289134 2065.658165
-4272.205277 2046.729076
-4270.125870 2027.789938
-4268.050914 2008.840750
-4265.980407 1989.881512
-4263.914351 1970.912224
-4261.852744 1951.932886
-4259.795588 1932.943498
-4257.742881 1913.944060
-4255.694625 1894.934572
-4253.650818 1875.915034
-4251.611462 1856.885446
-4249.576555 1837.845808
-4247.546099 1818.796120
-4245.520092 1799.736382
-4243.498536 1780.666594
-4241.481430 1761.586756
-4239.468773 1742.496868
-4237.460567 1723.396930
-4235.456810 1704.286943
-4233.404479 1685.165330
-4231.321248 1666.032617
-4229.207116 1646.888805
-4227.062085 1627.733892
-4224.886154 1608.567879
-4222.679322 1589.390767
-4220.441591 1570.202554
-4218.172960 1551.003242
-4215.873428 1531.792830
-4213.542997 1512.571317
-4211.181666 1493.338705
-4208.789434 1474.094993
-4206.366303 1454.840180
-4203.912272 1435.574268
-4201.427340 1416.297256
-4198.911509 1397.009144
-4196.364778 1377.709932
-4193.787146 1358.399620
-4191.178615 1339.078208
-4188.539184 1319.745696
-4185.868853 1300.402084
-4183.167621 1281.047372
-4180.435490 1261.681561
-4177.672459 1242.304649
-4174.878527 1222.916637
-4172.053696 1203.517526
-4169.197965 1184.107314
-4166.311333 1164.686002
-4163.393802 1145.253591
-4160.445371 1125.810079
-4157.466040 1106.355468
-4154.455808 1086.889757
-4151.414677 1067.412945
-4148.342646 1047.925034
-4145.239714 1028.426023
-4142.105883 1008.915911
-4138.941152 989.394700
-4135.745521 969.862389
-4132.518989 950.318978
-4129.261558 930.764467
-4125.993027 911.194881
-4122.706796 891.611545
-4119.402864 872.014459
-4116.081233 852.403623
-4112.741902 832.779037
-4109.384871 813.140700
-4106.010140 793.488614
-4102.617709 773.822778
-4099.207577 754.143192
-4095.779746 734.449856
-4092.334215 714.742770
-4088.870984 695.021934
-4085.390053 675.287348
-4081.891422 655.539012
-4078.375091 635.776926
-4074.841060 616.001090
-4071.289329 596.211503
-4067.719898 576.408167
-4064.132767 556.591081
-4060.527936 536.760245
-4056.905406 516.915659
-4053.265175 497.057323
-4049.607244 477.185237
-4045.931613 457.299401
-4042.238282 437.399815
-4038.527251 417.486478
-4034.798520 397.559392
-4031.052090 377.618556
-4027.287959 357.663970
-4023.506128 337.695634
-4019.706597 317.713548
-4015.889367 297.717712
-4012.054436 277.708126
-4008.201805 257.684789
-4004.331475 237.647703
-4000.443444 217.596867
-3996.537713 197.532281
-3992.614283 177.453945
-3988.673152 157.361859
-3984.714322 137.256023
-3980.756241 117.123349
-3976.792761 96.968200
-3972.823880 76.790577
-3968.849599 56.590478
-3964.869919 36.367905
-3960.884838 16.122856
-3956.894358 -4.144668
-3952.898477 -24.434666
-3948.897197 -44.747140
-3944.890517 -65.082088
-3940.878436 -85.439512
-3936.860956 -105.819410
-3932.838075 -126.221784
-3928.809795 -146.646632
-3924.776114 -167.093956
-3920.737034 -187.563754
-3916.692554 -208.056028
-3912.642673 -228.570776
-3908.587393 -249.108000
-3904.526713 -269.667698
-3900.460632 -290.249871
-3896.389152 -310.854520
-3892.312272 -331.481643
-3888.229992 -352.131242
-3884.142311 -372.803315
-3880.049231 -393.497863
-3875.950751 -414.214887
-3871.846871 -434.954385
-3867.737590 -455.716358
-3863.622910 -476.500807
-3859.502830 -497.307730
-3855.377350 -518.137128
-3851.246470 -538.989002
-3847.110190 -559.863350
-3842.968509 -580.760173
-3838.821429 -601.679471
-3834.668949 -622.621245
-3830.511069 -643.585493
-3826.347789 -664.572216
-3822.179109 -685.581414
-3818.019391 -706.600112
-3813.863849 -727.632636
-3809.712481 -748.678984
-3805.565289 -769.739157
-3801.422271 -790.813156
-3797.283429 -811.900979
-3793.148761 -833.002627
-3789.018269 -854.118101
-3784.891951 -875.247399
-3780.769809 -896.390522
-3776.651841 -917.547471
-3772.538049 -938.718244
-3768.428431 -959.902842
-3764.322989 -981.101266
-3760.221721 -1002.313514
-3756.124629 -1023.539588
-3752.031711 -1044.779486
-3747.942969 -1066.033210
-3743.858402 -1087.300758
-3739.778009 -1108.582132
-3735.701792 -1129.877330
-3731.629749 -1151.186354
-3727.561882 -1172.509202
-3723.498190 -1193.845876
-3719.438672 -1215.196374
-3715.383330 -1236.560698
-3711.332162 -1257.938847
-3707.285170 -1279.330820
-3703.242353 -1300.736619
-3699.203710 -1322.156243
-3695.169243 -1343.589691
-3691.138951 -1365.036965
-3687.112833 -1386.498064
-3683.090891 -1407.972987
-3679.073124 -1429.461736
-3675.059531 -1450.964310
-3671.050114 -1472.480709
-3667.044872 -1494.010932
-3663.043805 -1515.554981
-3659.046912 -1537.112855
-3655.035408 -1558.698054
-3651.015553 -1580.306077
-3646.987348 -1601.936926
-3642.950793 -1623.590600
-3638.905888 -1645.267098
-3634.852633 -1666.966422
-3630.791028 -1688.688570
-3626.721073 -1710.433544
-3622.642768 -1732.201342
-3618.556113 -1753.991966
-3614.461108 -1775.805414
-3610.357753 -1797.641687
-3606.246047 -1819.500786
-3602.125992 -1841.382709
-3597.997587 -1863.287457
-3593.860832 -1885.215030
-3589.715726 -1907.165429
-3585.562271 -1929.138652
-3581.400466 -1951.134700
-3577.230310 -1973.153573
-3573.051805 -1995.195271
-3568.864949 -2017.259794
-3564.669744 -2039.347142
-3560.466188 -2061.457315
-3556.254283 -2083.590313
-3552.034027 -2105.746136
-3547.805422 -2127.924784
-3543.568466 -2150.126256
-3539.323161 -2172.350554
-3535.069505 -2194.597677
-3530.807499 -2216.867625
-3526.537143 -2239.160397
-3522.258438 -2261.475995
-3517.971382 -2283.814417
-3513.675976 -2306.175665
-3509.372220 -2328.559738
-3505.060114 -2350.966635
-3500.739658 -2373.396357
-3496.410852 -2395.848905
-3492.073696 -2418.324277
-3487.657878 -2440.828287
-3483.186834 -2463.358997
-3478.660566 -2485.916407
-3474.079072 -2508.500517
-3469.442354 -2531.111327
-3464.750410 -2553.748837
-3460.003242 -2576.413047
-3455.200848 -2599.103957
-3450.343230 -2621.821567
-3445.430386 -2644.565877
-3440.462317 -2667.336887
-3435.439024 -2690.134596
-3430.360505 -2712.959006
-3425.226761 -2735.810116
-3420.037793 -2758.687926
-3414.793599 -2781.592436
-3409.494180 -2804.523646
-3404.139536 -2827.481556
-3398.729668 -2850.466166
-3393.264574 -2873.477476
-3387.744255 -2896.515486
-3382.168711 -2919.580196
-3376.537943 -2942.671606
-3370.851949 -2965.789716
-3365.110730 -2988.934526
-3359.314286 -3012.106037
-3353.462617 -3035.304247
-3347.555723 -3058.529157
-3341.593604 -3081.780767
-3335.576261 -3105.059077
-3329.503692 -3128.364087
-3323.375898 -3151.695797
-3317.192879 -3175.054207
-3310.954635 -3198.439317
-3304.661166 -3221.851127
-3298.312472 -3245.289637
-3291.908553 -3268.754847
-3285.449409 -3292.246757
-3278.935040 -3315.765367
-3272.365446 -3339.310677
-3265.703652 -3362.883138
-3258.961983 -3386.482598
-3252.140439 -3410.109058
-3245.239020 -3433.762518
-3238.257726 -3457.442978
-3231.196557 -3481.150438
-3224.055513 -3504.884898
-3216.834594 -3528.646358
-3209.533800 -3552.434818
-3202.153131 -3576.250278
-3194.692587 -3600.092738
-3187.152168 -3623.962198
-3179.531874 -3647.858658
-3171.831706 -3671.782118
-3164.051662 -3695.732578
-3156.191743 -3719.710038
-3148.251949 -3743.714498
-3140.232280 -3767.745958
-3132.132737 -3791.804418
-3123.953318 -3815.889878
-3115.694024 -3840.002338
-3107.354856 -3864.141798
-3098.935812 -3888.308258
-3090.436893 -3912.501718
-3081.858100 -3936.722178
-3073.199431 -3960.969638
-3064.460887 -3985.244098
-3055.642469 -4009.545558
-3046.744175 -4033.874018
-3037.766006 -4058.229478
-3028.707963 -4082.611938
-3019.570044 -4107.021398
-3010.352251 -4131.457858
-3001.054582 -4155.921318
-2991.677039 -4180.411778
-2982.219620 -4204.929238
-2972.682327 -4229.473698
-2963.065158 -4254.045158
-2953.368115 -4278.643617
-2943.591196 -4303.269077
-2933.784428 -4327.893675
-2923.931135 -4352.526697
-2914.031316 -4377.168145
-2904.084973 -4401.818017
-2894.092104 -4426.476314
-2884.052711 -4451.143037
-2873.966792 -4475.818184
-2863.834349 -4500.501756
-2853.655381 -4525.193754
-2843.429887 -4549.894176
-2833.157869 -4574.603023
-2822.839326 -4599.320295
-2812.474257 -4624.045993
-2802.062664 -4648.780115
-2791.604545 -4673.522662
-2781.099902 -4698.273634
-2770.548734 -4723.033032
-2759.951040 -4747.800854
-2749.306822 -4772.577101
-2738.616079 -4797.361773
-2727.878810 -4822.154870
-2717.095017 -4846.956393
-2706.264699 -4871.766340
-2695.387856 -4896.584712
-2684.464487 -4921.411509
-2673.494594 -4946.246731
-2662.478176 -4971.090378
-2651.415232 -4995.942450
-2640.305764 -5020.802948
-2629.149771 -5045.671870
-2617.947253 -5070.549217
-2606.698209 -5095.434989
-2595.402641 -5120.329186
-2584.060548 -5145.231808
-2572.671930 -5170.142855
-2561.236786 -5195.062327
-2549.755118 -5219.990224
-2538.226925 -5244.926546
-2526.652207 -5269.871293
-2515.030964 -5294.824465
-2503.332033 -5319.784074
-2491.565802 -5344.750784
-2479.732272 -5369.724593
-2467.831441 -5394.705502
-2455.863310 -5419.693511
-2443.827880 -5444.688620
-2431.725149 -5469.690829
-2419.555119 -5494.700138
-2407.317788 -5519.716547
-2395.013158 -5544.740056
-2382.641227 -5569.770665
-2370.201997 -5594.808374
-2357.695467 -5619.853182
-2345.121636 -5644.905091
-2332.480506 -5669.964099
-2319.772076 -5695.030208
-2306.996345 -5720.103416
-2294.153315 -5745.183724
-2281.242985 -5770.271132
-2268.265354 -5795.365641
-2255.220424 -5820.467249
-2242.108194 -5845.575957
-2228.928664 -5870.691765
-2215.681834 -5895.814672
-2202.367704 -5920.944680
-2188.986274 -5946.081788
-2175.537543 -5971.225996
-2162.021513 -5996.377303
-2148.438183 -6021.535711
-2134.787553 -6046.701218
-2121.069623 -6071.873826
-2107.284393 -6097.053533
-2093.431864 -6122.240340
-2079.512034 -6147.434248
-2065.524904 -6172.635255
-2051.470474 -6197.843362
-2037.348744 -6223.058569
-2023.159714 -6248.280876
-2008.903384 -6273.510283
-1994.579755 -6298.746790
-1980.192912 -6324.019309
-1965.741495 -6349.318203
-1951.225503 -6374.643472
-1936.644935 -6399.995117
-1921.999793 -6425.373136
-1907.290076 -6450.777530
-1892.515783 -6476.208299
-1877.676916 -6501.665443
-1862.773474 -6527.148962
-1847.805456 -6552.658857
-1832.772864 -6578.195126
-1817.675696 -6603.757770
-1802.513954 -6629.346789
-1787.287637 -6654.962183
-1771.996744 -6680.603951
-1756.641277 -6706.272095
-1741.221234 -6731.966614
-1725.736617 -6757.687508
-1710.187424 -6783.434777
-1694.573657 -6809.208421
-1678.895314 -6835.008440
-1663.152397 -6860.834833
-1647.344904 -6886.687602
-1631.472837 -6912.566746
-1615.536194 -6938.472264
-1599.534977 -6964.404158
-1583.469184 -6990.362427
-1567.338817 -7016.347070
-1551.143874 -7042.358089
-1534.884357 -7068.395482
-1518.560264 -7094.459251
-1502.171597 -7120.549394
-1485.718354 -7146.665913
-1469.200536 -7172.808806
-1452.618144 -7198.978075
-1435.971176 -7225.173718
-1419.259634 -7251.395737
-1402.483516 -7277.644130
-1385.642823 -7303.918898
-1368.737556 -7330.220041
-1351.820213 -7356.528247
-1334.873295 -7382.849953
-1317.896803 -7409.185159
-1300.890735 -7435.533864
-1283.855092 -7461.896070
-1266.789875 -7488.271776
-1249.695082 -7514.660981
-1232.570714 -7541.063687
-1215.416772 -7567.479892
-1198.233254 -7593.909598
-1181.020161 -7620.352803
-1163.777493 -7646.809509
-1146.505251 -7673.279714
-1129.203433 -7699.763420
-1111.872040 -7726.260625
-1094.511072 -7752.771331
-1077.120530 -7779.295536
-1059.700412 -7805.833241
-1042.250719 -7832.384447
-1024.771452 -7858.949152
-1007.262609 -7885.527357
-989.724191 -7912.119062
-972.156198 -7938.724267
-954.558630 -7965.342973
-936.931488 -7991.975178
-919.274770 -8018.620883
-901.588477 -8045.280088
-883.872609 -8071.952793
-866.127166 -8098.638998
-848.352149 -8125.338703
-830.547556 -8152.051908
-812.713388 -8178.778613
-794.849645 -8205.518818
-776.956327 -8232.272523
-759.033435 -8259.039728
-741.080967 -8285.820433
-723.098924 -8312.614638
-705.087306 -8339.422343
-687.046113 -8366.243547
-668.975345 -8393.078252
-650.861090 -8419.930357
-632.707985 -8446.798562
-614.516029 -8473.682866
-596.285224 -8500.583271
-578.015569 -8527.499776
-559.707064 -8554.432380
-541.359708 -8581.381085
-522.973503 -8608.345889
-504.548448 -8635.326794
-486.084543 -8662.323798
-467.581788 -8689.336903
-449.040182 -8716.366107
-430.459727 -8743.411411
-411.840422 -8770.472816
-393.182267 -8797.550320
-374.485262 -8824.643924
-355.749407 -8851.753628
-336.974702 -8878.879433
-318.161147 -8906.021337
-299.308742 -8933.179341
-280.417487 -8960.353445
-261.487382 -8987.543649
-242.518427 -9014.749953
-223.510622 -9041.972357
-204.463967 -9069.210861
-185.378462 -9096.465465
-166.254107 -9123.736169
-147.090902 -9151.022973
-127.888848 -9178.325877
-108.647943 -9205.644880
-89.368188 -9232.979984
-70.049583 -9260.331188
-50.692128 -9287.698492
-31.295823 -9315.081895
-11.860669 -9342.481399
7.613336 -9369.897002
27.126191 -9397.328706
46.677895 -9424.776510
66.268450 -9452.240413
85.897855 -9479.720417
105.540722 -9507.201895
125.205514 -9534.689723
144.892231 -9562.183902
164.600873 -9589.684430
184.331440 -9617.191309
204.083932 -9644.704537
223.858349 -9672.224116
243.654691 -9699.750044
263.472958 -9727.282322
283.313150 -9754.820951
303.175267 -9782.365929
323.059309 -9809.917257
342.965276 -9837.474936
362.893167 -9865.038964
382.842984 -9892.609342
402.814726 -9920.186071
422.808393 -9947.769149
442.823984 -9975.358577
462.861501 -10002.954355
482.920943 -10030.556484
503.002309 -10058.164962
523.105601 -10085.779790
543.230817 -10113.400968
563.377959 -10141.028496
583.547025 -10168.662375
603.738017 -10196.302603
623.950933 -10223.949181
644.185775 -10251.602109
664.442541 -10279.261387
684.721232 -10306.927015
705.021849 -10334.598993
725.344390 -10362.277322
745.688856 -10389.962000
766.055247 -10417.653028
786.443564 -10445.350406
806.853805 -10473.054134
827.285971 -10500.764212
847.740062 -10528.480640
868.216078 -10556.203418
888.714019 -10583.932546
909.245023 -10611.681149
929.805377 -10639.444852
950.395080 -10667.223655
971.014134 -10695.017558
991.662538 -10722.826561
1012.340291 -10750.650664
1033.047395 -10778.489867
1053.783849 -10806.344170
1074.549652 -10834.213572
1095.344806 -10862.098075
1116.169310 -10889.997678
1137.023164 -10917.912381
1157.906368 -10945.842184
1178.818921 -10973.787087
1199.760825 -11001.747090
1220.732079 -11029.722192
1241.732683 -11057.712395
1262.762637 -11085.717698
1283.821941 -11113.738101
1304.910595 -11141.773603
1326.028599 -11169.824206
1347.175953 -11197.889909
1368.352657 -11225.970712
1389.558711 -11254.066614
1410.794115 -11282.177617
1432.058869 -11310.303720
1453.352973 -11338.444922
1474.676427 -11366.601225
1496.029231 -11394.772628
1517.411385 -11422.959130
1538.822889 -11451.160733
1560.263743 -11479.377435
1581.733947 -11507.609238
1603.233501 -11535.856141
1624.762406 -11564.118143
1646.320660 -11592.395246
1667.908264 -11620.687448
1689.525218 -11648.994751
1711.171522 -11677.317153
1732.847177 -11705.654656
1754.543556 -11734.009096
1776.263535 -11762.379861
1798.007114 -11790.766951
1819.774294 -11819.170366
1841.565073 -11847.590105
1863.379452 -11876.026170
1885.217432 -11904.478560
1907.079011 -11932.947275
1928.964190 -11961.432315
1950.872970 -11989.933679
1972.805349 -12018.451369
1994.761328 -12046.985384
2016.740908 -12075.535723
2038.744087 -12104.102388
2060.770866 -12132.685378
2082.821246 -12161.284692
2104.895225 -12189.900332
2126.992804 -12218.532296
2149.113984 -12247.180586
2171.258763 -12275.845200
2193.427143 -12304.526140
2215.619122 -12333.223404
2237.834702 -12361.936994
2260.073881 -12390.666908
2282.336660 -12419.413147
2304.623040 -12448.175712
2326.933019 -12476.954601
2349.266599 -12505.749815
2371.623778 -12534.561355
2394.004558 -12563.389219
2416.408937 -12592.233408
2438.836917 -12621.093922
2461.288496 -12649.970761
2483.763676 -12678.863926
2506.262455 -12707.773415
2528.784835 -12736.699229
2551.330815 -12765.641368
2573.900394 -12794.599832
2596.493574 -12823.574621
2619.110353 -12852.565735
2641.754783 -12881.576249
2664.425512 -12910.605138
2687.122542 -12939.652401
2709.845872 -12968.718040
2732.595501 -12997.802054
2755.371431 -13026.904443
2778.173660 -13056.025206
2801.002190 -13085.164345
2823.857019 -13114.321859
2846.738149 -13143.497747
2869.645578 -13172.692011
2892.579308 -13201.904649
2915.539338 -13231.135663
2938.525667 -13260.385051
2961.538297 -13289.652814
2984.577226 -13318.938953
3007.642456 -13348.243466
3030.733985 -13377.566354
3053.851815 -13406.907617
3076.995944 -13436.267255
3100.166374 -13465.645268
3123.363103 -13495.041656
3146.586133 -13524.456419
3169.835463 -13553.889557
3193.111092 -13583.341070
3216.413022 -13612.810958
3239.741251 -13642.299221
3263.095781 -13671.805859
3286.476610 -13701.330871
3309.883740 -13730.874259
3333.317169 -13760.436022
3356.776899 -13790.016159
3380.262928 -13819.614672
3403.775258 -13849.231559
3427.313887 -13878.866822
3450.878817 -13908.520459
3474.470046 -13938.192472
3498.087576 -13967.882859
3521.731405 -13997.591621
3545.401535 -14027.318759
3569.095152 -14057.063746
3592.813194 -14086.826758
3616.555661 -14116.607795
3640.322553 -14146.406857
3664.113870 -14176.223944
3687.929612 -14206.059057
3711.769779 -14235.912194
3735.634371 -14265.783356
3759.523388 -14295.672543
3783.436831 -14325.579755
3807.374698 -14355.504992
3831.336990 -14385.448254
3855.323707 -14415.409541
3879.334849 -14445.388852
3903.370417 -14475.386189
3927.430409 -14505.401551
3951.514826 -14535.434938
3975.623668 -14565.486350
3999.756936 -14595.555787
4023.914628 -14625.643248
4048.096745 -14655.748735
4072.303288 -14685.872247
4096.534255 -14716.013783
4120.789647 -14746.173345
4145.069465 -14776.350932
4169.373707 -14806.546543
4193.702375 -14836.760180
4218.055467 -14866.991841
4242.432984 -14897.241528
4266.834927 -14927.509239
4291.261294 -14957.794976
4315.712087 -14988.098737
4340.187304 -15018.420523
4364.686947 -15048.760335
4389.211014 -15079.118171
4413.759507 -15109.494032
4438.332424 -15139.887919
4462.929767 -15170.299830
4487.551535 -15200.729766
4512.197727 -15231.177727
4536.862645 -15261.643676
4561.548188 -15292.127625
4586.254355 -15322.629574
4610.981148 -15353.149522
4635.728566 -15383.687471
4660.496608 -15414.243420
4685.285276 -15444.817368
4710.094569 -15475.409317
4734.924487 -15506.019266
4759.775029 -15536.647214
4784.646197 -15567.293163
4809.537990 -15597.957111
4834.450408 -15628.639060
4859.383451 -15659.339009
4884.337119 -15690.056957
4909.311412 -15720.792906
4934.306330 -15751.546854
4959.321873 -15782.318803
4984.358041 -15813.108751
5009.414834 -15843.916700
5034.492252 -15874.742649
5059.590295 -15905.586597
5084.708963 -15936.448546
5109.848256 -15967.328494
5135.008174 -15998.226443
5160.188717 -16029.142391
5185.389886 -16060.076340
5210.611679 -16091.028288
5235.854097 -16121.998237
5261.117140 -16152.986185
5286.400809 -16183.992134
5311.705102 -16215.016082
5337.030020 -16246.058030
5362.375564 -16277.117979
5387.741732 -16308.195927
5413.128525 -16339.291876
5438.535944 -16370.405824
5463.963987 -16401.537773
5489.412656 -16432.687721
5514.881949 -16463.855669
5540.367367 -16495.043080
5565.870411 -16526.249466
5591.391079 -16557.474827
5616.929372 -16588.719162
5642.485291 -16619.982473
5668.058834 -16651.264758
5693.650002 -16682.566019
5719.258795 -16713.886254
5744.885213 -16745.225465
5770.529256 -16776.583650
5796.190925 -16807.960810
5821.870218 -16839.356945
5847.567136 -16870.772056
5873.281679 -16902.206141
5899.013846 -16933.659201
5924.763639 -16965.131236
5950.531057 -16996.622246
5976.316100 -17028.132230
6002.118768 -17059.661190
6027.939061 -17091.209125
6053.776978 -17122.776035
6079.632521 -17154.361919
6105.505689 -17185.966779
6131.396481 -17217.590614
6157.304899 -17249.233423
6183.230942 -17280.895207
6209.174609 -17312.575967
6235.135902 -17344.275701
6261.114819 -17375.994410
6287.111361 -17407.732095
6313.125529 -17439.488754
6339.157321 -17471.264388
6365.206739 -17503.058997
6391.273781 -17534.872581
6417.358448 -17566.705140
6443.460740 -17598.556674
6469.580658 -17630.427183
6495.718200 -17662.316666
6521.873367 -17694.225125
6548.046159 -17726.152559
6574.239464 -17758.101630
6600.452318 -17790.071451
6626.684723 -17822.062022
6652.936677 -17854.073343
6679.208182 -17886.105414
6705.499236 -17918.158236
6731.809841 -17950.231807
6758.139995 -17982.326128
6784.489699 -18014.441199
6810.858954 -18046.577020
6837.247758 -18078.733591
6863.656113 -18110.910912
6890.084017 -18143.108983
6916.531471 -18175.327804
6942.998475 -18207.567375
6969.485030 -18239.827696
6995.991134 -18272.108767
7022.516788 -18304.410588
7049.061992 -18336.733159
7075.626746 -18369.076480
7102.211050 -18401.440550
7128.814905 -18433.825371
7155.438309 -18466.230942
7182.081263 -18498.657263
7208.743767 -18531.104334
7235.425821 -18563.572155
7262.127425 -18596.060725
7288.848579 -18628.570046
7315.589283 -18661.100117
7342.349537 -18693.650938
7369.129340 -18726.222509
7395.928694 -18758.814829
7422.747598 -18791.427900
7449.586052 -18824.061721
7476.444056 -18856.716291
7503.321610 -18889.391612
7530.218713 -18922.087683
7557.135367 -18954.804503
7584.071571 -18987.542074
7611.027324 -19020.300395
7638.011066 -19053.086178
7665.019982 -19085.897186
7692.054073 -19118.733419
7719.113339 -19151.594877
7746.197780 -19184.481560
7773.307396 -19217.393468
7800.442187 -19250.330601
7827.602153 -19283.292959
7854.787294 -19316.280543
7881.997610 -19349.293351
7909.233101 -19382.331384
7936.493767 -19415.394642
7963.779608 -19448.483125
7991.090624 -19481.596833
8018.426815 -19514.735766
8045.788181 -19547.899924
8073.174722 -19581.089307
8100.586437 -19614.303915
8128.023328 -19647.543748
8155.485394 -19680.808806
8182.972635 -19714.099088
8210.485050 -19747.414596
8238.022641 -19780.755329
8265.585407 -19814.121287
8293.173347 -19847.512470
8320.786463 -19880.928878
8348.424754 -19914.370511
8376.088219 -19947.837369
8403.776860 -19981.329452
8431.490676 -20014.846760
8459.229666 -20048.389292
8486.993832 -20081.957050
8514.783172 -20115.550033
8542.597688 -20149.168241
8570.437378 -20182.811674
8598.302243 -20216.480332
8626.192284 -20250.174214
8654.107499 -20283.893322
8682.047890 -20317.637655
8710.013455 -20351.407213
8738.000220 -20385.200758
8766.009511 -20419.018703
8794.041326 -20452.861049
8822.095666 -20486.727794
8850.172532 -20520.618939
8878.271922 -20554.534484
8906.393837 -20588.474429
8934.538278 -20622.438775
8962.705243 -20656.427520
8990.894733 -20690.440665
9019.106749 -20724.478210
9047.341289 -20758.540155
9075.598354 -20792.626500
9103.877944 -20826.737245
9132.180060 -20860.872391
9160.504700 -20895.031936
9188.851865 -20929.215881
9217.221555 -20963.424226
9245.613771 -20997.656971
9274.028511 -21031.914116
9302.465776 -21066.195661
9330.925566 -21100.501606
9359.407882 -21134.831951
9387.912722 -21169.186696
9416.440087 -21203.565841
9444.989977 -21237.969386
9473.562392 -21272.397331
9502.157333 -21306.849676
9530.774798 -21341.326421
9559.414788 -21375.827566
9588.077303 -21410.353111
9616.762343 -21444.903055
9645.469909 -21479.477400
9674.199999 -21514.076145
9702.952614 -21548.699290
9731.727754 -21583.346835
9760.525419 -21618.018780
9789.345609 -21652.715125
9818.188324 -21687.435869
9847.053564 -21722.181014
