-0.017350 0.011180
-0.034838 0.022315
-0.052464 0.033406
-0.070227 0.044451
-0.088128 0.055451
-0.106167 0.066407
-0.124343 0.077318
-0.142657 0.088184
-0.161109 0.099004
-0.179698 0.109780
-0.198426 0.120512
-0.217291 0.131198
-0.236293 0.141839
-0.255433 0.152435
-0.274711 0.162987
-0.294127 0.173494
-0.313681 0.183955
-0.333372 0.194372
-0.353200 0.204744
-0.373167 0.215071
-0.393271 0.225353
-0.413513 0.235590
-0.433893 0.245783
-0.454410 0.255930
-0.475065 0.266032
-0.495858 0.276090
-0.516788 0.286103
-0.537856 0.296071
-0.559062 0.305993
-0.580405 0.315871
-0.601887 0.325705
-0.623505 0.335493
-0.645262 0.345236
-0.667156 0.354934
-0.689188 0.364588
-0.711358 0.374197
-0.733665 0.383760
-0.756111 0.393279
-0.778693 0.402753
-0.801414 0.412182
-0.823944 0.421915
-0.846610 0.431601
-0.869411 0.441241
-0.892347 0.450835
-0.915418 0.460382
-0.938624 0.469884
-0.961965 0.479339
-0.985441 0.488747
-1.009053 0.498109
-1.032799 0.507425
-1.056681 0.516695
-1.080698 0.525919
-1.104849 0.535096
-1.129136 0.544226
-1.153558 0.553311
-1.178115 0.562349
-1.202808 0.571341
-1.227635 0.580287
-1.252597 0.589186
-1.277695 0.598039
-1.302927 0.606846
-1.328295 0.615606
-1.353798 0.624320
-1.379436 0.632988
-1.405209 0.641609
-1.431117 0.650185
-1.457160 0.658714
-1.483338 0.667196
-1.509652 0.675632
-1.536100 0.684022
-1.562684 0.692366
-1.589403 0.700664
-1.616256 0.708915
-1.643245 0.717119
-1.670369 0.725278
-1.697628 0.733390
-1.725023 0.741456
-1.752552 0.749476
-1.780216 0.757449
-1.808016 0.765376
-1.834716 0.774439
-1.861541 0.783452
-1.888491 0.792413
-1.915567 0.801323
-1.942768 0.810183
-1.970094 0.818991
-1.997546 0.827748
-2.025123 0.836454
-2.052825 0.845109
-2.080652 0.853713
-2.108605 0.862266
-2.136683 0.870768
-2.164887 0.879219
-2.193215 0.887619
-2.221669 0.895967
-2.250249 0.904265
-2.278953 0.912512
-2.307783 0.920707
-2.336738 0.928852
-2.365819 0.936945
-2.395025 0.944988
-2.424356 0.952979
-2.453812 0.960919
-2.483394 0.968809
-2.513101 0.976647
-2.542933 0.984434
-2.572891 0.992170
-2.602974 0.999855
-2.633182 1.007489
-2.663515 1.015072
-2.693974 1.022604
-2.724558 1.030085
-2.755268 1.037515
-2.786102 1.044894
-2.817062 1.052222
-2.848148 1.059498
-2.879358 1.066724
-2.910694 1.073899
-2.942155 1.081022
-2.973742 1.088095
-3.001207 1.083202
-3.028764 1.078305
-3.056413 1.073406
-3.084154 1.068503
-3.111986 1.063597
-3.139910 1.058687
-3.167925 1.053775
-3.196032 1.048859
-3.224230 1.043941
-3.252520 1.039019
-3.280902 1.034093
-3.309375 1.029165
-3.337940 1.024233
-3.366596 1.019299
-3.395344 1.014361
-3.424184 1.009419
-3.453115 1.004475
-3.482138 0.999527
-3.511252 0.994577
-3.540458 0.989623
-3.569756 0.984665
-3.599145 0.979705
-3.628626 0.974741
-3.658198 0.969775
-3.687862 0.964805
-3.717618 0.959831
-3.747465 0.954855
-3.777404 0.949875
-3.807434 0.944892
-3.837556 0.939906
-3.867770 0.934917
-3.898075 0.929925
-3.928472 0.924929
-3.958960 0.919930
-3.989540 0.914928
-4.020212 0.909923
-4.050975 0.904915
-4.081830 0.899903
-4.112776 0.894888
-4.143814 0.889870
-4.169740 0.880355
-4.195716 0.870854
-4.221742 0.861368
-4.247819 0.851897
-4.273946 0.842441
-4.300123 0.832999
-4.326351 0.823573
-4.352629 0.814161
-4.378957 0.804764
-4.405335 0.795382
-4.431764 0.786015
-4.458243 0.776663
-4.484773 0.767325
-4.511353 0.758003
-4.537982 0.748695
-4.564663 0.739402
-4.591393 0.730124
-4.618175 0.720861
-4.645006 0.711613
-4.671887 0.702379
-4.698819 0.693161
-4.725801 0.683957
-4.752834 0.674768
-4.779917 0.665594
-4.807050 0.656434
-4.834233 0.647290
-4.861467 0.638161
-4.888751 0.629046
-4.916085 0.619946
-4.943470 0.610861
-4.970904 0.601791
-4.998389 0.592736
-5.025925 0.583695
-5.053510 0.574670
-5.081146 0.565659
-5.108832 0.556663
-5.136569 0.547682
-5.164356 0.538716
-5.192193 0.529764
-5.220080 0.520828
-5.244578 0.527954
-5.269099 0.535031
-5.293643 0.542058
-5.318211 0.549036
-5.342801 0.555964
-5.367414 0.562842
-5.392049 0.569671
-5.416708 0.576450
-5.441391 0.583180
-5.466095 0.589860
-5.490823 0.596490
-5.515574 0.603071
-5.540349 0.609602
-5.565145 0.616084
-5.589965 0.622516
-5.614809 0.628898
-5.639675 0.635231
-5.664564 0.641514
-5.689476 0.647748
-5.714411 0.653932
-5.739369 0.660066
-5.764350 0.666151
-5.789354 0.672186
-5.814381 0.678172
-5.839431 0.684108
-5.864504 0.689994
-5.889600 0.695831
-5.914719 0.701618
-5.939861 0.707356
-5.965026 0.713044
-5.990214 0.718682
-6.015425 0.724271
-6.040659 0.729810
-6.065916 0.735300
-6.091196 0.740740
-6.116499 0.746130
-6.141825 0.751471
-6.167174 0.756762
-6.192546 0.762004
-6.217941 0.767196
-6.236139 0.772525
-6.254303 0.777804
-6.272433 0.783032
-6.290528 0.788210
-6.308589 0.793338
-6.326616 0.798415
-6.344609 0.803442
-6.362567 0.808419
-6.380491 0.813345
-6.398380 0.818221
-6.416235 0.823047
-6.434056 0.827822
-6.451843 0.832547
-6.469595 0.837222
-6.487313 0.841846
-6.504996 0.846420
-6.522645 0.850943
-6.540261 0.855417
-6.557842 0.859839
-6.575388 0.864212
-6.592901 0.868534
-6.610379 0.872806
-6.627822 0.877027
-6.645232 0.881198
-6.662607 0.885319
-6.679947 0.889390
-6.697254 0.893410
-6.714526 0.897379
-6.731763 0.901299
-6.748967 0.905168
-6.766136 0.908986
-6.783270 0.912755
-6.800371 0.916473
-6.817438 0.920140
-6.834470 0.923757
-6.851468 0.927324
-6.868431 0.930841
-6.885360 0.934307
-6.902255 0.937723
-6.919116 0.941088
-6.941020 0.951388
-6.962930 0.961609
-6.984846 0.971752
-7.006768 0.981816
-7.028696 0.991802
-7.050630 1.001710
-7.072569 1.011539
-7.094515 1.021290
-7.116467 1.030962
-7.138425 1.040556
-7.160389 1.050072
-7.182359 1.059509
-7.204335 1.068868
-7.226317 1.078148
-7.248305 1.087350
-7.270299 1.096474
-7.292299 1.105519
-7.314305 1.114486
-7.336317 1.123374
-7.358335 1.132184
-7.380359 1.140916
-7.402389 1.149569
-7.424425 1.158144
-7.446467 1.166640
-7.468515 1.175058
-7.490569 1.183398
-7.512629 1.191659
-7.534695 1.199842
-7.556767 1.207946
-7.578845 1.215972
-7.600929 1.223920
-7.623019 1.231789
-7.645115 1.239580
-7.667217 1.247292
-7.689325 1.254926
-7.711439 1.262482
-7.733559 1.269959
-7.755685 1.277358
-7.777817 1.284678
-7.799955 1.291920
-7.819566 1.303304
-7.839163 1.314593
-7.858747 1.325787
-7.878315 1.336885
-7.897871 1.347888
-7.917411 1.358795
-7.936938 1.369607
-7.956451 1.380324
-7.975950 1.390945
-7.995434 1.401471
-8.014905 1.411902
-8.034361 1.422237
-8.053803 1.432477
-8.073232 1.442622
-8.092646 1.452671
-8.112045 1.462625
-8.131431 1.472484
-8.150803 1.482247
-8.170160 1.491915
-8.189504 1.501487
-8.208833 1.510964
-8.228148 1.520346
-8.247450 1.529633
-8.266737 1.538824
-8.286010 1.547920
-8.305268 1.556920
-8.324513 1.565825
-8.343744 1.574635
-8.362961 1.583349
-8.382163 1.591968
-8.401351 1.600492
-8.420526 1.608920
-8.439686 1.617253
-8.458832 1.625491
-8.477963 1.633633
-8.497082 1.641680
-8.516186 1.649631
-8.535275 1.657488
-8.554351 1.665249
-8.573412 1.672914
-8.589083 1.665569
-8.604712 1.658189
-8.620301 1.650773
-8.635849 1.643322
-8.651356 1.635835
-8.666821 1.628313
-8.682246 1.620755
-8.697631 1.613162
-8.712975 1.605533
-8.728277 1.597869
-8.743539 1.590170
-8.758759 1.582435
-8.773939 1.574665
-8.789078 1.566859
-8.804175 1.559018
-8.819232 1.551141
-8.834249 1.543229
-8.849224 1.535281
-8.864159 1.527298
-8.879052 1.519280
-8.893905 1.511226
-8.908716 1.503136
-8.923487 1.495012
-8.938216 1.486851
-8.952905 1.478656
-8.967553 1.470424
-8.982161 1.462158
-8.996727 1.453856
-9.011252 1.445518
-9.025737 1.437145
-9.040180 1.428737
-9.054583 1.420293
-9.068944 1.411813
-9.083265 1.403299
-9.097546 1.394748
-9.111785 1.386163
-9.125983 1.377542
-9.140141 1.368885
-9.154257 1.360193
-9.168332 1.351466
-9.192522 1.339354
-9.216752 1.327220
-9.241021 1.315064
-9.265330 1.302886
-9.289680 1.290686
-9.314068 1.278464
-9.338496 1.266220
-9.362965 1.253954
-9.387472 1.241666
-9.412020 1.229356
-9.436607 1.217024
-9.461234 1.204670
-9.485901 1.192294
-9.510607 1.179896
-9.535353 1.167476
-9.560139 1.155034
-9.584964 1.142570
-9.609829 1.130084
-9.634734 1.117576
-9.659678 1.105046
-9.684663 1.092494
-9.709686 1.079920
-9.734750 1.067324
-9.759853 1.054706
-9.784996 1.042066
-9.810179 1.029404
-9.835402 1.016720
-9.860663 1.004014
-9.885965 0.991286
-9.911306 0.978536
-9.936687 0.965764
-9.962109 0.952970
-9.987569 0.940154
-10.013069 0.927316
-10.038610 0.914456
-10.064189 0.901574
-10.089808 0.888670
-10.115467 0.875744
-10.141166 0.862796
-10.166904 0.849826
-10.194296 0.845475
-10.221740 0.841066
-10.249236 0.836601
-10.276785 0.832080
-10.304386 0.827501
-10.332040 0.822866
-10.359746 0.818174
-10.387505 0.813425
-10.415316 0.808620
-10.443179 0.803758
-10.471095 0.798840
-10.499063 0.793864
-10.527084 0.788832
-10.555158 0.783743
-10.583283 0.778598
-10.611462 0.773396
-10.639692 0.768137
-10.667975 0.762821
-10.696311 0.757449
-10.724699 0.752020
-10.753140 0.746534
-10.781634 0.740992
-10.810181 0.735393
-10.838779 0.729737
-10.867431 0.724024
-10.896134 0.718255
-10.924891 0.712429
-10.953699 0.706547
-10.982560 0.700608
-11.011474 0.694612
-11.040440 0.688559
-11.069458 0.682449
-11.098529 0.676283
-11.127652 0.670061
-11.156828 0.663781
-11.186056 0.657445
-11.215337 0.651052
-11.244670 0.644602
-11.274055 0.638096
-11.303493 0.631533
-11.322438 0.619983
-11.341352 0.608396
-11.360234 0.596773
-11.379086 0.585112
-11.397905 0.573415
-11.416694 0.561680
-11.435452 0.549909
-11.454178 0.538101
-11.472873 0.526256
-11.491537 0.514374
-11.510170 0.502455
-11.528771 0.490499
-11.547341 0.478506
-11.565881 0.466477
-11.584389 0.454410
-11.602865 0.442307
-11.621311 0.430166
-11.639726 0.417989
-11.658109 0.405775
-11.676460 0.393524
-11.694781 0.381236
-11.713071 0.368911
-11.731329 0.356550
-11.749557 0.344151
-11.767753 0.331715
-11.785917 0.319243
-11.804050 0.306734
-11.822153 0.294187
-11.840224 0.281604
-11.858264 0.268984
-11.876273 0.256327
-11.894251 0.243634
-11.912197 0.230903
-11.930112 0.218135
-11.947996 0.205331
-11.965849 0.192489
-11.983670 0.179611
-12.001461 0.166696
-12.019220 0.153744
-12.036948 0.140755
-12.057593 0.121031
-12.078231 0.101296
-12.098861 0.081552
-12.119483 0.061798
-12.140097 0.042034
-12.160703 0.022260
-12.181301 0.002476
-12.201892 -0.017318
-12.222475 -0.037122
-12.243050 -0.056936
-12.263617 -0.076760
-12.284176 -0.096594
-12.304728 -0.116438
-12.325272 -0.136292
-12.345808 -0.156156
-12.366336 -0.176030
-12.386856 -0.195914
-12.407369 -0.215808
-12.427874 -0.235712
-12.448371 -0.255626
-12.468860 -0.275550
-12.489341 -0.295484
-12.509814 -0.315428
-12.530280 -0.335383
-12.550738 -0.355347
-12.571189 -0.375321
-12.591631 -0.395305
-12.612065 -0.415299
-12.632492 -0.435303
-12.652911 -0.455317
-12.673323 -0.475341
-12.693727 -0.495375
-12.714122 -0.515419
-12.734509 -0.535473
-12.754889 -0.555537
-12.775262 -0.575611
-12.795627 -0.595695
-12.815983 -0.615789
-12.836331 -0.635893
-12.856672 -0.656007
-12.881844 -0.671077
-12.907045 -0.686176
-12.932279 -0.701306
-12.957542 -0.716467
-12.982837 -0.731657
-13.008162 -0.746878
-13.033517 -0.762129
-13.058903 -0.777411
-13.084319 -0.792722
-13.109766 -0.808065
-13.135243 -0.823437
-13.160751 -0.838840
-13.186290 -0.854272
-13.211859 -0.869736
-13.237459 -0.885229
-13.263090 -0.900753
-13.288752 -0.916307
-13.314444 -0.931892
-13.340166 -0.947506
-13.365919 -0.963152
-13.391703 -0.978827
-13.417517 -0.994533
-13.443361 -1.010268
-13.469236 -1.026035
-13.495142 -1.041831
-13.521078 -1.057658
-13.547046 -1.073515
-13.573044 -1.089403
-13.599072 -1.105320
-13.625132 -1.121269
-13.651221 -1.137247
-13.677341 -1.153255
-13.703492 -1.169294
-13.729673 -1.185364
-13.755885 -1.201463
-13.782127 -1.217593
-13.808400 -1.233753
-13.834704 -1.249944
-13.861039 -1.266164
-13.887404 -1.282415
-13.907034 -1.305968
-13.926641 -1.329521
-13.946223 -1.353075
-13.965783 -1.376631
-13.985320 -1.400187
-14.004834 -1.423745
-14.024325 -1.447304
-14.043793 -1.470863
-14.063237 -1.494424
-14.082659 -1.517986
-14.102057 -1.541550
-14.121432 -1.565114
-14.140784 -1.588679
-14.160113 -1.612246
-14.179420 -1.635813
-14.198703 -1.659382
-14.217962 -1.682951
-14.237199 -1.706522
-14.256413 -1.730094
-14.275603 -1.753667
-14.294770 -1.777241
-14.313914 -1.800817
-14.333035 -1.824393
-14.352134 -1.847971
-14.371209 -1.871549
-14.390261 -1.895129
-14.409289 -1.918710
-14.428295 -1.942291
-14.447278 -1.965874
-14.466237 -1.989458
-14.485173 -2.013044
-14.504086 -2.036630
-14.522977 -2.060217
-14.541844 -2.083806
-14.560688 -2.107395
-14.579509 -2.130986
-14.598307 -2.154578
-14.617082 -2.178171
-14.635833 -2.201765
-14.654561 -2.225360
-14.675497 -2.260671
-14.696427 -2.295937
-14.717352 -2.331157
-14.738272 -2.366331
-14.759186 -2.401459
-14.780094 -2.436540
-14.800998 -2.471576
-14.821896 -2.506566
-14.842788 -2.541510
-14.863675 -2.576408
-14.884557 -2.611260
-14.905433 -2.646067
-14.926304 -2.680827
-14.947169 -2.715541
-14.968029 -2.750210
-14.988884 -2.784832
-15.009733 -2.819408
-15.030577 -2.853939
-15.051415 -2.888423
-15.072248 -2.922862
-15.093076 -2.957255
-15.113898 -2.991601
-15.134715 -3.025902
-15.155526 -3.060157
-15.176332 -3.094366
-15.197133 -3.128529
-15.217928 -3.162646
-15.238718 -3.196717
-15.259502 -3.230742
-15.280281 -3.264721
-15.301055 -3.298654
-15.321823 -3.332541
-15.342586 -3.366382
-15.363343 -3.400177
-15.384095 -3.433927
-15.404841 -3.467630
-15.425583 -3.501288
-15.446319 -3.534899
-15.467049 -3.568465
-15.487774 -3.601984
-15.513029 -3.619497
-15.538315 -3.637028
-15.563632 -3.654577
-15.588980 -3.672144
-15.614358 -3.689729
-15.639767 -3.707333
-15.665206 -3.724954
-15.690676 -3.742594
-15.716176 -3.760252
-15.741707 -3.777928
-15.767268 -3.795623
-15.792860 -3.813335
-15.818482 -3.831065
-15.844136 -3.848814
-15.869821 -3.866581
-15.895535 -3.884366
-15.921281 -3.902169
-15.947057 -3.919990
-15.972863 -3.937830
-15.998700 -3.955687
-16.024569 -3.973563
-16.050467 -3.991457
-16.076395 -4.009369
-16.102354 -4.027299
-16.128344 -4.045247
-16.154364 -4.063213
-16.180414 -4.081198
-16.206495 -4.099201
-16.232607 -4.117222
-16.258749 -4.135261
-16.284922 -4.153318
-16.311127 -4.171394
-16.337362 -4.189487
-16.363628 -4.207599
-16.389925 -4.225729
-16.416252 -4.243877
-16.442610 -4.262043
-16.468998 -4.280227
-16.495417 -4.298429
-16.521866 -4.316650
-16.540068 -4.336831
-16.558233 -4.357022
-16.576365 -4.377223
-16.594461 -4.397436
-16.612522 -4.417658
-16.630548 -4.437891
-16.648539 -4.458134
-16.666494 -4.478387
-16.684416 -4.498651
-16.702301 -4.518925
-16.720152 -4.539209
-16.737967 -4.559504
-16.755747 -4.579809
-16.773493 -4.600125
-16.791203 -4.620450
-16.808878 -4.640787
-16.826517 -4.661133
-16.844122 -4.681490
-16.861692 -4.701857
-16.879227 -4.722235
-16.896727 -4.742623
-16.914190 -4.763021
-16.931620 -4.783430
-16.949013 -4.803849
-16.966372 -4.824278
-16.983696 -4.844718
-17.000984 -4.865168
-17.018238 -4.885628
-17.035456 -4.906099
-17.052639 -4.926580
-17.069788 -4.947072
-17.086901 -4.967573
-17.103979 -4.988085
-17.121021 -5.008608
-17.138029 -5.029140
-17.155003 -5.049684
-17.171940 -5.070237
-17.188843 -5.090801
-17.205709 -5.111375
-17.222542 -5.131960
-17.244844 -5.151522
-17.267157 -5.171098
-17.289478 -5.190688
-17.311808 -5.210293
-17.334146 -5.229913
-17.356493 -5.249547
-17.378849 -5.269196
-17.401213 -5.288859
-17.423586 -5.308537
-17.445967 -5.328228
-17.468357 -5.347935
-17.490755 -5.367656
-17.513163 -5.387392
-17.535578 -5.407142
-17.558002 -5.426907
-17.580435 -5.446686
-17.602877 -5.466479
-17.625326 -5.486288
-17.647785 -5.506110
-17.670252 -5.525947
-17.692728 -5.545799
-17.715212 -5.565665
-17.737705 -5.585546
-17.760206 -5.605441
-17.782717 -5.625350
-17.805235 -5.645275
-17.827763 -5.665213
-17.850298 -5.685166
-17.872843 -5.705134
-17.895395 -5.725116
-17.917957 -5.745113
-17.940527 -5.765124
-17.963106 -5.785150
-17.985693 -5.805190
-18.008289 -5.825244
-18.030893 -5.845314
-18.053507 -5.865397
-18.076128 -5.885495
-18.098759 -5.905608
-18.121397 -5.925735
-18.135817 -5.940075
-18.150179 -5.954453
-18.164486 -5.968868
-18.178736 -5.983322
-18.192928 -5.997813
-18.207064 -6.012341
-18.221144 -6.026908
-18.235167 -6.041513
-18.249132 -6.056155
-18.263042 -6.070835
-18.276896 -6.085553
-18.290691 -6.100309
-18.304430 -6.115102
-18.318113 -6.129934
-18.331739 -6.144803
-18.345308 -6.159710
-18.358820 -6.174654
-18.372276 -6.189637
-18.385675 -6.204658
-18.399017 -6.219716
-18.412304 -6.234811
-18.425533 -6.249945
-18.438705 -6.265117
-18.451820 -6.280326
-18.464880 -6.295573
-18.477882 -6.310858
-18.490828 -6.326181
-18.503716 -6.341541
-18.516548 -6.356940
-18.529324 -6.372376
-18.542042 -6.387850
-18.554705 -6.403361
-18.567310 -6.418911
-18.579859 -6.434498
-18.592350 -6.450123
-18.604786 -6.465786
-18.617165 -6.481487
-18.629486 -6.497226
-18.641750 -6.513002
-18.653959 -6.528816
-18.670824 -6.544519
-18.687670 -6.560260
-18.704494 -6.576039
-18.721300 -6.591857
-18.738087 -6.607713
-18.754854 -6.623608
-18.771603 -6.639541
-18.788332 -6.655512
-18.805042 -6.671522
-18.821733 -6.687570
-18.838404 -6.703656
-18.855055 -6.719781
-18.871687 -6.735944
-18.888300 -6.752146
-18.904894 -6.768386
-18.921469 -6.784665
-18.938025 -6.800982
-18.954561 -6.817338
-18.971079 -6.833731
-18.987576 -6.850163
-19.004053 -6.866634
-19.020512 -6.883143
-19.036951 -6.899690
-19.053371 -6.916276
-19.069773 -6.932900
-19.086155 -6.949563
-19.102518 -6.966263
-19.118860 -6.983003
-19.135183 -6.999780
-19.151487 -7.016596
-19.167772 -7.033451
-19.184038 -7.050344
-19.200285 -7.067276
-19.216513 -7.084245
-19.232721 -7.101254
-19.248909 -7.118300
-19.265078 -7.135385
-19.281227 -7.152508
-19.297358 -7.169670
-19.313469 -7.186870
-19.336504 -7.203474
-19.359575 -7.220118
-19.382681 -7.236804
-19.405823 -7.253530
-19.429001 -7.270298
-19.452215 -7.287106
-19.475464 -7.303956
-19.498749 -7.320846
-19.522070 -7.337777
-19.545427 -7.354749
-19.568821 -7.371762
-19.592249 -7.388816
-19.615713 -7.405911
-19.639214 -7.423047
-19.662750 -7.440224
-19.686321 -7.457442
-19.709929 -7.474700
-19.733572 -7.492000
-19.757252 -7.509341
-19.780966 -7.526722
-19.804716 -7.544145
-19.828503 -7.561609
-19.852325 -7.579113
-19.876184 -7.596659
-19.900078 -7.614245
-19.924007 -7.631873
-19.947973 -7.649541
-19.971975 -7.667250
-19.996012 -7.685000
-20.020084 -7.702792
-20.044193 -7.720624
-20.068338 -7.738497
-20.092518 -7.756411
-20.116734 -7.774366
-20.140985 -7.792362
-20.165274 -7.810399
-20.189598 -7.828476
-20.213957 -7.846595
-20.238352 -7.864755
-20.262783 -7.882956
-20.284452 -7.903750
-20.306135 -7.924574
-20.327831 -7.945430
-20.349541 -7.966316
-20.371265 -7.987232
-20.393003 -8.008180
-20.414755 -8.029158
-20.436520 -8.050166
-20.458298 -8.071205
-20.480089 -8.092276
-20.501894 -8.113377
-20.523714 -8.134508
-20.545547 -8.155670
-20.567394 -8.176863
-20.589254 -8.198087
-20.611128 -8.219341
-20.633015 -8.240626
-20.654915 -8.261942
-20.676828 -8.283288
-20.698757 -8.304666
-20.720699 -8.326074
-20.742655 -8.347512
-20.764624 -8.368981
-20.786606 -8.390481
-20.808601 -8.412012
-20.830610 -8.433574
-20.852633 -8.455166
-20.874670 -8.476789
-20.896721 -8.498442
-20.918785 -8.520126
-20.940863 -8.541842
-20.962954 -8.563587
-20.985058 -8.585363
-21.007175 -8.607170
-21.029308 -8.629007
-21.051455 -8.650876
-21.073614 -8.672775
-21.095787 -8.694705
-21.117973 -8.716665
-21.140173 -8.738656
-21.166859 -8.765571
-21.193594 -8.792497
-21.220379 -8.819433
-21.247213 -8.846381
-21.274096 -8.873340
-21.301027 -8.900310
-21.328009 -8.927291
-21.355040 -8.954283
-21.382118 -8.981286
-21.409246 -9.008300
-21.436424 -9.035325
-21.463652 -9.062362
-21.490927 -9.089409
-21.518251 -9.116467
-21.545626 -9.143537
-21.573050 -9.170617
-21.600521 -9.197708
-21.628042 -9.224811
-21.655613 -9.251925
-21.683233 -9.279049
-21.710901 -9.306185
-21.738619 -9.333331
-21.766386 -9.360489
-21.794201 -9.387658
-21.822065 -9.414838
-21.849979 -9.442029
-21.877943 -9.469231
-21.905954 -9.496444
-21.934015 -9.523668
-21.962126 -9.550903
-21.990286 -9.578150
-22.018494 -9.605407
-22.046751 -9.632675
-22.075058 -9.659954
-22.103415 -9.687244
-22.131819 -9.714546
-22.160273 -9.741858
-22.188776 -9.769182
-22.217329 -9.796516
-22.245930 -9.823862
-22.278511 -9.858714
-22.311172 -9.893547
-22.343914 -9.928361
-22.376738 -9.963156
-22.409641 -9.997931
-22.442625 -10.032688
-22.475689 -10.067426
-22.508833 -10.102144
-22.542057 -10.136844
-22.575361 -10.171524
-22.608746 -10.206185
-22.642210 -10.240828
-22.675755 -10.275451
-22.709381 -10.310055
-22.743088 -10.344640
-22.776875 -10.379206
-22.810741 -10.413753
-22.844688 -10.448280
-22.878716 -10.482789
-22.912823 -10.517279
-22.947010 -10.551749
-22.981277 -10.586201
-23.015625 -10.620633
-23.050055 -10.655046
-23.084564 -10.689441
-23.119154 -10.723816
-23.153824 -10.758172
-23.188574 -10.792509
-23.223404 -10.826827
-23.258314 -10.861126
-23.293304 -10.895406
-23.328375 -10.929667
-23.363525 -10.963908
-23.398758 -10.998131
-23.434071 -11.032334
-23.469463 -11.066519
-23.504936 -11.100684
-23.540489 -11.134830
-23.576122 -11.168958
-23.611835 -11.203067
-23.644327 -11.227209
-23.676874 -11.251372
-23.709475 -11.275557
-23.742130 -11.299762
-23.774839 -11.323987
-23.807602 -11.348233
-23.840420 -11.372500
-23.873291 -11.396789
-23.906216 -11.421098
-23.939196 -11.445428
-23.972229 -11.469779
-24.005316 -11.494151
-24.038458 -11.518544
-24.071653 -11.542958
-24.104904 -11.567393
-24.138208 -11.591849
-24.171566 -11.616325
-24.204979 -11.640822
-24.238445 -11.665340
-24.271965 -11.689879
-24.305540 -11.714439
-24.339169 -11.739020
-24.372850 -11.763622
-24.406588 -11.788245
-24.440378 -11.812889
-24.474224 -11.837554
-24.508123 -11.862240
-24.542076 -11.886947
-24.576084 -11.911674
-24.610146 -11.936421
-24.644260 -11.961190
-24.678431 -11.985980
-24.712654 -12.010791
-24.746931 -12.035623
-24.781263 -12.060475
-24.815649 -12.085349
-24.850090 -12.110244
-24.884584 -12.135159
-24.919132 -12.160096
-24.953735 -12.185054
-24.976990 -12.211152
-25.000206 -12.237267
-25.023386 -12.263399
-25.046530 -12.289547
-25.069637 -12.315711
-25.092709 -12.341891
-25.115744 -12.368089
-25.138742 -12.394302
-25.161705 -12.420532
-25.184631 -12.446778
-25.207521 -12.473041
-25.230375 -12.499320
-25.253193 -12.525616
-25.275972 -12.551928
-25.298716 -12.578256
-25.321423 -12.604600
-25.344093 -12.630961
-25.366728 -12.657339
-25.389326 -12.683733
-25.411888 -12.710143
-25.434414 -12.736569
-25.456903 -12.763013
-25.479357 -12.789473
-25.501774 -12.815948
-25.524155 -12.842441
-25.546497 -12.868949
-25.568804 -12.895473
-25.591074 -12.922015
-25.613308 -12.948573
-25.635506 -12.975147
-25.657667 -13.001738
-25.679792 -13.028344
-25.701881 -13.054968
-25.723934 -13.081608
-25.745951 -13.108264
-25.767931 -13.134936
-25.789875 -13.161625
-25.811781 -13.188331
-25.833651 -13.215053
-25.855484 -13.241791
-25.874458 -13.270027
-25.893375 -13.298274
-25.912233 -13.326531
-25.931032 -13.354799
-25.949772 -13.383078
-25.968452 -13.411366
-25.987074 -13.439666
-26.005638 -13.467975
-26.024143 -13.496294
-26.042589 -13.524624
-26.060976 -13.552964
-26.079304 -13.581315
-26.097574 -13.609676
-26.115786 -13.638048
-26.133938 -13.666430
-26.152031 -13.694823
-26.170065 -13.723227
-26.188040 -13.751640
-26.205957 -13.780065
-26.223816 -13.808499
-26.241615 -13.836945
-26.259356 -13.865400
-26.277037 -13.893867
-26.294659 -13.922343
-26.312223 -13.950830
-26.329729 -13.979328
-26.347176 -14.007836
-26.364563 -14.036355
-26.381891 -14.064884
-26.399160 -14.093424
-26.416372 -14.121973
-26.433525 -14.150533
-26.450619 -14.179103
-26.467653 -14.207684
-26.484629 -14.236275
-26.501545 -14.264876
-26.518404 -14.293489
-26.535204 -14.322111
-26.551945 -14.350744
-26.568626 -14.379388
-26.592607 -14.397995
-26.616589 -14.416653
-26.640570 -14.435361
-26.664551 -14.454121
-26.688530 -14.472931
-26.712509 -14.491792
-26.736488 -14.510703
-26.760468 -14.529666
-26.784447 -14.548679
-26.808424 -14.567743
-26.832401 -14.586859
-26.856379 -14.606025
-26.880356 -14.625241
-26.904333 -14.644508
-26.928308 -14.663827
-26.952284 -14.683196
-26.976259 -14.702616
-27.000235 -14.722086
-27.024208 -14.741608
-27.048182 -14.761180
-27.072155 -14.780803
-27.096128 -14.800477
-27.120102 -14.820202
-27.144073 -14.839977
-27.168045 -14.859803
-27.192017 -14.879681
-27.215988 -14.899609
-27.239960 -14.919587
-27.263929 -14.939616
-27.287899 -14.959697
-27.311869 -14.979828
-27.335838 -15.000010
-27.359808 -15.020242
-27.383776 -15.040525
-27.407743 -15.060860
-27.431711 -15.081244
-27.455679 -15.101681
-27.479645 -15.122168
-27.503611 -15.142705
-27.527576 -15.163293
-27.553545 -15.193332
-27.579529 -15.223384
-27.605528 -15.253448
-27.631544 -15.283526
-27.657576 -15.313618
-27.683622 -15.343721
-27.709684 -15.373838
-27.735762 -15.403969
-27.761854 -15.434112
-27.787962 -15.464268
-27.814085 -15.494437
-27.840225 -15.524620
-27.866381 -15.554815
-27.892551 -15.585024
-27.918737 -15.615246
-27.944939 -15.645480
-27.971155 -15.675728
-27.997387 -15.705989
-28.023634 -15.736262
-28.049898 -15.766549
-28.076178 -15.796849
-28.102472 -15.827162
-28.128782 -15.857488
-28.155107 -15.887827
-28.181448 -15.918179
-28.207804 -15.948544
-28.234175 -15.978922
-28.260563 -16.009314
-28.286966 -16.039719
-28.313385 -16.070135
-28.339819 -16.100565
-28.366268 -16.131008
-28.392733 -16.161465
-28.419212 -16.191935
-28.445707 -16.222418
-28.472219 -16.252913
-28.498747 -16.283421
-28.525290 -16.313942
-28.551847 -16.344477
-28.578421 -16.375025
-28.606434 -16.414749
-28.634474 -16.454449
-28.662540 -16.494125
-28.690634 -16.533777
-28.718754 -16.573406
-28.746901 -16.613012
-28.775074 -16.652594
-28.803274 -16.692152
-28.831501 -16.731686
-28.859755 -16.771196
-28.888035 -16.810682
-28.916342 -16.850145
-28.944675 -16.889584
-28.973036 -16.928999
-29.001423 -16.968391
-29.029837 -17.007759
-29.058279 -17.047104
-29.086748 -17.086424
-29.115244 -17.125721
-29.143766 -17.164993
-29.172316 -17.204243
-29.200891 -17.243467
-29.229494 -17.282669
-29.258123 -17.321846
-29.286779 -17.361000
-29.315462 -17.400131
-29.344172 -17.439238
-29.372908 -17.478321
-29.401670 -17.517380
-29.430460 -17.556416
-29.459276 -17.595427
-29.488119 -17.634415
-29.516989 -17.673378
-29.545885 -17.712318
-29.574808 -17.751234
-29.603758 -17.790127
-29.632736 -17.828997
-29.661741 -17.867842
-29.690773 -17.906664
-29.719831 -17.945461
-29.754221 -17.983675
-29.788679 -18.021868
-29.823206 -18.060040
-29.857801 -18.098188
-29.892466 -18.136316
-29.927200 -18.174423
-29.962004 -18.212507
-29.996876 -18.250570
-30.031816 -18.288612
-30.066826 -18.326633
-30.101904 -18.364632
-30.137051 -18.402609
-30.172266 -18.440565
-30.207550 -18.478500
-30.242905 -18.516413
-30.278328 -18.554304
-30.313820 -18.592175
-30.349380 -18.630022
-30.385010 -18.667849
-30.420708 -18.705654
-30.456474 -18.743439
-30.492310 -18.781200
-30.528215 -18.818941
-30.564190 -18.856661
-30.600233 -18.894360
-30.636345 -18.932035
-30.672525 -18.969690
-30.708775 -19.007324
-30.745092 -19.044935
-30.781479 -19.082525
-30.817936 -19.120094
-30.854462 -19.157642
-30.891056 -19.195168
-30.927719 -19.232672
-30.964451 -19.270155
-31.001251 -19.307617
-31.038120 -19.345057
-31.075058 -19.382475
-31.112066 -19.419872
-31.149143 -19.457247
-31.185017 -19.502319
-31.220947 -19.547340
-31.256937 -19.592308
-31.292986 -19.637224
-31.329094 -19.682087
-31.365261 -19.726898
-31.401487 -19.771656
-31.437771 -19.816360
-31.474113 -19.861013
-31.510515 -19.905613
-31.546976 -19.950161
-31.583496 -19.994656
-31.620075 -20.039099
-31.656712 -20.083488
-31.693407 -20.127827
-31.730162 -20.172112
-31.766975 -20.216345
-31.803848 -20.260525
-31.840780 -20.304653
-31.877769 -20.348728
-31.914818 -20.392752
-31.951925 -20.436722
-31.989092 -20.480640
-32.026318 -20.524506
-32.063602 -20.568319
-32.100945 -20.612080
-32.138348 -20.655788
-32.175808 -20.699444
-32.213326 -20.743046
-32.250904 -20.786596
-32.288540 -20.830093
-32.326237 -20.873539
-32.363991 -20.916931
-32.401802 -20.960272
-32.439674 -21.003559
-32.477604 -21.046795
-32.515594 -21.089977
-32.553642 -21.133108
-32.591751 -21.176186
-32.629917 -21.219212
-32.676128 -21.251091
-32.722466 -21.282963
-32.768925 -21.314827
-32.815506 -21.346684
-32.862209 -21.378532
-32.909035 -21.410372
-32.955982 -21.442204
-33.003052 -21.474028
-33.050243 -21.505844
-33.097557 -21.537653
-33.144993 -21.569454
-33.192551 -21.601246
-33.240231 -21.633030
-33.288033 -21.664806
-33.335957 -21.696575
-33.384003 -21.728336
-33.432171 -21.760090
-33.480461 -21.791834
-33.528873 -21.823570
-33.577408 -21.855299
-33.626064 -21.887020
-33.674843 -21.918734
-33.723743 -21.950439
-33.772766 -21.982136
-33.821911 -22.013824
-33.871178 -22.045506
-33.920567 -22.077179
-33.970078 -22.108845
-34.019711 -22.140503
-34.069466 -22.172152
-34.119343 -22.203793
-34.169346 -22.235426
-34.219471 -22.267052
-34.269718 -22.298670
-34.320087 -22.330280
-34.370579 -22.361881
-34.421192 -22.393475
-34.471928 -22.425060
-34.522785 -22.456638
-34.573765 -22.488209
-34.625710 -22.530939
-34.677784 -22.573616
-34.729988 -22.616240
-34.782322 -22.658812
-34.834782 -22.701330
-34.887371 -22.743795
-34.940090 -22.786207
-34.992939 -22.828568
-35.045914 -22.870874
-35.099018 -22.913128
-35.152252 -22.955330
-35.205616 -22.997478
-35.259109 -23.039574
-35.312729 -23.081617
-35.366478 -23.123608
-35.420357 -23.165545
-35.474365 -23.207430
-35.528503 -23.249262
-35.582767 -23.291040
-35.637161 -23.332767
-35.691685 -23.374441
-35.746338 -23.416061
-35.801121 -23.457630
-35.856030 -23.499146
-35.911068 -23.540607
-35.966236 -23.582018
-36.021534 -23.623375
-36.076958 -23.664679
-36.132511 -23.705929
-36.188194 -23.747128
-36.244007 -23.788273
-36.299950 -23.829365
-36.356018 -23.870405
-36.412216 -23.911392
-36.468544 -23.952326
-36.525002 -23.993208
-36.581589 -24.034037
-36.638302 -24.074812
-36.695145 -24.115536
-36.752117 -24.156206
-36.804848 -24.193388
-36.857670 -24.230530
-36.910587 -24.267633
-36.963600 -24.304697
-37.016705 -24.341722
-37.069904 -24.378708
-37.123199 -24.415655
-37.176586 -24.452564
-37.230068 -24.489433
-37.283646 -24.526264
-37.337318 -24.563055
-37.391083 -24.599808
-37.444942 -24.636520
-37.498898 -24.673195
-37.552944 -24.709829
-37.607086 -24.746426
-37.661324 -24.782984
-37.715652 -24.819502
-37.770077 -24.855982
-37.824596 -24.892422
-37.879208 -24.928823
-37.933914 -24.965185
-37.988716 -25.001509
-38.043613 -25.037792
-38.098602 -25.074038
-38.153687 -25.110245
-38.208866 -25.146412
-38.264137 -25.182541
-38.319504 -25.218630
-38.374966 -25.254681
-38.430519 -25.290691
-38.486168 -25.326664
-38.541912 -25.362597
-38.597752 -25.398491
-38.653683 -25.434347
-38.709709 -25.470163
-38.765831 -25.505941
-38.822044 -25.541679
-38.878353 -25.577379
-38.934757 -25.613039
-38.990475 -25.643257
-39.046280 -25.673458
-39.102173 -25.703642
-39.158154 -25.733809
-39.214222 -25.763958
-39.270378 -25.794090
-39.326622 -25.824205
-39.382954 -25.854301
-39.439373 -25.884380
-39.495880 -25.914442
-39.552475 -25.944487
-39.609158 -25.974514
-39.665928 -26.004524
-39.722786 -26.034517
-39.779736 -26.064493
-39.836773 -26.094452
-39.893898 -26.124393
-39.951111 -26.154318
-40.008411 -26.184225
-40.065800 -26.214115
-40.123276 -26.243988
-40.180840 -26.273842
-40.238491 -26.303679
-40.296230 -26.333498
-40.354057 -26.363300
-40.411972 -26.393085
-40.469975 -26.422853
-40.528065 -26.452604
-40.586246 -26.482338
-40.644516 -26.512054
-40.702873 -26.541754
-40.761318 -26.571436
-40.819851 -26.601101
-40.878471 -26.630749
-40.937180 -26.660379
-40.995975 -26.689993
-41.054859 -26.719587
-41.113831 -26.749165
-41.172890 -26.778725
-41.232037 -26.808268
-41.289509 -26.835764
-41.347054 -26.863251
-41.404675 -26.890730
-41.462368 -26.918200
-41.520134 -26.945660
-41.577976 -26.973110
-41.635891 -27.000551
-41.693882 -27.027985
-41.751945 -27.055408
-41.810081 -27.082823
-41.868294 -27.110228
-41.926579 -27.137623
-41.984940 -27.165010
-42.043373 -27.192389
-42.101879 -27.219757
-42.160461 -27.247116
-42.219116 -27.274466
-42.277847 -27.301807
-42.336651 -27.329140
-42.395527 -27.356462
-42.454479 -27.383776
-42.513504 -27.411079
-42.572605 -27.438375
-42.631779 -27.465662
-42.691025 -27.492939
-42.750347 -27.520206
-42.809742 -27.547464
-42.869213 -27.574715
-42.928757 -27.601955
-42.988373 -27.629187
-43.048065 -27.656408
-43.107830 -27.683620
-43.167671 -27.710825
-43.227585 -27.738020
-43.287571 -27.765205
-43.347633 -27.792381
-43.407768 -27.819548
-43.467979 -27.846706
-43.528263 -27.873856
-43.588619 -27.900995
-43.647438 -27.930441
-43.706318 -27.959869
-43.765259 -27.989279
-43.824261 -28.018669
-43.883324 -28.048042
-43.942448 -28.077396
-44.001633 -28.106731
-44.060879 -28.136049
-44.120186 -28.165348
-44.179554 -28.194628
-44.238983 -28.223890
-44.298477 -28.253134
-44.358032 -28.282358
-44.417648 -28.311565
-44.477325 -28.340754
-44.537064 -28.369923
-44.596863 -28.399075
-44.656723 -28.428207
-44.716644 -28.457321
-44.776627 -28.486418
-44.836670 -28.515495
-44.896774 -28.544554
-44.956940 -28.573595
-45.017166 -28.602617
-45.077454 -28.631620
-45.137802 -28.660606
-45.198212 -28.689573
-45.258682 -28.718521
-45.319214 -28.747452
-45.379807 -28.776363
-45.440460 -28.805256
-45.501175 -28.834131
-45.561951 -28.862988
-45.622787 -28.891825
-45.683689 -28.920645
-45.744652 -28.949446
-45.805676 -28.978228
-45.866760 -29.006992
-45.927906 -29.035738
-45.989113 -29.064465
-46.017960 -29.090733
-46.046612 -29.116993
-46.075066 -29.143244
-46.103325 -29.169487
-46.131386 -29.195721
-46.159252 -29.221945
-46.186924 -29.248161
-46.214397 -29.274368
-46.241676 -29.300568
-46.268757 -29.326757
-46.295643 -29.352940
-46.322334 -29.379112
-46.348827 -29.405277
-46.375126 -29.431433
-46.401226 -29.457581
-46.427132 -29.483719
-46.452843 -29.509850
-46.478355 -29.535971
-46.503674 -29.562082
-46.528793 -29.588186
-46.553719 -29.614281
-46.578449 -29.640368
-46.602982 -29.666445
-46.627319 -29.692514
-46.651459 -29.718575
-46.675404 -29.744627
-46.699154 -29.770670
-46.722706 -29.796705
-46.746063 -29.822731
-46.769222 -29.848749
-46.792187 -29.874758
-46.814957 -29.900759
-46.837528 -29.926750
-46.859905 -29.952732
-46.882084 -29.978706
-46.904068 -30.004671
-46.925854 -30.030628
-46.947445 -30.056576
-46.968842 -30.082516
-46.990040 -30.108446
-46.999626 -30.141142
-47.008926 -30.173801
-47.017941 -30.206425
-47.026669 -30.239012
-47.035110 -30.271563
-47.043266 -30.304079
-47.051132 -30.336559
-47.058712 -30.369003
-47.066006 -30.401411
-47.073013 -30.433783
-47.079735 -30.466120
-47.086170 -30.498421
-47.092316 -30.530685
-47.098175 -30.562914
-47.103748 -30.595106
-47.109035 -30.627264
-47.114037 -30.659386
-47.118752 -30.691471
-47.123180 -30.723520
-47.127319 -30.755533
-47.131172 -30.787512
-47.134739 -30.819454
-47.138020 -30.851360
-47.141014 -30.883230
-47.143723 -30.915066
-47.146141 -30.946865
-47.148273 -30.978628
-47.150120 -31.010355
-47.151680 -31.042046
-47.152954 -31.073702
-47.153942 -31.105322
-47.154640 -31.136906
-47.155052 -31.168453
-47.155178 -31.199965
-47.155018 -31.231441
-47.154572 -31.262882
-47.153839 -31.294287
-47.152821 -31.325655
-47.151512 -31.356987
-47.149918 -31.388285
-47.146866 -31.411018
-47.143517 -31.433750
-47.139874 -31.456480
-47.135933 -31.479208
-47.131699 -31.501934
-47.127167 -31.524658
-47.122337 -31.547380
-47.117214 -31.570103
-47.111794 -31.592823
-47.106079 -31.615541
-47.100067 -31.638258
-47.093758 -31.660973
-47.087154 -31.683685
-47.080254 -31.706398
-47.073059 -31.729109
-47.065567 -31.751818
-47.057777 -31.774525
-47.049694 -31.797230
-47.041313 -31.819933
-47.032639 -31.842636
-47.023666 -31.865337
-47.014397 -31.888037
-47.004833 -31.910734
-46.994972 -31.933430
-46.984818 -31.956123
-46.974365 -31.978817
-46.963615 -32.001507
-46.952572 -32.024197
-46.941231 -32.046886
-46.929596 -32.069572
-46.917664 -32.092258
-46.905434 -32.114941
-46.892910 -32.137623
-46.880089 -32.160301
-46.866974 -32.182980
-46.853561 -32.205658
-46.839851 -32.228333
-46.825848 -32.251007
-46.811546 -32.273678
-46.796951 -32.296349
-46.797634 -32.329910
-46.798141 -32.363426
-46.798477 -32.396896
-46.798641 -32.430325
-46.798634 -32.463707
-46.798454 -32.497044
-46.798100 -32.530334
-46.797573 -32.563580
-46.796875 -32.596779
-46.796005 -32.629932
-46.794964 -32.663040
-46.793751 -32.696102
-46.792362 -32.729122
-46.790802 -32.762096
-46.789070 -32.795025
-46.787167 -32.827908
-46.785091 -32.860744
-46.782841 -32.893536
-46.780418 -32.926281
-46.777824 -32.958981
-46.775059 -32.991634
-46.772121 -33.024246
-46.769009 -33.056812
-46.765724 -33.089333
-46.762268 -33.121807
-46.758640 -33.154236
-46.754841 -33.186619
-46.750866 -33.218956
-46.746719 -33.251247
-46.742401 -33.283493
-46.737911 -33.315697
-46.733250 -33.347855
-46.728413 -33.379967
-46.723404 -33.412033
-46.718224 -33.444054
-46.712872 -33.476028
-46.707348 -33.507957
-46.701649 -33.539841
-46.695778 -33.571678
-46.689735 -33.603474
-46.693813 -33.636665
-46.697803 -33.669807
-46.701702 -33.702896
-46.705509 -33.735935
-46.709225 -33.768925
-46.712852 -33.801861
-46.716389 -33.834747
-46.719833 -33.867580
-46.723186 -33.900364
-46.726448 -33.933098
-46.729622 -33.965778
-46.732704 -33.998409
-46.735695 -34.030987
-46.738594 -34.063515
-46.741405 -34.095993
-46.744125 -34.128418
-46.746754 -34.160793
-46.749290 -34.193115
-46.751736 -34.225388
-46.754093 -34.257610
-46.756359 -34.289780
-46.758533 -34.321899
-46.760616 -34.353966
-46.762611 -34.385983
-46.764515 -34.417946
-46.766327 -34.449860
-46.768047 -34.481724
-46.769676 -34.513535
-46.771217 -34.545296
-46.772667 -34.577003
-46.774025 -34.608662
-46.775291 -34.640270
-46.776470 -34.671825
-46.777557 -34.703331
-46.778553 -34.734783
-46.779457 -34.766186
-46.780270 -34.797539
-46.780994 -34.828838
-46.781628 -34.860088
-46.782169 -34.891285
-46.779282 -34.913342
-46.776276 -34.935387
-46.773155 -34.957417
-46.769917 -34.979431
-46.766560 -35.001431
-46.763084 -35.023415
-46.759495 -35.045383
-46.755787 -35.067341
-46.751961 -35.089283
-46.748020 -35.111210
-46.743961 -35.133121
-46.739784 -35.155018
-46.735489 -35.176899
-46.731079 -35.198769
-46.726551 -35.220623
-46.721905 -35.242462
-46.717144 -35.264286
-46.712265 -35.286095
-46.707268 -35.307888
-46.702152 -35.329666
-46.696922 -35.351433
-46.691574 -35.373184
-46.686108 -35.394920
-46.680523 -35.416641
-46.674824 -35.438347
-46.669006 -35.460037
-46.663071 -35.481716
-46.657021 -35.503380
-46.650852 -35.525028
-46.644566 -35.546661
-46.638161 -35.568279
-46.631641 -35.589882
-46.625004 -35.611473
-46.618248 -35.633049
-46.611374 -35.654610
-46.604385 -35.676155
-46.597279 -35.697685
-46.590054 -35.719200
-46.582714 -35.740700
-46.575256 -35.762188
-46.567707 -35.783226
-46.560040 -35.804249
-46.552254 -35.825260
-46.544353 -35.846256
-46.536335 -35.867241
-46.528198 -35.888214
-46.519947 -35.909172
-46.511578 -35.930119
-46.503090 -35.951054
-46.494488 -35.971973
-46.485767 -35.992882
-46.476929 -36.013775
-46.467976 -36.034657
-46.458904 -36.055527
-46.449715 -36.076382
-46.440411 -36.097225
-46.430988 -36.118053
-46.421448 -36.138870
-46.411793 -36.159676
-46.402020 -36.180466
-46.392128 -36.201244
-46.382122 -36.222012
-46.371998 -36.242764
-46.361755 -36.263504
-46.351398 -36.284229
-46.340923 -36.304943
-46.330330 -36.325645
-46.319622 -36.346333
-46.308796 -36.367008
-46.297852 -36.387672
-46.286793 -36.408321
-46.275616 -36.428959
-46.264320 -36.449581
-46.252911 -36.470192
-46.241383 -36.490791
-46.229736 -36.511375
-46.217976 -36.531948
-46.206097 -36.552505
-46.194099 -36.573051
-46.181988 -36.593586
-46.169605 -36.616386
-46.157104 -36.639164
-46.144485 -36.661919
-46.131748 -36.684650
-46.118893 -36.707359
-46.105919 -36.730049
-46.092827 -36.752716
-46.079617 -36.775360
-46.066288 -36.797981
-46.052841 -36.820583
-46.039276 -36.843163
-46.025593 -36.865719
-46.011791 -36.888252
-45.997871 -36.910763
-45.983833 -36.933254
-45.969681 -36.955723
-45.955410 -36.978168
-45.941021 -37.000591
-45.926514 -37.022995
-45.911888 -37.045376
-45.897144 -37.067734
-45.882282 -37.090069
-45.867302 -37.112381
-45.852203 -37.134674
-45.836987 -37.156944
-45.821651 -37.179192
-45.806198 -37.201416
-45.790627 -37.223621
-45.774937 -37.245804
-45.759129 -37.267963
-45.743202 -37.290100
-45.727158 -37.312214
-45.710995 -37.334309
-45.694714 -37.356380
-45.678314 -37.378429
-45.661797 -37.400455
-45.645161 -37.422459
-45.628407 -37.444443
-45.611534 -37.466404
-45.594543 -37.488342
-45.586479 -37.507309
-45.578369 -37.526264
-45.570213 -37.545212
-45.562012 -37.564148
-45.553764 -37.583073
-45.545471 -37.601986
-45.537128 -37.620892
-45.528740 -37.639786
-45.520306 -37.658669
-45.511826 -37.677544
-45.503300 -37.696407
-45.494728 -37.715260
-45.486107 -37.734104
-45.477440 -37.752937
-45.468727 -37.771759
-45.459969 -37.790573
-45.451164 -37.809376
-45.442314 -37.828167
-45.433418 -37.846951
-45.424473 -37.865723
-45.415482 -37.884483
-45.406445 -37.903236
-45.397362 -37.921978
-45.388233 -37.940708
-45.379059 -37.959431
-45.369835 -37.978142
-45.360565 -37.996841
-45.351250 -38.015533
-45.341888 -38.034214
-45.332481 -38.052883
-45.323029 -38.071545
-45.313526 -38.090195
-45.303978 -38.108833
-45.294384 -38.127464
-45.284744 -38.146084
-45.275059 -38.164692
-45.265327 -38.183292
-45.255547 -38.201881
-45.245720 -38.220459
-45.235847 -38.239029
-45.224731 -38.257038
-45.213558 -38.275040
-45.202332 -38.293034
-45.191048 -38.311020
-45.179710 -38.328999
-45.168316 -38.346970
-45.156864 -38.364933
-45.145359 -38.382889
-45.133797 -38.400837
-45.122177 -38.418774
-45.110504 -38.436703
-45.098774 -38.454624
-45.086987 -38.472538
-45.075146 -38.490444
-45.063248 -38.508343
-45.051292 -38.526234
-45.039284 -38.544117
-45.027218 -38.561993
-45.015095 -38.579861
-45.002918 -38.597717
-44.990685 -38.615566
-44.978394 -38.633408
-44.966049 -38.651241
-44.953648 -38.669067
-44.941189 -38.686886
-44.928677 -38.704697
-44.916107 -38.722500
-44.903481 -38.740295
-44.890800 -38.758083
-44.878063 -38.775860
-44.865273 -38.793629
-44.852425 -38.811390
-44.839520 -38.829144
-44.826561 -38.846889
-44.813545 -38.864628
-44.800472 -38.882359
-44.787346 -38.900082
-44.774162 -38.917797
-44.760921 -38.935505
-44.747627 -38.953205
-44.735447 -38.969189
-44.723221 -38.985172
-44.710949 -39.001156
-44.698627 -39.017136
-44.686260 -39.033115
-44.673847 -39.049095
-44.661388 -39.065071
-44.648884 -39.081047
-44.636330 -39.097023
-44.623730 -39.112999
-44.611084 -39.128971
-44.598392 -39.144943
-44.585655 -39.160915
-44.572868 -39.176884
-44.560036 -39.192852
-44.547157 -39.208820
-44.534233 -39.224785
-44.521259 -39.240749
-44.508240 -39.256714
-44.495174 -39.272678
-44.482063 -39.288639
-44.468906 -39.304600
-44.455700 -39.320560
-44.442448 -39.336517
-44.429150 -39.352474
-44.415806 -39.368431
-44.402416 -39.384384
-44.388977 -39.400337
-44.375492 -39.416290
-44.361961 -39.432243
-44.348385 -39.448193
-44.334759 -39.464142
-44.321087 -39.480091
-44.307369 -39.496037
-44.293606 -39.511982
-44.279797 -39.527927
-44.265938 -39.543869
-44.252033 -39.559811
-44.238083 -39.575752
-44.224087 -39.591694
-44.210735 -39.609016
-44.197342 -39.626331
-44.183910 -39.643639
-44.170437 -39.660938
-44.156921 -39.678230
-44.143364 -39.695518
-44.129768 -39.712799
-44.116131 -39.730072
-44.102451 -39.747337
-44.088730 -39.764599
-44.074966 -39.781853
-44.061165 -39.799099
-44.047321 -39.816338
-44.033436 -39.833572
-44.019508 -39.850800
-44.005543 -39.868019
-43.991535 -39.885231
-43.977486 -39.902439
-43.963394 -39.919640
-43.949261 -39.936832
-43.935089 -39.954018
-43.920876 -39.971199
-43.906620 -39.988373
-43.892323 -40.005539
-43.877987 -40.022697
-43.863609 -40.039852
-43.849190 -40.056999
-43.834728 -40.074139
-43.820225 -40.091270
-43.805683 -40.108398
-43.791100 -40.125519
-43.776474 -40.142632
-43.761806 -40.159737
-43.747101 -40.176838
-43.732353 -40.193932
-43.717564 -40.211018
-43.702732 -40.228096
-43.687862 -40.245171
-43.672951 -40.262238
-43.657997 -40.279297
-43.648205 -40.295601
-43.638412 -40.311901
-43.628620 -40.328197
-43.618832 -40.344494
-43.609043 -40.360786
-43.599255 -40.377075
-43.589466 -40.393360
-43.579678 -40.409641
-43.569889 -40.425919
-43.560101 -40.442192
-43.550312 -40.458462
-43.540524 -40.474728
-43.530735 -40.490990
-43.520947 -40.507248
-43.511158 -40.523502
-43.501369 -40.539753
-43.491581 -40.556000
-43.481792 -40.572243
-43.472004 -40.588482
-43.462215 -40.604717
-43.452427 -40.620949
-43.442638 -40.637177
-43.432854 -40.653400
-43.423069 -40.669621
-43.413284 -40.685837
-43.403500 -40.702049
-43.393715 -40.718258
-43.383930 -40.734463
-43.374146 -40.750664
-43.364361 -40.766861
-43.354576 -40.783054
-43.344791 -40.799244
-43.335007 -40.815430
-43.325222 -40.831612
-43.315437 -40.847790
-43.305653 -40.863964
-43.295868 -40.880138
-43.286083 -40.896309
-43.276299 -40.912476
-43.266514 -40.928638
-43.261505 -40.946068
-43.256535 -40.963486
-43.251602 -40.980896
-43.246708 -40.998299
-43.241852 -41.015690
-43.237034 -41.033073
-43.232254 -41.050449
-43.227512 -41.067814
-43.222809 -41.085171
-43.218143 -41.102520
-43.213516 -41.119858
-43.208927 -41.137188
-43.204376 -41.154510
-43.199863 -41.171825
-43.195389 -41.189129
-43.190952 -41.206425
-43.186554 -41.223713
-43.182194 -41.240990
-43.177872 -41.258259
-43.173588 -41.275520
-43.169342 -41.292770
-43.165134 -41.310013
-43.160965 -41.327248
-43.156834 -41.344471
-43.152740 -41.361687
-43.148685 -41.378895
-43.144669 -41.396095
-43.140690 -41.413284
-43.136749 -41.430466
-43.132847 -41.447639
-43.128983 -41.464802
-43.125156 -41.481956
-43.121368 -41.499104
-43.117619 -41.516239
-43.113907 -41.533367
-43.110233 -41.550488
-43.106598 -41.567596
-43.103001 -41.584698
-43.099442 -41.601791
-43.095921 -41.618877
-43.091049 -41.639053
-43.086208 -41.659206
-43.081394 -41.679340
-43.076607 -41.699451
-43.071846 -41.719543
-43.067112 -41.739613
-43.062405 -41.759659
-43.057724 -41.779686
-43.053070 -41.799690
-43.048443 -41.819675
-43.043846 -41.839638
-43.039276 -41.859581
-43.034733 -41.879501
-43.030216 -41.899399
-43.025726 -41.919277
-43.021263 -41.939133
-43.016827 -41.958969
-43.012417 -41.978783
-43.008034 -41.998577
-43.003677 -42.018349
-42.999352 -42.038101
-42.995052 -42.057831
-42.990780 -42.077538
-42.986534 -42.097225
-42.982315 -42.116890
-42.978123 -42.136536
-42.973957 -42.156158
-42.969818 -42.175762
-42.965706 -42.195343
-42.961620 -42.214901
-42.957565 -42.234440
-42.953537 -42.253956
-42.949535 -42.273453
-42.945560 -42.292927
-42.941612 -42.312382
-42.937691 -42.331814
-42.933796 -42.351223
-42.929928 -42.370613
-42.926086 -42.389980
-42.922276 -42.409328
-42.920292 -42.427185
-42.918350 -42.445026
-42.916451 -42.462852
-42.914593 -42.480663
-42.912773 -42.498459
-42.910995 -42.516239
-42.909260 -42.534004
-42.907566 -42.551754
-42.905914 -42.569489
-42.904305 -42.587208
-42.902733 -42.604912
-42.901203 -42.622601
-42.899715 -42.640274
-42.898270 -42.657932
-42.896866 -42.675575
-42.895504 -42.693203
-42.894184 -42.710815
-42.892902 -42.728413
-42.891663 -42.745995
-42.890465 -42.763561
-42.889309 -42.781113
-42.888195 -42.798645
-42.887123 -42.816162
-42.886093 -42.833664
-42.885101 -42.851151
-42.884151 -42.868622
-42.883244 -42.886078
-42.882378 -42.903519
-42.881554 -42.920944
-42.880772 -42.938354
-42.880032 -42.955750
-42.879330 -42.973129
-42.878670 -42.990494
-42.878052 -43.007843
-42.877476 -43.025177
-42.876942 -43.042496
-42.876450 -43.059799
-42.875999 -43.077087
-42.875587 -43.094360
-42.875217 -43.111618
-42.876110 -43.130455
-42.877056 -43.149269
-42.878052 -43.168060
-42.879101 -43.186832
-42.880199 -43.205582
-42.881348 -43.224308
-42.882549 -43.243015
-42.883801 -43.261700
-42.885105 -43.280361
-42.886459 -43.299000
-42.887863 -43.317619
-42.889320 -43.336216
-42.890827 -43.354790
-42.892387 -43.373344
-42.893997 -43.391876
-42.895657 -43.410385
-42.897369 -43.428875
-42.899132 -43.447342
-42.900948 -43.465786
-42.902813 -43.484207
-42.904728 -43.502609
-42.906696 -43.520988
-42.908714 -43.539345
-42.910786 -43.557682
-42.912907 -43.575996
-42.915077 -43.594288
-42.917301 -43.612560
-42.919575 -43.630810
-42.921902 -43.649036
-42.924278 -43.667240
-42.926704 -43.685425
-42.929184 -43.703587
-42.931713 -43.721725
-42.934296 -43.739845
-42.936928 -43.757942
-42.939610 -43.776016
-42.942345 -43.794071
-42.945129 -43.812103
-42.947968 -43.830112
-42.950855 -43.848099
-42.953491 -43.861557
-42.956177 -43.875011
-42.958912 -43.888462
-42.961693 -43.901909
-42.964523 -43.915352
-42.967403 -43.928791
-42.970333 -43.942230
-42.973309 -43.955666
-42.976334 -43.969097
-42.979408 -43.982525
-42.982533 -43.995949
-42.985703 -44.009369
-42.988922 -44.022785
-42.992191 -44.036198
-42.995510 -44.049606
-42.998878 -44.063011
-43.002293 -44.076412
-43.005756 -44.089809
-43.009270 -44.103203
-43.012833 -44.116592
-43.016441 -44.129978
-43.020100 -44.143360
-43.023808 -44.156738
-43.027565 -44.170113
-43.031368 -44.183483
-43.035221 -44.196850
-43.039124 -44.210213
-43.043076 -44.223572
-43.047073 -44.236927
-43.051121 -44.250282
-43.055218 -44.263634
-43.059364 -44.276981
-43.063560 -44.290325
-43.067802 -44.303665
-43.072094 -44.317001
-43.076435 -44.330334
-43.080826 -44.343662
-43.085262 -44.356987
-43.089748 -44.370308
-43.094284 -44.383625
-43.093628 -44.402790
-43.092976 -44.421928
-43.092331 -44.441040
-43.091694 -44.460125
-43.091064 -44.479179
-43.090443 -44.498207
-43.089828 -44.517208
-43.089222 -44.536182
-43.088623 -44.555130
-43.088028 -44.574051
-43.087440 -44.592945
-43.086861 -44.611813
-43.086288 -44.630653
-43.085724 -44.649464
-43.085167 -44.668247
-43.084618 -44.687004
-43.084072 -44.705734
-43.083534 -44.724438
-43.083004 -44.743114
-43.082481 -44.761765
-43.081966 -44.780388
-43.081459 -44.798981
-43.080959 -44.817547
-43.080463 -44.836086
-43.079975 -44.854599
-43.079494 -44.873085
-43.079021 -44.891544
-43.078556 -44.909977
-43.078098 -44.928383
-43.077648 -44.946762
-43.077202 -44.965111
-43.076763 -44.983433
-43.076332 -45.001728
-43.075909 -45.019997
-43.075493 -45.038239
-43.075085 -45.056454
-43.074684 -45.074642
-43.074287 -45.092804
-43.073898 -45.110935
-43.073517 -45.129040
-43.078838 -45.145039
-43.084213 -45.161018
-43.089638 -45.176979
-43.095116 -45.192921
-43.100647 -45.208843
-43.106232 -45.224751
-43.111866 -45.240639
-43.117554 -45.256508
-43.123295 -45.272358
-43.129086 -45.288189
-43.134930 -45.304001
-43.140827 -45.319794
-43.146778 -45.335567
-43.152779 -45.351322
-43.158833 -45.367058
-43.164940 -45.382774
-43.171097 -45.398472
-43.177307 -45.414150
-43.183571 -45.429810
-43.189888 -45.445454
-43.196255 -45.461079
-43.202675 -45.476685
-43.209148 -45.492271
-43.215672 -45.507839
-43.222248 -45.523388
-43.228878 -45.538918
-43.235561 -45.554428
-43.242294 -45.569920
-43.249081 -45.585392
-43.255920 -45.600845
-43.262810 -45.616280
-43.269753 -45.631695
-43.276749 -45.647091
-43.283794 -45.662472
-43.290894 -45.677834
-43.298046 -45.693176
-43.305252 -45.708500
-43.312508 -45.723804
-43.319817 -45.739090
-43.327179 -45.754356
-43.328884 -45.765182
-43.330597 -45.776009
-43.332317 -45.786835
-43.334045 -45.797661
-43.335781 -45.808483
-43.337521 -45.819305
-43.339268 -45.830128
-43.341022 -45.840950
-43.342785 -45.851768
-43.344555 -45.862587
-43.346333 -45.873405
-43.348114 -45.884220
-43.349903 -45.895035
-43.351700 -45.905849
-43.353504 -45.916664
-43.355316 -45.927475
-43.357136 -45.938286
-43.358959 -45.949097
-43.360790 -45.959908
-43.362629 -45.970715
-43.364475 -45.981522
-43.366329 -45.992329
-43.368191 -46.003132
-43.370056 -46.013935
-43.371929 -46.024738
-43.373810 -46.035542
-43.375698 -46.046341
-43.377594 -46.057140
-43.379498 -46.067940
-43.381405 -46.078735
-43.383320 -46.089531
-43.385242 -46.100327
-43.387173 -46.111122
-43.389111 -46.121914
-43.391056 -46.132706
-43.393005 -46.143497
-43.394962 -46.154289
-43.396927 -46.165077
-43.398899 -46.175865
-43.400879 -46.186653
-43.405144 -46.202072
-43.409435 -46.217468
-43.413754 -46.232845
-43.418095 -46.248203
-43.422462 -46.263542
-43.426853 -46.278862
-43.431271 -46.294163
-43.435711 -46.309441
-43.440178 -46.324699
-43.444672 -46.339939
-43.449188 -46.355160
-43.453732 -46.370361
-43.458298 -46.385544
-43.462891 -46.400707
-43.467510 -46.415848
-43.472153 -46.430969
-43.476822 -46.446072
-43.481514 -46.461155
-43.486233 -46.476219
-43.490974 -46.491264
-43.495743 -46.506290
-43.500538 -46.521294
-43.505356 -46.536278
-43.510201 -46.551243
-43.515068 -46.566189
-43.519962 -46.581116
-43.524883 -46.596024
-43.529827 -46.610909
-43.534798 -46.625774
-43.539791 -46.640621
-43.544811 -46.655449
-43.549854 -46.670258
-43.554924 -46.685047
-43.560020 -46.699818
-43.565140 -46.714565
-43.570286 -46.729294
-43.575455 -46.744003
-43.580650 -46.758694
-43.585869 -46.773365
-43.591114 -46.788017
-43.597645 -46.804626
-43.604210 -46.821209
-43.610809 -46.837765
-43.617447 -46.854294
-43.624119 -46.870792
-43.630825 -46.887264
-43.637566 -46.903709
-43.644341 -46.920128
-43.651154 -46.936520
-43.658001 -46.952881
-43.664883 -46.969215
-43.671799 -46.985523
-43.678749 -47.001804
-43.685738 -47.018055
-43.692760 -47.034279
-43.699818 -47.050476
-43.706909 -47.066647
-43.714035 -47.082787
-43.721199 -47.098900
-43.728397 -47.114986
-43.735630 -47.131046
-43.742897 -47.147076
-43.750198 -47.163078
-43.757538 -47.179054
-43.764912 -47.195004
-43.772320 -47.210926
-43.779762 -47.226818
-43.787239 -47.242683
-43.794754 -47.258522
-43.802303 -47.274334
-43.809887 -47.290115
-43.817505 -47.305870
-43.825157 -47.321598
-43.832848 -47.337299
-43.840572 -47.352970
-43.848331 -47.368614
-43.856125 -47.384232
-43.863953 -47.399822
-43.871819 -47.415382
-43.879719 -47.430916
-43.889759 -47.443558
-43.899849 -47.456184
-43.909992 -47.468796
-43.920185 -47.481392
-43.930431 -47.493969
-43.940727 -47.506531
-43.951077 -47.519077
-43.961479 -47.531609
-43.971931 -47.544125
-43.982437 -47.556622
-43.992992 -47.569103
-44.003601 -47.581570
-44.014263 -47.594021
-44.024975 -47.606457
-44.035740 -47.618874
-44.046555 -47.631275
-44.057423 -47.643661
-44.068340 -47.656033
-44.079311 -47.668385
-44.090336 -47.680721
-44.101410 -47.693043
-44.112537 -47.705349
-44.123714 -47.717640
-44.134945 -47.729912
-44.146225 -47.742168
-44.157558 -47.754410
-44.168945 -47.766636
-44.180382 -47.778843
-44.191872 -47.791035
-44.203411 -47.803211
-44.215004 -47.815372
-44.226650 -47.827518
-44.238346 -47.839645
-44.250095 -47.851757
-44.261894 -47.863853
-44.273746 -47.875935
-44.285648 -47.887997
-44.297604 -47.900043
-44.309612 -47.912075
-44.321671 -47.924091
-44.336025 -47.939663
-44.350449 -47.955204
-44.364941 -47.970715
-44.379501 -47.986195
-44.394135 -48.001644
-44.408836 -48.017063
-44.423607 -48.032452
-44.438446 -48.047810
-44.453358 -48.063137
-44.468338 -48.078434
-44.483387 -48.093700
-44.498505 -48.108936
-44.513695 -48.124142
-44.528954 -48.139317
-44.544281 -48.154461
-44.559677 -48.169579
-44.575146 -48.184666
-44.590683 -48.199722
-44.606289 -48.214748
-44.621964 -48.229744
-44.637711 -48.244709
-44.653526 -48.259644
-44.669411 -48.274548
-44.685364 -48.289421
-44.701389 -48.304264
-44.717484 -48.319077
-44.733646 -48.333858
-44.749878 -48.348610
-44.766182 -48.363331
-44.782555 -48.378021
-44.798996 -48.392681
-44.815506 -48.407310
-44.832088 -48.421909
-44.848740 -48.436478
-44.865459 -48.451015
-44.882248 -48.465523
-44.899105 -48.480000
-44.916035 -48.494446
-44.933033 -48.508862
-44.950100 -48.523247
-44.973122 -48.543018
-44.996258 -48.562737
-45.019512 -48.582401
-45.042881 -48.602016
-45.066368 -48.621578
-45.089970 -48.641087
-45.113689 -48.660545
-45.137524 -48.679951
-45.161476 -48.699303
-45.185543 -48.718601
-45.209728 -48.737850
-45.234028 -48.757046
-45.258446 -48.776188
-45.282978 -48.795280
-45.307629 -48.814320
-45.332394 -48.833305
-45.357277 -48.852242
-45.382275 -48.871124
-45.407391 -48.889954
-45.432621 -48.908733
-45.457970 -48.927460
-45.483433 -48.946133
-45.509014 -48.964756
-45.534710 -48.983326
-45.560524 -49.001842
-45.586452 -49.020309
-45.612499 -49.038723
-45.638660 -49.057083
-45.664940 -49.075390
-45.691334 -49.093647
-45.717846 -49.111851
-45.744473 -49.130001
-45.771217 -49.148102
-45.798077 -49.166149
-45.825054 -49.184143
-45.852146 -49.202087
-45.879356 -49.219978
-45.906681 -49.237816
-45.934120 -49.255604
-45.961678 -49.273338
-45.988708 -49.285892
-46.015850 -49.298412
-46.043102 -49.310902
-46.070465 -49.323360
-46.097942 -49.335789
-46.125530 -49.348183
-46.153229 -49.360546
-46.181038 -49.372879
-46.208958 -49.385178
-46.236988 -49.397446
-46.265133 -49.409683
-46.293388 -49.421890
-46.321754 -49.434063
-46.350231 -49.446205
-46.378819 -49.458317
-46.407516 -49.470394
-46.436325 -49.482441
-46.465248 -49.494457
-46.494282 -49.506443
-46.523426 -49.518394
-46.552681 -49.530315
-46.582047 -49.542206
-46.611523 -49.554062
-46.641109 -49.565887
-46.670811 -49.577682
-46.700623 -49.589447
-46.730545 -49.601177
-46.760578 -49.612877
-46.790722 -49.624546
-46.820976 -49.636181
-46.851345 -49.647785
-46.881824 -49.659359
-46.912415 -49.670902
-46.943115 -49.682411
-46.973927 -49.693890
-47.004848 -49.705338
-47.035881 -49.716751
-47.067028 -49.728134
-47.098286 -49.739487
-47.129654 -49.750809
-47.160728 -49.761997
-47.191914 -49.773155
-47.223206 -49.784283
-47.254604 -49.795380
-47.286114 -49.806442
-47.317730 -49.817474
-47.349453 -49.828476
-47.381287 -49.839447
-47.413227 -49.850388
-47.445274 -49.861298
-47.477428 -49.872173
-47.509693 -49.883018
-47.542065 -49.893833
-47.574543 -49.904617
-47.607132 -49.915371
-47.639828 -49.926090
-47.672630 -49.936779
-47.705544 -49.947437
-47.738564 -49.958065
-47.771690 -49.968662
-47.804928 -49.979229
-47.838272 -49.989761
-47.871723 -50.000263
-47.905285 -50.010735
-47.938953 -50.021175
-47.972729 -50.031586
-48.006611 -50.041965
-48.040604 -50.052311
-48.074703 -50.062626
-48.108910 -50.072910
-48.143227 -50.083164
-48.177650 -50.093388
-48.212181 -50.103577
-48.246822 -50.113735
-48.281570 -50.123863
-48.316425 -50.133961
-48.351391 -50.144028
-48.386463 -50.154064
-48.421642 -50.164066
-48.456928 -50.174038
-48.491444 -50.186993
-48.526058 -50.199902
-48.560776 -50.212769
-48.595592 -50.225594
-48.630508 -50.238373
-48.665527 -50.251110
-48.700645 -50.263805
-48.735867 -50.276455
-48.771187 -50.289062
-48.806610 -50.301628
-48.842133 -50.314148
-48.877758 -50.326626
-48.913483 -50.339062
-48.949310 -50.351452
-48.985237 -50.363800
-49.021267 -50.376106
-49.057396 -50.388367
-49.093628 -50.400585
-49.129959 -50.412762
-49.166393 -50.424892
-49.202927 -50.436981
-49.239563 -50.449024
-49.276299 -50.461025
-49.313137 -50.472984
-49.350075 -50.484898
-49.387115 -50.496769
-49.424255 -50.508598
-49.461494 -50.520382
-49.498837 -50.532124
-49.536278 -50.543823
-49.573822 -50.555477
-49.611465 -50.567089
-49.649212 -50.578659
-49.687057 -50.590183
-49.725006 -50.601665
-49.763054 -50.613106
-49.801205 -50.624500
-49.839455 -50.635853
-49.877808 -50.647163
-49.916260 -50.658428
-49.949661 -50.671555
-49.983120 -50.684631
-50.016640 -50.697655
-50.050220 -50.710629
-50.083862 -50.723553
-50.117561 -50.736423
-50.151321 -50.749245
-50.185143 -50.762016
-50.219025 -50.774734
-50.252968 -50.787403
-50.286968 -50.800022
-50.321030 -50.812588
-50.355152 -50.825104
-50.389336 -50.837570
-50.423576 -50.849983
-50.457878 -50.862347
-50.492241 -50.874657
-50.526665 -50.886917
-50.561146 -50.899128
-50.595688 -50.911285
-50.630291 -50.923393
-50.664955 -50.935452
-50.699677 -50.947456
-50.734459 -50.959412
-50.769302 -50.971317
-50.804207 -50.983170
-50.839169 -50.994972
-50.874191 -51.006725
-50.909275 -51.018425
-50.944420 -51.030075
-50.979622 -51.041672
-51.014885 -51.053219
-51.050209 -51.064716
-51.085594 -51.076160
-51.121037 -51.087555
-51.156540 -51.098900
-51.192104 -51.110191
-51.227730 -51.121433
-51.263412 -51.132626
-51.299156 -51.143764
-51.357830 -51.140945
-51.416744 -51.138134
-51.475903 -51.135326
-51.535301 -51.132523
-51.594940 -51.129723
-51.654823 -51.126930
-51.714947 -51.124142
-51.775311 -51.121357
-51.835918 -51.118580
-51.896767 -51.115807
-51.957855 -51.113037
-52.019188 -51.110271
-52.080761 -51.107513
-52.142574 -51.104759
-52.204632 -51.102009
-52.266930 -51.099266
-52.329468 -51.096527
-52.392250 -51.093792
-52.455273 -51.091061
-52.518536 -51.088337
-52.582043 -51.085617
-52.645790 -51.082901
-52.709778 -51.080193
-52.774010 -51.077488
-52.838482 -51.074787
-52.903194 -51.072090
-52.968151 -51.069401
-53.033348 -51.066715
-53.098785 -51.064034
-53.164467 -51.061359
-53.230389 -51.058689
-53.296551 -51.056023
-53.362957 -51.053360
-53.429604 -51.050705
-53.496490 -51.048054
-53.563622 -51.045406
-53.630993 -51.042767
-53.698605 -51.040131
-53.766460 -51.037498
-53.834557 -51.034870
-53.861214 -51.046776
-53.887779 -51.058628
-53.914257 -51.070427
-53.940647 -51.082172
-53.966946 -51.093864
-53.993156 -51.105503
-54.019279 -51.117088
-54.045311 -51.128620
-54.071255 -51.140099
-54.097107 -51.151524
-54.122871 -51.162895
-54.148548 -51.174213
-54.174133 -51.185478
-54.199631 -51.196690
-54.225040 -51.207848
-54.250359 -51.218952
-54.275589 -51.230003
-54.300728 -51.241001
-54.325779 -51.251945
-54.350742 -51.262836
-54.375614 -51.273674
-54.400398 -51.284458
-54.425091 -51.295189
-54.449696 -51.305866
-54.474213 -51.316490
-54.498638 -51.327061
-54.522976 -51.337578
-54.547226 -51.348042
-54.571384 -51.358452
-54.595455 -51.368809
-54.619434 -51.379112
-54.643326 -51.389362
-54.667130 -51.399559
-54.690842 -51.409702
-54.714466 -51.419792
-54.737999 -51.429829
-54.761444 -51.439812
-54.784801 -51.449741
-54.808067 -51.459618
-54.831245 -51.469440
-54.837902 -51.472897
-54.844341 -51.476326
-54.850559 -51.479729
-54.856560 -51.483101
-54.862339 -51.486446
-54.867901 -51.489761
-54.873241 -51.493050
-54.878361 -51.496311
-54.883263 -51.499542
-54.887943 -51.502747
-54.892406 -51.505924
-54.896648 -51.509071
-54.900673 -51.512192
-54.904476 -51.515285
-54.908058 -51.518349
-54.911423 -51.521385
-54.914566 -51.524391
-54.917492 -51.527370
-54.920197 -51.530323
-54.922684 -51.533245
-54.924950 -51.536140
-54.926998 -51.539009
-54.928825 -51.541847
-54.930431 -51.544659
-54.931820 -51.547443
-54.932987 -51.550198
-54.933937 -51.552925
-54.934666 -51.555622
-54.935177 -51.558292
-54.935467 -51.560936
-54.935535 -51.563549
-54.935387 -51.566135
-54.935017 -51.568695
-54.934429 -51.571224
-54.933620 -51.573727
-54.932594 -51.576199
-54.931347 -51.578644
-54.929878 -51.581062
-54.928192 -51.583450
-54.926285 -51.585812
-54.930271 -51.586514
-54.934086 -51.587193
-54.937729 -51.587852
-54.941200 -51.588490
-54.944500 -51.589108
-54.947628 -51.589703
-54.950588 -51.590275
-54.953377 -51.590828
-54.955994 -51.591358
-54.958439 -51.591866
-54.960712 -51.592354
-54.962814 -51.592819
-54.964745 -51.593262
-54.966507 -51.593685
-54.968098 -51.594086
-54.969517 -51.594463
-54.970764 -51.594822
-54.971840 -51.595158
-54.972744 -51.595470
-54.973480 -51.595764
-54.974045 -51.596035
-54.974438 -51.596283
-54.974659 -51.596512
-54.974709 -51.596718
-54.974586 -51.596905
-54.974293 -51.597069
-54.973831 -51.597210
-54.973198 -51.597332
-54.972393 -51.597431
-54.971416 -51.597507
-54.970268 -51.597565
-54.968948 -51.597599
-54.967457 -51.597610
-54.965797 -51.597603
-54.963966 -51.597572
-54.961964 -51.597519
-54.959789 -51.597446
-54.957443 -51.597351
-54.954926 -51.597233
-54.952236 -51.597095
-54.960114 -51.603271
-54.967903 -51.609402
-54.975609 -51.615486
-54.983227 -51.621521
-54.990761 -51.627510
-54.998207 -51.633453
-55.005569 -51.639347
-55.012844 -51.645195
-55.020035 -51.650997
-55.027138 -51.656750
-55.034157 -51.662457
-55.041088 -51.668118
-55.047935 -51.673733
-55.054695 -51.679298
-55.061371 -51.684818
-55.067959 -51.690292
-55.074459 -51.695717
-55.080875 -51.701096
-55.087204 -51.706429
-55.093449 -51.711712
-55.099606 -51.716949
-55.105679 -51.722141
-55.111664 -51.727283
-55.117565 -51.732380
-55.123379 -51.737431
-55.129108 -51.742432
-55.134750 -51.747387
-55.140308 -51.752296
-55.145779 -51.757156
-55.151165 -51.761971
-55.156464 -51.766739
-55.161678 -51.771458
-55.166805 -51.776131
-55.171848 -51.780758
-55.176804 -51.785336
-55.181675 -51.789867
-55.186459 -51.794353
-55.191158 -51.798794
-55.195770 -51.803185
-55.200298 -51.807529
-55.218815 -51.802639
-55.237354 -51.797737
-55.255920 -51.792828
-55.274513 -51.787907
-55.293133 -51.782974
-55.311775 -51.778034
-55.330444 -51.773083
-55.349140 -51.768120
-55.367863 -51.763149
-55.386608 -51.758167
-55.405380 -51.753174
-55.424179 -51.748173
-55.443005 -51.743160
-55.461853 -51.738140
-55.480728 -51.733109
-55.499630 -51.728065
-55.518559 -51.723015
-55.537510 -51.717953
-55.556488 -51.712879
-55.575493 -51.707798
-55.594524 -51.702705
-55.613583 -51.697601
-55.632664 -51.692490
-55.651772 -51.687366
-55.670906 -51.682232
-55.690067 -51.677090
-55.709251 -51.671936
-55.728462 -51.666771
-55.747700 -51.661598
-55.766964 -51.656414
-55.786251 -51.651222
-55.805565 -51.646019
-55.824905 -51.640804
-55.844273 -51.635582
-55.863663 -51.630348
-55.883080 -51.625103
-55.902523 -51.619850
-55.921993 -51.614586
-55.941490 -51.609310
-55.961010 -51.604027
-55.962742 -51.599255
-55.964355 -51.594471
-55.965855 -51.589676
-55.967239 -51.584869
-55.968506 -51.580048
-55.969658 -51.575214
-55.970695 -51.570370
-55.971615 -51.565514
-55.972420 -51.560646
-55.973110 -51.555763
-55.973686 -51.550869
-55.974144 -51.545963
-55.974487 -51.541046
-55.974716 -51.536118
-55.974827 -51.531174
-55.974823 -51.526218
-55.974705 -51.521252
-55.974468 -51.516273
-55.974117 -51.511284
-55.973652 -51.506279
-55.973072 -51.501263
-55.972374 -51.496235
-55.971561 -51.491196
-55.970634 -51.486145
-55.969589 -51.481079
-55.968430 -51.476002
-55.967155 -51.470913
-55.965763 -51.465813
-55.964256 -51.460701
-55.962635 -51.455574
-55.960896 -51.450436
-55.959042 -51.445286
-55.957073 -51.440125
-55.954990 -51.434952
-55.952789 -51.429764
-55.950474 -51.424564
-55.948044 -51.419353
-55.945496 -51.414131
-55.942833 -51.408897
-55.940056 -51.403648
-55.943813 -51.399708
-55.947510 -51.395752
-55.951141 -51.391777
-55.954712 -51.387783
-55.958221 -51.383774
-55.961666 -51.379745
-55.965050 -51.375702
-55.968369 -51.371639
-55.971626 -51.367558
-55.974819 -51.363461
-55.977951 -51.359344
-55.981018 -51.355213
-55.984024 -51.351063
-55.986965 -51.346893
-55.989845 -51.342709
-55.992661 -51.338505
-55.995415 -51.334286
-55.998108 -51.330048
-56.000736 -51.325794
-56.003304 -51.321522
-56.005806 -51.317230
-56.008247 -51.312923
-56.010624 -51.308598
-56.012939 -51.304256
-56.015190 -51.299896
-56.017380 -51.295517
-56.019505 -51.291122
-56.021568 -51.286709
-56.023567 -51.282280
-56.025505 -51.277832
-56.027382 -51.273369
-56.029194 -51.268887
-56.030945 -51.264385
-56.032631 -51.259869
-56.034256 -51.255333
-56.035816 -51.250782
-56.037315 -51.246212
-56.038750 -51.241623
-56.040123 -51.237019
-56.041431 -51.232395
-56.048878 -51.232101
-56.056309 -51.231770
-56.063728 -51.231403
-56.071133 -51.231003
-56.078526 -51.230568
-56.085903 -51.230099
-56.093269 -51.229595
-56.100620 -51.229057
-56.107956 -51.228481
-56.115280 -51.227871
-56.122589 -51.227226
-56.129887 -51.226547
-56.137169 -51.225834
-56.144440 -51.225086
-56.151695 -51.224300
-56.158939 -51.223480
-56.166168 -51.222626
-56.173382 -51.221737
-56.180584 -51.220814
-56.187771 -51.219856
-56.194946 -51.218861
-56.202106 -51.217831
-56.209255 -51.216766
-56.216389 -51.215668
-56.223507 -51.214535
-56.230614 -51.213367
-56.237705 -51.212162
-56.244785 -51.210922
-56.251850 -51.209648
-56.258904 -51.208340
-56.265942 -51.206997
-56.272964 -51.205620
-56.279976 -51.204205
-56.286972 -51.202755
-56.293957 -51.201271
-56.300926 -51.199753
-56.307884 -51.198200
-56.314827 -51.196613
-56.321758 -51.194992
-56.328674 -51.193333
-56.340401 -51.187332
-56.352154 -51.181313
-56.363930 -51.175278
-56.375732 -51.169224
-56.387558 -51.163151
-56.399410 -51.157063
-56.411285 -51.150955
-56.423187 -51.144833
-56.435112 -51.138691
-56.447063 -51.132530
-56.459038 -51.126354
-56.471039 -51.120159
-56.483063 -51.113945
-56.495113 -51.107716
-56.507187 -51.101467
-56.519287 -51.095203
-56.531410 -51.088921
-56.543560 -51.082619
-56.555733 -51.076302
-56.567928 -51.069965
-56.580151 -51.063610
-56.592396 -51.057240
-56.604668 -51.050850
-56.616962 -51.044445
-56.629284 -51.038021
-56.641628 -51.031578
-56.653999 -51.025120
-56.666393 -51.018642
-56.678814 -51.012146
-56.691257 -51.005634
-56.703728 -50.999104
-56.716221 -50.992558
-56.728741 -50.985992
-56.741283 -50.979408
-56.753853 -50.972809
-56.766445 -50.966190
-56.779064 -50.959553
-56.791706 -50.952900
-56.804371 -50.946228
-56.817062 -50.939537
-56.823467 -50.937313
-56.829845 -50.935051
-56.836197 -50.932755
-56.842525 -50.930424
-56.848827 -50.928055
-56.855103 -50.925652
-56.861355 -50.923214
-56.867580 -50.920738
-56.873779 -50.918228
-56.879955 -50.915684
-56.886105 -50.913101
-56.892227 -50.910484
-56.898327 -50.907833
-56.904400 -50.905144
-56.910446 -50.902420
-56.916470 -50.899662
-56.922466 -50.896866
-56.928436 -50.894035
-56.934383 -50.891171
-56.940304 -50.888268
-56.946198 -50.885330
-56.952068 -50.882359
-56.957912 -50.879349
-56.963730 -50.876305
-56.969524 -50.873226
-56.975292 -50.870110
-56.981037 -50.866959
-56.986755 -50.863770
-56.992447 -50.860546
-56.998116 -50.857288
-57.003757 -50.853992
-57.009373 -50.850662
-57.014965 -50.847298
-57.020531 -50.843895
-57.026070 -50.840458
-57.031586 -50.836987
-57.037075 -50.833477
-57.042538 -50.829933
-57.047977 -50.826355
-57.053391 -50.822739
-57.035152 -50.821018
-57.016701 -50.819252
-56.998039 -50.817444
-56.979164 -50.815594
-56.960075 -50.813698
-56.940773 -50.811760
-56.921257 -50.809780
-56.901527 -50.807755
-56.881588 -50.805687
-56.861435 -50.803574
-56.841068 -50.801418
-56.820488 -50.799221
-56.799694 -50.796978
-56.778690 -50.794693
-56.757473 -50.792366
-56.736042 -50.789993
-56.714397 -50.787579
-56.692539 -50.785118
-56.670471 -50.782616
-56.648190 -50.780071
-56.625694 -50.777481
-56.602985 -50.774849
-56.580063 -50.772175
-56.556931 -50.769455
-56.533585 -50.766693
-56.510025 -50.763885
-56.486252 -50.761036
-56.462265 -50.758144
-56.438065 -50.755207
-56.413654 -50.752228
-56.389030 -50.749207
-56.364193 -50.746140
-56.339142 -50.743031
-56.313877 -50.739876
-56.288403 -50.736679
-56.262714 -50.733440
-56.236813 -50.730156
-56.210697 -50.726830
-56.184368 -50.723461
-56.157829 -50.720047
-56.118652 -50.716740
-56.079163 -50.713387
-56.039364 -50.709991
-55.999252 -50.706551
-55.958828 -50.703068
-55.918095 -50.699539
-55.877048 -50.695969
-55.835690 -50.692352
-55.794022 -50.688694
-55.752041 -50.684990
-55.709747 -50.681244
-55.667145 -50.677452
-55.624229 -50.673618
-55.581001 -50.669739
-55.537464 -50.665813
-55.493614 -50.661846
-55.449451 -50.657833
-55.404980 -50.653778
-55.360195 -50.649677
-55.315098 -50.645535
-55.269691 -50.641346
-55.223972 -50.637115
-55.177940 -50.632839
-55.131599 -50.628521
-55.084946 -50.624157
-55.037983 -50.619751
-54.990707 -50.615299
-54.943119 -50.610806
-54.895222 -50.606266
-54.847012 -50.601681
-54.798489 -50.597054
-54.749657 -50.592381
-54.700512 -50.587666
-54.651054 -50.582905
-54.601288 -50.578102
-54.551208 -50.573254
-54.500816 -50.568363
-54.450115 -50.563427
-54.399101 -50.558449
-54.347775 -50.553425
-54.312946 -50.539108
-54.277939 -50.524784
-54.242752 -50.510452
-54.207390 -50.496113
-54.171848 -50.481766
-54.136127 -50.467415
-54.100231 -50.453056
-54.064156 -50.438690
-54.027901 -50.424316
-53.991470 -50.409935
-53.954861 -50.395550
-53.918072 -50.381157
-53.881107 -50.366756
-53.843964 -50.352348
-53.806641 -50.337933
-53.769142 -50.323513
-53.731464 -50.309086
-53.693607 -50.294651
-53.655571 -50.280209
-53.617359 -50.265762
-53.578968 -50.251308
-53.540398 -50.236847
-53.501652 -50.222378
-53.462727 -50.207901
-53.423622 -50.193420
-53.384342 -50.178932
-53.344883 -50.164436
-53.305244 -50.149933
-53.265430 -50.135422
-53.225437 -50.120907
-53.185265 -50.106384
-53.144917 -50.091854
-53.104389 -50.077316
-53.063683 -50.062771
-53.022797 -50.048222
-52.981735 -50.033665
-52.940495 -50.019100
-52.899075 -50.004528
-52.857479 -49.989948
-52.815704 -49.975365
-52.763283 -49.960114
-52.710598 -49.944859
-52.657654 -49.929600
-52.604446 -49.914337
-52.550980 -49.899067
-52.497250 -49.883793
-52.443260 -49.868515
-52.389008 -49.853233
-52.334496 -49.837948
-52.279720 -49.822659
-52.224686 -49.807365
-52.169388 -49.792068
-52.113831 -49.776768
-52.058010 -49.761463
-52.001930 -49.746151
-51.945587 -49.730835
-51.888985 -49.715515
-51.832123 -49.700191
-51.774998 -49.684864
-51.717613 -49.669533
-51.659966 -49.654198
-51.602058 -49.638859
-51.543888 -49.623516
-51.485458 -49.608166
-51.426765 -49.592812
-51.367813 -49.577454
-51.308598 -49.562092
-51.249123 -49.546726
-51.189384 -49.531357
-51.129387 -49.515984
-51.069126 -49.500607
-51.008606 -49.485226
-50.947823 -49.469841
-50.886780 -49.454449
-50.825474 -49.439053
-50.763908 -49.423653
-50.702084 -49.408249
-50.639996 -49.392841
-50.577648 -49.377430
-50.515038 -49.362015
-50.453541 -49.356194
-50.391792 -49.350330
-50.329792 -49.344425
-50.267544 -49.338474
-50.205044 -49.332481
-50.142296 -49.326447
-50.079296 -49.320370
-50.016045 -49.314251
-49.952545 -49.308086
-49.888794 -49.301880
-49.824795 -49.295631
-49.760544 -49.289341
-49.696041 -49.283009
-49.631290 -49.276630
-49.566288 -49.270210
-49.501034 -49.263748
-49.435532 -49.257244
-49.369778 -49.250698
-49.303776 -49.244106
-49.237522 -49.237473
-49.171017 -49.230797
-49.104263 -49.224079
-49.037258 -49.217319
-48.970005 -49.210514
-48.902500 -49.203667
-48.834743 -49.196777
-48.766739 -49.189846
-48.698483 -49.182873
-48.629974 -49.175854
-48.561218 -49.168793
-48.492210 -49.161690
-48.422955 -49.154545
-48.353447 -49.147354
-48.283688 -49.140121
-48.213680 -49.132847
-48.143421 -49.125530
-48.072914 -49.118172
-48.002155 -49.110767
-47.931145 -49.103321
-47.859886 -49.095833
-47.806015 -49.081890
-47.752033 -49.067932
-47.697941 -49.053955
-47.643742 -49.039963
-47.589432 -49.025951
-47.535011 -49.011925
-47.480480 -48.997879
-47.425838 -48.983818
-47.371086 -48.969738
-47.316223 -48.955643
-47.261250 -48.941528
-47.206165 -48.927399
-47.150970 -48.913254
-47.095665 -48.899090
-47.040253 -48.884911
-46.984730 -48.870712
-46.929096 -48.856499
-46.873352 -48.842266
-46.817497 -48.828018
-46.761532 -48.813751
-46.705456 -48.799469
-46.649269 -48.785168
-46.592972 -48.770851
-46.536564 -48.756519
-46.480045 -48.742168
-46.423416 -48.727802
-46.366680 -48.713417
-46.309834 -48.699017
-46.252876 -48.684597
-46.195808 -48.670162
-46.138630 -48.655708
-46.081341 -48.641239
-46.023941 -48.626751
-45.966431 -48.612247
-45.908810 -48.597729
-45.851078 -48.583191
-45.793236 -48.568638
-45.735287 -48.554066
-45.677227 -48.539478
-45.619057 -48.524872
-45.556099 -48.511543
-45.492996 -48.498192
-45.429745 -48.484821
-45.366344 -48.471428
-45.302799 -48.458012
-45.239105 -48.444572
-45.175266 -48.431110
-45.111279 -48.417625
-45.047142 -48.404121
-44.982861 -48.390594
-44.918430 -48.377045
-44.853851 -48.363472
-44.789127 -48.349876
-44.724255 -48.336262
-44.659233 -48.322624
-44.594067 -48.308964
-44.528751 -48.295280
-44.463287 -48.281574
-44.397678 -48.267845
-44.331921 -48.254097
-44.266018 -48.240326
-44.199966 -48.226532
-44.133766 -48.212715
-44.067421 -48.198875
-44.000927 -48.185017
-43.934284 -48.171135
-43.867496 -48.157230
-43.800560 -48.143303
-43.733475 -48.129353
-43.666245 -48.115379
-43.598866 -48.101387
-43.531342 -48.087372
-43.463669 -48.073334
-43.395847 -48.059273
-43.327881 -48.045189
-43.259766 -48.031082
-43.191502 -48.016956
-43.123093 -48.002808
-43.054535 -47.988636
-42.985828 -47.974442
-42.925507 -47.955372
-42.865105 -47.936298
-42.804623 -47.917221
-42.744061 -47.898140
-42.683418 -47.879059
-42.622696 -47.859974
-42.561897 -47.840885
-42.501019 -47.821796
-42.440060 -47.802704
-42.379021 -47.783607
-42.317902 -47.764507
-42.256702 -47.745407
-42.195423 -47.726303
-42.134064 -47.707195
-42.072624 -47.688087
-42.011108 -47.668976
-41.949512 -47.649860
-41.887836 -47.630745
-41.826080 -47.611626
-41.764244 -47.592503
-41.702328 -47.573376
-41.640331 -47.554249
-41.578255 -47.535118
-41.516098 -47.515984
-41.453861 -47.496849
-41.391548 -47.477711
-41.329155 -47.458569
-41.266682 -47.439423
-41.204128 -47.420277
-41.141495 -47.401127
-41.078781 -47.381973
-41.015987 -47.362820
-40.953114 -47.343662
-40.890160 -47.324501
-40.827129 -47.305336
-40.764019 -47.286171
-40.700829 -47.267002
-40.637558 -47.247829
-40.574207 -47.228657
-40.510777 -47.209480
-40.443523 -47.194660
-40.376163 -47.179817
-40.308693 -47.164955
-40.241112 -47.150074
-40.173420 -47.135170
-40.105621 -47.120247
-40.037712 -47.105305
-39.969692 -47.090340
-39.901566 -47.075356
-39.833328 -47.060352
-39.764980 -47.045330
-39.696526 -47.030285
-39.627960 -47.015221
-39.559284 -47.000137
-39.490501 -46.985031
-39.421608 -46.969906
-39.352604 -46.954762
-39.283493 -46.939598
-39.214272 -46.924412
-39.144939 -46.909206
-39.075500 -46.893982
-39.005951 -46.878735
-38.936291 -46.863468
-38.866524 -46.848183
-38.796646 -46.832874
-38.726658 -46.817547
-38.656563 -46.802200
-38.586357 -46.786835
-38.516041 -46.771446
-38.445618 -46.756039
-38.375084 -46.740612
-38.304440 -46.725163
-38.233685 -46.709694
-38.162823 -46.694206
-38.091850 -46.678696
-38.020767 -46.663166
-37.949577 -46.647617
-37.878277 -46.632050
-37.806866 -46.616459
-37.735348 -46.600849
-37.666618 -46.585831
-37.597801 -46.570789
-37.528896 -46.555725
-37.459908 -46.540638
-37.390831 -46.525528
-37.321667 -46.510395
-37.252419 -46.495239
-37.183083 -46.480061
-37.113663 -46.464859
-37.044155 -46.449635
-36.974560 -46.434387
-36.904881 -46.419117
-36.835114 -46.403824
-36.765259 -46.388508
-36.695320 -46.373173
-36.625294 -46.357815
-36.555180 -46.342434
-36.484982 -46.327030
-36.414696 -46.311604
-36.344322 -46.296154
-36.273865 -46.280682
-36.203320 -46.265186
-36.132687 -46.249668
-36.061970 -46.234127
-35.991165 -46.218563
-35.920277 -46.202976
-35.849300 -46.187366
-35.778236 -46.171734
-35.707088 -46.156078
-35.635853 -46.140400
-35.564529 -46.124702
-35.493122 -46.108982
-35.421627 -46.093239
-35.350044 -46.077473
-35.278378 -46.061684
-35.206623 -46.045872
-35.134781 -46.030037
-35.062855 -46.014179
-34.990841 -45.998299
-34.918739 -45.982395
-34.845192 -45.967491
-34.771549 -45.952560
-34.697807 -45.937603
-34.623970 -45.922619
-34.550034 -45.907608
-34.476002 -45.892570
-34.401871 -45.877506
-34.327644 -45.862415
-34.253319 -45.847298
-34.178898 -45.832153
-34.104378 -45.816982
-34.029762 -45.801785
-33.955048 -45.786560
-33.880238 -45.771309
-33.805328 -45.756031
-33.730324 -45.740726
-33.655220 -45.725395
-33.580021 -45.710037
-33.504723 -45.694653
-33.429329 -45.679241
-33.353836 -45.663803
-33.278248 -45.648338
-33.202560 -45.632843
-33.126778 -45.617321
-33.050900 -45.601772
-32.974922 -45.586197
-32.898849 -45.570595
-32.822678 -45.554966
-32.746410 -45.539310
-32.670044 -45.523628
-32.593582 -45.507919
-32.517021 -45.492184
-32.440365 -45.476421
-32.363609 -45.460632
-32.286758 -45.444817
-32.209808 -45.428974
-32.132763 -45.413105
-32.055618 -45.397209
-31.978378 -45.381287
-31.901041 -45.365337
-31.824551 -45.349190
-31.747971 -45.333015
-31.671301 -45.316814
-31.594542 -45.300587
-31.517693 -45.284332
-31.440754 -45.268051
-31.363726 -45.251747
-31.286608 -45.235416
-31.209400 -45.219059
-31.132103 -45.202675
-31.054716 -45.186264
-30.977240 -45.169827
-30.899673 -45.153366
-30.822018 -45.136879
-30.744272 -45.120365
-30.666437 -45.103825
-30.588512 -45.087257
-30.510498 -45.070663
-30.432394 -45.054047
-30.354200 -45.037403
-30.275917 -45.020733
-30.197544 -45.004036
-30.119080 -44.987312
-30.040525 -44.970566
-29.961882 -44.953793
-29.883148 -44.936993
-29.804325 -44.920166
-29.725412 -44.903313
-29.646410 -44.886433
-29.567318 -44.869530
-29.488136 -44.852600
-29.408865 -44.835644
-29.329504 -44.818661
-29.250053 -44.801651
-29.170513 -44.784615
-29.090883 -44.767555
-29.011164 -44.750469
-28.931355 -44.733356
-28.851456 -44.716217
-28.771467 -44.699051
-28.693304 -44.681847
-28.615067 -44.664616
-28.536755 -44.647362
-28.458368 -44.630081
-28.379908 -44.612774
-28.301373 -44.595440
-28.222763 -44.578079
-28.144079 -44.560692
-28.065321 -44.543282
-27.986488 -44.525845
-27.907581 -44.508381
-27.828598 -44.490891
-27.749540 -44.473373
-27.670408 -44.455833
-27.591202 -44.438267
-27.511921 -44.420673
-27.432566 -44.403053
-27.353136 -44.385406
-27.273632 -44.367733
-27.194054 -44.350037
-27.114401 -44.332314
-27.034674 -44.314564
-26.954872 -44.296787
-26.874996 -44.278984
-26.795046 -44.261158
-26.715021 -44.243305
-26.634922 -44.225426
-26.554749 -44.207520
-26.474499 -44.189587
-26.394175 -44.171631
-26.313776 -44.153648
-26.233303 -44.135639
-26.152756 -44.117603
-26.072134 -44.099541
-25.991438 -44.081451
-25.910667 -44.063339
-25.829823 -44.045200
-25.748903 -44.027035
-25.667910 -44.008842
-25.586842 -43.990623
-25.507212 -43.972866
-25.427519 -43.955078
-25.347763 -43.937263
-25.267944 -43.919422
-25.188063 -43.901554
-25.108120 -43.883656
-25.028114 -43.865730
-24.948046 -43.847778
-24.867914 -43.829796
-24.787722 -43.811787
-24.707466 -43.793751
-24.627148 -43.775684
-24.546766 -43.757591
-24.466324 -43.739471
-24.385818 -43.721321
-24.305250 -43.703144
-24.224619 -43.684940
-24.143925 -43.666706
-24.063169 -43.648445
-23.982351 -43.630157
-23.901470 -43.611839
-23.820526 -43.593494
-23.739521 -43.575123
-23.658453 -43.556721
-23.577322 -43.538292
-23.496128 -43.519836
-23.414871 -43.501350
-23.333553 -43.482838
-23.252172 -43.464298
-23.170729 -43.445728
-23.089222 -43.427132
-23.007654 -43.408508
-22.926023 -43.389854
-22.844330 -43.371174
-22.762573 -43.352467
-22.680756 -43.333729
-22.598875 -43.314964
-22.516932 -43.296173
-22.434925 -43.277351
-22.352856 -43.258503
-22.269754 -43.240509
-22.186583 -43.222485
-22.103340 -43.204430
-22.020029 -43.186344
-21.936647 -43.168224
-21.853195 -43.150074
-21.769672 -43.131893
-21.686079 -43.113682
-21.602417 -43.095436
-21.518684 -43.077160
-21.434881 -43.058853
-21.351007 -43.040516
-21.267063 -43.022144
-21.183050 -43.003742
-21.098967 -42.985310
-21.014812 -42.966846
-20.930588 -42.948349
-20.846292 -42.929821
-20.761929 -42.911263
-20.677494 -42.892673
-20.592989 -42.874050
-20.508413 -42.855396
-20.423767 -42.836712
-20.339052 -42.817997
-20.254267 -42.799248
-20.169411 -42.780468
-20.084484 -42.761658
-19.999487 -42.742817
-19.914421 -42.723942
-19.829285 -42.705036
-19.744078 -42.686100
-19.658800 -42.667130
-19.573452 -42.648129
-19.488033 -42.629097
-19.402546 -42.610035
-19.316988 -42.590939
-19.231359 -42.571812
-19.145660 -42.552654
-19.059891 -42.533466
-18.974052 -42.514244
-18.885309 -42.497219
-18.796473 -42.480156
-18.707542 -42.463051
-18.618521 -42.445908
-18.529406 -42.428722
-18.440199 -42.411495
-18.350899 -42.394230
-18.261505 -42.376923
-18.172020 -42.359577
-18.082441 -42.342190
-17.992771 -42.324760
-17.903008 -42.307293
-17.813150 -42.289783
-17.723202 -42.272236
-17.633160 -42.254646
-17.543024 -42.237015
-17.452797 -42.219345
-17.362476 -42.201633
-17.272064 -42.183880
-17.181559 -42.166088
-17.090960 -42.148254
-17.000269 -42.130383
-16.909485 -42.112469
-16.818609 -42.094513
-16.727640 -42.076519
-16.636578 -42.058483
-16.545424 -42.040409
-16.454176 -42.022293
-16.362837 -42.004135
-16.271404 -41.985939
-16.179878 -41.967701
-16.088261 -41.949425
-15.996551 -41.931107
-15.904747 -41.912746
-15.812851 -41.894348
-15.720862 -41.875908
-15.628781 -41.857430
-15.536608 -41.838909
-15.444341 -41.820347
-15.351981 -41.801746
-15.260864 -41.782696
-15.169665 -41.763603
-15.078384 -41.744473
-14.987021 -41.725304
-14.895576 -41.706097
-14.804049 -41.686852
-14.712440 -41.667564
-14.620749 -41.648239
-14.528976 -41.628876
-14.437121 -41.609474
-14.345184 -41.590034
-14.253164 -41.570557
-14.161062 -41.551037
-14.068878 -41.531479
-13.976612 -41.511883
-13.884264 -41.492249
-13.791834 -41.472576
-13.699322 -41.452866
-13.606728 -41.433113
-13.514051 -41.413322
-13.421293 -41.393494
-13.328453 -41.373627
-13.235530 -41.353722
-13.142525 -41.333778
-13.049438 -41.313793
-12.956268 -41.293770
-12.863017 -41.273708
-12.769684 -41.253609
-12.676269 -41.233471
-12.582771 -41.213295
-12.489192 -41.193077
-12.395531 -41.172821
-12.301787 -41.152527
-12.207962 -41.132195
-12.114054 -41.111824
-12.020063 -41.091415
-11.925991 -41.070965
-11.831837 -41.050476
-11.737600 -41.029949
-11.643282 -41.009384
