-0.049637 0.032675
-0.131700 0.086800
-0.246187 0.162375
-0.393100 0.259400
-0.572437 0.377875
-0.784200 0.517800
-1.028387 0.679175
-1.305000 0.862000
-1.614037 1.066275
-1.955499 1.292000
-2.329387 1.539175
-2.735699 1.807800
-3.174437 2.097875
-3.645599 2.409400
-4.149186 2.742374
-4.685198 3.096799
-5.253635 3.472674
-5.854498 3.869999
-6.487785 4.288774
-7.153498 4.728998
-7.851635 5.190673
-8.582197 5.673798
-9.345184 6.178372
-10.140596 6.704397
-10.968433 7.251872
-11.828695 7.820797
-12.721382 8.411172
-13.646494 9.022997
-14.604031 9.656272
-15.593993 10.310997
-16.616381 10.987171
-17.671192 11.684795
-18.758429 12.403870
-19.878090 13.144394
-21.030178 13.906368
-22.214691 14.689793
-23.431629 15.494667
-24.680992 16.320992
-25.962780 17.168766
-27.276993 18.037991
-28.622656 18.929714
-30.000093 19.843588
-31.409306 20.779612
-32.850292 21.737785
-34.323055 22.718109
-35.827591 23.720583
-37.363903 24.745207
-38.931992 25.791981
-40.531853 26.860905
-42.163490 27.951979
-43.826904 29.065203
-45.522091 30.200577
-47.249054 31.358101
-49.007790 32.537777
-50.798302 33.739601
-52.620590 34.963577
-54.474651 36.209702
-56.360489 37.477978
-58.278103 38.768402
-60.227489 40.080978
-62.208652 41.415703
-64.221588 42.772579
-66.266304 44.151604
-68.342789 45.552780
-70.451050 46.976105
-72.591087 48.421581
-74.762901 49.889206
-76.966492 51.378983
-79.201851 52.890907
-81.468987 54.424984
-83.767899 55.981209
-86.098587 57.559586
-88.461052 59.160110
-90.855286 60.782787
-93.281296 62.427612
-95.739082 64.094589
-98.228645 65.783714
-100.749985 67.494987
-103.303101 69.228416
-105.887985 70.983994
-108.500977 72.765282
-111.143288 74.571098
-113.814926 76.401436
-116.515892 78.256302
-119.246178 80.135689
-122.005791 82.039604
-124.794731 83.968040
-127.612991 85.921005
-130.460571 87.898491
-133.337479 89.900505
-136.243713 91.927040
-139.179276 93.978104
-142.144165 96.053688
-145.138382 98.153801
-148.161926 100.278435
-151.214783 102.427597
-154.296967 104.601288
-157.408478 106.799500
-160.549316 109.022240
-163.719482 111.269501
-166.918976 113.541290
-170.147781 115.837601
-173.405914 118.158440
-176.693375 120.503799
-180.010162 122.873688
-183.356277 125.268097
-186.731720 127.687035
-190.136490 130.130493
-193.570572 132.598480
-197.033981 135.090988
-200.526718 137.608017
-204.048782 140.149582
-207.600174 142.715668
-211.180893 145.306274
-214.790924 147.921417
-218.430283 150.561081
-222.098969 153.225266
-225.796982 155.913971
-229.524323 158.627213
-233.280991 161.364975
-237.054337 164.091370
-240.848587 166.818375
-244.663742 169.545975
-248.499786 172.274170
-252.356735 175.002975
-256.234589 177.732376
-260.133331 180.462372
-264.052979 183.192963
-267.993530 185.924164
-271.954987 188.655960
-275.937347 191.388351
-279.940613 194.121353
-283.964752 196.854950
-288.009796 199.589142
-292.075745 202.323944
-296.162598 205.059341
-300.270355 207.795334
-304.399017 210.531937
-308.548584 213.269135
-312.719025 216.006927
-316.910370 218.745331
-321.122620 221.484329
-325.355774 224.223923
-329.609833 226.964127
-333.884796 229.704926
-338.180664 232.446320
-342.497406 235.188324
-346.835052 237.930923
-351.193604 240.674118
-355.573059 243.417923
-359.973419 246.162323
-364.394684 248.907318
-368.836853 251.652924
-373.299896 254.399124
-377.783844 257.145935
-382.288696 259.893341
-386.814453 262.641357
-391.361115 265.389954
-395.928680 268.139160
-400.517151 270.888977
-405.111023 273.625854
-409.715454 276.354309
-414.330475 279.074310
-418.956055 281.785889
-423.592224 284.489044
-428.238953 287.183777
-432.896271 289.870087
-437.564178 292.547974
-442.242645 295.217438
-446.931702 297.878479
-451.631317 300.531097
-456.341522 303.175293
-461.062286 305.811066
-465.793640 308.438416
-470.535553 311.057343
-475.288055 313.667847
-480.051117 316.269897
-484.824768 318.863525
-489.608978 321.448730
-494.403778 324.025513
-499.209137 326.593872
-504.025085 329.153809
-508.851593 331.705322
-513.688660 334.248413
-518.536316 336.783081
-523.394531 339.309326
-528.263367 341.827148
-533.142761 344.336548
-538.032715 346.837524
-542.933228 349.330078
-547.844360 351.814178
-552.766052 354.289856
-557.698303 356.757111
-562.641113 359.215942
-567.594543 361.666351
-572.558533 364.108337
-577.533081 366.541901
-582.518188 368.967041
-587.513916 371.383759
-592.520203 373.792053
-597.526855 376.240265
-602.537231 378.712280
-607.551331 381.208069
-612.569214 383.727661
-617.590820 386.271057
-622.616211 388.838257
-627.645325 391.429260
-632.678223 394.044067
-637.714844 396.682678
-642.755188 399.345093
-647.799316 402.031281
-652.847168 404.741272
-657.898804 407.475067
-662.954163 410.232666
-668.013306 413.014069
-673.076172 415.819275
-678.142822 418.648285
-683.213196 421.501099
-688.287292 424.377686
-693.365173 427.278076
-698.446777 430.202271
-703.532166 433.150269
-708.621277 436.122070
-713.714172 439.117676
-718.810791 442.137085
-723.911133 445.180298
-729.015259 448.247284
-734.123108 451.338074
-739.234741 454.452667
-744.350098 457.591064
-749.469238 460.753265
-754.592102 463.939270
-759.718750 467.149078
-764.849121 470.382690
-769.983215 473.640076
-775.121094 476.921265
-780.262695 480.226257
-785.408081 483.555054
-790.557190 486.907654
-795.710083 490.284058
-800.845215 493.684814
-805.969788 497.109741
-811.083740 500.558838
-816.187134 504.032135
-821.279968 507.529602
-826.362244 511.051239
-831.433899 514.597046
-836.494995 518.167053
-841.545532 521.761230
-846.585510 525.379578
-851.614868 529.022095
-856.633667 532.688782
-861.641907 536.379639
-866.639587 540.094666
-871.626648 543.833862
-876.603149 547.597229
-881.569092 551.384766
-886.524475 555.196472
-891.469238 559.032410
-896.403442 562.892517
-901.327087 566.776794
-906.240173 570.685242
-911.142639 574.617859
-916.034546 578.574646
-920.915894 582.555603
-925.786682 586.560730
-930.646851 590.590027
-935.496460 594.643494
-940.335510 598.721130
-945.164001 602.822937
-949.981873 606.948975
-954.789185 611.099182
-959.585938 615.273560
-964.372070 619.472107
-969.147644 623.694824
-973.912659 627.941711
-978.667114 632.212769
-983.410950 636.507996
-988.144226 640.827393
-992.866943 645.170959
-997.594177 649.559753
-1002.320923 653.986755
-1007.047180 658.451965
-1011.772949 662.955383
-1016.498169 667.497009
-1021.222900 672.076782
-1025.947144 676.694763
-1030.670898 681.350952
-1035.394165 686.045349
-1040.116943 690.777954
-1044.839233 695.548767
-1049.561035 700.357788
-1054.282227 705.204956
-1059.002930 710.090332
-1063.723145 715.013916
-1068.442871 719.975708
-1073.162109 724.975708
-1077.880859 730.013916
-1082.599121 735.090332
-1087.316895 740.204956
-1092.034180 745.357727
-1096.750977 750.548706
-1101.467163 755.777893
-1106.182861 761.045288
-1110.898071 766.350891
-1115.612793 771.694702
-1120.327026 777.076721
-1125.040771 782.496887
-1129.754028 787.955261
-1134.466797 793.451843
-1139.179077 798.986633
-1143.890869 804.559631
-1148.602173 810.170837
-1153.312866 815.820251
-1158.023071 821.507874
-1162.732788 827.233643
-1167.442017 832.997620
-1172.150757 838.799805
-1176.859009 844.640198
-1181.566772 850.518799
-1186.266479 856.448303
-1190.960693 862.424500
-1195.649292 868.447327
-1200.332397 874.516846
-1205.010010 880.633057
-1209.682129 886.795959
-1214.348633 893.005493
-1219.009644 899.261719
-1223.665161 905.564636
-1228.315186 911.914246
-1232.959595 918.310486
-1237.598511 924.753418
-1242.231934 931.243042
-1246.859863 937.779297
-1251.482178 944.362244
-1256.098999 950.991882
-1260.710327 957.668213
-1265.316162 964.391174
-1269.916382 971.160828
-1274.511108 977.977173
-1279.100342 984.840210
-1283.683960 991.749878
-1288.262085 998.706238
-1292.834717 1005.709290
-1297.401855 1012.758972
-1301.963379 1019.855347
-1306.519409 1026.998413
-1311.069946 1034.188110
-1315.614990 1041.424561
-1320.154419 1048.707642
-1324.688354 1056.037354
-1329.216797 1063.413818
-1333.739746 1070.836914
-1338.257080 1078.306763
-1342.768921 1085.823242
-1347.275269 1093.386353
-1351.776123 1100.996216
-1356.271362 1108.652710
-1360.761108 1116.355835
-1365.245361 1124.105713
-1369.713989 1131.857300
-1374.170410 1139.625610
-1378.614624 1147.410645
-1383.046631 1155.212402
-1387.466431 1163.030884
-1391.873901 1170.866089
-1396.269165 1178.718018
-1400.652222 1186.586670
-1405.023071 1194.472046
-1409.381714 1202.374146
-1413.728149 1210.292969
-1418.062378 1218.228516
-1422.384277 1226.180786
-1426.693970 1234.149780
-1430.991455 1242.135498
-1435.276733 1250.137939
-1439.549805 1258.157104
-1443.810669 1266.192993
-1448.059326 1274.245605
-1452.295654 1282.314941
-1456.519775 1290.401001
-1460.731689 1298.503784
-1464.931396 1306.623291
-1469.118896 1314.759521
-1473.294189 1322.912476
-1477.457153 1331.082153
-1481.607910 1339.268555
-1485.746460 1347.471680
-1489.872803 1355.691528
-1493.986938 1363.928101
-1498.088867 1372.181396
-1502.178589 1380.451416
-1506.255981 1388.738159
-1510.321167 1397.041626
-1514.374146 1405.361816
-1518.414917 1413.698730
-1522.443481 1422.052368
-1526.459839 1430.422729
-1530.463989 1438.809814
-1534.455811 1447.213623
-1538.465698 1455.624146
-1542.483521 1464.044678
-1546.509277 1472.475220
-1550.542969 1480.915771
-1554.584595 1489.366211
-1558.634033 1497.826660
-1562.691406 1506.297119
-1566.756714 1514.777588
-1570.829956 1523.268066
-1574.911133 1531.768555
-1579.000244 1540.279053
-1583.097290 1548.799561
-1587.202271 1557.330078
-1591.315186 1565.870605
-1595.436035 1574.421143
-1599.564819 1582.981689
-1603.701538 1591.552246
-1607.846191 1600.132690
-1611.998657 1608.723145
-1616.159058 1617.323608
-1620.327393 1625.934082
-1624.503662 1634.554565
-1628.687866 1643.185059
-1632.880005 1651.825562
-1637.080078 1660.476074
-1641.288086 1669.136597
-1645.504028 1677.807129
-1649.727905 1686.487671
-1653.959717 1695.178223
-1658.199463 1703.878662
-1662.447144 1712.589111
-1666.702637 1721.309570
-1670.966064 1730.040039
-1675.237427 1738.780518
-1679.516724 1747.531006
-1683.803955 1756.291504
-1688.099121 1765.062012
-1692.402222 1773.842529
-1696.713257 1782.633057
-1701.032227 1791.433594
-1705.363892 1800.270142
-1709.706665 1809.134033
-1714.060547 1818.025269
-1718.425537 1826.943848
-1722.801758 1835.889771
-1727.189087 1844.863037
-1731.587524 1853.863647
-1735.997070 1862.891602
-1740.417725 1871.946899
-1744.849487 1881.029541
-1749.292358 1890.139526
-1753.746460 1899.276855
-1758.211670 1908.441650
-1762.687988 1917.633789
-1767.175415 1926.853271
-1771.673950 1936.100098
-1776.183594 1945.374268
-1780.704346 1954.675781
-1785.236328 1964.004639
-1789.779419 1973.360840
-1794.333618 1982.744385
-1798.898926 1992.155273
-1803.475342 2001.593506
-1808.062866 2011.059082
-1812.661499 2020.552002
-1817.271240 2030.072266
-1821.892212 2039.619873
-1826.524292 2049.194824
-1831.167480 2058.797119
-1835.821777 2068.426758
-1840.487183 2078.083740
-1845.163696 2087.768066
-1849.851318 2097.479736
-1854.550171 2107.218750
-1859.260132 2116.985107
-1863.981201 2126.778809
-1868.713379 2136.599854
-1873.456665 2146.448242
-1878.211060 2156.323975
-1882.976562 2166.227051
-1887.721802 2176.142822
-1892.457275 2186.075928
-1897.182983 2196.026611
-1901.898926 2205.994629
-1906.604980 2215.980225
-1911.301270 2225.983154
-1915.987793 2236.003662
-1920.664429 2246.041504
-1925.331299 2256.096680
-1929.988403 2266.169434
-1934.635742 2276.259521
-1939.273193 2286.367188
-1943.900879 2296.492188
-1948.518799 2306.634766
-1953.126831 2316.794678
-1957.725098 2326.972168
-1962.313599 2337.166992
-1966.892334 2347.379395
-1971.461182 2357.609131
-1976.020264 2367.856445
-1980.569580 2378.121094
-1985.109009 2388.403320
-1989.638672 2398.702881
-1994.158569 2409.020020
-1998.668701 2419.354492
-2003.168945 2429.706543
-2007.659424 2440.075928
-2012.140137 2450.462891
-2016.611084 2460.867188
-2021.072144 2471.289062
-2025.523438 2481.728271
-2029.964966 2492.184814
-2034.396606 2502.658936
-2038.818481 2513.150391
-2043.230591 2523.659424
-2047.632935 2534.185791
-2052.025391 2544.729736
-2056.407959 2555.291016
-2060.780762 2565.869873
-2065.143799 2576.466064
-2069.505859 2587.059570
-2073.864014 2597.656982
-2078.218262 2608.258545
-2082.568359 2618.864014
-2086.914551 2629.473633
-2091.256836 2640.087158
-2095.595215 2650.704590
-2099.929688 2661.326172
-2104.260254 2671.951660
-2108.586670 2682.581299
-2112.909180 2693.214844
-2117.227783 2703.852295
-2121.542480 2714.493896
-2125.853271 2725.139404
-2130.159912 2735.788818
-2134.462646 2746.442383
-2138.761475 2757.099854
-2143.056396 2767.761475
-2147.347412 2778.427002
-2151.634521 2789.096436
-2155.917480 2799.770020
-2160.196533 2810.447510
-2164.471680 2821.129150
-2168.742920 2831.814697
-2173.010254 2842.504150
-2177.273682 2853.197754
-2181.532959 2863.895264
-2185.788330 2874.596680
-2190.039795 2885.302246
-2194.287354 2896.011719
-2198.531006 2906.725342
-2202.770508 2917.442871
-2207.006104 2928.164307
-2211.237793 2938.889893
-2215.465576 2949.619385
-2219.689453 2960.353027
-2223.909424 2971.090576
-2228.125244 2981.832031
-2232.337158 2992.577637
-2236.545166 3003.327148
-2240.763672 3014.095947
-2244.987793 3024.878906
-2249.217529 3035.676025
-2253.452881 3046.487305
-2257.693848 3057.312744
-2261.940674 3068.152344
-2266.193115 3079.006104
-2270.451172 3089.873779
-2274.714844 3100.755615
-2278.984131 3111.651611
-2283.259033 3122.561768
-2287.539551 3133.486084
-2291.825928 3144.424561
-2296.117920 3155.377197
-2300.415527 3166.343994
-2304.718750 3177.324951
-2309.027588 3188.320068
-2313.342041 3199.329346
-2317.662109 3210.352783
-2321.988037 3221.390381
-2326.319580 3232.442139
-2330.656738 3243.508057
-2334.999512 3254.588135
-2339.347900 3265.682373
-2343.701904 3276.790771
-2348.061523 3287.913330
-2352.427002 3299.050049
-2356.798096 3310.200928
-2361.174805 3321.365967
-2365.557129 3332.545166
-2369.945068 3343.738281
-2374.338623 3354.945557
-2378.737793 3366.166992
-2383.142822 3377.402588
-2387.553467 3388.652344
-2391.969727 3399.916260
-2396.391602 3411.194336
-2400.819092 3422.486572
-2405.252197 3433.792969
-2409.690918 3445.113525
-2414.115234 3456.426270
-2418.531738 3467.738770
-2422.940430 3479.050781
-2427.341309 3490.362305
-2431.734619 3501.673340
-2436.120117 3512.983887
-2440.497803 3524.293945
-2444.867676 3535.603516
-2449.229736 3546.912842
-2453.583984 3558.221680
-2457.930664 3569.530029
-2462.269531 3580.837891
-2466.600586 3592.145264
-2470.923828 3603.452148
-2475.239258 3614.758789
-2479.546875 3626.064941
-2483.846680 3637.370605
-2488.138916 3648.675781
-2492.423340 3659.980469
-2496.699951 3671.284668
-2500.968750 3682.588379
-2505.229736 3693.891846
-2509.482910 3705.194824
-2513.728516 3716.497314
-2517.966309 3727.799316
-2522.196289 3739.100830
-2526.418457 3750.401855
-2530.632812 3761.702637
-2534.839355 3773.002930
-2539.038330 3784.302734
-2543.229492 3795.602051
-2547.412842 3806.900879
-2551.588379 3818.199219
-2555.756104 3829.497314
-2559.916016 3840.794922
-2564.068115 3852.092041
-2568.212646 3863.388672
-2572.349365 3874.684814
-2576.478271 3885.980469
-2580.599365 3897.275635
-2584.719238 3908.535156
-2588.835938 3919.770752
-2592.949219 3930.982422
-2597.059082 3942.169922
-2601.165771 3953.333496
-2605.269043 3964.473145
-2609.368896 3975.588867
-2613.465332 3986.680664
-2617.558594 3997.748291
-2621.648438 4008.791992
-2625.734863 4019.811768
-2629.817871 4030.807617
-2633.897705 4041.779541
-2637.974121 4052.727295
-2642.047119 4063.651123
-2646.116943 4074.551025
-2650.183350 4085.427002
-2654.246338 4096.278809
-2658.305908 4107.106934
-2662.362305 4117.911133
-2666.415283 4128.691406
-2670.464844 4139.447266
-2674.511230 4150.179199
-2678.554199 4160.887207
-2682.593750 4171.571289
-2686.629883 4182.231445
-2690.662842 4192.867676
-2694.692383 4203.479980
-2698.718506 4214.068359
-2702.741211 4224.632812
-2706.760742 4235.172852
-2710.776855 4245.688965
-2714.789551 4256.181152
-2718.799072 4266.649414
-2722.805176 4277.093750
-2726.807861 4287.514160
-2730.807129 4297.910645
-2734.803223 4308.283203
-2738.795898 4318.631836
-2742.785156 4328.956543
-2746.784668 4339.305176
-2750.789795 4349.661621
-2754.800537 4360.026367
-2758.816895 4370.399414
-2762.838867 4380.780273
-2766.866699 4391.169434
-2770.900146 4401.566406
-2774.939209 4411.971680
-2778.983887 4422.384766
-2783.034180 4432.806152
-2787.090088 4443.235352
-2791.151611 4453.672852
-2795.218994 4464.118164
-2799.291992 4474.571777
-2803.370605 4485.033203
-2807.454834 4495.502930
-2811.544678 4505.980957
-2815.640137 4516.466797
-2819.741211 4526.960938
-2823.848145 4537.462891
-2827.960693 4547.973145
-2832.078857 4558.491211
-2836.202637 4569.017578
-2840.332031 4579.551758
-2844.467041 4590.094238
-2848.607666 4600.644531
-2852.754150 4611.203125
-2856.906250 4621.769531
-2861.063965 4632.344238
-2865.227295 4642.927246
-2869.396240 4653.518066
-2873.570801 4664.117188
-2877.750977 4674.724121
-2881.937012 4685.339355
-2886.128662 4695.962402
-2890.325928 4706.593750
-2894.528809 4717.232910
-2898.737305 4727.880371
-2902.951416 4738.535645
-2907.171143 4749.199219
-2911.372070 4759.864746
-2915.562256 4770.534668
-2919.741455 4781.208984
-2923.909912 4791.887207
-2928.067627 4802.569824
-2932.214600 4813.256348
-2936.350830 4823.947266
-2940.476318 4834.642090
-2944.591064 4845.341309
-2948.694824 4856.044434
-2952.787842 4866.751953
-2956.870117 4877.463379
-2960.941650 4888.179199
-2965.002441 4898.899414
-2969.052490 4909.623535
-2973.091797 4920.352051
-2977.120117 4931.084473
-2981.137695 4941.821289
-2985.144531 4952.562012
-2989.140625 4963.307129
-2993.125977 4974.056152
-2997.100586 4984.809570
-3001.064453 4995.567383
-3005.017578 5006.329102
-3008.959717 5017.095215
-3012.891113 5027.865234
-3016.811768 5038.639648
-3020.721680 5049.417969
-3024.620850 5060.200684
-3028.509277 5070.987305
-3032.386963 5081.778320
-3036.253662 5092.573730
-3040.109619 5103.373047
-3043.954834 5114.176758
-3047.789307 5124.984375
-3051.613037 5135.796387
-3055.426025 5146.612305
-3059.228271 5157.432617
-3063.019775 5168.256836
-3066.800293 5179.085449
-3070.586426 5189.921387
-3074.372803 5200.763672
-3078.159424 5211.611816
-3081.946045 5222.466309
-3085.732910 5233.327148
-3089.519775 5244.194336
-3093.306885 5255.067871
-3097.094238 5265.947266
-3100.881592 5276.833008
-3104.669189 5287.725098
-3108.457031 5298.623535
-3112.244873 5309.528320
-3116.032959 5320.438965
-3119.821045 5331.355957
-3123.609375 5342.279297
-3127.397949 5353.208984
-3131.186523 5364.145020
-3134.975342 5375.086914
-3138.764160 5386.035156
-3142.553223 5396.989746
-3146.342529 5407.950684
-3150.131836 5418.917969
-3153.921387 5429.891113
-3157.711182 5440.870605
-3161.500977 5451.856445
-3165.291016 5462.848633
-3169.081055 5473.847168
-3172.871338 5484.851562
-3176.661865 5495.862305
-3180.452393 5506.879395
-3184.243164 5517.902832
-3188.033936 5528.932617
-3191.824951 5539.968262
-3195.616211 5551.010254
-3199.407471 5562.058594
-3203.198975 5573.113281
-3206.990479 5584.174316
-3210.782227 5595.241211
-3214.574219 5606.314453
-3218.366211 5617.394043
-3222.134033 5628.497559
-3225.885498 5639.618652
-3229.620850 5650.757812
-3233.340088 5661.915039
-3237.043213 5673.089844
-3240.729980 5684.282715
-3244.400635 5695.493652
-3248.055176 5706.722168
-3251.693604 5717.968750
-3255.315674 5729.233398
-3258.921631 5740.515625
-3262.511475 5751.815918
-3266.085205 5763.134277
-3269.642578 5774.470215
-3273.183838 5785.824219
-3276.708984 5797.196289
-3280.218018 5808.585938
-3283.710693 5819.993652
-3287.187256 5831.419434
-3290.647705 5842.862793
-3294.092041 5854.324219
-3297.520020 5865.803711
-3300.931885 5877.300781
-3304.327637 5888.815918
-3307.707275 5900.349121
-3311.070557 5911.899902
-3314.417725 5923.468750
-3317.748779 5935.055176
-3321.063721 5946.659668
-3324.362305 5958.282227
-3327.644775 5969.922363
-3330.911133 5981.580566
-3334.161377 5993.256836
-3337.395264 6004.950684
-3340.613037 6016.662598
-3343.814697 6028.392578
-3347.000244 6040.140137
-3350.169434 6051.905762
-3353.322510 6063.689453
-3356.459473 6075.490723
-3359.594238 6087.310547
-3362.722168 6099.148438
-3365.843262 6111.004883
-3368.957520 6122.879395
-3372.064941 6134.771973
-3375.165527 6146.682617
-3378.259277 6158.611816
-3381.346191 6170.559082
-3384.426270 6182.524414
-3387.499512 6194.507812
-3390.565918 6206.509766
-3393.625488 6218.529785
-3396.678467 6230.567871
-3399.724609 6242.624512
-3402.763916 6254.699219
-3405.796387 6266.791992
-3408.822021 6278.902832
-3411.840820 6291.032227
-3414.852783 6303.179688
-3417.857910 6315.345215
-3420.856201 6327.528809
-3423.847656 6339.730957
-3426.832275 6351.951172
-3429.810059 6364.189453
-3432.781006 6376.446289
-3435.745117 6388.721191
-3438.702393 6401.014160
-3441.652832 6413.325195
-3444.596436 6425.654785
-3447.533203 6438.002441
-3450.463135 6450.368164
-3453.386230 6462.751953
-3456.302490 6475.154297
-3459.211914 6487.574707
-3462.114502 6500.013184
-3465.010498 6512.470215
-3467.899658 6524.945312
-3470.781982 6537.438477
-3473.657471 6549.949707
-3476.526123 6562.479492
-3479.408447 6575.029297
-3482.297852 6587.598633
-3485.194092 6600.187500
-3488.097412 6612.795898
-3491.007568 6625.423340
-3493.924805 6638.070312
-3496.848877 6650.736816
-3499.780029 6663.422852
-3502.718018 6676.128418
-3505.663086 6688.853516
-3508.614990 6701.598145
-3511.573975 6714.362305
-3514.539795 6727.145508
-3517.512451 6739.948242
-3520.492188 6752.770508
-3523.478760 6765.612305
-3526.472412 6778.473633
-3529.472900 6791.354492
-3532.480469 6804.254883
-3535.494873 6817.174805
-3538.516357 6830.114258
-3541.544678 6843.072754
-3544.580078 6856.050781
-3547.622314 6869.048340
-3550.671631 6882.065430
-3553.727783 6895.102051
-3556.791016 6908.158203
-3559.861084 6921.233887
-3562.937988 6934.329102
-3566.021973 6947.443848
-3569.112793 6960.577637
-3572.210693 6973.730957
-3575.315430 6986.903809
-3578.427246 7000.096191
-3581.545898 7013.308105
-3584.671631 7026.539551
-3587.804199 7039.790527
-3590.943848 7053.061035
-3594.090332 7066.350586
-3597.243896 7079.659668
-3600.395996 7092.980469
-3603.549561 7106.315918
-3606.704346 7119.665527
-3609.860596 7133.029785
-3613.018311 7146.408203
-3616.177490 7159.800781
-3619.337891 7173.208008
-3622.499756 7186.629395
-3625.663086 7200.065430
-3628.827881 7213.515625
-3631.993896 7226.979980
-3635.161377 7240.458984
-3638.330322 7253.952148
-3641.500732 7267.459961
-3644.672363 7280.981934
-3647.845459 7294.518066
-3651.020020 7308.068848
-3654.195801 7321.633789
-3657.373047 7335.212891
-3660.551758 7348.806641
-3663.731934 7362.414551
-3666.913330 7376.037109
-3670.096191 7389.673828
-3673.280518 7403.324707
-3676.466309 7416.990234
-3679.653320 7430.669922
-3682.841797 7444.364258
-3686.031738 7458.072754
-3689.223145 7471.795410
-3692.415771 7485.532715
-3695.609863 7499.284180
-3698.805420 7513.050293
-3702.002197 7526.830566
-3705.200439 7540.625000
-3708.400146 7554.434082
-3711.601318 7568.257324
-3714.803711 7582.094727
-3718.007568 7595.946777
-3721.212891 7609.812988
-3724.419678 7623.693848
-3727.641113 7637.574219
-3730.872803 7651.458984
-3734.114746 7665.348145
-3737.366943 7679.242188
-3740.629395 7693.140625
-3743.902100 7707.043457
-3747.185059 7720.950684
-3750.478271 7734.862793
-3753.781982 7748.779297
-3757.095947 7762.700195
-3760.420166 7776.625977
-3763.754639 7790.556152
-3767.099365 7804.490723
-3770.454346 7818.429688
-3773.819580 7832.373535
-3777.195068 7846.321777
-3780.580811 7860.274414
-3783.976807 7874.231445
-3787.383057 7888.193359
-3790.799805 7902.159668
-3794.226807 7916.130371
-3797.664062 7930.105469
-3801.111572 7944.085449
-3804.569336 7958.069824
-3808.037354 7972.058594
-3811.515625 7986.052246
-3815.004150 8000.050293
-3818.502930 8014.052734
-3822.011963 8028.059570
-3825.531250 8042.071289
-3829.060791 8056.087402
-3832.600830 8070.107910
-3836.151123 8084.132812
-3839.711670 8098.162598
-3843.282471 8112.196777
-3846.863525 8126.235352
-3850.454834 8140.278320
-3854.056396 8154.326172
-3857.668213 8168.378418
-3861.290283 8182.435059
-3864.934326 8196.473633
-3868.596436 8210.501953
-3872.276611 8224.519531
-3875.974854 8238.526367
-3879.691162 8252.523438
-3883.425537 8266.509766
-3887.177979 8280.485352
-3890.948486 8294.450195
-3894.737305 8308.404297
-3898.544189 8322.348633
-3902.369141 8336.282227
-3906.212158 8350.205078
-3910.073242 8364.117188
-3913.952393 8378.019531
-3917.849609 8391.911133
-3921.764893 8405.791992
-3925.698242 8419.662109
-3929.649658 8433.521484
-3933.619141 8447.371094
-3937.606689 8461.209961
-3941.612305 8475.038086
-3945.635986 8488.855469
-3949.677734 8502.663086
-3953.737549 8516.459961
-3957.815430 8530.246094
-3961.911377 8544.021484
-3966.025391 8557.786133
-3970.157471 8571.541016
-3974.307617 8585.285156
-3978.475830 8599.018555
-3982.662109 8612.741211
-3986.866455 8626.454102
-3991.088867 8640.156250
-3995.329346 8653.847656
-3999.587891 8667.528320
-4003.864502 8681.198242
-4008.159424 8694.858398
-4012.472412 8708.507812
-4016.803467 8722.146484
-4021.152588 8735.774414
-4025.509766 8749.421875
-4029.878662 8763.079102
-4034.259033 8776.746094
-4038.650879 8790.421875
-4043.054199 8804.107422
-4047.468994 8817.802734
-4051.895508 8831.506836
-4056.333496 8845.220703
-4060.782959 8858.944336
-4065.243896 8872.676758
-4069.716309 8886.418945
-4074.200439 8900.170898
-4078.696045 8913.931641
-4083.203125 8927.702148
-4087.721680 8941.482422
-4092.251953 8955.271484
-4096.793457 8969.070312
-4101.346680 8982.878906
-4105.911621 8996.696289
-4110.487793 9010.523438
-4115.075684 9024.360352
-4119.674805 9038.206055
-4124.285645 9052.061523
-4128.908203 9065.926758
-4133.541992 9079.800781
-4138.187500 9093.684570
-4142.844238 9107.578125
-4147.512695 9121.481445
-4152.192871 9135.393555
-4156.884277 9149.315430
-4161.587402 9163.247070
-4166.301758 9177.187500
-4171.027832 9191.137695
-4175.765625 9205.097656
-4180.514648 9219.066406
-4185.275391 9233.044922
-4190.047363 9247.033203
-4194.831055 9261.030273
-4199.626465 9275.037109
-4204.433105 9289.053711
-4209.217285 9303.076172
-4213.990723 9317.105469
-4218.752930 9331.142578
-4223.503906 9345.186523
-4228.243652 9359.237305
-4232.972656 9373.295898
-4237.690430 9387.361328
-4242.396973 9401.433594
-4247.092285 9415.513672
-4251.776855 9429.600586
-4256.450195 9443.695312
-4261.112305 9457.796875
-4265.763672 9471.905273
-4270.403809 9486.021484
-4275.032715 9500.144531
-4279.650391 9514.274414
-4284.257324 9528.412109
-4288.853027 9542.556641
-4293.437500 9556.708984
-4298.010742 9570.868164
-4302.573242 9585.034180
-4307.124512 9599.208008
-4311.664551 9613.388672
-4316.193359 9627.576172
-4320.711426 9641.771484
-4325.218262 9655.973633
-4329.713867 9670.183594
-4334.198730 9684.400391
-4338.672363 9698.624023
-4343.134766 9712.855469
-4347.585938 9727.093750
-4352.026367 9741.338867
-4356.455566 9755.591797
-4360.873535 9769.851562
-4365.280273 9784.119141
-4369.676270 9798.393555
-4374.061035 9812.674805
-4378.434570 9826.963867
-4382.797363 9841.259766
-4387.148926 9855.562500
-4391.480957 9869.868164
-4395.796387 9884.178711
-4400.094727 9898.493164
-4404.376465 9912.811523
-4408.641602 9927.134766
-4412.890137 9941.461914
-4417.122070 9955.792969
-4421.336914 9970.128906
-4425.535156 9984.468750
-4429.716797 9998.812500
-4433.881836 10013.160156
-4438.030273 10027.512695
-4442.161621 10041.869141
-4446.276367 10056.229492
-4450.374512 10070.594727
-4454.456055 10084.963867
-4458.520996 10099.336914
-4462.568848 10113.714844
-4466.600098 10128.096680
-4470.614746 10142.482422
-4474.612793 10156.873047
-4478.594238 10171.267578
-4482.558594 10185.666016
-4486.506348 10200.069336
-4490.437500 10214.476562
-4494.352051 10228.887695
-4498.250000 10243.303711
-4502.130859 10257.723633
-4505.995117 10272.147461
-4509.842773 10286.576172
-4513.673828 10301.008789
-4517.488281 10315.445312
-4521.285645 10329.886719
-4525.066406 10344.332031
-4528.830566 10358.781250
-4532.578125 10373.235352
-4536.309082 10387.693359
-4540.022949 10402.155273
-4543.720215 10416.622070
-4547.400879 10431.092773
-4551.086914 10445.597656
-4554.770508 10460.126953
-4558.452148 10474.680664
-4562.131836 10489.258789
-4565.809082 10503.861328
-4569.484375 10518.488281
-4573.157715 10533.139648
-4576.829102 10547.815430
-4580.498047 10562.515625
-4584.165039 10577.240234
-4587.830078 10591.989258
-4591.492676 10606.762695
-4595.153320 10621.560547
-4598.812012 10636.382812
-4602.468262 10651.229492
-4606.122559 10666.100586
-4609.774902 10680.996094
-4613.425293 10695.916016
-4617.073242 10710.860352
-4620.719238 10725.829102
-4624.363281 10740.822266
-4628.004883 10755.839844
-4631.644531 10770.881836
-4635.282227 10785.948242
-4638.917480 10801.039062
-4642.550781 10816.154297
-4646.182129 10831.293945
-4649.811523 10846.458008
-4653.438477 10861.646484
-4657.063477 10876.859375
-4660.686523 10892.096680
-4664.307129 10907.358398
-4667.925781 10922.644531
-4671.542480 10937.955078
-4675.156738 10953.290039
-4678.769043 10968.649414
-4682.379395 10984.033203
-4685.987793 10999.441406
-4689.593750 11014.874023
-4693.197754 11030.331055
-4696.805664 11045.784180
-4700.415527 11061.242188
-4704.026855 11076.706055
-4707.640137 11092.175781
-4711.255371 11107.650391
-4714.872559 11123.130859
-4718.491699 11138.617188
-4722.112793 11154.108398
-4725.735840 11169.605469
-4729.360352 11185.108398
-4732.986816 11200.616211
-4736.615234 11216.129883
-4740.245605 11231.649414
-4743.877930 11247.173828
-4747.512207 11262.704102
-4751.147949 11278.240234
-4754.785645 11293.781250
-4758.425293 11309.328125
-4762.066895 11324.880859
-4765.710449 11340.438477
-4769.355957 11356.001953
-4773.002930 11371.570312
-4776.651855 11387.144531
-4780.302734 11402.724609
-4783.955566 11418.309570
-4787.610352 11433.900391
-4791.267090 11449.497070
-4794.925293 11465.098633
-4798.585449 11480.706055
-4802.247559 11496.319336
-4805.911621 11511.937500
-4809.577637 11527.561523
-4813.245605 11543.191406
-4816.915527 11558.826172
-4820.586914 11574.466797
-4824.260254 11590.113281
-4827.935547 11605.764648
-4831.612793 11621.421875
-4835.291992 11637.084961
-4838.973145 11652.752930
-4842.660156 11668.399414
-4846.352051 11684.033203
-4850.048340 11699.653320
-4853.749512 11715.260742
-4857.455566 11730.855469
-4861.166016 11746.437500
-4864.881348 11762.006836
-4868.601074 11777.562500
-4872.325684 11793.105469
-4876.055176 11808.635742
-4879.789062 11824.153320
-4883.527832 11839.658203
-4887.271484 11855.149414
-4891.019531 11870.627930
-4894.772461 11886.093750
-4898.529785 11901.546875
-4902.291992 11916.987305
-4906.059082 11932.415039
-4909.830566 11947.829102
-4913.606934 11963.230469
-4917.388184 11978.619141
-4921.173828 11993.995117
-4924.964355 12009.358398
-4928.759277 12024.708008
-4932.559082 12040.044922
-4936.363770 12055.369141
-4940.172852 12070.680664
-4943.986816 12085.979492
-4947.805664 12101.265625
-4951.628906 12116.538086
-4955.457031 12131.797852
-4959.289551 12147.044922
-4963.126953 12162.279297
-4966.969238 12177.500977
-4970.815918 12192.708984
-4974.667480 12207.904297
-4978.523926 12223.086914
-4982.384766 12238.256836
-4986.250488 12253.414062
-4990.120605 12268.558594
-4994.011230 12283.691406
-4997.917480 12298.812500
-5001.838867 12313.921875
-5005.775391 12329.019531
-5009.727051 12344.105469
-5013.693848 12359.179688
-5017.676270 12374.242188
-5021.673828 12389.292969
-5025.686523 12404.332031
-5029.714355 12419.359375
-5033.757324 12434.375000
-5037.815430 12449.378906
-5041.889160 12464.371094
-5045.978027 12479.351562
-5050.082031 12494.320312
-5054.201172 12509.277344
-5058.335449 12524.222656
-5062.485352 12539.156250
-5066.650391 12554.078125
-5070.830566 12568.987305
-5075.025879 12583.884766
-5079.236328 12598.770508
-5083.461914 12613.644531
-5087.703125 12628.506836
-5091.959473 12643.357422
-5096.230957 12658.196289
-5100.517578 12673.023438
-5104.819336 12687.838867
-5109.136230 12702.642578
-5113.468750 12717.434570
-5117.816406 12732.214844
-5122.179199 12746.983398
-5126.557129 12761.740234
-5130.950195 12776.485352
-5135.358887 12791.218750
-5139.782715 12805.940430
-5144.221680 12820.650391
-5148.675781 12835.348633
-5153.145020 12850.035156
-5157.629395 12864.709961
-5162.125488 12879.349609
-5166.634277 12893.961914
-5171.155762 12908.546875
-5175.689941 12923.104492
-5180.236816 12937.634766
-5184.796387 12952.137695
-5189.368652 12966.614258
-5193.953613 12981.063477
-5198.551270 12995.485352
-5203.161621 13009.879883
-5207.784668 13024.247070
-5212.420410 13038.586914
-5217.068848 13052.899414
-5221.729980 13067.184570
-5226.403809 13081.442383
-5231.090332 13095.672852
-5235.789551 13109.876953
-5240.501465 13124.053711
-5245.226074 13138.203125
-5249.963379 13152.325195
-5254.713379 13166.419922
-5259.476074 13180.487305
-5264.251465 13194.527344
-5269.039551 13208.540039
-5273.840332 13222.525391
-5278.653809 13236.483398
-5283.479980 13250.414062
-5288.318848 13264.318359
-5293.170410 13278.195312
-5298.034668 13292.044922
-5302.911621 13305.867188
-5307.801270 13319.662109
-5312.703613 13333.429688
-5317.618652 13347.169922
-5322.546387 13360.882812
-5327.486816 13374.568359
-5332.439941 13388.226562
-5337.405762 13401.858398
-5342.384277 13415.462891
-5347.375488 13429.040039
-5352.403320 13442.623047
-5357.459473 13456.201172
-5362.544434 13469.774414
-5367.657715 13483.342773
-5372.799805 13496.906250
-5377.970215 13510.464844
-5383.169434 13524.017578
-5388.396973 13537.565430
-5393.653320 13551.108398
-5398.937988 13564.646484
-5404.251465 13578.179688
-5409.593262 13591.708008
-5414.963867 13605.231445
-5420.362793 13618.750000
-5425.790527 13632.263672
-5431.246582 13645.772461
-5436.731445 13659.276367
-5442.244629 13672.774414
-5447.786133 13686.267578
-5453.356445 13699.755859
-5458.955078 13713.239258
-5464.582520 13726.717773
-5470.238281 13740.191406
-5475.922852 13753.660156
-5481.635742 13767.124023
-5487.377441 13780.583008
-5493.147461 13794.037109
-5498.946289 13807.485352
-5504.773438 13820.928711
-5510.629395 13834.367188
-5516.513672 13847.800781
-5522.426758 13861.229492
-5528.368164 13874.653320
-5534.338379 13888.072266
-5540.336914 13901.486328
-5546.363770 13914.895508
-5552.419434 13928.299805
-5558.503418 13941.699219
-5564.616211 13955.092773
-5570.757324 13968.481445
-5576.929688 13981.832031
-5583.132324 13995.155273
-5589.365234 14008.451172
-5595.628418 14021.719727
-5601.921875 14034.960938
-5608.245117 14048.174805
-5614.598633 14061.360352
-5620.982422 14074.518555
-5627.396484 14087.649414
-5633.840820 14100.752930
-5640.315430 14113.829102
-5646.820312 14126.877930
-5653.355469 14139.899414
-5659.920898 14152.893555
-5666.516602 14165.860352
-5673.142090 14178.799805
-5679.797852 14191.711914
-5686.483887 14204.596680
-5693.200195 14217.454102
-5699.946777 14230.284180
-5706.723633 14243.086914
-5713.530762 14255.862305
-5720.368164 14268.610352
-5727.235840 14281.330078
-5734.133789 14294.022461
-5741.061523 14306.687500
-5748.019531 14319.325195
-5755.007812 14331.935547
-5762.026367 14344.518555
-5769.075195 14357.074219
-5776.154297 14369.602539
-5783.263672 14382.103516
-5790.403320 14394.577148
-5797.573242 14407.023438
-5804.773438 14419.442383
-5812.003418 14431.833984
-5819.263672 14444.198242
-5826.554199 14456.535156
-5833.875000 14468.844727
-5841.226074 14481.126953
-5848.594238 14493.391602
-5855.983887 14505.635742
-5863.395508 14517.859375
-5870.828613 14530.062500
-5878.283203 14542.245117
-5885.759277 14554.407227
-5893.256836 14566.548828
-5900.775879 14578.669922
-5908.316406 14590.770508
-5915.878906 14602.850586
-5923.462891 14614.910156
-5931.068359 14626.949219
-5938.695312 14638.967773
-5946.343750 14650.965820
-5954.013672 14662.943359
-5961.705078 14674.900391
-5969.417969 14686.836914
-5977.152832 14698.752930
-5984.909180 14710.648438
-5992.687012 14722.523438
-6000.486328 14734.377930
-6008.307129 14746.211914
-6016.149414 14758.025391
-6024.013184 14769.818359
-6031.898926 14781.590820
-6039.806152 14793.342773
-6047.734863 14805.074219
-6055.685059 14816.785156
-6063.656738 14828.475586
-6071.649902 14840.145508
-6079.664551 14851.794922
-6087.701172 14863.423828
-6095.759277 14875.032227
-6103.838867 14886.620117
-6111.939941 14898.187500
-6120.062500 14909.734375
-6128.206543 14921.260742
-6136.372070 14932.766602
-6144.559082 14944.251953
-6152.768066 14955.716797
-6160.996094 14967.177734
-6169.244141 14978.628906
-6177.512207 14990.070312
-6185.800293 15001.501953
-6194.108398 15012.924805
-6202.436523 15024.337891
-6210.784668 15035.741211
-6219.152832 15047.134766
-6227.541016 15058.518555
-6235.949219 15069.892578
-6244.377441 15081.256836
-6252.825684 15092.611328
-6261.293457 15103.956055
-6269.781250 15115.291992
-6278.289062 15126.618164
-6286.816895 15137.934570
-6295.364746 15149.241211
-6303.932617 15160.538086
-6312.520508 15171.825195
-6321.128418 15183.102539
-6329.756348 15194.370117
-6338.404297 15205.628906
-6347.072266 15216.877930
-6355.760254 15228.117188
-6364.468262 15239.346680
-6373.196289 15250.566406
-6381.944336 15261.776367
-6390.712402 15272.976562
-6399.500488 15284.166992
-6408.308594 15295.347656
-6417.136719 15306.519531
-6425.984863 15317.681641
-6434.853027 15328.833984
-6443.741211 15339.976562
-6452.649414 15351.109375
-6461.577637 15362.232422
-6470.525879 15373.345703
-6479.494141 15384.449219
-6488.481934 15395.543945
-6497.489746 15406.628906
-6506.512695 15417.709961
-6515.551758 15428.785156
-6524.607422 15439.855469
-6533.679688 15450.919922
-6542.768555 15461.978516
-6551.874023 15473.032227
-6560.995605 15484.080078
-6570.133789 15495.122070
-6579.288574 15506.158203
-6588.459961 15517.189453
-6597.647949 15528.214844
-6606.852051 15539.234375
-6616.072754 15550.249023
-6625.310059 15561.257812
-6634.563965 15572.260742
-6643.834473 15583.257812
-6653.121094 15594.250000
-6662.424316 15605.236328
-6671.744141 15616.216797
-6681.080566 15627.192383
-6690.433105 15638.162109
-6699.802246 15649.125977
-6709.187988 15660.083984
-6718.590332 15671.037109
-6728.009277 15681.984375
-6737.444336 15692.925781
-6746.895996 15703.862305
-6756.364258 15714.792969
-6765.849121 15725.717773
-6775.350586 15736.636719
-6784.868164 15747.550781
-6794.402344 15758.458984
-6803.953125 15769.361328
-6813.520508 15780.258789
-6823.104492 15791.150391
-6832.704590 15802.036133
-6842.321289 15812.916992
-6851.954590 15823.791992
-6861.604492 15834.661133
-6871.270508 15845.524414
-6880.948242 15856.375977
-6890.639648 15867.216797
-6900.344238 15878.047852
-6910.062012 15888.868164
-6919.792969 15899.678711
-6929.537598 15910.478516
-6939.295410 15921.268555
-6949.066406 15932.047852
-6958.850586 15942.817383
-6968.648438 15953.576172
-6978.459473 15964.325195
-6988.283691 15975.063477
-6998.121094 15985.791992
-7007.972168 15996.509766
-7017.836426 16007.217773
-7027.713867 16017.915039
-7037.604492 16028.602539
-7047.508789 16039.280273
-7057.426270 16049.947266
-7067.356934 16060.604492
-7077.300781 16071.250977
-7087.257812 16081.887695
-7097.228516 16092.513672
-7107.212402 16103.129883
-7117.209473 16113.735352
-7127.219727 16124.331055
-7137.243652 16134.916016
-7147.280762 16145.491211
-7157.331055 16156.055664
-7167.394531 16166.610352
-7177.471680 16177.154297
-7187.562012 16187.688477
-7197.665527 16198.211914
-7207.782227 16208.725586
-7217.912598 16219.229492
-7228.056152 16229.722656
-7238.212891 16240.206055
-7248.382812 16250.678711
-7258.566406 16261.141602
-7268.763184 16271.593750
-7278.876465 16282.042969
-7288.938965 16292.487305
-7298.950195 16302.925781
-7308.910645 16313.359375
-7318.819824 16323.787109
-7328.678223 16334.209961
-7338.485352 16344.627930
-7348.241699 16355.040039
-7357.946777 16365.447266
-7367.601074 16375.848633
-7377.204102 16386.244141
-7386.756348 16396.634766
-7396.257324 16407.019531
-7405.707520 16417.400391
-7415.106445 16427.775391
-7424.454590 16438.144531
-7433.751465 16448.509766
-7442.997559 16458.869141
-7452.192383 16469.222656
-7461.336426 16479.570312
-7470.429199 16489.914062
-7479.471191 16500.251953
-7488.461914 16510.583984
-7497.401855 16520.910156
-7506.290527 16531.232422
-7515.128418 16541.548828
-7523.915039 16551.859375
-7532.650879 16562.166016
-7541.335449 16572.466797
-7549.969238 16582.761719
-7558.551758 16593.050781
-7567.083496 16603.335938
-7575.563965 16613.615234
-7583.993652 16623.888672
-7592.372070 16634.156250
-7600.699707 16644.419922
-7608.976074 16654.677734
-7617.201660 16664.929688
-7625.375977 16675.177734
-7633.499512 16685.419922
-7641.538086 16695.636719
-7649.502930 16705.833984
-7657.394043 16716.011719
-7665.211426 16726.171875
-7672.955078 16736.312500
-7680.625000 16746.433594
-7688.221191 16756.535156
-7695.744141 16766.619141
-7703.193359 16776.683594
-7710.568848 16786.728516
-7717.870605 16796.755859
-7725.098633 16806.763672
-7732.252930 16816.751953
-7739.333496 16826.722656
-7746.340332 16836.673828
-7753.273438 16846.605469
-7760.133301 16856.519531
-7766.919434 16866.414062
-7773.631836 16876.289062
-7780.270508 16886.146484
-7786.835449 16895.984375
-7793.326660 16905.802734
-7799.744141 16915.601562
-7806.087891 16925.382812
-7812.358398 16935.144531
-7818.555176 16944.886719
-7824.678223 16954.611328
-7830.727539 16964.316406
-7836.703125 16974.001953
-7842.604980 16983.669922
-7848.433105 16993.318359
-7854.187500 17002.947266
-7859.868164 17012.558594
-7865.475586 17022.150391
-7871.009277 17031.722656
-7876.469238 17041.275391
-7881.855469 17050.810547
-7887.167969 17060.326172
-7892.406738 17069.822266
-7897.571777 17079.300781
-7902.659668 17088.785156
-7907.671875 17098.267578
-7912.607910 17107.748047
-7917.467773 17117.226562
-7922.251953 17126.705078
-7926.959961 17136.181641
-7931.591797 17145.656250
-7936.147949 17155.128906
-7940.627930 17164.599609
-7945.031738 17174.068359
-7949.359863 17183.535156
-7953.611816 17193.000000
-7957.787598 17202.462891
-7961.887695 17211.923828
-7965.911621 17221.382812
-7969.859375 17230.839844
-7973.731445 17240.294922
-7977.527344 17249.750000
-7981.247559 17259.203125
-7984.891602 17268.654297
-7988.459473 17278.103516
-7991.951660 17287.550781
-7995.367676 17296.996094
-7998.707520 17306.439453
-8001.971680 17315.880859
-8005.159668 17325.320312
-8008.271484 17334.757812
-8011.307617 17344.193359
-8014.267578 17353.626953
-8017.151367 17363.058594
-8019.959473 17372.490234
-8022.691406 17381.919922
-8025.347168 17391.347656
-8027.927246 17400.773438
-8030.431152 17410.197266
-8032.859375 17419.619141
-8035.211426 17429.039062
-8037.487305 17438.457031
-8039.687500 17447.873047
-8041.811523 17457.287109
-8043.905762 17466.667969
-8045.955078 17476.023438
-8047.958984 17485.355469
-8049.917969 17494.664062
-8051.832031 17503.949219
-8053.700684 17513.210938
-8055.524414 17522.449219
-8057.303223 17531.664062
-8059.036621 17540.855469
-8060.725098 17550.021484
-8062.368652 17559.164062
-8063.966797 17568.283203
-8065.520020 17577.378906
-8067.027832 17586.451172
-8068.490723 17595.500000
-8069.908691 17604.525391
-8071.281250 17613.527344
-8072.608887 17622.503906
-8073.891602 17631.457031
-8075.128906 17640.386719
-8076.321289 17649.292969
-8077.468750 17658.175781
-8078.570801 17667.035156
-8079.627930 17675.871094
-8080.639648 17684.683594
-8081.606445 17693.470703
-8082.528320 17702.234375
-8083.404785 17710.974609
-8084.236328 17719.691406
-8085.022949 17728.384766
-8085.764160 17737.054688
-8086.460449 17745.701172
-8087.111816 17754.324219
-8087.717773 17762.923828
-8088.278809 17771.498047
-8088.794434 17780.048828
-8089.265137 17788.576172
-8089.690918 17797.080078
-8090.071289 17805.560547
-8090.406738 17814.017578
-8090.727539 17822.445312
-8091.023926 17830.847656
-8091.295410 17839.222656
-8091.542480 17847.572266
-8091.764648 17855.894531
-8091.962402 17864.189453
-8092.135254 17872.458984
-8092.283691 17880.701172
-8092.407227 17888.917969
-8092.506348 17897.107422
-8092.580566 17905.269531
-8092.629883 17913.406250
-8092.654785 17921.515625
-8092.654785 17929.599609
-8092.630371 17937.656250
-8092.581055 17945.685547
-8092.507324 17953.689453
-8092.408691 17961.666016
-8092.285645 17969.617188
-8092.137695 17977.541016
-8091.965332 17985.437500
-8091.768066 17993.308594
-8091.546387 18001.152344
-8091.299805 18008.968750
-8091.028809 18016.759766
-8090.732910 18024.523438
-8090.412109 18032.261719
-8090.066895 18039.972656
-8089.696777 18047.656250
-8089.302246 18055.314453
-8088.882812 18062.945312
-8088.438965 18070.550781
-8087.970215 18078.128906
-8087.477051 18085.679688
-8086.958984 18093.205078
-8086.416504 18100.703125
-8085.849121 18108.175781
-8085.257324 18115.621094
-8084.640625 18123.039062
-8083.999023 18130.431641
-8083.323242 18137.824219
-8082.616211 18145.208984
-8081.877441 18152.585938
-8081.107422 18159.953125
-8080.306152 18167.312500
-8079.473633 18174.664062
-8078.609863 18182.007812
-8077.714844 18189.341797
-8076.788574 18196.667969
-8075.831055 18203.986328
-8074.842285 18211.296875
-8073.821777 18218.597656
-8072.770020 18225.890625
-8071.687012 18233.175781
-8070.572754 18240.453125
-8069.427246 18247.720703
-8068.250488 18254.980469
-8067.042480 18262.232422
-8065.803223 18269.474609
-8064.532715 18276.708984
-8063.230957 18283.935547
-8061.897461 18291.154297
-8060.532715 18298.363281
-8059.136719 18305.564453
-8057.709473 18312.757812
-8056.250977 18319.943359
-8054.761230 18327.119141
-8053.240234 18334.287109
-8051.687988 18341.447266
-8050.104492 18348.599609
-8048.489746 18355.742188
-8046.843262 18362.876953
-8045.165527 18370.003906
-8043.456543 18377.123047
-8041.716309 18384.232422
-8039.944824 18391.333984
-8038.142090 18398.427734
-8036.308105 18405.511719
-8034.442871 18412.587891
-8032.546387 18419.656250
-8030.618652 18426.716797
-8028.659668 18433.771484
-8026.669434 18440.818359
-8024.647949 18447.857422
-8022.595215 18454.888672
-8020.511230 18461.912109
-8018.395996 18468.927734
-8016.249512 18475.937500
-8014.071777 18482.939453
-8011.862793 18489.933594
-8009.622559 18496.919922
-8007.351074 18503.898438
-8005.048340 18510.871094
-8002.714355 18517.835938
-8000.349121 18524.792969
-7997.952637 18531.742188
-7995.524902 18538.683594
-7993.065918 18545.619141
-7990.575684 18552.546875
-7988.054199 18559.466797
-7985.501465 18566.378906
-7982.917480 18573.283203
-7980.302246 18580.179688
-7977.655762 18587.070312
-7974.978027 18593.953125
-7972.269043 18600.828125
-7969.528809 18607.695312
-7966.757324 18614.554688
-7963.954590 18621.408203
-7961.120605 18628.253906
-7958.255371 18635.091797
-7955.358887 18641.921875
-7952.431152 18648.744141
-7949.472168 18655.560547
-7946.481934 18662.369141
-7943.460449 18669.169922
-7940.407715 18675.962891
-7937.323730 18682.748047
-7934.208496 18689.525391
-7931.062012 18696.296875
-7927.883789 18703.052734
-7924.673828 18709.796875
-7921.432617 18716.529297
-7918.159668 18723.250000
-7914.854980 18729.958984
-7911.519043 18736.656250
-7908.151367 18743.339844
-7904.751953 18750.011719
-7901.321289 18756.671875
-7897.858887 18763.320312
-7894.365234 18769.957031
-7890.839844 18776.582031
-7887.282715 18783.193359
-7883.694336 18789.792969
-7880.074219 18796.380859
-7876.422852 18802.957031
-7872.739746 18809.521484
-7869.024902 18816.074219
-7865.278809 18822.613281
-7861.500977 18829.140625
-7857.691406 18835.656250
-7853.850586 18842.160156
-7849.978027 18848.652344
-7846.074219 18855.132812
-7842.138672 18861.601562
-7838.171387 18868.056641
-7834.172852 18874.500000
-7830.142578 18880.931641
-7826.081055 18887.351562
-7821.987793 18893.759766
-7817.862793 18900.156250
-7813.706543 18906.539062
-7809.518555 18912.910156
-7805.298828 18919.269531
-7801.047852 18925.617188
-7796.765137 18931.953125
-7792.451172 18938.277344
-7788.105469 18944.587891
-7783.728027 18950.886719
-7779.319336 18957.173828
-7774.905762 18963.458984
-7770.478516 18969.736328
-7766.038086 18976.007812
-7761.583984 18982.273438
-7757.116211 18988.533203
-7752.634766 18994.787109
-7748.139648 19001.035156
-7743.630859 19007.277344
-7739.108398 19013.513672
-7734.572754 19019.742188
-7730.023438 19025.964844
-7725.460449 19032.181641
-7720.883789 19038.392578
-7716.293457 19044.597656
-7711.689453 19050.796875
-7707.072266 19056.990234
-7702.441406 19063.177734
-7697.796875 19069.357422
-7693.138672 19075.531250
-7688.466797 19081.699219
-7683.781250 19087.861328
-7679.082031 19094.017578
-7674.369629 19100.167969
-7669.643555 19106.312500
-7664.903809 19112.451172
-7660.150391 19118.582031
-7655.383301 19124.707031
-7650.602539 19130.826172
-7645.808105 19136.939453
-7641.000488 19143.046875
-7636.179199 19149.148438
-7631.344238 19155.244141
-7626.495605 19161.333984
-7621.633301 19167.416016
-7616.757324 19173.492188
-7611.867676 19179.562500
-7606.964844 19185.626953
-7602.048340 19191.685547
-7597.118164 19197.738281
-7592.174316 19203.785156
-7587.213379 19209.826172
-7582.236328 19215.863281
-7577.243164 19221.894531
-7572.234375 19227.921875
-7567.209473 19233.943359
-7562.168457 19239.960938
-7557.111816 19245.972656
-7552.039062 19251.980469
-7546.950195 19257.982422
-7541.845215 19263.978516
-7536.724609 19269.970703
-7531.587891 19275.957031
-7526.435059 19281.939453
-7521.266602 19287.916016
-7516.082031 19293.888672
-7510.881348 19299.855469
-7505.664551 19305.818359
-7500.432129 19311.775391
-7495.183594 19317.726562
-7489.918945 19323.673828
-7484.638672 19329.615234
-7479.342285 19335.552734
-7474.029785 19341.484375
-7468.701172 19347.412109
-7463.356934 19353.333984
-7457.996582 19359.250000
-7452.620117 19365.162109
-7447.228027 19371.068359
-7441.819824 19376.970703
-7436.395508 19382.867188
-7430.955078 19388.759766
-7425.499023 19394.646484
-7420.026855 19400.529297
-7414.538574 19406.406250
-7409.034668 19412.277344
-7403.514648 19418.144531
-7397.978516 19424.005859
-7392.426270 19429.863281
-7386.858398 19435.714844
-7381.274414 19441.562500
-7375.677734 19447.410156
-7370.067383 19453.255859
-7364.443359 19459.099609
-7358.806152 19464.941406
-7353.155273 19470.781250
-7347.490723 19476.621094
-7341.812500 19482.458984
-7336.120605 19488.294922
-7330.415039 19494.128906
-7324.695801 19499.960938
-7318.962891 19505.792969
-7313.216309 19511.623047
-7307.456055 19517.451172
-7301.682129 19523.277344
-7295.894531 19529.101562
-7290.093262 19534.925781
-7284.278320 19540.748047
-7278.449707 19546.568359
-7272.607422 19552.386719
-7266.751465 19558.203125
-7260.881836 19564.019531
-7254.998535 19569.833984
-7249.101562 19575.646484
-7243.190918 19581.457031
-7237.266602 19587.265625
-7231.329102 19593.074219
-7225.377930 19598.880859
-7219.413086 19604.685547
-7213.434570 19610.488281
-7207.442383 19616.289062
-7201.436523 19622.089844
-7195.416992 19627.888672
-7189.383789 19633.685547
-7183.336914 19639.480469
-7177.276367 19645.273438
-7171.202148 19651.064453
-7165.114258 19656.855469
-7159.012695 19662.644531
-7152.897461 19668.431641
-7146.768555 19674.216797
-7140.627930 19679.996094
-7134.475098 19685.771484
-7128.310059 19691.542969
-7122.132812 19697.310547
-7115.943359 19703.072266
-7109.741699 19708.830078
-7103.527832 19714.583984
-7097.301270 19720.333984
-7091.062500 19726.080078
-7084.811523 19731.820312
-7078.548340 19737.556641
-7072.272949 19743.289062
-7065.985352 19749.017578
-7059.685547 19754.740234
-7053.373047 19760.458984
-7047.048340 19766.173828
-7040.711426 19771.884766
-7034.362305 19777.589844
-7028.000977 19783.291016
-7021.627441 19788.988281
-7015.241699 19794.681641
-7008.843262 19800.371094
-7002.432617 19806.054688
-6996.009766 19811.734375
-6989.574707 19817.410156
-6983.127441 19823.082031
-6976.667969 19828.748047
-6970.196289 19834.410156
-6963.711914 19840.068359
-6957.215332 19845.722656
-6950.706543 19851.373047
-6944.185547 19857.017578
-6937.652344 19862.658203
-6931.106934 19868.294922
-6924.549316 19873.927734
-6917.979492 19879.554688
-6911.396973 19885.177734
-6904.802246 19890.796875
-6898.195312 19896.412109
-6891.576172 19902.021484
-6884.960449 19907.628906
-6878.342773 19913.234375
-6871.723145 19918.835938
-6865.101562 19924.435547
-6858.478027 19930.033203
-6851.852539 19935.626953
-6845.225098 19941.218750
-6838.595703 19946.806641
-6831.964355 19952.392578
-6825.331055 19957.974609
-6818.695801 19963.554688
-6812.058594 19969.130859
-6805.419434 19974.705078
-6798.778320 19980.275391
-6792.135254 19985.843750
-6785.490234 19991.408203
-6778.843262 19996.970703
-6772.194336 20002.531250
-6765.543457 20008.087891
-6758.890625 20013.642578
-6752.235840 20019.193359
-6745.579102 20024.742188
-6738.920410 20030.287109
-6732.259766 20035.830078
-6725.597168 20041.369141
-6718.932617 20046.906250
-6712.266113 20052.439453
-6705.597656 20057.970703
-6698.927246 20063.500000
-6692.254883 20069.025391
-6685.580566 20074.548828
-6678.904297 20080.068359
-6672.226074 20085.585938
-6665.545898 20091.099609
-6658.863770 20096.611328
-6652.179688 20102.119141
-6645.493652 20107.625000
-6638.805664 20113.126953
-6632.115723 20118.626953
-6625.423828 20124.123047
-6618.744141 20129.613281
-6612.071777 20135.097656
-6605.407227 20140.578125
-6598.750000 20146.052734
-6592.100586 20151.521484
-6585.458496 20156.984375
-6578.823730 20162.441406
-6572.196777 20167.894531
-6565.577148 20173.341797
-6558.965332 20178.783203
-6552.360840 20184.218750
-6545.763672 20189.650391
-6539.174316 20195.076172
-6532.592285 20200.496094
-6526.018066 20205.910156
-6519.451172 20211.320312
-6512.892090 20216.724609
-6506.340332 20222.123047
-6499.795898 20227.515625
-6493.259277 20232.904297
-6486.729980 20238.287109
-6480.208496 20243.664062
-6473.694336 20249.035156
-6467.187500 20254.400391
-6460.688477 20259.761719
-6454.196777 20265.117188
-6447.712891 20270.466797
-6441.236328 20275.810547
-6434.767090 20281.150391
-6428.305664 20286.484375
-6421.851562 20291.812500
-6415.405273 20297.134766
-6408.966309 20302.453125
-6402.534668 20307.765625
-6396.110840 20313.072266
-6389.694336 20318.373047
-6383.285645 20323.669922
-6376.884277 20328.960938
-6370.490723 20334.246094
-6364.104492 20339.525391
-6357.721680 20344.791016
-6351.343750 20350.044922
-6344.970215 20355.287109
-6338.601562 20360.517578
-6332.237793 20365.736328
-6325.878906 20370.943359
-6319.524902 20376.138672
-6313.175293 20381.322266
-6306.830566 20386.494141
-6300.490723 20391.654297
-6294.155762 20396.802734
-6287.825195 20401.939453
-6281.499512 20407.064453
-6275.178711 20412.177734
-6268.862793 20417.279297
-6262.551758 20422.369141
-6256.245117 20427.447266
-6249.943359 20432.513672
-6243.646484 20437.570312
-6237.354492 20442.615234
-6231.067383 20447.648438
-6224.784668 20452.669922
-6218.506836 20457.679688
-6212.233887 20462.677734
-6205.965820 20467.664062
-6199.702148 20472.638672
-6193.443359 20477.601562
-6187.189453 20482.552734
-6180.940430 20487.492188
-6174.696289 20492.419922
-6168.456543 20497.335938
-6162.221680 20502.240234
-6155.991699 20507.132812
-6149.766602 20512.013672
-6143.545898 20516.882812
-6137.330078 20521.740234
-6131.119141 20526.585938
-6124.913086 20531.419922
-6118.711914 20536.244141
-6112.515137 20541.056641
-6106.328613 20545.861328
-6100.150391 20550.656250
-6093.980469 20555.443359
-6087.818848 20560.222656
-6081.665527 20564.992188
-6075.520996 20569.753906
-6069.384766 20574.505859
-6063.256836 20579.250000
-6057.137207 20583.984375
-6051.025879 20588.710938
-6044.922852 20593.427734
-6038.828125 20598.136719
-6032.741699 20602.837891
-6026.663574 20607.529297
-6020.593750 20612.212891
-6014.532715 20616.886719
-6008.479980 20621.552734
-6002.435547 20626.208984
-5996.399414 20630.857422
-5990.371582 20635.496094
-5984.352051 20640.126953
-5978.340820 20644.750000
-5972.337891 20649.363281
-5966.343262 20653.968750
-5960.356934 20658.564453
-5954.379395 20663.152344
-5948.410156 20667.730469
-5942.449219 20672.300781
-5936.496582 20676.863281
-5930.552246 20681.416016
-5924.616211 20685.960938
-5918.688477 20690.496094
-5912.769043 20695.023438
-5906.857910 20699.541016
-5900.955078 20704.050781
-5895.061035 20708.550781
-5889.175293 20713.042969
-5883.297852 20717.527344
-5877.428711 20722.001953
-5871.567871 20726.468750
-5865.719238 20730.921875
-5859.881348 20735.363281
-5854.054199 20739.792969
-5848.237793 20744.210938
-5842.432129 20748.615234
-5836.637207 20753.007812
-5830.853027 20757.388672
-5825.079590 20761.757812
-5819.316895 20766.115234
-5813.564941 20770.460938
-5807.823730 20774.794922
-5802.093262 20779.117188
-5796.373535 20783.427734
-5790.664551 20787.726562
-5784.966309 20792.013672
-5779.279297 20796.289062
-5773.603027 20800.550781
-5767.937500 20804.800781
-5762.282715 20809.039062
-5756.638672 20813.265625
-5751.005371 20817.480469
-5745.382812 20821.683594
-5739.770996 20825.875000
-5734.169922 20830.054688
-5728.579590 20834.222656
-5723.000000 20838.378906
-5717.431152 20842.523438
-5711.873047 20846.656250
-5706.325684 20850.777344
-5700.789551 20854.884766
-5695.264160 20858.980469
-5689.749512 20863.064453
-5684.245605 20867.136719
-5678.752441 20871.197266
-5673.270020 20875.246094
-5667.798340 20879.283203
-5662.337402 20883.308594
-5656.887207 20887.322266
-5651.447754 20891.324219
-5646.019043 20895.314453
-5640.600098 20899.304688
-5635.191406 20903.292969
-5629.792969 20907.279297
-5624.404785 20911.261719
-5619.026855 20915.242188
-5613.659180 20919.218750
-5608.301270 20923.193359
-5602.953613 20927.164062
-5597.616211 20931.132812
-5592.289062 20935.097656
-5586.972168 20939.060547
-5581.665527 20943.021484
-5576.368652 20946.978516
-5571.082031 20950.933594
-5565.805664 20954.884766
-5560.539551 20958.833984
-5555.283691 20962.779297
-5550.038086 20966.722656
-5544.802246 20970.662109
-5539.576660 20974.599609
-5534.361328 20978.535156
-5529.156250 20982.466797
-5523.961426 20986.396484
-5518.776855 20990.322266
-5513.602539 20994.246094
-5508.437988 20998.166016
-5503.283691 21002.083984
-5498.139648 21005.998047
-5493.005859 21009.910156
-5487.882324 21013.820312
-5482.769043 21017.726562
-5477.665527 21021.630859
-5472.572266 21025.531250
-5467.489258 21029.429688
-5462.416504 21033.324219
-5457.354004 21037.216797
-5452.301758 21041.105469
-5447.259277 21044.992188
-5442.227051 21048.876953
-5437.205078 21052.757812
-5432.177734 21056.619141
-5427.150391 21060.464844
-5422.122559 21064.296875
-5417.094727 21068.113281
-5412.066406 21071.916016
-5407.038086 21075.703125
-5402.009277 21079.476562
-5396.980469 21083.234375
-5391.951172 21086.978516
-5386.921875 21090.707031
-5381.892090 21094.421875
-5376.862305 21098.123047
-5371.832031 21101.808594
-5366.801758 21105.480469
-5361.771484 21109.136719
-5356.740723 21112.779297
-5351.709961 21116.406250
-5346.678711 21120.019531
-5341.647461 21123.617188
-5336.615723 21127.201172
-5331.583984 21130.769531
-5326.551758 21134.324219
-5321.519531 21137.863281
-5316.486816 21141.388672
-5311.454102 21144.900391
-5306.420898 21148.396484
-5301.387695 21151.878906
-5296.354492 21155.345703
-5291.320801 21158.798828
-5286.287109 21162.236328
-5281.252930 21165.660156
-5276.218750 21169.068359
-5271.184082 21172.462891
-5266.149414 21175.841797
-5261.114258 21179.207031
-5256.079102 21182.556641
-5251.043457 21185.892578
-5246.007812 21189.214844
-5240.971680 21192.521484
-5235.935547 21195.814453
-5230.916016 21199.097656
-5225.907715 21202.371094
-5220.910645 21205.634766
-5215.924316 21208.886719
-5210.949219 21212.128906
-5205.985352 21215.361328
-5201.032227 21218.582031
-5196.090332 21221.792969
-5191.159668 21224.994141
-5186.239746 21228.183594
-5181.331055 21231.363281
-5176.433594 21234.533203
-5171.546875 21237.691406
-5166.671387 21240.839844
-5161.807129 21243.978516
-5156.954102 21247.105469
-5152.111816 21250.222656
-5147.280762 21253.330078
-5142.460938 21256.425781
-5137.651855 21259.511719
-5132.854004 21262.587891
-5128.067383 21265.652344
-5123.291504 21268.707031
-5118.526855 21271.751953
-5113.773438 21274.787109
-5109.030762 21277.810547
-5104.299316 21280.824219
-5099.579102 21283.828125
-5094.869629 21286.820312
-5090.171387 21289.802734
-5085.484375 21292.775391
-5080.808105 21295.736328
-5076.143066 21298.687500
-5071.489258 21301.628906
-5066.846191 21304.558594
-5062.214355 21307.478516
-5057.593750 21310.388672
-5052.984375 21313.287109
-5048.385742 21316.175781
-5043.798340 21319.054688
-5039.205078 21321.935547
-5034.611328 21324.814453
-5030.017578 21327.693359
-5025.423340 21330.570312
-5020.829102 21333.445312
-5016.234375 21336.318359
-5011.639648 21339.189453
-5007.044434 21342.060547
-5002.449219 21344.929688
-4997.853516 21347.796875
-4993.257812 21350.662109
-4988.661621 21353.527344
-4984.065430 21356.390625
-4979.468750 21359.251953
-4974.872070 21362.111328
-4970.274902 21364.968750
-4965.677734 21367.826172
-4961.080078 21370.681641
-4956.482422 21373.535156
-4951.884277 21376.386719
-4947.286133 21379.238281
-4942.687500 21382.087891
-4938.088379 21384.935547
-4933.489258 21387.781250
-4928.889648 21390.625000
-4924.290039 21393.468750
-4919.689941 21396.310547
-4915.089844 21399.150391
-4910.489258 21401.988281
-4905.888672 21404.826172
-4901.287598 21407.662109
-4896.686523 21410.496094
-4892.084961 21413.328125
-4887.483398 21416.158203
-4882.881348 21418.988281
-4878.279297 21421.816406
-4873.676758 21424.642578
-4869.074219 21427.466797
-4864.471191 21430.289062
-4859.868164 21433.111328
-4855.271484 21435.917969
-4850.679199 21438.712891
-4846.091309 21441.498047
-4841.507324 21444.271484
-4836.927734 21447.035156
-4832.352539 21449.787109
-4827.781738 21452.529297
-4823.214844 21455.259766
-4818.652344 21457.978516
-4814.094238 21460.687500
-4809.540527 21463.384766
-4804.990723 21466.072266
-4800.445312 21468.748047
-4795.904297 21471.414062
-4791.367676 21474.068359
-4786.835449 21476.712891
-4782.307129 21479.345703
-4777.783203 21481.968750
-4773.263672 21484.580078
-4768.748535 21487.179688
-4764.237305 21489.769531
-4759.730469 21492.347656
-4755.228027 21494.916016
-4750.729980 21497.472656
-4746.235840 21500.019531
-4741.746094 21502.554688
-4737.260742 21505.080078
-4732.779785 21507.593750
-4728.302734 21510.097656
-4723.830078 21512.589844
-4719.361816 21515.072266
-4714.897949 21517.542969
-4710.437988 21520.001953
-4705.982422 21522.451172
-4701.531250 21524.888672
-4697.084473 21527.316406
-4692.641602 21529.732422
-4688.203125 21532.138672
-4683.769043 21534.533203
-4679.339355 21536.917969
-4674.917480 21539.285156
-4670.502441 21541.636719
-4666.094238 21543.974609
-4661.692871 21546.296875
-4657.298340 21548.605469
-4652.910156 21550.898438
-4648.528809 21553.177734
-4644.154297 21555.441406
-4639.786621 21557.689453
-4635.425781 21559.923828
-4631.071777 21562.142578
-4626.724609 21564.347656
-4622.384277 21566.537109
-4618.050293 21568.712891
-4613.723145 21570.873047
-4609.402832 21573.017578
-4605.089355 21575.148438
-4600.782715 21577.263672
-4596.482910 21579.365234
-4592.189941 21581.451172
-4587.903809 21583.521484
-4583.624023 21585.578125
-4579.351074 21587.619141
-4575.084961 21589.646484
-4570.825684 21591.658203
-4566.573242 21593.656250
-4562.327637 21595.638672
-4558.088867 21597.605469
-4553.856934 21599.558594
-4549.631348 21601.496094
-4545.412598 21603.419922
-4541.200684 21605.328125
-4536.995605 21607.222656
-4532.797363 21609.101562
-4528.605957 21610.964844
-4524.421387 21612.814453
-4520.243652 21614.648438
-4516.072266 21616.468750
-4511.907715 21618.273438
-4507.750000 21620.062500
-4503.605469 21621.845703
-4499.471680 21623.621094
-4495.349121 21625.386719
-4491.237305 21627.142578
-4487.136719 21628.890625
-4483.046875 21630.628906
-4478.967773 21632.359375
-4474.899902 21634.080078
-4470.842773 21635.791016
-4466.796875 21637.494141
-4462.761719 21639.187500
-4458.737793 21640.871094
-4454.724609 21642.546875
-4450.722168 21644.212891
-4446.730957 21645.869141
-4442.750488 21647.517578
-4438.781250 21649.156250
-4434.822754 21650.787109
-4430.875488 21652.408203
-4426.938965 21654.019531
-4423.013184 21655.623047
-4419.098633 21657.216797
-4415.194824 21658.800781
-4411.302246 21660.376953
-4407.420410 21661.943359
-4403.549805 21663.500000
-4399.689941 21665.048828
-4395.840820 21666.587891
-4392.002930 21668.119141
-4388.175781 21669.640625
-4384.359863 21671.152344
-4380.554688 21672.656250
-4376.760742 21674.150391
-4372.977539 21675.634766
-4369.205078 21677.111328
-4365.443848 21678.578125
-4361.693359 21680.037109
-4357.954102 21681.486328
-4354.225586 21682.925781
-4350.507812 21684.357422
-4346.808105 21685.767578
-4343.123535 21687.162109
-4339.454590 21688.541016
-4335.800781 21689.904297
-4332.162598 21691.250000
-4328.539551 21692.580078
-4324.932129 21693.894531
-4321.339844 21695.191406
-4317.763184 21696.472656
-4314.201660 21697.738281
-4310.655762 21698.986328
-4307.125488 21700.218750
-4303.610352 21701.435547
-4300.110840 21702.634766
-4296.626465 21703.818359
-4293.157715 21704.986328
-4289.704102 21706.138672
-4286.266113 21707.273438
-4282.843262 21708.392578
-4279.436035 21709.496094
-4276.043945 21710.582031
-4272.667480 21711.652344
-4269.306152 21712.707031
-4265.960449 21713.744141
-4262.630371 21714.765625
-4259.315430 21715.771484
-4256.016113 21716.759766
-4252.731934 21717.732422
-4249.463379 21718.689453
-4246.209961 21719.630859
-4242.972168 21720.554688
-4239.749512 21721.462891
-4236.542480 21722.355469
-4233.350586 21723.230469
-4230.174316 21724.089844
-4227.013184 21724.933594
-4223.867676 21725.759766
-4220.737793 21726.570312
-4217.623047 21727.365234
-4214.523926 21728.142578
-4211.457520 21728.888672
-4208.417969 21729.607422
-4205.405762 21730.298828
-4202.420410 21730.962891
-4199.462402 21731.599609
-4196.531250 21732.208984
-4193.627441 21732.792969
-4190.750488 21733.349609
-4187.900879 21733.878906
-4185.078125 21734.380859
-4182.282715 21734.855469
-4179.514160 21735.302734
-4176.772461 21735.722656
-4174.058105 21736.115234
-4171.370605 21736.482422
-4168.710449 21736.822266
-4166.077148 21737.134766
-4163.471191 21737.419922
-4160.892090 21737.677734
-4158.340332 21737.908203
-4155.815430 21738.111328
-4153.317383 21738.287109
-4150.846680 21738.437500
-4148.402832 21738.560547
-4145.986328 21738.656250
-4143.596680 21738.724609
-4141.234375 21738.765625
-4138.898926 21738.779297
-4136.590820 21738.765625
-4134.309570 21738.724609
-4132.055176 21738.658203
-4129.828125 21738.564453
-4127.627930 21738.443359
-4125.455078 21738.294922
-4123.309082 21738.119141
-4121.190430 21737.916016
-4119.098633 21737.685547
-4117.034180 21737.427734
-4114.996582 21737.144531
-4112.986328 21736.833984
-4111.000977 21736.511719
-4109.041504 21736.171875
-4107.107910 21735.816406
-4105.200195 21735.443359
-4103.317871 21735.052734
-4101.461426 21734.646484
-4099.630859 21734.222656
-4097.826172 21733.783203
-4096.047363 21733.326172
-4094.294189 21732.851562
-4092.566895 21732.361328
-4090.865479 21731.853516
-4089.189697 21731.330078
-4087.539795 21730.789062
-4085.915771 21730.230469
-4084.317383 21729.656250
-4082.744873 21729.064453
-4081.198242 21728.457031
-4079.677246 21727.832031
-4078.182129 21727.189453
-4076.712891 21726.531250
-4075.269287 21725.855469
-4073.851562 21725.164062
-4072.459717 21724.455078
-4071.093506 21723.728516
-4069.753174 21722.986328
-4068.438721 21722.226562
-4067.149902 21721.451172
-4065.886963 21720.658203
-4064.649902 21719.847656
-4063.438477 21719.021484
-4062.252930 21718.177734
-4061.093262 21717.316406
-4059.959229 21716.439453
-4058.851074 21715.544922
-4057.768799 21714.634766
-4056.712402 21713.707031
-4055.681641 21712.761719
-4054.676758 21711.800781
-4053.697754 21710.822266
-4052.743164 21709.828125
-4051.813721 21708.816406
-4050.909180 21707.789062
-4050.029785 21706.744141
-4049.175293 21705.683594
-4048.345703 21704.605469
-4047.541260 21703.511719
-4046.761719 21702.400391
-4046.007324 21701.273438
-4045.277832 21700.128906
-4044.573242 21698.968750
-4043.893799 21697.791016
-4043.239258 21696.597656
-4042.609863 21695.386719
-4042.005371 21694.160156
-4041.425781 21692.916016
-4040.871338 21691.656250
-4040.341797 21690.378906
-4039.837402 21689.085938
-4039.357910 21687.775391
-4038.903320 21686.449219
-4038.473877 21685.105469
-4038.069336 21683.746094
-4037.689941 21682.369141
-4037.335449 21680.976562
-4037.005859 21679.566406
-4036.701416 21678.140625
-4036.421875 21676.697266
-4036.167480 21675.238281
-4035.937988 21673.761719
-4035.733398 21672.269531
-4035.553955 21670.759766
-4035.399414 21669.234375
-4035.270020 21667.691406
-4035.165527 21666.132812
-4035.085938 21664.556641
-4035.031494 21662.964844
-4035.001953 21661.355469
-4034.997559 21659.730469
-4035.018066 21658.087891
-4035.061035 21656.419922
-4035.127197 21654.730469
-4035.216553 21653.017578
-4035.329102 21651.281250
-4035.464844 21649.523438
-4035.624023 21647.742188
-4035.806396 21645.939453
-4036.011963 21644.113281
-4036.240723 21642.263672
-4036.492920 21640.392578
-4036.768311 21638.498047
-4037.066895 21636.582031
-4037.388672 21634.642578
-4037.733887 21632.679688
-4038.102295 21630.695312
-4038.493896 21628.687500
-4038.908691 21626.658203
-4039.346924 21624.605469
-4039.808350 21622.529297
-4040.292969 21620.431641
-4040.800781 21618.310547
-4041.331787 21616.167969
-4041.886230 21614.001953
-4042.463867 21611.812500
-4043.064697 21609.601562
-4043.688721 21607.367188
-4044.336182 21605.111328
-4045.006836 21602.832031
-4045.700684 21600.531250
-4046.417725 21598.207031
-4047.158203 21595.859375
-4047.921875 21593.490234
-4048.708740 21591.097656
-4049.518799 21588.683594
-4050.352051 21586.246094
-4051.208740 21583.785156
-4052.088623 21581.302734
-4052.991699 21578.796875
-4053.917969 21576.269531
-4054.867676 21573.718750
-4055.825195 21571.138672
-4056.795654 21568.533203
-4057.779297 21565.900391
-4058.775879 21563.242188
-4059.785400 21560.556641
-4060.808105 21557.845703
-4061.843750 21555.107422
-4062.892334 21552.343750
-4063.954102 21549.552734
-4065.028809 21546.734375
-4066.116699 21543.890625
-4067.217529 21541.019531
-4068.331299 21538.123047
-4069.458252 21535.199219
-4070.598145 21532.250000
-4071.750977 21529.273438
-4072.916992 21526.271484
-4074.095947 21523.242188
-4075.287842 21520.185547
-4076.492920 21517.103516
-4077.710938 21513.994141
-4078.941895 21510.859375
-4080.186035 21507.697266
-4081.443115 21504.509766
-4082.713135 21501.294922
-4083.996338 21498.054688
-4085.292480 21494.787109
-4086.601562 21491.492188
-4087.923828 21488.171875
-4089.259033 21484.824219
-4090.607422 21481.451172
-4091.968750 21478.050781
-4093.343018 21474.625000
-4094.730469 21471.171875
-4096.130859 21467.693359
-4097.544434 21464.187500
-4098.970703 21460.654297
-4100.410156 21457.095703
-4101.862793 21453.509766
-4103.328125 21449.898438
-4104.874512 21446.302734
-4106.479492 21442.707031
-4108.143066 21439.113281
-4109.864746 21435.521484
-4111.645020 21431.931641
-4113.483398 21428.341797
-4115.380371 21424.753906
-4117.335938 21421.167969
-4119.349609 21417.583984
-4121.421875 21414.000000
-4123.552246 21410.417969
-4125.741211 21406.837891
-4127.988770 21403.259766
-4130.294434 21399.681641
-4132.658691 21396.105469
-4135.081055 21392.531250
-4137.562012 21388.958984
-4140.101562 21385.386719
-4142.699219 21381.816406
-4145.355469 21378.248047
-4148.069824 21374.679688
-4150.842773 21371.113281
-4153.674316 21367.548828
-4156.563965 21363.986328
-4159.512207 21360.423828
-4162.518555 21356.863281
-4165.583496 21353.304688
-4168.707031 21349.748047
-4171.888672 21346.191406
-4175.128906 21342.636719
-4178.427246 21339.083984
-4181.784180 21335.533203
-4185.199707 21331.982422
-4188.673340 21328.433594
-4192.205566 21324.886719
-4195.796387 21321.341797
-4199.445312 21317.796875
-4203.152832 21314.253906
-4206.918457 21310.712891
-4210.742676 21307.173828
-4214.500977 21303.591797
-4218.235352 21299.982422
-4221.945312 21296.345703
-4225.630859 21292.679688
-4229.291992 21288.986328
-4232.929199 21285.265625
-4236.541992 21281.517578
-4240.130371 21277.742188
-4243.694336 21273.937500
-4247.234375 21270.105469
-4250.750000 21266.246094
-4254.241211 21262.359375
-4257.708008 21258.445312
-4261.150879 21254.501953
-4264.569336 21250.531250
-4267.963379 21246.533203
-4271.333008 21242.507812
-4274.678223 21238.455078
-4277.999512 21234.373047
-4281.296387 21230.263672
-4284.568848 21226.126953
-4287.816895 21221.962891
-4291.041016 21217.771484
-4294.240723 21213.550781
-4297.416016 21209.302734
-4300.566895 21205.027344
-4303.693848 21200.724609
-4306.796387 21196.394531
-4309.874512 21192.035156
-4312.928223 21187.648438
-4315.957520 21183.234375
-4318.962891 21178.792969
-4321.943848 21174.324219
-4324.900391 21169.826172
-4327.832520 21165.300781
-4330.740723 21160.748047
-4333.624512 21156.167969
-4336.483887 21151.560547
-4339.318848 21146.925781
-4342.129883 21142.261719
-4344.867676 21137.589844
-4347.548340 21132.902344
-4350.172363 21128.199219
-4352.739258 21123.482422
-4355.249512 21118.750000
-4357.702637 21114.001953
-4360.098633 21109.240234
-4362.437988 21104.462891
-4364.720215 21099.669922
-4366.945801 21094.863281
-4369.114258 21090.041016
-4371.226074 21085.203125
-4373.280762 21080.349609
-4375.278809 21075.482422
-4377.219727 21070.599609
-4379.104004 21065.701172
-4380.931152 21060.789062
-4382.701660 21055.861328
-4384.415039 21050.917969
-4386.071777 21045.958984
-4387.671387 21040.986328
-4389.214355 21035.998047
-4390.700195 21030.994141
-4392.128906 21025.976562
-4393.500977 21020.943359
-4394.815918 21015.894531
-4396.074219 21010.832031
-4397.275391 21005.753906
-4398.419922 21000.660156
-4399.507324 20995.550781
-4400.538086 20990.427734
-4401.511719 20985.289062
-4402.428711 20980.134766
-4403.288574 20974.966797
-4404.091797 20969.783203
-4404.837891 20964.583984
-4405.527344 20959.369141
-4406.159668 20954.140625
-4406.734863 20948.896484
-4407.253418 20943.636719
-4407.733398 20938.367188
-4408.168457 20933.085938
-4408.558594 20927.792969
-4408.904297 20922.488281
-4409.205078 20917.171875
-4409.460938 20911.843750
-4409.671875 20906.503906
-4409.838379 20901.152344
-4409.959961 20895.789062
-4410.036621 20890.414062
-4410.068848 20885.027344
-4410.056152 20879.628906
-4409.998535 20874.218750
-4409.896484 20868.796875
-4409.749512 20863.363281
-4409.557617 20857.917969
-4409.320801 20852.460938
-4409.039551 20846.992188
-4408.713379 20841.511719
-4408.342285 20836.019531
-4407.926758 20830.515625
-4407.466309 20825.000000
-4406.960938 20819.472656
-4406.411133 20813.931641
-4405.816406 20808.378906
-4405.176758 20802.814453
-4404.492188 20797.238281
-4403.763184 20791.650391
-4402.989258 20786.050781
-4402.170410 20780.439453
-4401.307129 20774.816406
-4400.398926 20769.181641
-4399.445801 20763.535156
-4398.448242 20757.876953
-4397.405762 20752.207031
-4396.318359 20746.525391
-4395.186035 20740.832031
-4394.009277 20735.126953
-4392.787598 20729.410156
-4391.520996 20723.681641
-4390.241699 20717.921875
-4388.938965 20712.138672
-4387.612793 20706.330078
-4386.263184 20700.498047
-4384.890137 20694.640625
-4383.493652 20688.759766
-4382.073730 20682.853516
-4380.630371 20676.921875
-4379.163574 20670.966797
-4377.672852 20664.986328
-4376.158691 20658.982422
-4374.621094 20652.953125
-4373.060059 20646.900391
-4371.475586 20640.822266
-4369.867676 20634.720703
-4368.236328 20628.593750
-4366.581543 20622.443359
-4364.903320 20616.267578
-4363.201660 20610.066406
-4361.476562 20603.841797
-4359.728027 20597.591797
-4357.956055 20591.318359
-4356.160156 20585.019531
-4354.340820 20578.697266
-4352.498047 20572.349609
-4350.631836 20565.978516
-4348.742188 20559.582031
-4346.829102 20553.162109
-4344.892578 20546.716797
-4342.932617 20540.246094
-4340.949219 20533.751953
-4338.942383 20527.232422
-4336.912109 20520.689453
-4334.858398 20514.121094
-4332.781250 20507.529297
-4330.680176 20500.912109
-4328.555664 20494.271484
-4326.407715 20487.605469
-4324.236328 20480.916016
-4322.041504 20474.201172
-4319.865234 20467.490234
-4317.693359 20460.773438
-4315.525879 20454.048828
-4313.362793 20447.318359
-4311.204102 20440.582031
-4309.049805 20433.839844
-4306.900391 20427.091797
-4304.755371 20420.337891
-4302.614746 20413.578125
-4300.478516 20406.812500
-4298.346680 20400.041016
-4296.219238 20393.263672
-4294.096191 20386.478516
-4291.977539 20379.687500
-4289.863281 20372.890625
-4287.753906 20366.087891
-4285.648926 20359.279297
-4283.548340 20352.464844
-4281.452148 20345.644531
-4279.360352 20338.818359
-4277.272949 20331.986328
-4275.189941 20325.148438
-4273.111328 20318.302734
-4271.037109 20311.451172
-4268.967773 20304.593750
-4266.902832 20297.730469
-4264.842285 20290.861328
-4262.786133 20283.986328
-4260.734375 20277.105469
-4258.687012 20270.218750
-4256.644043 20263.326172
-4254.605469 20256.427734
-4252.571289 20249.523438
-4250.541992 20242.611328
-4248.517090 20235.693359
-4246.496582 20228.769531
-4244.480469 20221.839844
-4242.468750 20214.904297
-4240.461426 20207.962891
-4238.458496 20201.015625
-4236.407227 20194.060547
-4234.325195 20187.097656
-4232.211914 20180.128906
-4230.067871 20173.152344
-4227.893066 20166.167969
-4225.687012 20159.177734
-4223.450195 20152.179688
-4221.182617 20145.173828
-4218.884277 20138.162109
-4216.554688 20131.142578
-4214.194336 20124.117188
-4211.803223 20117.083984
-4209.380859 20110.042969
-4206.927734 20102.996094
-4204.443848 20095.941406
-4201.929199 20088.878906
-4199.383301 20081.810547
-4196.806641 20074.734375
-4194.199219 20067.650391
-4191.560547 20060.560547
-4188.891113 20053.462891
-4186.190918 20046.359375
-4183.459961 20039.248047
-4180.697754 20032.128906
-4177.904785 20025.003906
-4175.081055 20017.871094
-4172.226074 20010.730469
-4169.340332 20003.583984
-4166.423828 19996.429688
-4163.476562 19989.269531
-4160.498047 19982.101562
-4157.488770 19974.925781
-4154.448730 19967.744141
-4151.377441 19960.554688
-4148.275391 19953.357422
-4145.142578 19946.154297
-4141.979004 19938.943359
-4138.784180 19931.724609
-4135.558594 19924.500000
-4132.302246 19917.267578
-4129.034668 19910.023438
-4125.749512 19902.769531
-4122.446777 19895.507812
-4119.125977 19888.236328
-4115.787598 19880.955078
-4112.431641 19873.664062
-4109.058105 19866.363281
-4105.666504 19859.052734
-4102.257324 19851.732422
-4098.830566 19844.402344
-4095.385986 19837.062500
-4091.923828 19829.712891
-4088.443848 19822.353516
-4084.946289 19814.984375
-4081.430908 19807.605469
-4077.897949 19800.216797
-4074.347168 19792.818359
-4070.778809 19785.410156
-4067.192627 19777.992188
-4063.588867 19770.564453
-4059.967285 19763.126953
-4056.328125 19755.679688
-4052.671143 19748.222656
-4048.996582 19740.755859
-4045.304199 19733.279297
-4041.594238 19725.792969
-4037.866455 19718.296875
-4034.121094 19710.791016
-4030.357910 19703.275391
-4026.577148 19695.750000
-4022.778564 19688.214844
-4018.962402 19680.669922
-4015.128418 19673.115234
-4011.276855 19665.550781
-4007.407471 19657.976562
-4003.520508 19650.392578
-3999.615723 19642.798828
-3995.693359 19635.195312
-3991.753174 19627.582031
-3987.795410 19619.958984
-3983.838379 19612.312500
-3979.875977 19604.648438
-3975.907959 19596.964844
-3971.934570 19589.263672
-3967.955811 19581.542969
-3963.971680 19573.804688
-3959.982178 19566.046875
-3955.987305 19558.271484
-3951.987061 19550.476562
-3947.981445 19542.664062
-3943.970215 19534.833984
-3939.953613 19526.984375
-3935.931641 19519.117188
-3931.904297 19511.230469
-3927.871582 19503.326172
-3923.833496 19495.402344
-3919.790039 19487.460938
-3915.741211 19479.500000
-3911.687012 19471.521484
-3907.627197 19463.523438
-3903.562012 19455.507812
-3899.491455 19447.472656
-3895.415527 19439.419922
-3891.334229 19431.349609
-3887.247559 19423.259766
-3883.155518 19415.152344
-3879.058105 19407.025391
-3874.955078 19398.880859
-3870.846680 19390.716797
-3866.732910 19382.535156
-3862.613770 19374.333984
-3858.489258 19366.115234
-3854.359375 19357.876953
-3850.224121 19349.621094
-3846.083496 19341.345703
-3841.937256 19333.052734
-3837.785645 19324.742188
-3833.628662 19316.412109
-3829.466309 19308.064453
-3825.298584 19299.697266
-3821.139893 19291.324219
-3816.985352 19282.941406
-3812.834961 19274.548828
-3808.688721 19266.146484
-3804.546631 19257.734375
-3800.408691 19249.312500
-3796.274902 19240.880859
-3792.145264 19232.439453
-3788.020020 19223.988281
-3783.898926 19215.527344
-3779.781982 19207.056641
-3775.669189 19198.576172
-3771.560547 19190.085938
-3767.456055 19181.585938
-3763.355713 19173.076172
-3759.259521 19164.556641
-3755.167480 19156.027344
-3751.079590 19147.488281
-3746.996094 19138.939453
-3742.916748 19130.380859
-3738.841553 19121.812500
-3734.770508 19113.234375
-3730.703613 19104.646484
-3726.640869 19096.048828
-3722.582275 19087.441406
-3718.527832 19078.824219
-3714.477539 19070.197266
-3710.431396 19061.560547
-3706.389648 19052.914062
-3702.352051 19044.257812
-3698.318604 19035.589844
-3694.289307 19026.912109
-3690.264160 19018.224609
-3686.243164 19009.527344
-3682.226318 19000.820312
-3678.213623 18992.103516
-3674.205078 18983.376953
-3670.200684 18974.640625
-3666.200684 18965.894531
-3662.204834 18957.138672
-3658.194336 18948.359375
-3654.175537 18939.562500
-3650.148193 18930.746094
-3646.112549 18921.910156
-3642.068604 18913.056641
-3638.016357 18904.183594
-3633.955811 18895.291016
-3629.886719 18886.380859
-3625.809326 18877.451172
-3621.723633 18868.503906
-3617.629639 18859.537109
-3613.527344 18850.550781
-3609.416504 18841.546875
-3605.297363 18832.523438
-3601.169922 18823.480469
-3597.034180 18814.419922
-3592.890137 18805.339844
-3588.737549 18796.240234
-3584.576660 18787.123047
-3580.407471 18777.986328
-3576.229980 18768.830078
-3572.044189 18759.656250
-3567.849854 18750.462891
-3563.647217 18741.251953
-3559.436279 18732.021484
-3555.217041 18722.771484
-3550.989502 18713.503906
-3546.753418 18704.216797
-3542.509033 18694.910156
-3538.256348 18685.585938
-3533.995361 18676.242188
-3529.726074 18666.878906
-3525.448242 18657.498047
-3521.162109 18648.097656
-3516.867676 18638.679688
-3512.564941 18629.242188
-3508.253906 18619.785156
-3503.934326 18610.310547
-3499.606445 18600.816406
-3495.270264 18591.302734
-3490.855469 18581.765625
-3486.385498 18572.205078
-3481.860107 18562.623047
-3477.279541 18553.017578
-3472.643799 18543.388672
-3467.952881 18533.738281
-3463.206787 18524.064453
-3458.405273 18514.367188
-3453.548584 18504.648438
-3448.636719 18494.906250
-3443.669678 18485.142578
-3438.647461 18475.355469
-3433.569824 18465.544922
-3428.437012 18455.712891
-3423.249023 18445.857422
-3418.005859 18435.978516
-3412.707520 18426.078125
-3407.353760 18416.154297
-3401.944824 18406.208984
-3396.480713 18396.240234
-3390.961426 18386.248047
-3385.386963 18376.234375
-3379.757080 18366.197266
-3374.072021 18356.136719
-3368.331787 18346.054688
-3362.536377 18335.949219
-3356.685791 18325.822266
-3350.779785 18315.671875
-3344.818604 18305.498047
-3338.802246 18295.302734
-3332.730713 18285.083984
-3326.604004 18274.841797
-3320.421875 18264.578125
-3314.184570 18254.291016
-3307.892090 18243.982422
-3301.544434 18233.650391
-3295.141602 18223.294922
-3288.683350 18212.917969
-3282.169922 18202.517578
-3275.601318 18192.093750
-3268.940430 18181.648438
-3262.199707 18171.179688
-3255.379150 18160.687500
-3248.478760 18150.171875
-3241.498535 18139.634766
-3234.438232 18129.074219
-3227.298096 18118.490234
-3220.078125 18107.882812
-3212.778320 18097.251953
-3205.398682 18086.599609
-3197.939209 18075.923828
-3190.399658 18065.224609
-3182.780273 18054.501953
-3175.081055 18043.757812
-3167.302002 18032.990234
-3159.443115 18022.199219
-3151.504395 18011.384766
-3143.485596 18000.546875
-3135.386963 17989.687500
-3127.208496 17978.804688
-3118.950195 17967.898438
-3110.612061 17956.968750
-3102.194092 17946.017578
-3093.696045 17935.042969
-3085.118164 17924.044922
-3076.460449 17913.023438
-3067.722900 17901.978516
-3058.905518 17890.912109
-3050.008301 17879.822266
-3041.031006 17868.708984
-3031.973877 17857.572266
-3022.836914 17846.414062
-3013.620117 17835.232422
-3004.323486 17824.027344
-2994.947021 17812.798828
-2985.490479 17801.546875
-2975.954102 17790.273438
-2966.337891 17778.976562
-2956.641846 17767.656250
-2946.865967 17756.312500
-2937.060059 17744.974609
-2927.207764 17733.632812
-2917.308838 17722.285156
-2907.363525 17710.933594
-2897.371582 17699.578125
-2887.333252 17688.218750
-2877.248291 17676.853516
-2867.116699 17665.484375
-2856.938721 17654.111328
-2846.714111 17642.732422
-2836.443115 17631.349609
-2826.125488 17619.962891
-2815.761475 17608.572266
-2805.350830 17597.175781
-2794.893799 17585.775391
-2784.390137 17574.371094
-2773.839844 17562.962891
-2763.243164 17551.548828
-2752.599854 17540.130859
-2741.910156 17528.708984
-2731.173828 17517.283203
-2720.391113 17505.851562
-2709.561768 17494.416016
-2698.685791 17482.976562
-2687.763428 17471.531250
-2676.794434 17460.082031
-2665.779053 17448.628906
-2654.717041 17437.171875
-2643.608643 17425.708984
-2632.453613 17414.242188
-2621.251953 17402.771484
-2610.003906 17391.296875
-2598.709229 17379.816406
-2587.368164 17368.332031
-2575.980469 17356.843750
-2564.546387 17345.351562
-2553.065674 17333.853516
-2541.538330 17322.351562
-2529.964600 17310.845703
-2518.344238 17299.333984
-2506.646240 17287.820312
-2494.880859 17276.304688
-2483.048340 17264.785156
-2471.148438 17253.261719
-2459.181396 17241.736328
-2447.146973 17230.207031
-2435.045166 17218.675781
-2422.876221 17207.140625
-2410.639893 17195.603516
-2398.336182 17184.062500
-2385.965332 17172.517578
-2373.527100 17160.970703
-2361.021484 17149.419922
-2348.448730 17137.867188
-2335.808594 17126.310547
-2323.101074 17114.750000
-2310.326416 17103.187500
-2297.484375 17091.621094
-2284.574951 17080.052734
-2271.598389 17068.480469
-2258.554443 17056.906250
-2245.443115 17045.328125
-2232.264648 17033.746094
-2219.018799 17022.162109
-2205.705566 17010.574219
-2192.325195 16998.984375
-2178.877441 16987.390625
-2165.362305 16975.792969
-2151.780029 16964.193359
-2138.130371 16952.589844
-2124.413330 16940.984375
-2110.629150 16929.375000
-2096.777588 16917.761719
-2082.858643 16906.146484
-2068.872559 16894.527344
-2054.819092 16882.906250
-2040.698364 16871.281250
-2026.510254 16859.654297
-2012.254883 16848.023438
-1997.932251 16836.388672
-1983.546387 16824.722656
-1969.095947 16813.033203
-1954.580933 16801.322266
-1940.001343 16789.589844
-1925.357178 16777.833984
-1910.648438 16766.056641
-1895.875122 16754.255859
-1881.037231 16742.433594
-1866.134766 16730.587891
-1851.167725 16718.720703
-1836.136108 16706.830078
-1821.039917 16694.917969
-1805.879150 16682.982422
-1790.653809 16671.025391
-1775.363892 16659.046875
-1760.009399 16647.044922
-1744.590332 16635.021484
-1729.106689 16622.974609
-1713.558472 16610.906250
-1697.945679 16598.814453
-1682.268311 16586.701172
-1666.526367 16574.564453
-1650.719849 16562.406250
-1634.848755 16550.224609
-1618.913086 16538.021484
-1602.912842 16525.796875
-1586.848022 16513.548828
-1570.718628 16501.279297
-1554.524658 16488.986328
-1538.266113 16476.671875
-1521.942993 16464.333984
-1505.555298 16451.974609
-1489.103027 16439.591797
-1472.586182 16427.187500
-1456.004761 16414.759766
-1439.358765 16402.310547
-1422.648193 16389.839844
-1405.873047 16377.345703
-1389.033325 16364.829102
-1372.129028 16352.290039
-1355.212646 16339.748047
-1338.266724 16327.196289
-1321.291260 16314.635742
-1304.286133 16302.065430
-1287.251465 16289.485352
-1270.187256 16276.896484
-1253.093384 16264.297852
-1235.969971 16251.689453
-1218.817017 16239.071289
-1201.634521 16226.444336
-1184.422363 16213.807617
-1167.180664 16201.161133
-1149.909424 16188.504883
-1132.608521 16175.839844
-1115.278076 16163.165039
-1097.918091 16150.480469
-1080.528564 16137.787109
-1063.109375 16125.083984
-1045.660645 16112.371094
-1028.182373 16099.648438
-1010.674500 16086.916992
-993.137024 16074.175781
-975.570007 16061.424805
-957.973389 16048.664062
-940.347229 16035.894531
-922.691467 16023.115234
-905.006104 16010.326172
-887.291199 15997.528320
-869.546692 15984.720703
-851.772644 15971.903320
-833.968994 15959.076172
-816.135803 15946.240234
-798.273010 15933.394531
-780.380676 15920.539062
-762.458740 15907.673828
-744.507202 15894.799805
-726.526123 15881.916016
-708.515442 15869.022461
-690.475220 15856.120117
-672.405396 15843.208008
-654.292114 15830.282227
-636.139954 15817.344727
-617.948975 15804.394531
-599.719116 15791.432617
-581.450439 15778.458984
-563.142883 15765.472656
-544.796509 15752.474609
-526.411255 15739.463867
-507.987152 15726.441406
-489.524200 15713.407227
-471.022400 15700.360352
-452.481750 15687.301758
-433.902252 15674.230469
-415.283905 15661.147461
-396.626709 15648.052734
-377.930634 15634.945312
-359.195709 15621.826172
-340.421936 15608.694336
-321.609314 15595.550781
-302.757843 15582.395508
-283.867523 15569.227539
-264.938354 15556.047852
-245.970337 15542.856445
-226.963470 15529.652344
-207.917755 15516.436523
-188.833191 15503.208008
-169.709778 15489.967773
-150.547501 15476.715820
-131.346375 15463.451172
-112.106400 15450.174805
-92.827576 15436.885742
-73.509903 15423.584961
-54.153378 15410.272461
-34.758003 15396.947266
-15.323776 15383.610352
4.149302 15370.260742
23.661230 15356.899414
43.212009 15343.526367
62.801640 15330.140625
82.430122 15316.743164
102.072067 15303.347656
121.735931 15289.950195
141.421722 15276.550781
161.129440 15263.148438
180.859085 15249.744141
200.610657 15236.336914
220.384155 15222.927734
240.179565 15209.516602
259.996918 15196.102539
279.836182 15182.686523
299.697388 15169.267578
319.580505 15155.846680
339.485535 15142.423828
359.412506 15128.998047
379.361389 15115.570312
399.332214 15102.139648
419.324951 15088.707031
439.339630 15075.272461
459.376221 15061.834961
479.434753 15048.395508
499.515198 15034.953125
519.617554 15021.508789
539.741821 15008.062500
559.888062 14994.613281
580.056213 14981.162109
600.246277 14967.708008
620.458252 14954.251953
640.692139 14940.792969
660.947998 14927.332031
681.225769 14913.869141
701.525452 14900.403320
721.847046 14886.935547
742.190613 14873.464844
762.556091 14859.992188
782.943481 14846.517578
803.352783 14833.040039
823.783997 14819.560547
844.237183 14806.078125
864.712280 14792.593750
885.209290 14779.107422
905.739380 14765.605469
926.298828 14752.091797
946.887634 14738.567383
967.505737 14725.032227
988.153198 14711.485352
1008.830017 14697.927734
1029.536255 14684.359375
1050.271729 14670.779297
1071.036621 14657.188477
1091.830811 14643.585938
1112.654419 14629.972656
1133.507324 14616.348633
1154.389648 14602.712891
1175.301270 14589.066406
1196.242310 14575.409180
1217.212646 14561.740234
1238.212280 14548.060547
1259.241333 14534.370117
1280.299683 14520.667969
1301.387451 14506.955078
1322.504517 14493.230469
1343.651001 14479.495117
1364.826782 14465.749023
1386.031860 14451.991211
1407.266357 14438.222656
1428.530151 14424.443359
1449.823364 14410.652344
1471.145874 14396.850586
1492.497803 14383.038086
1513.879028 14369.213867
1535.289673 14355.378906
1556.729614 14341.532227
1578.198853 14327.674805
1599.697510 14313.806641
1621.225464 14299.926758
1642.782837 14286.036133
1664.369507 14272.134766
1685.985596 14258.221680
1707.630981 14244.297852
1729.305664 14230.362305
1751.001099 14216.414062
1772.720215 14202.454102
1794.462891 14188.481445
1816.229126 14174.496094
1838.019043 14160.499023
1859.832520 14146.489258
1881.669556 14132.466797
1903.530273 14118.432617
1925.414551 14104.385742
1947.322388 14090.327148
1969.253906 14076.255859
1991.208984 14062.171875
2013.187622 14048.076172
2035.189941 14033.967773
2057.215820 14019.847656
2079.265381 14005.714844
2101.338379 13991.569336
2123.435059 13977.412109
2145.555420 13963.242188
2167.699219 13949.059570
2189.866699 13934.865234
2212.057861 13920.658203
2234.272461 13906.439453
2256.510742 13892.208008
2278.772705 13877.963867
2301.058105 13863.708008
2323.367188 13849.439453
2345.699951 13835.158203
2368.056152 13820.865234
2390.436035 13806.559570
2412.839600 13792.242188
2435.266602 13777.912109
2457.717285 13763.569336
2480.191650 13749.214844
2502.689453 13734.847656
2525.210938 13720.467773
2547.756104 13706.076172
2570.324707 13691.671875
2592.916992 13677.255859
2615.532959 13662.827148
2638.176514 13648.382812
2660.846436 13633.924805
2683.542480 13619.452148
2706.264893 13604.964844
2729.013672 13590.462891
2751.788574 13575.947266
2774.589844 13561.416992
2797.417480 13546.872070
2820.271484 13532.312500
2843.151611 13517.739258
2866.058105 13503.151367
2888.990967 13488.548828
2911.950195 13473.932617
2934.935547 13459.301758
2957.947266 13444.656250
2980.985352 13429.996094
3004.049561 13415.322266
3027.140137 13400.633789
3050.257080 13385.930664
3073.400391 13371.213867
3096.569824 13356.482422
3119.765625 13341.736328
3142.987793 13326.975586
3166.236084 13312.201172
3189.510742 13297.412109
3212.811768 13282.608398
3236.139160 13267.791016
3259.492676 13252.958984
3282.872559 13238.112305
3306.278809 13223.250977
3329.711426 13208.375977
3353.170166 13193.486328
3376.655273 13178.582031
3400.166748 13163.663086
3423.704346 13148.730469
3447.268311 13133.783203
3470.858643 13118.821289
3494.475342 13103.845703
3518.118164 13088.855469
3541.787354 13073.850586
3565.479980 13058.832031
3589.197021 13043.799805
3612.938477 13028.752930
3636.704346 13013.692383
3660.494873 12998.618164
3684.309814 12983.529297
3708.149170 12968.426758
3732.012939 12953.309570
3755.901123 12938.178711
3779.813721 12923.034180
3803.750732 12907.875000
3827.712158 12892.702148
3851.697998 12877.515625
3875.708252 12862.314453
3899.742920 12847.099609
3923.802002 12831.871094
3947.885498 12816.627930
3971.993408 12801.371094
3996.125732 12786.099609
4020.282471 12770.814453
4044.463623 12755.515625
4068.669189 12740.202148
4092.899170 12724.875000
4117.153809 12709.534180
4141.432617 12694.178711
4165.735840 12678.809570
4190.063477 12663.426758
4214.415527 12648.029297
4238.791992 12632.618164
4263.192871 12617.193359
4287.618164 12601.753906
4312.067871 12586.300781
4336.541992 12570.833008
4361.040527 12555.351562
4385.563477 12539.856445
4410.110840 12524.346680
4434.683105 12508.823242
4459.279785 12493.286133
4483.900879 12477.734375
4508.546387 12462.168945
4533.210449 12446.589844
4557.895020 12430.996094
4582.600098 12415.388672
4607.326172 12399.767578
4632.072754 12384.131836
4656.839844 12368.482422
4681.627441 12352.819336
4706.436035 12337.141602
4731.265137 12321.450195
4756.114746 12305.745117
4780.984863 12290.025391
4805.875977 12274.291992
4830.787598 12258.544922
4855.719727 12242.783203
4880.672363 12227.007812
4905.645508 12211.218750
4930.639648 12195.415039
4955.654297 12179.597656
4980.689453 12163.766602
5005.745117 12147.920898
5030.821777 12132.061523
5055.918945 12116.188477
5081.036621 12100.300781
5106.174805 12084.399414
5131.333984 12068.484375
5156.513672 12052.554688
5181.713867 12036.611328
5206.934570 12020.653320
5232.176270 12004.681641
5257.438477 11988.696289
5282.721191 11972.696289
5308.024414 11956.682617
5333.348633 11940.655273
5358.693359 11924.613281
5384.058594 11908.557617
5409.444336 11892.488281
5434.850586 11876.404297
5460.277832 11860.306641
5485.725586 11844.195312
5511.193848 11828.069336
5536.678223 11811.928711
5562.180176 11795.772461
5587.699707 11779.601562
5613.237305 11763.416016
5638.792480 11747.214844
5664.365234 11730.999023
5689.955566 11714.768555
5715.563477 11698.522461
5741.188965 11682.261719
5766.832031 11665.986328
5792.492676 11649.695312
5818.170898 11633.389648
5843.866699 11617.069336
5869.580566 11600.733398
5895.312012 11584.382812
5921.061035 11568.017578
5946.827637 11551.636719
5972.611816 11535.241211
5998.413574 11518.831055
6024.232910 11502.405273
6050.069824 11485.964844
6075.924316 11469.509766
6101.796387 11453.039062
6127.686035 11436.553711
6153.593750 11420.053711
6179.519043 11403.538086
6205.461914 11387.007812
6231.422363 11370.462891
6257.400391 11353.902344
6283.395996 11337.327148
6309.409180 11320.737305
6335.439941 11304.131836
6361.488281 11287.511719
6387.554199 11270.876953
6413.638184 11254.226562
6439.739746 11237.561523
6465.858887 11220.881836
6491.995605 11204.186523
6518.149902 11187.476562
6544.321777 11170.751953
6570.514160 11154.009766
6596.726074 11137.250000
6622.957520 11120.473633
6649.208496 11103.680664
6675.479004 11086.871094
6701.769043 11070.044922
6728.078613 11053.202148
6754.407715 11036.341797
6780.756348 11019.464844
6807.124512 11002.571289
6833.512207 10985.661133
6859.919434 10968.734375
6886.346680 10951.791016
6912.793457 10934.831055
6939.259766 10917.853516
6965.745605 10900.859375
6992.250977 10883.848633
7018.775879 10866.821289
7045.320312 10849.777344
7071.884277 10832.716797
7098.467773 10815.638672
7125.070801 10798.543945
7151.693359 10781.432617
7178.335449 10764.304688
7204.997070 10747.160156
7231.678223 10729.999023
7258.378906 10712.821289
7285.099121 10695.625977
7311.838867 10678.414062
7338.598145 10661.185547
7365.376953 10643.940430
7392.175293 10626.678711
7418.993164 10609.400391
7445.830566 10592.105469
7472.687500 10574.792969
7499.563965 10557.463867
7526.459961 10540.118164
7553.375977 10522.755859
7580.311523 10505.376953
7607.266602 10487.981445
7634.249512 10470.562500
7661.257324 10453.122070
7688.290527 10435.660156
7715.349121 10418.176758
7742.432617 10400.672852
7769.541504 10383.147461
7796.675293 10365.600586
7823.834473 10348.032227
7851.018555 10330.443359
7878.228027 10312.833008
7905.462402 10295.201172
7932.722168 10277.548828
7960.007324 10259.875000
7987.317383 10242.179688
8014.652832 10224.462891
8042.013184 10206.725586
8069.398926 10188.966797
8096.809570 10171.186523
8124.245605 10153.384766
8151.707031 10135.562500
8179.193359 10117.718750
8206.705078 10099.853516
8234.242188 10081.966797
8261.803711 10064.059570
8289.390625 10046.130859
8317.002930 10028.180664
8344.640625 10010.208984
8372.302734 9992.216797
8399.990234 9974.203125
8427.703125 9956.167969
8455.441406 9938.112305
8483.205078 9920.035156
8510.993164 9901.936523
8538.806641 9883.816406
8566.645508 9865.675781
8594.509766 9847.513672
8622.399414 9829.330078
8650.313477 9811.125000
8678.252930 9792.899414
8706.217773 9774.652344
8734.204102 9756.384766
8762.212891 9738.097656
8790.244141 9719.790039
8818.297852 9701.461914
8846.374023 9683.113281
8874.472656 9664.744141
8902.593750 9646.354492
8930.737305 9627.944336
8958.903320 9609.513672
8987.091797 9591.062500
9015.302734 9572.591797
9043.536133 9554.100586
9071.791992 9535.588867
9100.070312 9517.056641
9128.371094 9498.503906
9156.695312 9479.930664
9185.041992 9461.336914
9213.411133 9442.722656
9241.802734 9424.087891
9270.216797 9405.433594
9298.653320 9386.758789
9327.112305 9368.063477
9355.593750 9349.347656
9384.097656 9330.611328
9412.624023 9311.854492
9441.172852 9293.077148
9469.744141 9274.279297
9498.337891 9255.460938
9526.954102 9236.623047
9555.592773 9217.764648
9584.254883 9198.885742
9612.939453 9179.986328
9641.646484 9161.066406
9670.375977 9142.125977
9699.127930 9123.165039
9727.902344 9104.183594
9756.699219 9085.181641
9785.518555 9066.160156
9814.360352 9047.118164
9843.224609 9028.055664
