-0.051637 0.081075
-0.137700 0.216200
-0.258187 0.405375
-0.413100 0.648600
-0.602437 0.945875
-0.826200 1.297201
-1.084387 1.702576
-1.377000 2.162001
-1.704037 2.675476
-2.065499 3.243001
-2.461387 3.864576
-2.891699 4.540202
-3.356436 5.269877
-3.855599 6.053602
-4.389186 6.891377
-4.957199 7.783203
-5.559636 8.729078
-6.196498 9.729004
-6.867786 10.782979
-7.573498 11.891005
-8.313636 13.053080
-9.088199 14.269205
-9.897186 15.539380
-10.740599 16.863605
-11.618436 18.241880
-12.530699 19.674206
-13.477386 21.160582
-14.458499 22.701006
-15.474036 24.295481
-16.523998 25.944006
-17.608385 27.646582
-18.727198 29.403206
-19.880436 31.213881
-21.068098 33.078606
-22.290186 34.997379
-23.546700 36.970203
-24.837637 38.997078
-26.163000 41.078003
-27.522787 43.212978
-28.917000 45.402004
-30.344662 47.604279
-31.806099 49.833405
-33.301311 52.089378
-34.830299 54.372204
-36.393063 56.681877
-37.989601 59.018402
-39.619915 61.381779
-41.284004 63.772003
-42.981865 66.189079
-44.713501 68.633003
-46.478912 71.103775
-48.278099 73.601402
-50.111061 76.125877
-51.977798 78.677200
-53.878311 81.255379
-55.812599 83.860405
-57.780663 86.492279
-59.782501 89.151001
-61.818115 91.836578
-63.887505 94.549004
-65.990669 97.288277
-68.127609 100.054398
-70.298325 102.847374
-72.502815 105.667198
-74.741081 108.513870
-77.013123 111.387398
-79.318939 114.287773
-81.658524 117.214996
-84.031883 120.169067
-86.439018 123.149994
-88.879929 126.157768
-91.354614 129.192398
-93.863075 132.253876
-96.405312 135.342194
-98.981323 138.457367
-101.591110 141.599396
-104.234673 144.768265
-106.912010 147.963989
-109.623123 151.186569
-112.368011 154.435989
-115.142998 157.694305
-117.949310 160.967499
-120.786949 164.255554
-123.655914 167.558487
-126.556206 170.876297
-129.487823 174.208984
-132.450760 177.556549
-135.445023 180.918991
-138.470612 184.296295
-141.527527 187.688477
-144.615768 191.095535
-147.735336 194.517471
-150.886230 197.954285
-154.068436 201.405975
-157.281967 204.872543
-160.526825 208.353973
-163.803009 211.850281
-167.110519 215.361465
-170.449356 218.887527
-173.819519 222.428467
-177.221008 225.984283
-180.653824 229.554962
-184.117966 233.140518
-187.613434 236.740952
-191.140213 240.356262
-194.698318 243.986450
-198.287750 247.631516
-201.908508 251.291443
-205.560593 254.966248
-209.244003 258.655945
-212.958740 262.360504
-216.704803 266.079926
-220.482193 269.814240
-224.290909 273.563416
-228.130951 277.327484
-232.002304 281.106415
-235.904984 284.900238
-239.838989 288.708923
-243.804321 292.532471
-247.800980 296.370911
-251.816330 300.185486
-255.854584 303.989105
-259.915741 307.781769
-263.999786 311.563477
-268.106720 315.334259
-272.236572 319.094086
-276.389313 322.842957
-280.564972 326.580872
-284.763519 330.307831
-288.984955 334.023865
-293.229309 337.728943
-297.496552 341.423065
-301.786713 345.106232
-306.099762 348.778442
-310.435699 352.439728
-314.794556 356.090057
-319.176300 359.729431
-323.580933 363.357849
-328.008484 366.975311
-332.458923 370.581818
-336.932281 374.177399
-341.428528 377.762024
-345.947662 381.335693
-350.489716 384.898407
-355.054657 388.450165
-359.642517 391.990997
-364.253265 395.520874
-368.886902 399.039795
-373.543457 402.547760
-378.222900 406.044769
-382.925262 409.530853
-387.650513 413.005981
-392.398651 416.470154
-397.169708 419.923370
-401.963654 423.365631
-406.780518 426.796936
-411.620270 430.217316
-416.482910 433.626740
-421.368469 437.025208
-426.276917 440.412720
-431.192780 443.804291
-436.121216 447.194916
-441.062225 450.584595
-446.015808 453.973328
-450.981964 457.361084
-455.960693 460.747894
-460.951996 464.133759
-465.955872 467.518677
-470.972351 470.902649
-476.001404 474.285675
-481.043030 477.667755
-486.097229 481.048859
-491.164001 484.429016
-496.243347 487.808228
-501.335266 491.186493
-506.439758 494.563812
-511.556824 497.940186
-516.686462 501.315613
-521.828674 504.690094
-526.983459 508.063599
-532.150818 511.436157
-537.330750 514.807800
-542.523254 518.178467
-547.728333 521.548157
-552.945984 524.916931
-558.176208 528.284729
-563.419006 531.651611
-568.674377 535.017517
-573.942322 538.382507
-579.222839 541.746521
-584.515930 545.109558
-589.821594 548.471680
-595.139893 551.832825
-600.470764 555.193054
-605.814209 558.552307
-611.170227 561.910645
-616.538818 565.268005
-621.919983 568.624390
-627.313721 571.979858
-632.720032 575.334351
-638.128662 578.672180
-643.543030 581.998596
-648.963135 585.313599
-654.389038 588.617188
-659.820679 591.909363
-665.258057 595.190063
-670.701172 598.459351
-676.150024 601.717224
-681.604675 604.963684
-687.065063 608.198730
-692.531189 611.422302
-698.003052 614.634460
-703.480713 617.835205
-708.964111 621.024536
-714.453247 624.202454
-719.948120 627.368958
-725.448730 630.523987
-730.955139 633.667603
-736.467285 636.799805
-741.985168 639.920593
-747.508789 643.029968
-753.038147 646.127869
-758.573303 649.214355
-764.114197 652.289429
-769.660828 655.353088
-775.213196 658.405334
-780.771362 661.446106
-786.335266 664.475464
-791.904907 667.493408
-797.480286 670.499939
-803.061401 673.495056
-808.648315 676.478760
-814.240967 679.450989
-819.839355 682.411804
-825.443481 685.361206
-831.053345 688.299194
-836.669006 691.225769
-842.290405 694.140869
-847.917542 697.044556
-853.550415 699.936829
-859.167542 702.812622
-864.776123 705.673584
-870.376099 708.519775
-875.967529 711.351135
-881.550354 714.167725
-887.124634 716.969482
-892.690308 719.756470
-898.247437 722.528687
-903.795959 725.286072
-909.335938 728.028687
-914.867310 730.756470
-920.390137 733.469482
-925.904358 736.167664
-931.410034 738.851074
-936.907166 741.519653
-942.395691 744.173462
-947.875671 746.812439
-953.347046 749.436646
-958.809875 752.046021
-964.264099 754.640625
-969.709778 757.220398
-975.146851 759.785400
-980.575378 762.335571
-985.995300 764.870972
-991.406677 767.391541
-996.809448 769.897339
-1002.203674 772.388306
-1007.589294 774.864502
-1012.966370 777.325867
-1018.334839 779.772461
-1023.694763 782.204224
-1029.046143 784.621216
-1034.388916 787.023376
-1039.723145 789.410767
-1045.048706 791.783325
-1050.365723 794.141113
-1055.674194 796.484070
-1060.974121 798.812256
-1066.265381 801.125671
-1071.548096 803.424255
-1076.837402 805.733337
-1082.128174 808.044434
-1087.420410 810.357605
-1092.714233 812.672791
-1098.009521 814.990051
-1103.306274 817.309387
-1108.604492 819.630737
-1113.904297 821.954163
-1119.205566 824.279602
-1124.508301 826.607117
-1129.812622 828.936707
-1135.118408 831.268311
-1140.425659 833.601990
-1145.734375 835.937683
-1151.044678 838.275452
-1156.356445 840.615234
-1161.669678 842.957092
-1166.984497 845.301025
-1172.300781 847.646973
-1177.618530 849.994995
-1182.937744 852.345032
-1188.258545 854.697144
-1193.580811 857.051331
-1198.904541 859.407532
-1204.229858 861.765808
-1209.556641 864.126099
-1214.884888 866.488464
-1220.214600 868.852844
-1225.545898 871.219299
-1230.878662 873.587830
-1236.212891 875.958374
-1241.548706 878.330994
-1246.885986 880.705627
-1252.224731 883.082336
-1257.564941 885.461121
-1262.906738 887.841919
-1268.250000 890.224792
-1273.594727 892.609680
-1278.941040 894.996643
-1284.288818 897.385620
-1289.630493 899.783875
-1294.968750 902.188965
-1300.303467 904.600952
-1305.634644 907.019775
-1310.962280 909.445435
-1316.286377 911.877930
-1321.606934 914.317261
-1326.923950 916.763489
-1332.237427 919.216553
-1337.547485 921.676453
-1342.854004 924.143188
-1348.156982 926.616821
-1353.456421 929.097290
-1358.752319 931.584595
-1364.044678 934.078735
-1369.333496 936.579773
-1374.618774 939.087646
-1379.900635 941.602356
-1385.178955 944.123901
-1390.453735 946.652283
-1395.724976 949.187561
-1400.992676 951.729675
-1406.256836 954.278625
-1411.517456 956.834412
-1416.774536 959.397095
-1422.028198 961.966614
-1427.278320 964.542969
-1432.524902 967.126160
-1437.767944 969.716248
-1443.007446 972.313171
-1448.243408 974.916931
-1453.475830 977.527527
-1458.704712 980.144958
-1463.930176 982.769287
-1469.152100 985.400452
-1474.370483 988.038452
-1479.585327 990.683289
-1484.796631 993.335022
-1490.004395 995.993591
-1495.208618 998.658997
-1500.399292 1001.297729
-1505.579712 1003.920959
-1510.750000 1006.528687
-1515.910034 1009.120911
-1521.059814 1011.697632
-1526.199341 1014.258850
-1531.328735 1016.804565
-1536.447876 1019.334778
-1541.556763 1021.849487
-1546.655396 1024.348755
-1551.743896 1026.832520
-1556.822144 1029.300781
-1561.890137 1031.753540
-1566.947876 1034.190796
-1571.995361 1036.612549
-1577.032715 1039.018799
-1582.059814 1041.409546
-1587.076660 1043.784790
-1592.083252 1046.144531
-1597.079712 1048.488770
-1602.065918 1050.817505
-1607.041870 1053.130737
-1612.007568 1055.428467
-1616.963135 1057.710693
-1621.908447 1059.977417
-1626.843506 1062.228638
-1631.768311 1064.464355
-1636.682983 1066.684570
-1641.587402 1068.889282
-1646.481567 1071.078491
-1651.365479 1073.252197
-1656.239258 1075.410400
-1661.102783 1077.553101
-1665.956055 1079.680298
-1670.799072 1081.791992
-1675.631836 1083.888184
-1680.454468 1085.968872
-1685.266846 1088.034058
-1690.068970 1090.083740
-1694.860840 1092.117920
-1699.672729 1094.191284
-1704.494629 1096.285522
-1709.326416 1098.400635
-1714.168091 1100.536621
-1719.019653 1102.693604
-1723.881226 1104.871460
-1728.752686 1107.070190
-1733.634033 1109.289795
-1738.525391 1111.530273
-1743.426636 1113.791748
-1748.337769 1116.074097
-1753.258911 1118.377319
-1758.189941 1120.701416
-1763.130859 1123.046387
-1768.081787 1125.412354
-1773.042603 1127.799194
-1778.013306 1130.206909
-1782.993896 1132.635498
-1787.984497 1135.085083
-1792.984985 1137.555542
-1797.995361 1140.046875
-1803.015747 1142.559082
-1808.046021 1145.092163
-1813.086182 1147.646240
-1818.136353 1150.221191
-1823.196411 1152.817017
-1828.266357 1155.433716
-1833.346313 1158.071289
-1838.436157 1160.729858
-1843.535889 1163.409302
-1848.645508 1166.109619
-1853.765137 1168.830811
-1858.894653 1171.572998
-1864.034058 1174.336060
-1869.183472 1177.119995
-1874.342773 1179.924805
-1879.511963 1182.750488
-1884.691162 1185.597168
-1889.880249 1188.464722
-1895.079224 1191.353149
-1900.292969 1194.279541
-1905.519775 1197.238281
-1910.759766 1200.229370
-1916.012817 1203.252686
-1921.279053 1206.308350
-1926.558350 1209.396240
-1931.850830 1212.516479
-1937.156372 1215.669067
-1942.475098 1218.853882
-1947.806885 1222.071045
-1953.151855 1225.320435
-1958.510010 1228.602173
-1963.881226 1231.916260
-1969.265625 1235.262573
-1974.663086 1238.641235
-1980.073730 1242.052124
-1985.497437 1245.495361
-1990.934326 1248.970947
-1996.384277 1252.478760
-2001.847412 1256.018921
-2007.323608 1259.591309
-2012.812988 1263.196045
-2018.315430 1266.833130
-2023.831055 1270.502441
-2029.359741 1274.204102
-2034.901611 1277.937988
-2040.456543 1281.704224
-2046.024658 1285.502808
-2051.605957 1289.333618
-2057.200195 1293.196777
-2062.807617 1297.092163
-2068.428223 1301.019897
-2074.062012 1304.979980
-2079.708740 1308.972290
-2085.368652 1312.996948
-2091.041748 1317.053833
-2096.728027 1321.143066
-2102.427490 1325.264648
-2108.139893 1329.418457
-2113.865479 1333.604614
-2119.572754 1337.734253
-2125.272217 1341.836914
-2130.963867 1345.912598
-2136.647705 1349.961426
-2142.323730 1353.983276
-2147.991943 1357.978271
-2153.652588 1361.946289
-2159.305420 1365.887451
-2164.950439 1369.801636
-2170.587646 1373.688843
-2176.217041 1377.549194
-2181.838623 1381.382568
-2187.452393 1385.189087
-2193.058350 1388.968628
-2198.656494 1392.721313
-2204.246826 1396.447021
-2209.829346 1400.145752
-2215.404053 1403.817627
-2220.970947 1407.462524
-2226.530029 1411.080566
-2232.081299 1414.671631
-2237.624756 1418.235840
-2243.160400 1421.773071
-2248.688232 1425.283447
-2254.208252 1428.766846
-2259.720459 1432.223267
-2265.225098 1435.652832
-2270.721924 1439.055420
-2276.210938 1442.431152
-2281.692139 1445.779907
-2287.165527 1449.101807
-2292.631104 1452.396729
-2298.088867 1455.664673
-2303.538818 1458.905762
-2308.980957 1462.119873
-2314.415283 1465.307129
-2319.841797 1468.467407
-2325.260498 1471.600830
-2330.671387 1474.707275
-2336.074463 1477.786743
-2341.478516 1480.898438
-2346.880615 1484.022705
-2352.280762 1487.159424
-2357.678955 1490.308594
-2363.075195 1493.470337
-2368.469482 1496.644531
-2373.861816 1499.831299
-2379.252197 1503.030518
-2384.640625 1506.242188
-2390.027100 1509.466431
-2395.411621 1512.703125
-2400.794189 1515.952393
-2406.174805 1519.214111
-2411.553467 1522.488281
-2416.930176 1525.775024
-2422.304932 1529.074219
-2427.677734 1532.385986
-2433.048584 1535.710205
-2438.417480 1539.046875
-2443.784424 1542.396118
-2449.149414 1545.757812
-2454.512451 1549.132080
-2459.873535 1552.518799
-2465.232910 1555.917969
-2470.590332 1559.329712
-2475.945801 1562.753906
-2481.299316 1566.190674
-2486.650879 1569.639893
-2492.000488 1573.101562
-2497.348145 1576.575806
-2502.693848 1580.062500
-2508.037598 1583.561768
-2513.379395 1587.073486
-2518.719238 1590.597656
-2524.057129 1594.134399
-2529.393066 1597.683594
-2534.727051 1601.245361
-2540.059082 1604.819580
-2545.389160 1608.406250
-2550.717285 1612.005493
-2556.057861 1615.614136
-2561.406006 1619.233276
-2566.761719 1622.862793
-2572.125244 1626.502808
-2577.496338 1630.153320
-2582.875000 1633.814209
-2588.261475 1637.485596
-2593.655518 1641.167358
-2599.057129 1644.859619
-2604.466553 1648.562378
-2609.883545 1652.275513
-2615.308105 1655.999146
-2620.740479 1659.733154
-2626.180420 1663.477661
-2631.627930 1667.232666
-2637.083252 1670.998047
-2642.546143 1674.773926
-2648.016602 1678.560181
-2653.494873 1682.356934
-2658.980713 1686.164185
-2664.474121 1689.981812
-2669.975342 1693.809937
-2675.484131 1697.648438
-2681.000488 1701.497437
-2686.524658 1705.356934
-2692.056396 1709.226807
-2697.595703 1713.107178
-2703.142822 1716.997925
-2708.697510 1720.899170
-2714.259766 1724.810913
-2719.829834 1728.733032
-2725.407471 1732.665649
-2730.992676 1736.608643
-2736.585693 1740.562134
-2742.186279 1744.526123
-2747.794434 1748.500488
-2753.410400 1752.485352
-2759.033936 1756.480591
-2764.665039 1760.486328
-2770.303955 1764.502563
-2775.930420 1768.533691
-2781.551025 1772.578247
-2787.165771 1776.636230
-2792.774902 1780.707642
-2798.378174 1784.792480
-2803.975586 1788.890747
-2809.567383 1793.002441
-2815.153320 1797.127563
-2820.733398 1801.266113
-2826.307861 1805.418091
-2831.876465 1809.583496
-2837.439209 1813.762329
-2842.996338 1817.954590
-2848.547607 1822.160278
-2854.093018 1826.379395
-2859.632812 1830.611938
-2865.166748 1834.857788
-2870.694824 1839.117065
-2876.217285 1843.389771
-2881.733887 1847.675903
-2887.244873 1851.975464
-2892.750000 1856.288452
-2898.249268 1860.614868
-2903.742920 1864.954712
-2909.230713 1869.307983
-2914.712646 1873.674683
-2920.188965 1878.054810
-2925.659424 1882.448364
-2931.124023 1886.855347
-2936.583008 1891.275757
-2942.036133 1895.709595
-2947.483398 1900.156860
-2952.925049 1904.617554
-2958.360840 1909.091675
-2963.790771 1913.579224
-2969.215088 1918.080200
-2974.633545 1922.594604
-2980.046143 1927.122437
-2985.453125 1931.663696
-2990.854248 1936.218384
-2996.256348 1940.774780
-3001.656982 1945.336792
-3007.056396 1949.904419
-3012.454346 1954.477661
-3017.850830 1959.056519
-3023.246094 1963.640991
-3028.639893 1968.231201
-3034.032471 1972.827026
-3039.423584 1977.428467
-3044.813477 1982.035522
-3050.201904 1986.648193
-3055.589111 1991.266479
-3060.974854 1995.890381
-3066.359375 2000.519897
-3071.742432 2005.155029
-3077.124268 2009.795776
-3082.504639 2014.442139
-3087.883789 2019.094116
-3093.261475 2023.751709
-3098.637939 2028.415039
-3104.012939 2033.083984
-3109.386719 2037.758545
-3114.759033 2042.438721
-3120.129883 2047.124512
-3125.499512 2051.815918
-3130.867676 2056.512939
-3136.234619 2061.215576
-3141.600098 2065.923828
-3146.964355 2070.637695
-3152.327148 2075.357178
-3157.688721 2080.082275
-3163.048828 2084.812988
-3168.407715 2089.549316
-3173.765137 2094.291260
-3179.121338 2099.038818
-3184.476074 2103.791992
-3189.829590 2108.550781
-3195.181641 2113.315186
-3200.532471 2118.085449
-3205.881836 2122.861328
-3211.243408 2127.635010
-3216.612549 2132.409180
-3221.989258 2137.183594
-3227.373779 2141.958496
-3232.765869 2146.733887
-3238.165527 2151.509766
-3243.572998 2156.286133
-3248.988037 2161.062988
-3254.410645 2165.840332
-3259.841064 2170.617920
-3265.279053 2175.395996
-3270.724609 2180.174561
-3276.177979 2184.953613
-3281.638916 2189.733154
-3287.107422 2194.513184
-3292.583740 2199.293457
-3298.067627 2204.074219
-3303.559082 2208.855469
-3309.058350 2213.637207
-3314.565186 2218.419434
-3320.079590 2223.202148
-3325.601807 2227.985352
-3331.131592 2232.768799
-3336.668945 2237.552734
-3342.214111 2242.337158
-3347.766846 2247.122070
-3353.327148 2251.907471
-3358.895264 2256.693359
-3364.470947 2261.479492
-3370.054199 2266.266113
-3375.645264 2271.053223
-3381.243896 2275.840820
-3386.850098 2280.628906
-3392.464111 2285.417480
-3398.085693 2290.206299
-3403.714844 2294.995605
-3409.351807 2299.785400
-3414.996338 2304.575684
-3420.648438 2309.366455
-3426.308350 2314.157715
-3431.951172 2318.928467
-3437.585205 2323.685791
-3443.210449 2328.429688
-3448.826904 2333.160156
-3454.434570 2337.877197
-3460.033447 2342.580811
-3465.623779 2347.270996
-3471.205322 2351.947754
-3476.778076 2356.610840
-3482.342041 2361.260498
-3487.897217 2365.896729
-3493.443604 2370.519531
-3498.981201 2375.128906
-3504.510010 2379.724854
-3510.030029 2384.307373
-3515.541260 2388.876465
-3521.043701 2393.432129
-3526.537354 2397.974365
-3532.022217 2402.503174
-3537.498291 2407.018311
-3542.965576 2411.520020
-3548.424072 2416.008301
-3553.873779 2420.483154
-3559.314697 2424.944580
-3564.747070 2429.392578
-3570.170654 2433.827148
-3575.585449 2438.248291
-3580.991455 2442.656006
-3586.388672 2447.050293
-3591.777100 2451.430908
-3597.156738 2455.798096
-3602.527588 2460.151855
-3607.889648 2464.492188
-3613.242920 2468.819092
-3618.587402 2473.132568
-3623.923096 2477.432617
-3629.250000 2481.719238
-3634.568115 2485.992432
-3639.877441 2490.252197
-3645.177979 2494.498535
-3650.486328 2498.752686
-3655.796631 2503.007568
-3661.109131 2507.263428
-3666.423828 2511.520020
-3671.740723 2515.777344
-3677.059814 2520.035400
-3682.380859 2524.294434
-3687.704102 2528.554199
-3693.029541 2532.814697
-3698.357178 2537.076172
-3703.687012 2541.338379
-3709.018799 2545.601318
-3714.352783 2549.864990
-3719.688965 2554.129639
-3725.027344 2558.395020
-3730.367920 2562.661133
-3735.710449 2566.927979
-3741.055176 2571.195801
-3746.402100 2575.464355
-3751.751221 2579.733643
-3757.102539 2584.003906
-3762.456055 2588.274902
-3767.811523 2592.546631
-3773.169189 2596.819092
-3778.529053 2601.092529
-3783.891113 2605.366699
-3789.255371 2609.641602
-3794.621582 2613.917480
-3799.989990 2618.194092
-3805.360596 2622.471436
-3810.733398 2626.749512
-3816.108398 2631.028564
-3821.485352 2635.308350
-3826.864502 2639.588867
-3832.245850 2643.870117
-3837.629395 2648.152344
-3843.015137 2652.435303
-3848.402832 2656.718994
-3853.792725 2661.003662
-3859.184814 2665.289062
-3864.554688 2669.559814
-3869.910156 2673.821045
-3875.251465 2678.072754
-3880.578613 2682.314941
-3885.891602 2686.547607
-3891.190430 2690.770752
-3896.475098 2694.984375
-3901.745605 2699.188477
-3907.001953 2703.383057
-3912.244141 2707.568115
-3917.472168 2711.743652
-3922.686035 2715.909668
-3927.885742 2720.066162
-3933.071289 2724.213135
-3938.242676 2728.350586
-3943.399902 2732.478271
-3948.542969 2736.596436
-3953.671875 2740.705078
-3958.786377 2744.804199
-3963.886719 2748.893799
-3968.972900 2752.973877
-3974.044922 2757.044434
-3979.102783 2761.105469
-3984.146484 2765.156982
-3989.176025 2769.198975
-3994.191406 2773.231445
-3999.192627 2777.254395
-4004.179688 2781.267822
-4009.152588 2785.271729
-4014.111328 2789.266113
-4019.055908 2793.250977
-4023.986328 2797.226318
-4028.902588 2801.192139
-4033.804688 2805.148438
-4038.692383 2809.095215
-4043.565918 2813.032471
-4048.425293 2816.960205
-4053.270508 2820.878418
-4058.101562 2824.787109
-4062.918457 2828.686279
-4067.735352 2832.583496
-4072.547363 2836.476074
-4077.354492 2840.364258
-4082.156738 2844.247803
-4086.954346 2848.126953
-4091.747070 2852.001465
-4096.534668 2855.871582
-4101.317871 2859.737061
-4106.096191 2863.598145
-4110.869629 2867.454590
-4115.638184 2871.306641
-4120.401855 2875.154053
-4125.160645 2878.996826
-4129.914551 2882.835205
-4134.663574 2886.668945
-4139.408203 2890.498291
-4144.147949 2894.322998
-4148.882812 2898.143311
-4153.612793 2901.958984
-4158.337891 2905.770264
-4163.058105 2909.576904
-4167.773438 2913.379150
-4172.483887 2917.176758
-4177.189453 2920.969971
-4181.890625 2924.758545
-4186.586914 2928.542725
-4191.278320 2932.322266
-4195.964844 2936.097168
-4200.646484 2939.867676
-4205.323242 2943.633545
-4209.995117 2947.395020
-4214.662109 2951.151855
-4219.324707 2954.904297
-4223.982422 2958.652100
-4228.635254 2962.395508
-4233.283203 2966.134277
-4237.926270 2969.868652
-4242.564453 2973.598389
-4247.197754 2977.323730
-4251.826172 2981.044434
-4256.470703 2984.767578
-4261.124023 2988.490967
-4265.786133 2992.214600
-4270.457520 2995.938477
-4275.137695 2999.662354
-4279.826660 3003.386475
-4284.524902 3007.110840
-4289.231934 3010.835205
-4293.947754 3014.559814
-4298.672852 3018.284668
-4303.406738 3022.009766
-4308.149414 3025.734863
-4312.901367 3029.460205
-4317.662109 3033.185791
-4322.431641 3036.911377
-4327.210449 3040.637207
-4331.998047 3044.363281
-4336.794434 3048.089600
-4341.600098 3051.815918
-4346.414551 3055.542480
-4351.237793 3059.269287
-4356.070312 3062.996094
-4360.911621 3066.723145
-4365.761719 3070.450439
-4370.621094 3074.177979
-4375.489258 3077.905518
-4380.366211 3081.633301
-4385.252441 3085.361328
-4390.147461 3089.089355
-4395.051270 3092.817627
-4399.964355 3096.546143
-4404.886230 3100.274902
-4409.816895 3104.003662
-4414.756836 3107.732666
-4419.705566 3111.461914
-4424.663086 3115.191162
-4429.629883 3118.920654
-4434.605469 3122.650391
-4439.589844 3126.380371
-4444.583496 3130.110352
-4449.577637 3133.849365
-4454.575195 3137.594482
-4459.576172 3141.345703
-4464.580566 3145.102783
-4469.588379 3148.865967
-4474.599609 3152.635254
-4479.614258 3156.410645
-4484.632324 3160.192139
-4489.653809 3163.979492
-4494.678711 3167.772949
-4499.707031 3171.572510
-4504.738770 3175.378174
-4509.773926 3179.189941
-4514.812012 3183.007568
-4519.853516 3186.831299
-4524.898438 3190.661133
-4529.946777 3194.497070
-4534.998535 3198.338867
-4540.053711 3202.186768
-4545.112305 3206.040771
-4550.174316 3209.900879
-4555.239746 3213.767090
-4560.308594 3217.639160
-4565.380859 3221.517334
-4570.456543 3225.401611
-4575.535645 3229.291992
-4580.618164 3233.188232
-4585.704102 3237.090576
-4590.793457 3240.999023
-4595.886230 3244.913574
-4600.982422 3248.834229
-4606.082031 3252.760742
-4611.185059 3256.693359
-4616.291504 3260.632080
-4621.401367 3264.576904
-4626.514648 3268.527588
-4631.631348 3272.484375
-4636.751465 3276.447266
-4641.875000 3280.416260
-4647.001953 3284.391357
-4652.145508 3288.350586
-4657.301270 3292.301270
-4662.469238 3296.243652
-4667.649414 3300.177490
-4672.841797 3304.102783
-4678.046387 3308.019775
-4683.263672 3311.928223
-4688.493164 3315.828125
-4693.734863 3319.719482
-4698.988770 3323.602539
-4704.254883 3327.477051
-4709.533203 3331.343018
-4714.823730 3335.200684
-4720.126953 3339.049805
-4725.442383 3342.890381
-4730.770020 3346.722412
-4736.109863 3350.546143
-4741.461914 3354.361328
-4746.826172 3358.167969
-4752.202637 3361.966309
-4757.591797 3365.756104
-4762.993164 3369.537354
-4768.406738 3373.310059
-4773.832520 3377.074463
-4779.270508 3380.830322
-4784.720703 3384.577637
-4790.183105 3388.316650
-4795.658203 3392.047119
-4801.145508 3395.769043
-4806.645020 3399.482422
-4812.156738 3403.187500
-4817.680664 3406.884033
-4823.216797 3410.572021
-4828.765137 3414.251709
-4834.325684 3417.922852
-4839.898926 3421.585449
-4845.484375 3425.239502
-4851.082031 3428.885254
-4856.691895 3432.522461
-4862.313965 3436.151123
-4867.959961 3439.784424
-4873.625977 3443.417969
-4879.312012 3447.051758
-4885.018555 3450.685791
-4890.745117 3454.320068
-4896.491699 3457.954590
-4902.258301 3461.589355
-4908.044922 3465.224365
-4913.851562 3468.859619
-4919.678223 3472.495117
-4925.524902 3476.130859
-4931.392090 3479.766846
-4937.279297 3483.403076
-4943.186523 3487.039795
-4949.113770 3490.676758
-4955.061035 3494.313965
-4961.028320 3497.951416
-4967.015625 3501.589111
-4973.022949 3505.227051
-4979.050293 3508.865234
-4985.098145 3512.503662
-4991.166016 3516.142334
-4997.253906 3519.781250
-5003.361816 3523.420410
-5009.489746 3527.059814
-5015.637695 3530.699463
-5021.805664 3534.339355
-5027.993652 3537.979492
-5034.201660 3541.619873
-5040.430176 3545.260498
-5046.678711 3548.901367
-5052.947266 3552.542480
-5059.235840 3556.183838
-5065.544434 3559.825439
-5071.873047 3563.467285
-5078.221680 3567.109375
-5084.590332 3570.751709
-5090.979004 3574.394287
-5097.388184 3578.037109
-5103.817383 3581.680176
-5110.256836 3585.324951
-5116.709473 3588.970703
-5123.175781 3592.617676
-5129.655762 3596.265869
-5136.148926 3599.915283
-5142.655762 3603.565674
-5149.176270 3607.217285
-5155.710449 3610.870117
-5162.257812 3614.523926
-5168.818848 3618.178955
-5175.393555 3621.835205
-5181.981445 3625.492676
-5188.583008 3629.151123
-5195.198242 3632.810791
-5201.826660 3636.471680
-5208.468750 3640.133545
-5215.124512 3643.796631
-5221.793945 3647.460938
-5228.476562 3651.126221
-5235.172852 3654.792725
-5241.882812 3658.460449
-5248.605957 3662.129395
-5255.342773 3665.799316
-5262.093262 3669.470459
-5268.856934 3673.142822
-5275.634277 3676.816162
-5282.425293 3680.490723
-5289.229980 3684.166504
-5296.047852 3687.843506
-5302.879395 3691.521484
-5309.724609 3695.200684
-5316.583008 3698.881104
-5323.455078 3702.562500
-5330.340820 3706.245117
-5337.239746 3709.928955
-5344.152344 3713.614014
-5351.078613 3717.300049
-5358.018555 3720.987305
-5364.971680 3724.675781
-5371.938477 3728.365234
-5378.884766 3732.025146
-5385.822266 3735.665527
-5392.750488 3739.286621
-5399.669434 3742.888184
-5406.579590 3746.470215
-5413.480469 3750.032959
-5420.372070 3753.576172
-5427.254883 3757.100098
-5434.128418 3760.604492
-5440.992676 3764.089600
-5447.848145 3767.555176
-5454.694336 3771.001221
-5461.531250 3774.427979
-5468.359375 3777.835205
-5475.178223 3781.223145
-5481.988281 3784.591553
-5488.789062 3787.940674
-5495.580566 3791.270264
-5502.363281 3794.580566
-5509.136719 3797.871338
-5515.900879 3801.142578
-5522.656250 3804.394531
-5529.402344 3807.626953
-5536.139160 3810.840088
-5542.867188 3814.033691
-5549.585938 3817.208008
-5556.295898 3820.362793
-5562.996582 3823.498047
-5569.687988 3826.614014
-5576.370605 3829.710449
-5583.043945 3832.787598
-5589.708008 3835.845215
-5596.363281 3838.883545
-5603.009277 3841.902344
-5609.645996 3844.901611
-5616.273926 3847.881592
-5622.892578 3850.842041
-5629.502441 3853.783203
-5636.103027 3856.704834
-5642.694336 3859.607178
-5649.268066 3862.507568
-5655.827148 3865.400146
-5662.371582 3868.284912
-5668.901367 3871.161865
-5675.416504 3874.031006
-5681.916992 3876.892334
-5688.402832 3879.745850
-5694.874023 3882.591553
-5701.330566 3885.429443
-5707.772461 3888.259521
-5714.199219 3891.081787
-5720.611328 3893.896240
-5727.008789 3896.702881
-5733.391602 3899.501709
-5739.759766 3902.292725
-5746.113281 3905.075928
-5752.452148 3907.851318
-5758.776367 3910.618896
-5765.085938 3913.378662
-5771.380371 3916.130859
-5777.660156 3918.875244
-5783.925293 3921.611816
-5790.175781 3924.340576
-5796.411621 3927.061523
-5802.632812 3929.774658
-5808.839355 3932.479980
-5815.031250 3935.177490
-5821.208496 3937.867188
-5827.371094 3940.549072
-5833.518555 3943.223145
-5839.651367 3945.889404
-5845.769531 3948.547852
-5851.873047 3951.198486
-5857.961914 3953.841309
-5864.036133 3956.476318
-5870.095703 3959.103516
-5876.140625 3961.722900
-5882.170898 3964.334473
-5888.186035 3966.938477
-5894.186523 3969.534668
-5900.194336 3972.141113
-5906.202148 3974.751953
-5912.209961 3977.367188
-5918.217285 3979.986816
-5924.224609 3982.610840
-5930.231934 3985.239258
-5936.239258 3987.872070
-5942.246582 3990.509277
-5948.253418 3993.150879
-5954.260254 3995.796875
-5960.267090 3998.447266
-5966.273926 4001.102051
-5972.280762 4003.760986
-5978.287109 4006.424316
-5984.293457 4009.092041
-5990.299805 4011.764160
-5996.306152 4014.440674
-6002.312500 4017.121582
-6008.318359 4019.806885
-6014.324219 4022.496582
-6020.330078 4025.190674
-6026.335938 4027.889160
-6032.341797 4030.592041
-6038.347168 4033.299316
-6044.352539 4036.010742
-6050.357910 4038.726562
-6056.363281 4041.446777
-6062.368652 4044.171387
-6068.373535 4046.900391
-6074.378418 4049.633789
-6080.383301 4052.371582
-6086.388184 4055.113770
-6092.393066 4057.860352
-6098.397461 4060.611328
-6104.401855 4063.366699
-6110.406250 4066.126465
-6116.410645 4068.890625
-6122.415039 4071.658936
-6128.418945 4074.431641
-6134.422852 4077.208740
-6140.432617 4079.977783
-6146.446289 4082.742920
-6152.463867 4085.504150
-6158.485352 4088.261475
-6164.510742 4091.014893
-6170.540039 4093.764404
-6176.573242 4096.510254
-6182.610352 4099.251953
-6188.651367 4101.989746
-6194.696289 4104.723633
-6200.744629 4107.453613
-6206.796875 4110.179688
-6212.853027 4112.901855
-6218.913086 4115.620117
-6224.977051 4118.334473
-6231.044922 4121.044922
-6237.116699 4123.751465
-6243.192383 4126.454102
-6249.271973 4129.152832
-6255.355469 4131.847656
-6261.442871 4134.538574
-6267.534180 4137.225586
-6273.629395 4139.908691
-6279.728516 4142.587891
-6285.831543 4145.263184
-6291.937988 4147.934570
-6298.048340 4150.602539
-6304.162598 4153.266602
-6310.280762 4155.926758
-6316.402832 4158.583008
-6322.528809 4161.235352
-6328.658691 4163.883789
-6334.792480 4166.528320
-6340.930176 4169.168945
-6347.071777 4171.805664
-6353.217285 4174.438477
-6359.366699 4177.067383
-6365.520020 4179.692383
-6371.677246 4182.313477
-6377.838379 4184.930664
-6384.007324 4187.578125
-6390.183105 4190.244141
-6396.365723 4192.929199
-6402.554688 4195.633301
-6408.750488 4198.356445
-6414.953125 4201.098145
-6421.162598 4203.858887
-6427.378418 4206.638672
-6433.601074 4209.437012
-6439.830566 4212.254395
-6446.066406 4215.090820
-6452.309082 4217.946289
-6458.558594 4220.820312
-6464.814941 4223.713379
-6471.077637 4226.625488
-6477.347168 4229.556152
-6483.623535 4232.505859
-6489.906250 4235.474609
-6496.195801 4238.461914
-6502.492188 4241.468262
-6508.795410 4244.493652
-6515.104980 4247.538086
-6521.421387 4250.601074
-6527.744629 4253.683105
-6534.074707 4256.784180
-6540.411133 4259.903809
-6546.754395 4263.042480
-6553.104492 4266.200195
-6559.460938 4269.376953
-6565.824219 4272.572266
-6572.194336 4275.786621
-6578.571289 4279.020020
-6584.954590 4282.271973
-6591.344727 4285.542969
-6597.741699 4288.833008
-6604.145020 4292.141602
-6610.555176 4295.469238
-6616.972168 4298.815918
-6623.395996 4302.181641
-6629.826172 4305.565918
-6636.278809 4308.935547
-6642.749023 4312.301270
-6649.236328 4315.663574
-6655.740723 4319.021973
-6662.262695 4322.376953
-6668.801758 4325.728027
-6675.357910 4329.075684
-6681.931152 4332.419434
-6688.521973 4335.759766
-6695.129883 4339.096191
-6701.754883 4342.429199
-6708.396973 4345.758789
-6715.056641 4349.084473
-6721.733398 4352.406738
-6728.427246 4355.725098
-6735.138672 4359.040039
-6741.867188 4362.351074
-6748.612793 4365.658691
-6755.375488 4368.962402
-6762.155762 4372.262695
-6768.953125 4375.559082
-6775.767578 4378.852051
-6782.599121 4382.141113
-6789.448242 4385.426758
-6796.314453 4388.708496
-6803.197754 4391.986816
-6810.098633 4395.261230
-6817.016602 4398.532227
-6823.951660 4401.799316
-6830.903809 4405.062988
-6837.873535 4408.322754
-6844.860352 4411.579102
-6851.864258 4414.832031
-6858.885742 4418.081055
-6865.924316 4421.326660
-6872.979980 4424.568359
-6880.052734 4427.806641
-6887.143066 4431.041016
-6894.250488 4434.271973
-6901.375000 4437.499023
-6908.513184 4440.721680
-6915.666016 4443.940430
-6922.833496 4447.154785
-6930.015625 4450.365234
-6937.212402 4453.571289
-6944.423828 4456.773438
-6951.649902 4459.971191
-6958.890625 4463.165039
-6966.146484 4466.354492
-6973.416992 4469.540039
-6980.702148 4472.721191
-6988.001953 4475.898438
-6995.316406 4479.071289
-7002.645508 4482.240234
-7009.989258 4485.404785
-7017.347656 4488.565430
-7024.720703 4491.721680
-7032.108398 4494.874023
-7039.511230 4498.021973
-7046.928711 4501.166016
-7054.360840 4504.305664
-7061.807617 4507.441406
-7069.269043 4510.572754
-7076.745117 4513.700195
-7084.235840 4516.823242
-7091.741211 4519.942383
-7099.261230 4523.057129
-7106.796387 4526.167969
-7114.346191 4529.274414
-7121.910645 4532.376953
-7129.489746 4535.475098
-7137.083496 4538.569336
-7144.691895 4541.659180
-7152.314941 4544.745117
-7159.952637 4547.826660
-7167.604980 4550.904297
-7175.272461 4553.977539
-7182.954590 4557.046875
-7190.651367 4560.111816
-7198.362793 4563.172852
-7206.112793 4566.215820
-7213.893066 4569.245605
-7221.704102 4572.262207
-7229.545410 4575.265625
-7237.417480 4578.255859
-7245.319824 4581.232910
-7253.252930 4584.196777
-7261.216797 4587.147461
-7269.210938 4590.084961
-7277.235840 4593.009277
-7285.291016 4595.920410
-7293.376953 4598.818359
-7301.493164 4601.703125
-7309.640137 4604.574707
-7317.817871 4607.433105
-7326.025879 4610.278320
-7334.264648 4613.110352
-7342.533691 4615.929199
-7350.833496 4618.734863
-7359.163574 4621.527344
-7367.524414 4624.306641
-7375.916016 4627.072754
-7384.337891 4629.825684
-7392.790527 4632.565430
-7401.273438 4635.291992
-7409.787109 4638.005371
-7418.331055 4640.705566
-7426.905762 4643.392578
-7435.510742 4646.065918
-7444.146484 4648.726074
-7452.812988 4651.373047
-7461.509766 4654.006836
-7470.237305 4656.627441
-7478.995117 4659.234863
-7487.783691 4661.829102
-7496.602539 4664.410156
-7505.452148 4666.978027
-7514.332520 4669.532715
-7523.243164 4672.074219
-7532.184570 4674.602539
-7541.158691 4677.150391
-7550.165039 4679.706543
-7559.203613 4682.271484
-7568.274414 4684.844727
-7577.377441 4687.426758
-7586.512695 4690.017090
-7595.680176 4692.616211
-7604.879883 4695.223633
-7614.111816 4697.839844
-7623.375977 4700.464355
-7632.672363 4703.097656
-7642.000977 4705.739746
-7651.361816 4708.390137
-7660.754883 4711.049316
-7670.180176 4713.716797
-7679.637695 4716.393066
-7689.127441 4719.077637
-7698.649414 4721.770996
-7708.203613 4724.472656
-7717.790039 4727.183105
-7727.408691 4729.901855
-7737.059570 4732.629395
-7746.742676 4735.365234
-7756.458008 4738.109863
-7766.205566 4740.862793
-7775.985352 4743.624512
-7785.797363 4746.394531
-7795.641602 4749.173340
-7805.518066 4751.960449
-7815.426758 4754.756348
-7825.367676 4757.560547
-7835.340820 4760.373535
-7845.346191 4763.194824
-7855.383789 4766.024902
-7865.453613 4768.863281
-7875.555664 4771.710449
-7885.689941 4774.565918
-7895.856445 4777.430176
-7906.055176 4780.302734
-7916.286133 4783.184082
-7926.536621 4786.073730
-7936.810547 4788.972168
-7947.107910 4791.879395
-7957.428711 4794.794922
-7967.773438 4797.719238
-7978.141602 4800.652344
-7988.533203 4803.593750
-7998.948242 4806.543945
-8009.386719 4809.502441
-8019.849121 4812.469727
-8030.334961 4815.445801
-8040.844238 4818.430176
-8051.376953 4821.423340
-8061.933594 4824.424805
-8072.513672 4827.435059
-8083.117188 4830.454102
-8093.744141 4833.481445
-8104.395020 4836.517578
-8115.069336 4839.562012
-8125.767090 4842.615234
-8136.488281 4845.677246
-8147.232910 4848.747559
-8158.001465 4851.826660
-8168.793457 4854.914551
-8179.608887 4858.010742
-8190.447754 4861.115723
-8201.310547 4864.229004
-8212.196289 4867.351074
-8223.106445 4870.481934
-8234.040039 4873.621094
-8244.997070 4876.769043
-8255.977539 4879.925293
-8266.981445 4883.090332
-8278.008789 4886.264160
-8289.059570 4889.446289
-8300.133789 4892.637207
-8311.231445 4895.836914
-8322.353516 4899.044922
-8333.499023 4902.261719
-8344.667969 4905.486816
-8355.858398 4908.680664
-8367.070312 4911.856934
-8378.304688 4915.015137
-8389.560547 4918.155273
-8400.838867 4921.277832
-8412.138672 4924.382324
-8423.460938 4927.468750
-8434.804688 4930.537598
-8446.170898 4933.588379
-8457.558594 4936.621094
-8468.968750 4939.635742
-8480.400391 4942.632812
-8491.854492 4945.611816
-8503.330078 4948.572754
-8514.828125 4951.516113
-8526.347656 4954.441406
-8537.889648 4957.348633
-8549.454102 4960.237793
-8561.040039 4963.109375
-8572.648438 4965.962891
-8584.278320 4968.798340
-8595.930664 4971.616211
-8607.604492 4974.416016
-8619.300781 4977.197754
-8631.018555 4979.961426
-8642.758789 4982.707520
-8654.520508 4985.435547
-8666.304688 4988.145508
-8678.110352 4990.837891
-8689.938477 4993.512207
-8701.788086 4996.168457
-8713.660156 4998.806641
-8725.553711 5001.427246
-8737.469727 5004.029785
-8749.407227 5006.614258
-8761.367188 5009.181152
-8773.349609 5011.729980
-8785.353516 5014.260742
-8797.379883 5016.773438
-8809.427734 5019.268555
-8821.492188 5021.754395
-8833.575195 5024.228516
-8845.676758 5026.690430
-8857.796875 5029.140625
-8869.935547 5031.578613
-8882.092773 5034.004395
-8894.268555 5036.418457
-8906.462891 5038.820312
-8918.675781 5041.210449
-8930.907227 5043.588379
-8943.157227 5045.954590
-8955.425781 5048.308594
-8967.712891 5050.650391
-8980.018555 5052.980469
-8992.342773 5055.298340
-9004.684570 5057.604492
-9017.044922 5059.898438
-9029.423828 5062.180176
-9041.821289 5064.450195
-9054.237305 5066.708008
-9066.671875 5068.954102
-9079.125000 5071.187988
-9091.596680 5073.410156
-9104.086914 5075.620117
-9116.595703 5077.817871
-9129.123047 5080.003906
-9141.668945 5082.177734
-9154.233398 5084.339844
-9166.816406 5086.489746
-9179.417969 5088.627930
-9192.038086 5090.753906
-9204.676758 5092.867676
-9217.333984 5094.969727
-9230.008789 5097.059570
-9242.702148 5099.137695
-9255.414062 5101.203613
-9268.144531 5103.257812
-9280.893555 5105.299805
-9293.661133 5107.329590
-9306.447266 5109.347656
-9319.247070 5111.391113
-9332.062500 5113.447266
-9344.892578 5115.516602
-9357.738281 5117.598633
-9370.599609 5119.693848
-9383.475586 5121.801758
-9396.367188 5123.922852
-9409.274414 5126.056641
-9422.196289 5128.203613
-9435.133789 5130.363281
-9448.086914 5132.536133
-9461.054688 5134.721680
-9474.038086 5136.919922
-9487.037109 5139.131348
-9500.050781 5141.355469
-9513.080078 5143.592773
-9526.125000 5145.842773
-9539.184570 5148.105957
-9552.259766 5150.381836
-9565.350586 5152.670898
-9578.456055 5154.972656
-9591.577148 5157.287598
-9604.713867 5159.615234
-9617.865234 5161.956055
-9631.032227 5164.309570
-9644.214844 5166.676270
-9657.412109 5169.055664
-9670.625000 5171.448242
-9683.853516 5173.853516
-9697.096680 5176.271484
-9710.355469 5178.702637
-9723.629883 5181.146484
-9736.918945 5183.603516
-9750.223633 5186.073242
-9763.543945 5188.556152
-9776.878906 5191.051758
-9790.229492 5193.560547
-9803.595703 5196.082031
-9816.976562 5198.616699
-9830.373047 5201.164062
-9843.688477 5203.718262
-9856.955078 5206.280762
-9870.172852 5208.852051
-9883.340820 5211.432129
-9896.459961 5214.020996
-9909.530273 5216.618652
-9922.551758 5219.225098
-9935.524414 5221.839844
-9948.447266 5224.463379
-9961.321289 5227.095703
-9974.146484 5229.736816
-9986.922852 5232.386719
-9999.650391 5235.044922
-10012.328125 5237.711914
-10024.957031 5240.387695
-10037.537109 5243.072266
-10050.068359 5245.765625
-10062.550781 5248.467773
-10074.983398 5251.178223
-10087.367188 5253.897461
-10099.702148 5256.625488
-10111.988281 5259.362305
-10124.225586 5262.107910
-10136.413086 5264.861816
-10148.551758 5267.624512
-10160.641602 5270.395996
-10172.682617 5273.176270
-10184.674805 5275.965332
-10196.617188 5278.763184
-10208.510742 5281.569336
-10220.355469 5284.384277
-10232.151367 5287.208008
-10243.898438 5290.040527
-10255.595703 5292.881836
-10267.244141 5295.731445
-10278.843750 5298.589844
-10290.394531 5301.457031
-10301.896484 5304.333008
-10313.348633 5307.217773
-10324.751953 5310.111328
-10336.072266 5313.013184
-10347.321289 5315.923828
-10358.498047 5318.843262
-10369.603516 5321.771484
-10380.637695 5324.708496
-10391.599609 5327.654297
-10402.490234 5330.608887
-10413.308594 5333.572266
-10424.055664 5336.543945
-10434.731445 5339.524414
-10445.334961 5342.513672
-10455.867188 5345.511719
-10466.327148 5348.518555
-10476.715820 5351.534180
-10487.033203 5354.558594
-10497.278320 5357.591309
-10507.452148 5360.632812
-10517.553711 5363.683105
-10527.583984 5366.742188
-10537.542969 5369.810059
-10547.429688 5372.886719
-10557.245117 5375.972168
-10566.988281 5379.066406
-10576.660156 5382.168945
-10586.260742 5385.280273
-10595.789062 5388.400391
-10605.246094 5391.529297
-10614.631836 5394.666992
-10623.945312 5397.813477
-10633.187500 5400.968750
-10642.357422 5404.132324
-10651.456055 5407.304688
-10660.483398 5410.485840
-10669.438477 5413.675781
-10678.322266 5416.874512
-10687.133789 5420.082031
-10695.874023 5423.298340
-10704.542969 5426.523438
-10713.139648 5429.756836
-10721.665039 5432.999023
-10730.115234 5436.239746
-10738.491211 5439.482422
-10746.792969 5442.727051
-10755.020508 5445.973633
-10763.174805 5449.222168
-10771.254883 5452.472656
-10779.260742 5455.725098
-10787.192383 5458.979492
-10795.050781 5462.235840
-10802.834961 5465.494141
-10810.544922 5468.754395
-10818.180664 5472.016602
-10825.742188 5475.280762
-10833.230469 5478.546875
-10840.644531 5481.814941
-10847.984375 5485.084961
-10855.250000 5488.356934
-10862.442383 5491.630859
-10869.560547 5494.906738
-10876.604492 5498.184570
-10883.574219 5501.464355
-10890.470703 5504.746094
-10897.292969 5508.029785
-10904.041016 5511.315430
-10910.714844 5514.603027
-10917.314453 5517.892578
-10923.840820 5521.184082
-10930.292969 5524.477539
-10936.670898 5527.772949
-10942.974609 5531.070312
-10949.205078 5534.369629
-10955.361328 5537.670898
-10961.443359 5540.974121
-10967.451172 5544.279297
-10973.384766 5547.586426
-10979.245117 5550.895508
-10985.031250 5554.206543
-10990.743164 5557.519531
-10996.380859 5560.834473
-11001.945312 5564.151367
-11007.481445 5567.453613
-11012.974609 5570.746582
-11018.424805 5574.030273
-11023.832031 5577.304688
-11029.196289 5580.569824
-11034.517578 5583.825684
-11039.794922 5587.072266
-11045.029297 5590.309570
-11050.220703 5593.537598
-11055.369141 5596.756348
-11060.474609 5599.965820
-11065.537109 5603.166016
-11070.556641 5606.356934
-11075.532227 5609.538574
-11080.464844 5612.710938
-11085.354492 5615.874023
-11090.201172 5619.027832
-11095.004883 5622.172363
-11099.765625 5625.307617
-11104.483398 5628.433594
-11109.158203 5631.550293
-11113.789062 5634.657715
-11118.376953 5637.755859
-11122.921875 5640.844727
-11127.423828 5643.924316
-11131.882812 5646.994629
-11136.298828 5650.055664
-11140.671875 5653.107422
-11145.000977 5656.149902
-11149.287109 5659.183105
-11153.530273 5662.207031
-11157.730469 5665.221680
-11161.887695 5668.227051
-11166.001953 5671.223145
-11170.073242 5674.209961
-11174.101562 5677.187500
-11178.085938 5680.155762
-11182.027344 5683.114746
-11185.925781 5686.064453
-11189.781250 5689.004883
-11193.624023 5691.966797
-11197.444336 5694.939941
-11201.242188 5697.923828
-11205.017578 5700.918945
-11208.769531 5703.925293
-11212.499023 5706.942871
-11216.206055 5709.971680
-11219.890625 5713.011719
-11223.551758 5716.062988
-11227.190430 5719.125488
-11230.806641 5722.198730
-11234.400391 5725.283203
-11237.971680 5728.378906
-11241.519531 5731.485840
-11245.044922 5734.604004
-11248.547852 5737.733398
-11252.028320 5740.874023
-11255.485352 5744.025879
-11258.919922 5747.188965
-11262.332031 5750.362793
-11265.721680 5753.547852
-11269.088867 5756.744141
-11272.432617 5759.951660
-11275.753906 5763.170410
-11279.052734 5766.400391
-11282.329102 5769.641602
-11285.583008 5772.894043
-11288.813477 5776.157715
-11292.021484 5779.432129
-11295.207031 5782.717773
-11298.370117 5786.014648
-11301.509766 5789.322754
-11304.626953 5792.642090
-11307.721680 5795.972656
-11310.793945 5799.314453
-11313.843750 5802.667480
-11316.870117 5806.031738
-11319.874023 5809.406738
-11322.855469 5812.792969
-11325.814453 5816.190430
-11328.740234 5819.590332
-11331.636719 5822.995605
-11334.503906 5826.406250
-11337.341797 5829.822266
-11340.150391 5833.243652
-11342.929688 5836.670410
-11345.679688 5840.102539
-11348.400391 5843.540039
-11351.091797 5846.982910
-11353.753906 5850.431152
-11356.386719 5853.884766
-11358.990234 5857.343750
-11361.564453 5860.808105
-11364.109375 5864.277832
-11366.625000 5867.752930
-11369.111328 5871.233398
-11371.568359 5874.719238
-11373.996094 5878.210449
-11376.394531 5881.707031
-11378.763672 5885.208984
-11381.103516 5888.716309
-11383.414062 5892.229004
-11385.695312 5895.747070
-11387.947266 5899.270508
-11390.169922 5902.799316
-11392.363281 5906.333496
-11394.527344 5909.873047
-11396.662109 5913.417969
-11398.767578 5916.968262
-11400.843750 5920.523926
-11402.890625 5924.085449
-11404.908203 5927.652344
-11406.896484 5931.224609
-11408.855469 5934.802246
-11410.785156 5938.385254
-11412.685547 5941.973633
-11414.556641 5945.567383
-11416.398438 5949.166504
-11418.210938 5952.770996
-11419.994141 5956.380859
-11421.748047 5959.983398
-11423.472656 5963.583008
-11425.167969 5967.179688
-11426.833984 5970.773438
-11428.470703 5974.364258
-11430.078125 5977.951660
-11431.657227 5981.536133
-11433.207031 5985.117676
-11434.727539 5988.696289
-11436.218750 5992.271973
-11437.680664 5995.844727
-11439.113281 5999.414551
-11440.516602 6002.981445
-11441.890625 6006.545410
-11443.235352 6010.106445
-11444.550781 6013.664551
-11445.836914 6017.219238
-11447.093750 6020.770996
-11448.321289 6024.319824
-11449.519531 6027.865723
-11450.688477 6031.408691
-11451.828125 6034.948730
-11452.938477 6038.485840
-11454.019531 6042.020020
-11455.071289 6045.551270
-11456.093750 6049.079590
-11457.086914 6052.604980
-11458.051758 6056.126953
-11458.987305 6059.645996
-11459.893555 6063.162109
-11460.770508 6066.675293
-11461.618164 6070.185547
-11462.436523 6073.692871
-11463.225586 6077.197266
-11463.985352 6080.698730
-11464.715820 6084.197266
-11465.416992 6087.692871
-11466.088867 6091.185059
-11466.731445 6094.674316
-11467.344727 6098.160645
-11467.928711 6101.652344
-11468.482422 6105.146973
-11469.006836 6108.644043
-11469.501953 6112.144043
-11469.967773 6115.646484
-11470.403320 6119.151855
-11470.809570 6122.659668
-11471.186523 6126.169922
-11471.534180 6129.683105
-11471.851562 6133.198730
-11472.139648 6136.717285
-11472.398438 6140.238281
-11472.627930 6143.762207
-11472.827148 6147.288574
-11472.997070 6150.817383
-11473.137695 6154.349121
-11473.249023 6157.883301
-11473.330078 6161.420410
-11473.381836 6164.959961
-11473.404297 6168.502441
-11473.397461 6172.047363
-11473.360352 6175.594727
-11473.293945 6179.145020
-11473.198242 6182.697754
-11473.072266 6186.253418
-11472.916992 6189.811523
-11472.732422 6193.372559
-11472.518555 6196.936035
-11472.274414 6200.501953
-11472.000977 6204.070801
-11471.698242 6207.642090
-11471.366211 6211.216309
-11471.003906 6214.792969
-11470.612305 6218.372559
-11470.191406 6221.954590
-11469.741211 6225.539062
-11469.260742 6229.126465
-11468.750977 6232.716309
-11468.211914 6236.309082
-11467.643555 6239.904297
-11467.072266 6243.526855
-11466.489258 6247.168945
-11465.894531 6250.830078
-11465.288086 6254.510254
-11464.669922 6258.209473
-11464.040039 6261.928223
-11463.399414 6265.666016
-11462.747070 6269.422852
-11462.083008 6273.199219
-11461.407227 6276.994629
-11460.719727 6280.809082
-11460.020508 6284.642578
-11459.309570 6288.495605
-11458.586914 6292.367676
-11457.853516 6296.258789
-11457.108398 6300.168945
-11456.351562 6304.098633
-11455.583008 6308.047363
-11454.802734 6312.015137
-11454.010742 6316.001953
-11453.207031 6320.008301
-11452.391602 6324.033691
-11451.565430 6328.078125
-11450.727539 6332.142090
-11449.877930 6336.225098
-11449.016602 6340.327148
-11448.143555 6344.448242
-11447.258789 6348.588867
-11446.362305 6352.748535
-11445.454102 6356.927246
-11444.535156 6361.125000
-11443.604492 6365.342285
-11442.662109 6369.578613
-11441.708008 6373.833984
-11440.742188 6378.108887
-11439.764648 6382.402832
-11438.775391 6386.715820
-11437.774414 6391.047852
-11436.762695 6395.399414
-11435.739258 6399.770020
-11434.700195 6404.121582
-11433.647461 6408.466797
-11432.580078 6412.805664
-11431.499023 6417.138184
-11430.404297 6421.464844
-11429.295898 6425.785156
-11428.172852 6430.099121
-11427.036133 6434.406738
-11425.885742 6438.708008
-11424.720703 6443.002930
-11423.541992 6447.291504
-11422.349609 6451.574219
-11421.142578 6455.850586
-11419.921875 6460.120605
-11418.687500 6464.384277
-11417.438477 6468.641602
-11416.175781 6472.892578
-11414.899414 6477.137695
-11413.609375 6481.376465
-11412.304688 6485.608887
-11410.986328 6489.834961
-11409.654297 6494.054688
-11408.307617 6498.268066
-11406.947266 6502.475098
-11405.573242 6506.676270
-11404.184570 6510.871094
-11402.782227 6515.059570
-11401.366211 6519.241699
-11399.935547 6523.417480
-11398.491211 6527.586914
-11397.033203 6531.750000
-11395.560547 6535.907227
-11394.074219 6540.058105
-11392.574219 6544.202637
-11391.060547 6548.340820
-11389.532227 6552.472656
-11387.990234 6556.598145
-11386.434570 6560.717285
-11384.864258 6564.830566
-11383.280273 6568.937500
-11381.685547 6573.055664
-11380.079102 6577.179688
-11378.460938 6581.309082
-11376.831055 6585.444336
-11375.190430 6589.584961
-11373.538086 6593.730957
-11371.874023 6597.882812
-11370.198242 6602.040039
-11368.510742 6606.203125
-11366.811523 6610.371582
-11365.100586 6614.545898
-11363.377930 6618.725586
-11361.643555 6622.910645
-11359.897461 6627.101562
-11358.139648 6631.297852
-11356.370117 6635.500000
-11354.588867 6639.707520
-11352.795898 6643.920410
-11350.992188 6648.139160
-11349.176758 6652.363281
-11347.349609 6656.593262
-11345.510742 6660.828613
-11343.660156 6665.069824
-11341.797852 6669.316406
-11339.923828 6673.568359
-11338.038086 6677.826172
-11336.140625 6682.089355
-11334.231445 6686.358398
-11332.310547 6690.632812
-11330.377930 6694.912598
-11328.433594 6699.198242
-11326.477539 6703.489258
-11324.510742 6707.786133
-11322.532227 6712.088379
-11320.541992 6716.396484
-11318.540039 6720.709961
-11316.526367 6725.028809
-11314.500977 6729.353516
-11312.463867 6733.683594
-11310.415039 6738.019531
-11308.356445 6742.356445
-11306.288086 6746.696289
-11304.208984 6751.038574
-11302.120117 6755.383789
-11300.020508 6759.731934
-11297.911133 6764.082520
-11295.791016 6768.436035
-11293.661133 6772.791992
-11291.520508 6777.150879
-11289.369141 6781.512695
-11287.208008 6785.876953
-11285.036133 6790.244141
-11282.854492 6794.613770
-11280.662109 6798.986328
-11278.459961 6803.361328
-11276.247070 6807.739258
-11274.024414 6812.120117
-11271.791016 6816.503418
-11269.547852 6820.889648
-11267.293945 6825.278320
-11265.030273 6829.669922
-11262.755859 6834.063965
-11260.471680 6838.460938
-11258.176758 6842.860840
-11255.872070 6847.263184
-11253.556641 6851.668457
-11251.231445 6856.076172
-11248.895508 6860.486816
-11246.549805 6864.900391
-11244.193359 6869.316406
-11241.827148 6873.735352
-11239.450195 6878.156738
-11237.063477 6882.581055
-11234.666016 6887.007812
-11232.257812 6891.437500
-11229.839844 6895.870117
-11227.411133 6900.305176
-11224.972656 6904.743164
-11222.523438 6909.183594
-11220.064453 6913.626953
-11217.610352 6918.064453
-11215.156250 6922.499023
-11212.702148 6926.930664
-11210.248047 6931.359375
-11207.793945 6935.785156
-11205.339844 6940.208008
-11202.885742 6944.627930
-11200.432617 6949.044922
-11197.979492 6953.458984
-11195.526367 6957.870117
-11193.073242 6962.278320
-11190.620117 6966.683594
-11188.166992 6971.085938
-11185.713867 6975.485352
-11183.260742 6979.881836
-11180.807617 6984.274902
-11178.354492 6988.665039
-11175.901367 6993.052246
-11173.448242 6997.436523
-11170.995117 7001.817871
-11168.541992 7006.196289
-11166.088867 7010.571777
-11163.635742 7014.944336
-11161.182617 7019.313965
-11158.729492 7023.680664
-11156.276367 7028.044434
-11153.824219 7032.405273
-11151.372070 7036.763184
-11148.919922 7041.118164
-11146.467773 7045.470215
-11144.015625 7049.819336
-11141.563477 7054.165527
-11139.111328 7058.508789
-11136.659180 7062.849121
-11134.207031 7067.186523
-11131.754883 7071.520996
-11129.302734 7075.852539
-11126.850586 7080.181152
-11124.398438 7084.506836
-11121.946289 7088.829102
-11119.508789 7093.149902
-11117.081055 7097.468262
-11114.662109 7101.784668
-11112.252930 7106.099121
-11109.853516 7110.411133
-11107.463867 7114.721191
-11105.083008 7119.028809
-11102.711914 7123.334473
-11100.350586 7127.638184
-11097.999023 7131.939453
-11095.656250 7136.238770
-11093.323242 7140.535645
-11091.000000 7144.830566
-11088.686523 7149.123535
-11086.381836 7153.414062
-11084.086914 7157.702637
-11081.801758 7161.988770
-11079.526367 7166.272949
-11077.259766 7170.555176
-11075.002930 7174.834961
-11072.755859 7179.112793
-11070.518555 7183.388184
-11068.290039 7187.661621
-11066.071289 7191.933105
-11063.862305 7196.202148
-11061.663086 7200.469238
-11059.472656 7204.733887
-11057.291992 7208.996582
-11055.121094 7213.257324
-11052.959961 7217.515625
-11050.807617 7221.771973
-11048.665039 7226.025879
-11046.532227 7230.277832
-11044.409180 7234.527832
-11042.294922 7238.775391
-11040.190430 7243.020996
-11038.095703 7247.264160
-11036.010742 7251.505371
-11033.934570 7255.744629
-11031.868164 7259.981445
-11029.807617 7264.197266
-11027.753906 7268.398438
-11025.707031 7272.584961
-11023.666992 7276.756836
-11021.632812 7280.914062
-11019.605469 7285.056641
-11017.584961 7289.184570
-11015.571289 7293.297363
-11013.564453 7297.395508
-11011.564453 7301.479004
-11009.571289 7305.547852
-11007.584961 7309.602051
-11005.605469 7313.641602
-11003.632812 7317.666504
-11001.666992 7321.676758
-10999.708008 7325.672363
-10997.755859 7329.653320
-10995.810547 7333.619141
-10993.872070 7337.570312
-10991.940430 7341.506836
-10990.014648 7345.428711
-10988.095703 7349.335938
-10986.183594 7353.228516
-10984.278320 7357.106445
-10982.379883 7360.969727
-10980.488281 7364.818359
-10978.603516 7368.651855
-10976.725586 7372.470703
-10974.854492 7376.274902
-10972.990234 7380.064453
-10971.132812 7383.839355
-10969.282227 7387.599609
-10967.438477 7391.345215
-10965.601562 7395.076172
-10963.771484 7398.792480
-10961.948242 7402.494141
-10960.130859 7406.180664
-10958.320312 7409.852539
-10956.516602 7413.509766
-10954.719727 7417.152344
-10952.935547 7420.803711
-10951.161133 7424.456055
-10949.397461 7428.109375
-10947.644531 7431.764160
-10945.901367 7435.419922
-10944.168945 7439.076660
-10942.446289 7442.734375
-10940.734375 7446.393066
-10939.032227 7450.052734
-10937.340820 7453.713379
-10935.660156 7457.375000
-10933.989258 7461.037598
-10932.329102 7464.701172
-10930.678711 7468.366211
-10929.039062 7472.032227
-10927.410156 7475.699219
-10925.791016 7479.367188
-10924.182617 7483.036133
-10922.583984 7486.706055
-10920.996094 7490.376953
-10919.418945 7494.048828
-10917.851562 7497.721680
-10916.294922 7501.395508
-10914.748047 7505.070801
-10913.211914 7508.747070
-10911.686523 7512.424316
-10910.170898 7516.102539
-10908.666016 7519.781738
-10907.170898 7523.461914
-10905.686523 7527.143066
-10904.212891 7530.825195
-10902.749023 7534.508301
-10901.295898 7538.192383
-10899.852539 7541.877930
-10898.419922 7545.564453
-10896.998047 7549.251953
-10895.585938 7552.940430
-10894.184570 7556.629883
-10892.792969 7560.320312
-10891.412109 7564.011719
-10890.044922 7567.704102
-10888.690430 7571.397461
-10887.349609 7575.091797
-10886.021484 7578.786621
-10884.706055 7582.482422
-10883.403320 7586.179199
-10882.113281 7589.876953
-10880.835938 7593.575684
-10879.571289 7597.275391
-10878.319336 7600.975586
-10877.080078 7604.676758
-10875.853516 7608.378906
-10874.639648 7612.082031
-10873.438477 7615.786133
-10872.250977 7619.491211
-10871.076172 7623.197266
-10869.914062 7626.903809
-10868.764648 7630.611328
-10867.627930 7634.319824
-10866.503906 7638.029297
-10865.392578 7641.739746
-10864.293945 7645.451172
-10863.208008 7649.163086
-10862.134766 7652.875977
-10861.074219 7656.589844
-10860.026367 7660.304688
-10858.991211 7664.020508
-10857.969727 7667.737305
-10856.960938 7671.454590
-10855.964844 7675.172852
-10854.981445 7678.892090
-10854.010742 7682.612305
-10853.052734 7686.333496
-10852.107422 7690.055664
-10851.174805 7693.778809
-10850.254883 7697.502441
-10849.347656 7701.227051
-10848.453125 7704.952637
-10847.571289 7708.679199
-10846.703125 7712.406738
-10845.846680 7716.130371
-10845.001953 7719.852051
-10844.169922 7723.571777
-10843.349609 7727.289062
-10842.541992 7731.004395
-10841.746094 7734.717773
-10840.962891 7738.429199
-10840.191406 7742.138184
-10839.431641 7745.845215
-10838.684570 7749.550293
-10837.949219 7753.252930
-10837.226562 7756.953613
-10836.515625 7760.652344
-10835.817383 7764.348633
-10835.130859 7768.042969
-10834.457031 7771.735352
-10833.794922 7775.425781
-10833.145508 7779.113770
-10832.507812 7782.799805
-10831.882812 7786.483887
-10831.269531 7790.165527
-10830.668945 7793.845215
-10830.080078 7797.522949
-10829.502930 7801.198242
-10828.938477 7804.871582
-10828.385742 7808.542969
-10827.845703 7812.212402
-10827.317383 7815.879395
-10826.801758 7819.544434
-10826.297852 7823.207520
-10825.806641 7826.868164
-10825.327148 7830.526855
-10824.860352 7834.183594
-10824.405273 7837.837891
-10823.962891 7841.490234
-10823.532227 7845.140625
-10823.114258 7848.789062
-10822.708008 7852.435059
-10822.313477 7856.079102
-10821.931641 7859.721191
-10821.545898 7863.360840
-10821.162109 7866.998535
-10820.780273 7870.633789
-10820.400391 7874.267090
-10820.022461 7877.898438
-10819.646484 7881.527344
-10819.271484 7885.154297
-10818.898438 7888.778809
-10818.527344 7892.401367
-10818.158203 7896.021973
-10817.791016 7899.640137
-10817.424805 7903.256348
-10817.060547 7906.870117
-10816.698242 7910.481934
-10816.337891 7914.091797
-10815.979492 7917.699219
-10815.623047 7921.304688
-10815.267578 7924.907715
-10814.914062 7928.508789
-10814.562500 7932.107910
-10814.212891 7935.704590
-10813.865234 7939.299316
-10813.518555 7942.891602
-10813.173828 7946.481934
-10812.831055 7950.070312
-10812.490234 7953.656250
-10812.151367 7957.240234
-10811.814453 7960.821777
-10811.478516 7964.401367
-10811.144531 7967.978516
-10810.812500 7971.553711
-10810.482422 7975.126953
-10810.154297 7978.697754
-10809.827148 7982.266602
-10809.501953 7985.833008
-10809.178711 7989.397461
-10808.857422 7992.959961
-10808.538086 7996.520020
-10808.219727 8000.078125
-10807.903320 8003.633789
-10807.605469 8007.163574
-10807.321289 8010.675293
-10807.049805 8014.168457
-10806.791992 8017.643555
-10806.546875 8021.100586
-10806.314453 8024.539551
-10806.095703 8027.959961
-10805.889648 8031.362305
-10805.697266 8034.746582
-10805.517578 8038.112793
-10805.350586 8041.460938
-10805.197266 8044.790527
-10805.056641 8048.102051
-10804.929688 8051.395508
-10804.815430 8054.670898
-10804.713867 8057.927734
-10804.625977 8061.166504
-10804.550781 8064.387207
-10804.488281 8067.589844
-10804.439453 8070.774414
-10804.403320 8073.940430
-10804.380859 8077.088379
-10804.371094 8080.218262
-10804.374023 8083.330078
-10804.390625 8086.423340
-10804.419922 8089.498535
-10804.462891 8092.555664
-10804.518555 8095.594727
-10804.586914 8098.615723
-10804.668945 8101.618164
-10804.763672 8104.602539
-10804.872070 8107.568848
-10804.993164 8110.517090
-10805.126953 8113.447266
-10805.274414 8116.358887
-10805.434570 8119.252441
-10805.607422 8122.127930
-10805.793945 8124.985352
-10805.993164 8127.824219
-10806.206055 8130.645020
-10806.415039 8133.468262
-10806.625000 8136.287598
-10806.836914 8139.102539
-10807.050781 8141.913086
-10807.266602 8144.719238
-10807.484375 8147.520996
-10807.703125 8150.318359
-10807.923828 8153.111328
-10808.146484 8155.900391
-10808.371094 8158.685059
-10808.597656 8161.465332
-10808.825195 8164.241211
-10809.054688 8167.012695
-10809.286133 8169.779785
-10809.519531 8172.542480
-10809.754883 8175.301270
-10809.991211 8178.055664
-10810.229492 8180.805664
-10810.469727 8183.551270
-10810.711914 8186.292480
-10810.955078 8189.029297
-10811.200195 8191.761719
-10811.447266 8194.490234
-10811.696289 8197.213867
-10811.947266 8199.933594
-10812.199219 8202.649414
-10812.453125 8205.360352
-10812.708984 8208.067383
-10812.966797 8210.769531
-10813.226562 8213.467773
-10813.487305 8216.161133
-10813.750000 8218.850586
-10814.014648 8221.536133
-10814.281250 8224.216797
-10814.549805 8226.893555
-10814.819336 8229.565430
-10815.090820 8232.233398
-10815.364258 8234.896484
-10815.639648 8237.555664
-10815.916992 8240.210938
-10816.202148 8242.870117
-10816.494141 8245.531250
-10816.791992 8248.194336
-10817.096680 8250.858398
-10817.407227 8253.524414
-10817.723633 8256.192383
-10818.046875 8258.861328
-10818.375977 8261.532227
-10818.711914 8264.205078
-10819.053711 8266.878906
-10819.402344 8269.554688
-10819.756836 8272.232422
-10820.117188 8274.911133
-10820.484375 8277.591797
-10820.857422 8280.274414
-10821.237305 8282.958008
-10821.623047 8285.643555
-10822.015625 8288.331055
-10822.414062 8291.019531
-10822.818359 8293.709961
-10823.229492 8296.402344
-10823.646484 8299.095703
-10824.070312 8301.791016
-10824.500000 8304.488281
-10824.935547 8307.186523
-10825.377930 8309.886719
-10825.826172 8312.588867
-10826.281250 8315.291992
-10826.742188 8317.997070
-10827.209961 8320.703125
-10827.683594 8323.411133
-10828.163086 8326.121094
-10828.649414 8328.832031
-10829.141602 8331.544922
-10829.640625 8334.259766
-10830.145508 8336.975586
-10830.657227 8339.693359
-10831.174805 8342.413086
-10831.698242 8345.133789
-10832.228516 8347.856445
-10832.768555 8350.592773
-10833.317383 8353.337891
-10833.875000 8356.092773
-10834.441406 8358.857422
-10835.016602 8361.630859
-10835.600586 8364.414062
-10836.193359 8367.207031
-10836.794922 8370.008789
-10837.405273 8372.820312
-10838.024414 8375.641602
-10838.652344 8378.471680
-10839.289062 8381.311523
-10839.934570 8384.161133
-10840.588867 8387.019531
-10841.251953 8389.887695
-10841.923828 8392.765625
-10842.604492 8395.652344
-10843.293945 8398.548828
-10843.992188 8401.455078
-10844.699219 8404.370117
-10845.415039 8407.294922
-10846.139648 8410.228516
-10846.873047 8413.171875
-10847.615234 8416.125000
-10848.366211 8419.086914
-10849.125977 8422.058594
-10849.894531 8425.040039
-10850.671875 8428.030273
-10851.458008 8431.030273
-10852.252930 8434.040039
-10853.056641 8437.058594
-10853.869141 8440.086914
-10854.690430 8443.125000
-10855.520508 8446.171875
-10856.359375 8449.228516
-10857.207031 8452.294922
-10858.063477 8455.370117
-10858.928711 8458.455078
-10859.802734 8461.549805
-10860.685547 8464.653320
-10861.583008 8467.739258
-10862.493164 8470.815430
-10863.416016 8473.882812
-10864.352539 8476.941406
-10865.301758 8479.991211
-10866.263672 8483.032227
-10867.239258 8486.063477
-10868.227539 8489.085938
-10869.228516 8492.099609
-10870.242188 8495.104492
-10871.269531 8498.100586
-10872.309570 8501.086914
-10873.362305 8504.064453
-10874.427734 8507.033203
-10875.506836 8509.993164
-10876.598633 8512.944336
-10877.703125 8515.886719
-10878.820312 8518.819336
-10879.951172 8521.743164
-10881.094727 8524.658203
-10882.250977 8527.564453
-10883.419922 8530.461914
-10884.602539 8533.349609
-10885.797852 8536.228516
-10887.005859 8539.098633
-10888.226562 8541.959961
-10889.460938 8544.812500
-10890.708008 8547.655273
-10891.967773 8550.489258
-10893.241211 8553.314453
-10894.527344 8556.130859
-10895.826172 8558.938477
-10897.137695 8561.736328
-10898.462891 8564.525391
-10899.800781 8567.305664
-10901.151367 8570.077148
-10902.514648 8572.839844
-10903.891602 8575.593750
-10905.281250 8578.337891
-10906.683594 8581.073242
-10908.105469 8583.797852
-10909.544922 8586.511719
-10911.001953 8589.214844
-10912.476562 8591.907227
-10913.968750 8594.589844
-10915.477539 8597.261719
-10917.003906 8599.922852
-10918.547852 8602.574219
-10920.109375 8605.214844
-10921.688477 8607.844727
-10923.284180 8610.463867
-10924.897461 8613.073242
-10926.528320 8615.671875
-10928.176758 8618.259766
-10929.842773 8620.836914
-10931.526367 8623.404297
-10933.226562 8625.960938
-10934.944336 8628.506836
-10936.679688 8631.042969
-10938.432617 8633.568359
-10940.203125 8636.083008
-10941.990234 8638.586914
-10943.794922 8641.081055
-10945.617188 8643.564453
-10947.457031 8646.037109
-10949.314453 8648.499023
-10951.188477 8650.951172
-10953.080078 8653.392578
-10954.989258 8655.823242
-10956.916016 8658.244141
-10958.860352 8660.654297
-10960.822266 8663.053711
-10962.800781 8665.442383
-10964.796875 8667.821289
-10966.810547 8670.189453
-10968.841797 8672.546875
-10970.890625 8674.893555
-10972.956055 8677.230469
-10975.039062 8679.556641
-10977.139648 8681.872070
-10979.275391 8684.192383
-10981.440430 8686.511719
-10983.633789 8688.830078
-10985.856445 8691.148438
-10988.108398 8693.465820
-10990.389648 8695.782227
-10992.700195 8698.097656
-10995.039062 8700.413086
-10997.407227 8702.727539
-10999.804688 8705.041016
-11002.231445 8707.354492
-11004.686523 8709.666992
-11007.170898 8711.978516
-11009.684570 8714.290039
-11012.227539 8716.600586
-11014.798828 8718.910156
-11017.399414 8721.219727
-11020.029297 8723.528320
-11022.688477 8725.835938
-11025.376953 8728.143555
-11028.093750 8730.450195
-11030.839844 8732.755859
-11033.615234 8735.060547
-11036.419922 8737.365234
-11039.252930 8739.668945
-11042.115234 8741.971680
-11045.006836 8744.274414
-11047.927734 8746.576172
-11050.877930 8748.876953
-11053.856445 8751.177734
-11056.864258 8753.477539
-11059.901367 8755.776367
-11062.967773 8758.075195
-11066.062500 8760.373047
-11069.186523 8762.669922
-11072.339844 8764.965820
-11075.522461 8767.261719
-11078.733398 8769.556641
-11081.973633 8771.850586
-11085.243164 8774.144531
-11088.540039 8776.418945
-11091.864258 8778.679688
-11095.216797 8780.927734
-11098.596680 8783.162109
-11102.004883 8785.383789
-11105.440430 8787.592773
-11108.904297 8789.788086
-11112.395508 8791.970703
-11115.915039 8794.139648
-11119.461914 8796.295898
-11123.036133 8798.438477
-11126.638672 8800.568359
-11130.268555 8802.684570
-11133.926758 8804.788086
-11137.612305 8806.877930
-11141.326172 8808.955078
-11145.067383 8811.018555
-11148.836914 8813.069336
-11152.633789 8815.106445
-11156.458984 8817.130859
-11160.311523 8819.142578
-11164.192383 8821.140625
-11168.100586 8823.125977
-11172.037109 8825.097656
-11176.000977 8827.056641
-11179.993164 8829.001953
-11184.012695 8830.934570
-11188.059570 8832.853516
-11192.134766 8834.759766
-11196.237305 8836.652344
-11200.368164 8838.532227
-11204.526367 8840.398438
-11208.712891 8842.251953
-11212.926758 8844.091797
-11217.168945 8845.918945
-11221.438477 8847.733398
-11225.736328 8849.534180
-11230.061523 8851.322266
-11234.415039 8853.096680
-11238.795898 8854.858398
-11243.203125 8856.589844
-11247.637695 8858.296875
-11252.099609 8859.978516
-11256.587891 8861.635742
-11261.103516 8863.268555
-11265.646484 8864.876953
-11270.215820 8866.460938
-11274.812500 8868.020508
-11279.435547 8869.555664
-11284.085938 8871.065430
-11288.763672 8872.550781
-11293.467773 8874.011719
-11298.199219 8875.448242
-11302.958008 8876.860352
-11307.743164 8878.248047
-11312.555664 8879.611328
-11317.395508 8880.949219
-11322.261719 8882.262695
-11327.155273 8883.551758
-11332.076172 8884.816406
-11337.023438 8886.056641
-11341.998047 8887.272461
-11347.000000 8888.463867
-11352.028320 8889.629883
-11357.083984 8890.771484
-11362.166016 8891.888672
-11367.275391 8892.981445
-11372.412109 8894.049805
-11377.575195 8895.093750
-11382.765625 8896.113281
-11387.983398 8897.108398
-11393.227539 8898.078125
-11398.499023 8899.023438
-11403.797852 8899.944336
-11409.123047 8900.840820
-11414.475586 8901.712891
-11419.855469 8902.560547
-11425.261719 8903.383789
-11430.695312 8904.181641
-11436.156250 8904.955078
-11441.641602 8905.750977
-11447.151367 8906.553711
-11452.686523 8907.363281
-11458.247070 8908.179688
-11463.833008 8909.002930
-11469.444336 8909.833008
-11475.081055 8910.669922
-11480.743164 8911.513672
-11486.429688 8912.364258
-11492.141602 8913.221680
-11497.878906 8914.085938
-11503.641602 8914.957031
-11509.429688 8915.834961
-11515.243164 8916.719727
-11521.082031 8917.611328
-11526.945312 8918.509766
-11532.833984 8919.415039
-11538.748047 8920.327148
-11544.687500 8921.246094
-11550.652344 8922.171875
-11556.642578 8923.104492
-11562.657227 8924.043945
-11568.697266 8924.990234
-11574.762695 8925.943359
-11580.853516 8926.903320
-11586.969727 8927.870117
-11593.111328 8928.843750
-11599.278320 8929.824219
-11605.469727 8930.811523
-11611.686523 8931.805664
-11617.928711 8932.806641
-11624.196289 8933.814453
-11630.489258 8934.829102
-11636.807617 8935.850586
-11643.151367 8936.878906
-11649.519531 8937.914062
-11655.913086 8938.956055
-11662.332031 8940.004883
-11668.776367 8941.060547
-11675.246094 8942.123047
-11681.725586 8943.195312
-11688.219727 8944.276367
-11694.729492 8945.366211
-11701.253906 8946.464844
-11707.793945 8947.572266
-11714.348633 8948.688477
-11720.917969 8949.814453
-11727.502930 8950.949219
-11734.102539 8952.092773
-11740.717773 8953.245117
-11747.347656 8954.406250
-11753.992188 8955.576172
-11760.652344 8956.754883
-11767.327148 8957.942383
-11774.016602 8959.138672
-11780.721680 8960.343750
-11787.441406 8961.557617
-11794.176758 8962.781250
-11800.926758 8964.013672
-11807.691406 8965.254883
-11814.471680 8966.504883
-11821.266602 8967.763672
-11828.077148 8969.031250
-11834.902344 8970.307617
-11841.742188 8971.592773
-11848.597656 8972.886719
-11855.467773 8974.189453
-11862.352539 8975.500977
-11869.252930 8976.821289
-11876.167969 8978.151367
-11883.098633 8979.490234
-11890.043945 8980.837891
-11897.003906 8982.194336
-11903.979492 8983.559570
-11910.969727 8984.933594
-11917.975586 8986.316406
-11924.996094 8987.708008
-11932.031250 8989.108398
-11939.082031 8990.517578
-11946.147461 8991.935547
-11953.295898 8993.364258
-11960.504883 8994.802734
-11967.774414 8996.250977
-11975.104492 8997.708984
-11982.495117 8999.176758
-11989.945312 9000.653320
-11997.456055 9002.139648
-12005.027344 9003.635742
-12012.659180 9005.141602
-12020.351562 9006.657227
-12028.104492 9008.182617
-12035.917969 9009.717773
-12043.791016 9011.262695
-12051.724609 9012.817383
-12059.718750 9014.381836
-12067.773438 9015.956055
-12075.888672 9017.540039
-12084.064453 9019.133789
-12092.299805 9020.737305
-12100.595703 9022.350586
-12108.952148 9023.972656
-12117.369141 9025.604492
-12125.846680 9027.246094
-12134.384766 9028.897461
-12142.983398 9030.558594
-12151.641602 9032.229492
-12160.360352 9033.910156
-12169.139648 9035.600586
-12177.979492 9037.300781
-12186.879883 9039.010742
-12195.840820 9040.730469
-12204.862305 9042.459961
-12213.943359 9044.199219
-12223.084961 9045.948242
-12232.287109 9047.707031
-12241.549805 9049.474609
-12250.873047 9051.251953
-12260.256836 9053.039062
-12269.700195 9054.835938
-12279.204102 9056.642578
-12288.644531 9058.469727
-12298.062500 9060.313477
-12307.458008 9062.173828
-12316.832031 9064.050781
-12326.183594 9065.945312
-12335.512695 9067.856445
-12344.819336 9069.784180
-12354.103516 9071.728516
-12363.365234 9073.689453
-12372.605469 9075.666992
-12381.823242 9077.661133
-12391.018555 9079.672852
-12400.191406 9081.701172
-12409.341797 9083.746094
-12418.469727 9085.807617
-12427.576172 9087.885742
-12436.660156 9089.980469
-12445.721680 9092.092773
-12454.760742 9094.221680
-12463.777344 9096.367188
-12472.771484 9098.529297
-12481.744141 9100.708008
-12490.694336 9102.903320
-12499.622070 9105.115234
-12508.527344 9107.344727
-12517.410156 9109.590820
-12526.270508 9111.853516
-12535.109375 9114.132812
-12543.925781 9116.428711
-12552.719727 9118.741211
-12561.491211 9121.071289
-12570.240234 9123.417969
-12578.966797 9125.781250
-12587.671875 9128.161133
-12596.354492 9130.557617
-12605.014648 9132.970703
-12613.652344 9135.400391
-12622.267578 9137.847656
-12630.860352 9140.311523
-12639.431641 9142.791992
-12647.931641 9145.248047
-12656.375977 9147.693359
-12664.765625 9150.127930
-12673.100586 9152.551758
-12681.380859 9154.964844
-12689.606445 9157.367188
-12697.776367 9159.758789
-12705.891602 9162.139648
-12713.952148 9164.509766
-12721.958008 9166.869141
-12729.908203 9169.217773
-12737.803711 9171.555664
-12745.644531 9173.882812
-12753.430664 9176.199219
-12761.162109 9178.504883
-12768.837891 9180.799805
-12776.458984 9183.083984
-12784.025391 9185.357422
-12791.537109 9187.620117
-12798.994141 9189.872070
-12806.395508 9192.113281
-12813.742188 9194.343750
-12821.034180 9196.563477
-12828.271484 9198.772461
-12835.453125 9200.970703
-12842.580078 9203.158203
-12849.652344 9205.334961
-12856.669922 9207.500977
-12863.632812 9209.656250
-12870.540039 9211.800781
-12877.392578 9213.934570
-12884.190430 9216.057617
-12890.933594 9218.169922
-12897.621094 9220.271484
-12904.253906 9222.362305
-12910.832031 9224.442383
-12917.355469 9226.511719
-12923.824219 9228.570312
-12930.237305 9230.619141
-12936.595703 9232.657227
-12942.917969 9234.718750
-12949.197266 9236.792969
-12955.433594 9238.879883
-12961.626953 9240.979492
-12967.777344 9243.091797
-12973.885742 9245.216797
-12979.951172 9247.353516
-12985.973633 9249.502930
-12991.953125 9251.665039
-12997.889648 9253.839844
-13003.784180 9256.027344
-13009.635742 9258.227539
-13015.444336 9260.440430
-13021.209961 9262.665039
-13026.932617 9264.902344
-13032.613281 9267.152344
-13038.250977 9269.415039
-13043.845703 9271.690430
-13049.397461 9273.978516
-13054.906250 9276.278320
-13060.373047 9278.590820
-13065.796875 9280.916016
-13071.177734 9283.253906
-13076.515625 9285.604492
-13081.810547 9287.967773
-13087.063477 9290.343750
-13092.273438 9292.731445
-13097.440430 9295.131836
-13102.564453 9297.544922
-13107.645508 9299.970703
-13112.684570 9302.409180
-13117.680664 9304.860352
-13122.633789 9307.324219
-13127.543945 9309.799805
-13132.411133 9312.288086
-13137.236328 9314.789062
-13142.018555 9317.302734
-13146.757812 9319.829102
-13151.454102 9322.368164
-13156.107422 9324.918945
-13160.750000 9327.459961
-13165.371094 9329.998047
-13169.970703 9332.534180
-13174.548828 9335.067383
-13179.105469 9337.597656
-13183.640625 9340.125977
-13188.154297 9342.651367
-13192.646484 9345.173828
-13197.117188 9347.694336
-13201.566406 9350.211914
-13205.994141 9352.726562
-13210.400391 9355.239258
-13214.785156 9357.749023
-13219.148438 9360.255859
-13223.490234 9362.760742
-13227.810547 9365.262695
-13232.109375 9367.761719
-13236.386719 9370.258789
-13240.642578 9372.752930
-13244.876953 9375.244141
-13249.089844 9377.733398
-13253.281250 9380.219727
-13257.451172 9382.703125
-13261.599609 9385.184570
-13265.726562 9387.663086
-13269.832031 9390.139648
-13273.916016 9392.613281
-13277.978516 9395.083984
-13282.019531 9397.552734
-13286.040039 9400.018555
-13290.039062 9402.481445
-13294.016602 9404.942383
-13297.972656 9407.400391
-13301.907227 9409.855469
-13305.820312 9412.308594
-13309.711914 9414.758789
-13313.582031 9417.206055
-13317.430664 9419.651367
-13321.257812 9422.093750
-13325.063477 9424.533203
-13328.889648 9426.981445
-13332.721680 9429.434570
-13336.560547 9431.892578
-13340.405273 9434.355469
-13344.256836 9436.823242
-13348.115234 9439.295898
-13351.979492 9441.773438
-13355.850586 9444.255859
-13359.727539 9446.743164
-13363.611328 9449.235352
-13367.501953 9451.732422
-13371.398438 9454.234375
-13375.301758 9456.741211
-13379.210938 9459.252930
-13383.126953 9461.769531
-13387.049805 9464.291016
-13390.978516 9466.817383
-13394.914062 9469.348633
-13398.855469 9471.884766
-13402.803711 9474.425781
-13406.758789 9476.971680
-13410.719727 9479.522461
-13414.687500 9482.078125
-13418.661133 9484.638672
-13422.641602 9487.205078
-13426.628906 9489.776367
-13430.622070 9492.352539
-13434.622070 9494.933594
-13438.627930 9497.519531
-13442.640625 9500.110352
-13446.660156 9502.706055
-13450.685547 9505.306641
-13454.717773 9507.912109
-13458.755859 9510.522461
-13462.800781 9513.137695
-13466.852539 9515.757812
-13470.910156 9518.382812
-13474.974609 9521.012695
-13479.044922 9523.647461
-13483.122070 9526.287109
-13487.152344 9528.930664
-13491.154297 9531.578125
-13495.126953 9534.230469
-13499.071289 9536.886719
-13502.986328 9539.547852
-13506.872070 9542.212891
-13510.729492 9544.882812
-13514.557617 9547.556641
-13518.357422 9550.235352
-13522.127930 9552.917969
-13525.869141 9555.605469
-13529.582031 9558.296875
-13533.265625 9560.993164
-13536.920898 9563.693359
-13540.546875 9566.398438
-13544.143555 9569.107422
-13547.711914 9571.821289
-13551.250977 9574.539062
-13554.761719 9577.261719
-13558.243164 9579.988281
-13561.696289 9582.719727
-13565.120117 9585.455078
-13568.514648 9588.195312
-13571.880859 9590.939453
-13575.217773 9593.688477
-13578.526367 9596.441406
-13581.805664 9599.198242
-13585.055664 9601.959961
-13588.277344 9604.725586
-13591.469727 9607.496094
-13594.633789 9610.270508
-13597.768555 9613.049805
-13600.874023 9615.833008
-13603.951172 9618.621094
-13606.999023 9621.413086
-13610.018555 9624.209961
-13613.008789 9627.010742
-13615.969727 9629.816406
-13618.902344 9632.625977
-13621.805664 9635.440430
-13624.700195 9638.272461
-13627.579102 9641.117188
-13630.442383 9643.975586
-13633.290039 9646.846680
-13636.122070 9649.731445
-13638.938477 9652.628906
-13641.738281 9655.539062
-13644.522461 9658.462891
-13647.291016 9661.399414
-13650.043945 9664.349609
-13652.781250 9667.312500
-13655.502930 9670.289062
-13658.208984 9673.278320
-13660.899414 9676.281250
-13663.574219 9679.296875
-13666.233398 9682.326172
-13668.876953 9685.368164
-13671.504883 9688.423828
-13674.117188 9691.492188
-13676.712891 9694.574219
-13679.292969 9697.668945
-13681.857422 9700.776367
-13684.406250 9703.897461
-13686.939453 9707.031250
-13689.457031 9710.178711
-13691.958984 9713.338867
-13694.445312 9716.512695
-13696.916016 9719.699219
-13699.371094 9722.899414
-13701.810547 9726.112305
-13704.234375 9729.338867
-13706.642578 9732.578125
-13709.034180 9735.831055
-13711.410156 9739.096680
-13713.770508 9742.375000
-13716.115234 9745.666992
-13718.444336 9748.971680
-13720.757812 9752.290039
-13723.055664 9755.621094
-13725.337891 9758.965820
-13727.623047 9762.311523
-13729.904297 9765.662109
-13732.182617 9769.017578
-13734.457031 9772.377930
-13736.728516 9775.743164
-13738.996094 9779.113281
-13741.260742 9782.488281
-13743.521484 9785.869141
-13745.779297 9789.254883
-13748.033203 9792.645508
-13750.284180 9796.041016
-13752.531250 9799.441406
-13754.775391 9802.846680
-13757.015625 9806.256836
-13759.252930 9809.671875
-13761.487305 9813.092773
-13763.717773 9816.518555
-13765.945312 9819.949219
-13768.168945 9823.384766
-13770.389648 9826.825195
-13772.606445 9830.270508
-13774.820312 9833.720703
-13777.030273 9837.175781
-13779.237305 9840.636719
-13781.440430 9844.102539
-13783.640625 9847.573242
-13785.836914 9851.048828
-13788.030273 9854.529297
-13790.219727 9858.014648
-13792.406250 9861.504883
-13794.588867 9865.000000
-13796.768555 9868.500000
-13798.944336 9872.005859
-13801.117188 9875.516602
-13803.286133 9879.032227
-13805.452148 9882.552734
-13807.614258 9886.078125
-13809.773438 9889.608398
-13811.928711 9893.143555
-13814.081055 9896.683594
-13816.244141 9900.223633
-13818.414062 9903.764648
-13820.589844 9907.307617
-13822.771484 9910.851562
-13824.958984 9914.397461
-13827.153320 9917.944336
-13829.353516 9921.492188
-13831.559570 9925.041992
-13833.772461 9928.592773
-13835.991211 9932.145508
-13838.215820 9935.699219
-13840.447266 9939.253906
-13842.684570 9942.810547
-13844.927734 9946.368164
-13847.177734 9949.927734
-13849.433594 9953.488281
-13851.695312 9957.050781
-13853.963867 9960.614258
-13856.238281 9964.178711
-13858.518555 9967.745117
-13860.805664 9971.312500
-13863.098633 9974.881836
-13865.397461 9978.452148
-13867.703125 9982.023438
-13870.014648 9985.596680
-13872.332031 9989.170898
-13874.656250 9992.747070
-13876.986328 9996.324219
-13879.322266 9999.902344
-13881.665039 10003.482422
-13884.013672 10007.063477
-13886.368164 10010.646484
-13888.729492 10014.230469
-13891.096680 10017.815430
-13893.469727 10021.402344
-13895.849609 10024.990234
-13898.235352 10028.580078
-13900.626953 10032.170898
-13903.024414 10035.763672
-13905.428711 10039.357422
-13907.820312 10042.960938
-13910.205078 10046.571289
-13912.583984 10050.188477
-13914.956055 10053.812500
-13917.322266 10057.443359
-13919.681641 10061.081055
-13922.035156 10064.726562
-13924.381836 10068.378906
-13926.722656 10072.038086
-13929.056641 10075.704102
-13931.384766 10079.376953
-13933.706055 10083.056641
-13936.021484 10086.743164
-13938.330078 10090.436523
-13940.632812 10094.137695
-13942.928711 10097.845703
-13945.218750 10101.560547
-13947.501953 10105.282227
-13949.779297 10109.010742
-13952.049805 10112.746094
-13954.314453 10116.488281
-13956.572266 10120.237305
-13958.824219 10123.993164
-13961.069336 10127.756836
-13963.308594 10131.527344
-13965.541016 10135.304688
-13967.767578 10139.088867
-13969.987305 10142.879883
-13972.201172 10146.677734
-13974.408203 10150.482422
-13976.609375 10154.293945
-13978.803711 10158.113281
-13980.992188 10161.939453
-13983.173828 10165.772461
-13985.349609 10169.612305
-13987.518555 10173.458984
-13989.681641 10177.312500
-13991.837891 10181.172852
-13993.988281 10185.040039
-13996.131836 10188.914062
-13998.199219 10192.838867
-14000.212891 10196.800781
-14002.173828 10200.798828
-14004.081055 10204.833008
-14005.935547 10208.903320
-14007.736328 10213.009766
-14009.484375 10217.152344
-14011.178711 10221.331055
-14012.820312 10225.545898
-14014.408203 10229.796875
-14015.943359 10234.083984
-14017.424805 10238.407227
-14018.853516 10242.766602
-14020.228516 10247.162109
-14021.550781 10251.593750
-14022.819336 10256.062500
-14024.035156 10260.567383
-14025.197266 10265.108398
-14026.306641 10269.685547
-14027.362305 10274.298828
-14028.365234 10278.948242
-14029.314453 10283.633789
-14030.210938 10288.355469
-14031.053711 10293.113281
-14031.843750 10297.907227
-14032.580078 10302.737305
-14033.263672 10307.603516
-14033.893555 10312.505859
-14034.470703 10317.444336
-14034.994141 10322.418945
-14035.464844 10327.430664
-14035.881836 10332.478516
-14036.246094 10337.562500
-14036.556641 10342.682617
-14036.814453 10347.838867
-14037.018555 10353.031250
-14037.169922 10358.259766
-14037.267578 10363.524414
-14037.312500 10368.825195
-14037.303711 10374.162109
-14037.205078 10379.574219
-14037.028320 10385.047852
-14036.773438 10390.583984
-14036.441406 10396.181641
-14036.031250 10401.841797
-14035.542969 10407.563477
-14034.976562 10413.347656
-14034.333008 10419.194336
-14033.611328 10425.102539
-14032.811523 10431.073242
-14031.933594 10437.105469
-14030.978516 10443.200195
-14029.945312 10449.356445
-14028.833984 10455.575195
-14027.644531 10461.855469
-14026.377930 10468.198242
-14025.033203 10474.602539
-14023.610352 10481.069336
-14022.109375 10487.597656
-14020.531250 10494.188477
-14018.875000 10500.840820
-14017.140625 10507.555664
-14015.328125 10514.332031
-14013.438477 10521.170898
-14011.470703 10528.071289
-14009.424805 10535.034180
-14007.300781 10542.058594
-14005.099609 10549.145508
-14002.820312 10556.293945
-14000.462891 10563.504883
-13998.027344 10570.777344
-13995.514648 10578.112305
-13992.923828 10585.508789
-13990.254883 10592.967773
-13987.508789 10600.488281
-13984.684570 10608.071289
-13981.782227 10615.715820
-13978.801758 10623.422852
-13975.744141 10631.191406
-13972.608398 10639.022461
-13969.444336 10646.893555
-13966.236328 10654.812500
-13962.983398 10662.779297
-13959.686523 10670.792969
-13956.344727 10678.854492
-13952.958008 10686.963867
-13949.527344 10695.120117
-13946.051758 10703.324219
-13942.532227 10711.576172
-13938.967773 10719.875000
-13935.358398 10728.221680
-13931.705078 10736.616211
-13928.006836 10745.058594
-13924.264648 10753.547852
-13920.477539 10762.084961
-13916.645508 10770.669922
-13912.769531 10779.301758
-13908.848633 10787.981445
-13904.883789 10796.708984
-13900.874023 10805.483398
-13896.819336 10814.305664
-13892.720703 10823.175781
-13888.577148 10832.092773
-13884.389648 10841.057617
-13880.157227 10850.070312
-13875.879883 10859.130859
-13871.558594 10868.238281
-13867.192383 10877.393555
-13862.782227 10886.596680
-13858.327148 10895.846680
-13853.827148 10905.144531
-13849.283203 10914.490234
-13844.694336 10923.882812
-13840.061523 10933.323242
-13835.383789 10942.811523
-13830.662109 10952.346680
-13825.895508 10961.929688
-13821.083984 10971.560547
-13816.228516 10981.239258
-13811.328125 10990.964844
-13806.352539 11000.603516
-13801.311523 11010.201172
-13796.205078 11019.756836
-13791.033203 11029.270508
-13785.795898 11038.742188
-13780.493164 11048.171875
-13775.125000 11057.559570
-13769.692383 11066.905273
-13764.194336 11076.208984
-13758.630859 11085.470703
-13753.001953 11094.690430
-13747.307617 11103.868164
-13741.547852 11113.003906
-13735.722656 11122.097656
-13729.832031 11131.149414
-13723.876953 11140.159180
-13717.856445 11149.127930
-13711.770508 11158.054688
-13705.619141 11166.939453
-13699.402344 11175.782227
-13693.120117 11184.583008
-13686.772461 11193.341797
-13680.360352 11202.058594
-13673.882812 11210.733398
-13667.339844 11219.366211
-13660.731445 11227.957031
-13654.057617 11236.505859
-13647.318359 11245.012695
-13640.513672 11253.477539
-13633.643555 11261.900391
-13626.708984 11270.282227
-13619.708984 11278.622070
-13612.643555 11286.919922
-13605.512695 11295.175781
-13598.316406 11303.389648
-13591.054688 11311.561523
-13583.727539 11319.691406
-13576.335938 11327.779297
-13568.878906 11335.825195
-13561.356445 11343.829102
-13553.772461 11351.793945
-13546.125977 11359.718750
-13538.416992 11367.602539
-13530.645508 11375.446289
-13522.811523 11383.250000
-13514.915039 11391.013672
-13506.956055 11398.736328
-13498.934570 11406.418945
-13490.850586 11414.061523
-13482.703125 11421.664062
-13474.493164 11429.226562
-13466.220703 11436.748047
-13457.885742 11444.229492
-13449.488281 11451.670898
-13441.028320 11459.072266
-13432.505859 11466.433594
-13423.920898 11473.753906
-13415.273438 11481.034180
-13406.563477 11488.274414
-13397.791016 11495.474609
-13388.956055 11502.633789
-13380.058594 11509.752930
-13371.097656 11516.832031
-13362.074219 11523.871094
-13352.988281 11530.870117
-13343.839844 11537.828125
-13334.628906 11544.746094
-13325.355469 11551.624023
-13316.019531 11558.461914
-13306.621094 11565.259766
-13297.160156 11572.016602
-13287.636719 11578.733398
-13278.050781 11585.410156
-13268.402344 11592.046875
-13258.691406 11598.642578
-13248.916992 11605.198242
-13239.080078 11611.713867
-13229.180664 11618.189453
-13219.218750 11624.625000
-13209.194336 11631.019531
-13199.160156 11637.350586
-13189.098633 11643.625000
-13179.008789 11649.842773
-13168.891602 11656.004883
-13158.747070 11662.110352
-13148.575195 11668.160156
-13138.375000 11674.153320
-13128.147461 11680.090820
-13117.892578 11685.971680
-13107.610352 11691.795898
-13097.299805 11697.564453
-13086.961914 11703.276367
-13076.596680 11708.932617
-13066.204102 11714.532227
-13055.783203 11720.076172
-13045.334961 11725.563477
-13034.859375 11730.994141
-13024.356445 11736.369141
-13013.826172 11741.687500
-13003.267578 11746.950195
-12992.681641 11752.156250
-12982.068359 11757.306641
-12971.427734 11762.400391
-12960.758789 11767.437500
-12950.062500 11772.418945
-12939.338867 11777.343750
-12928.587891 11782.212891
-12917.808594 11787.025391
-12907.001953 11791.782227
-12896.167969 11796.482422
-12885.306641 11801.125977
-12874.416992 11805.713867
-12863.500000 11810.245117
-12852.555664 11814.720703
-12841.583984 11819.139648
-12830.584961 11823.501953
-12819.557617 11827.808594
-12808.502930 11832.058594
-12797.420898 11836.252930
-12786.311523 11840.390625
-12775.160156 11844.535156
-12763.971680 11848.666016
-12752.747070 11852.783203
-12741.485352 11856.885742
-12730.186523 11860.974609
-12718.850586 11865.049805
-12707.478516 11869.110352
-12696.069336 11873.157227
-12684.623047 11877.190430
-12673.139648 11881.208984
-12661.620117 11885.213867
-12650.063477 11889.205078
-12638.469727 11893.181641
-12626.839844 11897.144531
-12615.172852 11901.093750
-12603.468750 11905.028320
-12591.727539 11908.949219
-12579.950195 11912.856445
-12568.135742 11916.749023
-12556.284180 11920.627930
-12544.395508 11924.493164
-12532.470703 11928.343750
-12520.508789 11932.180664
-12508.509766 11936.003906
-12496.473633 11939.812500
-12484.401367 11943.607422
-12472.291992 11947.388672
-12460.145508 11951.155273
-12447.962891 11954.908203
-12435.743164 11958.647461
-12423.486328 11962.372070
-12411.192383 11966.083008
-12398.862305 11969.780273
-12386.495117 11973.462891
-12374.090820 11977.131836
-12361.649414 11980.787109
-12349.171875 11984.427734
-12336.657227 11988.054688
-12324.105469 11991.667969
-12311.516602 11995.266602
-12298.916992 11998.879883
-12286.296875 12002.499023
-12273.657227 12006.123047
-12260.998047 12009.751953
-12248.318359 12013.385742
-12235.619141 12017.025391
-12222.899414 12020.669922
-12210.160156 12024.319336
-12197.400391 12027.973633
-12184.621094 12031.633789
-12171.822266 12035.298828
-12159.002930 12038.968750
-12146.164062 12042.643555
-12133.304688 12046.324219
-12120.425781 12050.009766
-12107.527344 12053.700195
-12094.608398 12057.395508
-12081.669922 12061.096680
-12068.710938 12064.802734
-12055.732422 12068.513672
-12042.734375 12072.229492
-12029.715820 12075.951172
-12016.677734 12079.677734
-12003.619141 12083.409180
-11990.541016 12087.145508
-11977.443359 12090.887695
-11964.325195 12094.634766
-11951.187500 12098.386719
-11938.029297 12102.143555
-11924.851562 12105.906250
-11911.654297 12109.673828
-11898.436523 12113.446289
-11885.199219 12117.223633
-11871.941406 12121.006836
-11858.664062 12124.794922
-11845.367188 12128.587891
-11832.049805 12132.385742
-11818.712891 12136.189453
-11805.355469 12139.998047
-11791.978516 12143.811523
-11778.570312 12147.624023
-11765.134766 12151.437500
-11751.671875 12155.252930
-11738.181641 12159.069336
-11724.664062 12162.886719
-11711.119141 12166.705078
-11697.546875 12170.524414
-11683.947266 12174.344727
-11670.320312 12178.166016
-11656.666016 12181.989258
-11642.984375 12185.813477
-11629.275391 12189.638672
-11615.539062 12193.464844
-11601.775391 12197.291992
-11587.984375 12201.120117
-11574.166016 12204.949219
-11560.320312 12208.780273
-11546.447266 12212.612305
-11532.546875 12216.445312
-11518.619141 12220.279297
-11504.664062 12224.114258
-11490.681641 12227.950195
-11476.671875 12231.788086
-11462.634766 12235.626953
-11448.570312 12239.466797
-11434.478516 12243.307617
-11420.359375 12247.149414
-11406.212891 12250.992188
-11392.039062 12254.835938
-11377.837891 12258.681641
-11363.609375 12262.528320
-11349.353516 12266.375977
-11335.070312 12270.224609
-11320.759766 12274.074219
-11306.421875 12277.924805
-11292.056641 12281.777344
-11277.664062 12285.630859
-11263.244141 12289.485352
-11248.796875 12293.340820
-11234.322266 12297.197266
-11219.829102 12301.055664
-11205.314453 12304.916016
-11190.778320 12308.778320
-11176.219727 12312.641602
-11161.639648 12316.506836
-11147.038086 12320.374023
-11132.415039 12324.243164
-11117.770508 12328.113281
-11103.104492 12331.985352
-11088.416992 12335.859375
-11073.708008 12339.735352
-11058.976562 12343.612305
-11044.223633 12347.491211
-11029.449219 12351.372070
-11014.653320 12355.254883
-10999.835938 12359.138672
-10984.997070 12363.024414
-10970.136719 12366.912109
-10955.254883 12370.800781
-10940.350586 12374.691406
-10925.424805 12378.583984
-10910.477539 12382.478516
-10895.508789 12386.374023
-10880.518555 12390.271484
-10865.506836 12394.170898
-10850.473633 12398.072266
-10835.418945 12401.974609
-10820.342773 12405.878906
-10805.244141 12409.785156
-10790.124023 12413.693359
-10774.982422 12417.602539
-10759.819336 12421.513672
-10744.634766 12425.426758
-10729.428711 12429.341797
-10714.201172 12433.257812
-10698.952148 12437.175781
-10683.680664 12441.095703
-10668.387695 12445.017578
-10653.073242 12448.940430
-10637.737305 12452.865234
-10622.375977 12456.792969
-10606.990234 12460.723633
-10591.580078 12464.657227
-10576.145508 12468.593750
-10560.686523 12472.533203
-10545.203125 12476.475586
-10529.696289 12480.419922
-10514.165039 12484.367188
-10498.609375 12488.317383
-10483.029297 12492.270508
-10467.424805 12496.226562
-10451.795898 12500.185547
-10436.142578 12504.147461
-10420.464844 12508.111328
-10404.763672 12512.078125
-10389.038086 12516.047852
-10373.288086 12520.020508
-10357.513672 12523.996094
-10341.714844 12527.974609
-10325.891602 12531.955078
-10310.043945 12535.938477
-10294.171875 12539.924805
-10278.275391 12543.914062
-10262.355469 12547.906250
-10246.411133 12551.901367
-10230.442383 12555.898438
-10214.449219 12559.898438
-10198.431641 12563.901367
-10182.389648 12567.907227
-10166.323242 12571.916016
-10150.232422 12575.927734
-10134.118164 12579.942383
-10117.979492 12583.958984
-10101.816406 12587.978516
-10085.628906 12592.000977
-10069.416992 12596.026367
-10053.180664 12600.054688
-10036.919922 12604.085938
-10020.634766 12608.119141
-10004.325195 12612.155273
-9987.994141 12616.196289
-9971.640625 12620.241211
-9955.265625 12624.290039
-9938.868164 12628.342773
-9922.448242 12632.399414
-9906.005859 12636.459961
-9889.541016 12640.524414
-9873.053711 12644.592773
-9856.543945 12648.665039
-9840.011719 12652.741211
-9823.457031 12656.820312
-9806.879883 12660.903320
-9790.280273 12664.990234
-9773.658203 12669.081055
-9757.013672 12673.175781
-9740.346680 12677.274414
-9723.657227 12681.376953
-9706.945312 12685.483398
-9690.210938 12689.593750
-9673.454102 12693.708008
-9656.674805 12697.826172
-9639.873047 12701.948242
-9623.048828 12706.074219
-9606.202148 12710.204102
-9589.333008 12714.337891
-9572.441406 12718.475586
-9555.527344 12722.617188
-9538.590820 12726.762695
-9521.631836 12730.912109
-9504.651367 12735.065430
-9487.648438 12739.222656
-9470.623047 12743.383789
-9453.575195 12747.548828
-9436.504883 12751.717773
-9419.412109 12755.890625
-9402.296875 12760.067383
-9385.159180 12764.248047
-9367.999023 12768.432617
-9350.816406 12772.621094
-9333.611328 12776.813477
-9316.389648 12781.004883
-9299.149414 12785.196289
-9281.890625 12789.388672
-9264.613281 12793.582031
-9247.316406 12797.776367
-9230.000977 12801.971680
-9212.666992 12806.166992
-9195.314453 12810.363281
-9177.943359 12814.560547
-9160.553711 12818.758789
-9143.145508 12822.957031
-9125.718750 12827.156250
-9108.273438 12831.356445
-9090.809570 12835.557617
-9073.327148 12839.758789
-9055.826172 12843.960938
-9038.306641 12848.164062
-9020.768555 12852.368164
-9003.210938 12856.573242
-8985.634766 12860.778320
-8968.040039 12864.984375
-8950.426758 12869.191406
-8932.794922 12873.399414
-8915.144531 12877.607422
-8897.475586 12881.816406
-8879.788086 12886.026367
-8862.082031 12890.237305
-8844.357422 12894.448242
-8826.614258 12898.660156
-8808.852539 12902.873047
-8791.072266 12907.086914
-8773.273438 12911.301758
-8755.455078 12915.516602
-8737.618164 12919.732422
-8719.762695 12923.949219
-8701.888672 12928.166992
-8683.996094 12932.384766
-8666.084961 12936.603516
-8648.155273 12940.823242
-8630.207031 12945.043945
-8612.244141 12949.264648
-8594.265625 12953.486328
-8576.271484 12957.708984
-8558.261719 12961.932617
-8540.236328 12966.156250
-8522.195312 12970.380859
-8504.138672 12974.606445
-8486.066406 12978.833008
-8467.978516 12983.059570
-8449.875000 12987.287109
-8431.755859 12991.515625
-8413.621094 12995.745117
-8395.470703 12999.974609
-8377.304688 13004.205078
-8359.123047 13008.436523
-8340.925781 13012.668945
-8322.712891 13016.901367
-8304.484375 13021.134766
-8286.240234 13025.369141
-8267.980469 13029.604492
-8249.705078 13033.839844
-8231.414062 13038.076172
-8213.107422 13042.313477
-8194.785156 13046.550781
-8176.447754 13050.789062
-8158.094727 13055.028320
-8139.726074 13059.268555
-8121.341797 13063.508789
-8102.941895 13067.750000
-8084.526367 13071.992188
-8066.095215 13076.235352
-8047.648438 13080.478516
-8029.186035 13084.722656
-8010.708008 13088.967773
-7992.214355 13093.213867
-7973.705078 13097.459961
-7955.180176 13101.707031
-7936.639648 13105.955078
-7918.083496 13110.204102
-7899.511719 13114.453125
-7880.921387 13118.707031
-7862.313477 13122.964844
-7843.687988 13127.225586
-7825.044922 13131.490234
-7806.384277 13135.757812
-7787.706055 13140.029297
-7769.010254 13144.303711
-7750.296875 13148.582031
-7731.566406 13152.863281
-7712.818359 13157.148438
-7694.052734 13161.436523
-7675.269531 13165.728516
-7656.468750 13170.023438
-7637.650391 13174.322266
-7618.814453 13178.624023
-7599.960938 13182.929688
-7581.089844 13187.238281
-7562.201172 13191.550781
-7543.294922 13195.866211
-7524.371094 13200.185547
-7505.429688 13204.507812
-7486.470703 13208.833984
-7467.494141 13213.163086
-7448.500000 13217.496094
-7429.488281 13221.832031
-7410.458984 13226.171875
-7391.412598 13230.514648
-7372.348633 13234.861328
-7353.267090 13239.210938
-7334.167969 13243.564453
-7315.051270 13247.920898
-7295.916992 13252.281250
-7276.765137 13256.644531
-7257.595703 13261.011719
-7238.408691 13265.381836
-7219.204102 13269.755859
-7199.981934 13274.133789
-7180.742188 13278.514648
-7161.484863 13282.899414
-7142.209961 13287.287109
-7122.909180 13291.674805
-7103.585449 13296.064453
-7084.238281 13300.455078
-7064.868164 13304.847656
-7045.474609 13309.241211
-7026.058105 13313.635742
-7006.618164 13318.032227
-6987.155273 13322.429688
-6967.668945 13326.829102
-6948.159668 13331.229492
-6928.626953 13335.630859
-6909.071289 13340.034180
-6889.492676 13344.438477
-6869.890625 13348.844727
-6850.265625 13353.251953
-6830.617188 13357.661133
-6810.945801 13362.071289
-6791.250977 13366.482422
-6771.533203 13370.895508
-6751.791992 13375.309570
-6732.027832 13379.725586
-6712.240234 13384.142578
-6692.429688 13388.560547
-6672.595703 13392.980469
-6652.738770 13397.401367
-6632.858887 13401.824219
-6612.955566 13406.248047
-6593.029297 13410.672852
-6573.079590 13415.099609
-6553.106934 13419.527344
-6533.110840 13423.957031
-6513.091797 13428.387695
-6493.049316 13432.819336
-6472.983887 13437.252930
-6452.895020 13441.687500
-6432.783203 13446.124023
-6412.648438 13450.561523
-6392.490234 13455.000000
-6372.309082 13459.440430
-6352.104492 13463.881836
-6331.880859 13468.322266
-6311.636719 13472.761719
-6291.372070 13477.201172
-6271.086914 13481.639648
-6250.781250 13486.078125
-6230.455078 13490.515625
-6210.108398 13494.953125
-6189.741211 13499.389648
-6169.353516 13503.826172
-6148.944824 13508.261719
-6128.515625 13512.696289
-6108.065918 13517.130859
-6087.595703 13521.564453
-6067.104980 13525.998047
-6046.593750 13530.430664
-6026.062012 13534.863281
-6005.509766 13539.294922
-5984.937012 13543.726562
-5964.343750 13548.157227
-5943.729980 13552.587891
-5923.095703 13557.017578
-5902.440918 13561.447266
-5881.765625 13565.875977
-5861.069824 13570.303711
-5840.353516 13574.731445
-5819.616699 13579.158203
-5798.859375 13583.584961
-5778.081543 13588.010742
-5757.283203 13592.436523
-5736.464355 13596.861328
-5715.625000 13601.286133
-5694.765137 13605.709961
-5673.884766 13610.133789
-5652.983887 13614.556641
-5632.062500 13618.979492
-5611.120605 13623.401367
-5590.158203 13627.822266
-5569.174805 13632.243164
-5548.170898 13636.663086
-5527.146484 13641.083008
