-0.050637 0.034675
-0.134700 0.092800
-0.252187 0.174375
-0.403100 0.279400
-0.587437 0.407875
-0.805200 0.559800
-1.056387 0.735175
-1.341000 0.934000
-1.659037 1.156275
-2.010499 1.402000
-2.395387 1.671175
-2.813699 1.963800
-3.265437 2.279875
-3.750599 2.619400
-4.269186 2.982375
-4.821199 3.368800
-5.406636 3.778675
-6.025498 4.211999
-6.677786 4.668774
-7.363498 5.148999
-8.082636 5.652674
-8.835198 6.179799
-9.621185 6.730374
-10.440598 7.304399
-11.293435 7.901874
-12.179697 8.522799
-13.099384 9.167173
-14.052496 9.834998
-15.039033 10.526273
-16.058994 11.240997
-17.112381 11.979173
-18.199192 12.740798
-19.319429 13.525873
-20.473091 14.334398
-21.660177 15.166373
-22.880690 16.021799
-24.134626 16.900675
-25.421988 17.802999
-26.742775 18.728775
-28.096987 19.677999
-29.483648 20.651724
-30.903086 21.649599
-32.355297 22.671623
-33.840282 23.717798
-35.358044 24.788124
-36.908581 25.882599
-38.491894 27.001225
-40.107983 28.143999
-41.756844 29.310925
-43.438480 30.501999
-45.152893 31.717224
-46.900082 32.956600
-48.680042 34.220127
-50.492779 35.507801
-52.338291 36.819626
-54.216579 38.155602
-56.127644 39.515728
-58.071480 40.900002
-60.048092 42.308426
-62.057480 43.741001
-64.099640 45.197727
-66.174576 46.678604
-68.282288 48.183628
-70.422775 49.712803
-72.596039 51.266129
-74.802078 52.843605
-77.040894 54.445229
-79.312477 56.071003
-81.616837 57.720928
-83.953972 59.395004
-86.323883 61.093231
-88.726570 62.815605
-91.162033 64.562134
-93.630272 66.332809
-96.131287 68.127632
-98.665070 69.946609
-101.231628 71.789734
-103.830963 73.657013
-106.463074 75.548439
-109.127960 77.464012
-111.821945 79.407303
-114.546257 81.377113
-117.300896 83.373451
-120.085854 85.396317
-122.901138 87.445702
-125.746750 89.521614
-128.622681 91.624054
-131.528946 93.753014
-134.465530 95.908501
-137.432434 98.090515
-140.429672 100.299057
-143.457230 102.534119
-146.515121 104.795708
-149.603333 107.083824
-152.721863 109.398460
-155.870728 111.739624
-159.049911 114.107315
-162.259415 116.501526
-165.499252 118.922264
-168.769409 121.369530
-172.069901 123.843315
-175.400711 126.343628
-178.761841 128.870468
-182.153305 131.423828
-185.575089 134.003723
-189.027191 136.610138
-192.509628 139.243073
-196.022385 141.902542
-199.565475 144.588531
-203.138885 147.301041
-206.742615 150.040085
-210.376678 152.805649
-214.041061 155.597733
-217.735764 158.416351
-221.460800 161.261490
-225.216156 164.133148
-229.001846 167.031342
-232.817856 169.956055
-236.664185 172.907288
-240.540848 175.885056
-244.435196 178.853455
-248.351440 181.824463
-252.289581 184.798065
-256.249634 187.774261
-260.231567 190.753067
-264.235413 193.734467
-268.261169 196.718460
-272.308807 199.705063
-276.378357 202.694260
-280.469818 205.686066
-284.583160 208.680466
-288.718414 211.677460
-292.875549 214.677063
-297.054596 217.679260
-301.255554 220.684067
-305.478394 223.691467
-309.723145 226.701462
-313.989807 229.714066
-318.278351 232.729263
-322.588806 235.747070
-326.921143 238.767471
-331.275391 241.790466
-335.651550 244.816071
-340.049591 247.844269
-344.469543 250.875076
-348.911407 253.908478
-353.375153 256.944489
-357.860809 259.983093
-362.368347 263.024292
-366.897797 266.068085
-371.449158 269.114471
-376.022400 272.163483
-380.617554 275.215088
-385.234619 278.269287
-389.873566 281.326080
-394.534424 284.385468
-399.217163 287.447479
-403.921814 290.512085
-408.648376 293.579285
-413.396820 296.649078
-418.151672 299.707947
-422.918121 302.760376
-427.696136 305.806396
-432.485718 308.845978
-437.286896 311.879150
-442.099640 314.905884
-446.923950 317.926208
-451.759827 320.940094
-456.607300 323.947571
-461.466339 326.948608
-466.336945 329.943207
-471.219147 332.931396
-476.112915 335.913147
-481.018250 338.888489
-485.935181 341.857391
-490.863678 344.819885
-495.803741 347.775940
-500.755371 350.725586
-505.718597 353.668793
-510.693390 356.605591
-515.679749 359.535950
-520.677673 362.459900
-525.687195 365.377411
-530.708313 368.288513
-535.740967 371.193176
-540.785217 374.091431
-545.841064 376.983246
-550.908447 379.868622
-555.987427 382.747589
-561.078003 385.620117
-566.180115 388.486237
-571.293823 391.345917
-576.419067 394.199188
-581.555908 397.046021
-586.704346 399.886444
-591.864319 402.720428
-597.035889 405.548004
-602.219055 408.369141
-607.413757 411.183868
-612.620056 413.992157
-617.827698 416.842346
-623.040100 419.718353
-628.257263 422.620148
-633.479126 425.547760
-638.705750 428.501160
-643.937134 431.480377
-649.173279 434.485382
-654.414185 437.516174
-659.659851 440.572784
-664.910217 443.655182
-670.165344 446.763397
-675.425232 449.897400
-680.689880 453.057190
-685.959290 456.242798
-691.233398 459.454193
-696.512268 462.691406
-701.795898 465.954407
-707.084290 469.243225
-712.377441 472.557831
-717.675354 475.898224
-722.977966 479.264435
-728.285339 482.656433
-733.597473 486.074249
-738.914368 489.517853
-744.236023 492.987244
-749.562439 496.482452
-754.893555 500.003448
-760.229431 503.550262
-765.570068 507.122864
-770.915466 510.721252
-776.265625 514.345459
-781.620544 517.995483
-786.980164 521.671265
-792.344543 525.372864
-797.713684 529.100281
-803.087585 532.853455
-808.466248 536.632446
-813.849670 540.437256
-819.237793 544.267883
-824.630676 548.124268
-830.006836 552.007019
-835.373413 555.915955
-840.730408 559.851074
-846.077820 563.812378
-851.415649 567.799866
-856.743958 571.813477
-862.062683 575.853271
-867.371826 579.919250
-872.671387 584.011414
-877.961365 588.129761
-883.241760 592.274292
-888.512573 596.445007
-893.773804 600.641846
-899.025513 604.864868
-904.267639 609.114075
-909.500183 613.389465
-914.723145 617.691040
-919.936523 622.018799
-925.140320 626.372742
-930.334534 630.752808
-935.519165 635.159058
-940.694275 639.591492
-945.859802 644.050110
-951.015747 648.534912
-956.162109 653.045898
-961.298889 657.583069
-966.426086 662.146362
-971.543701 666.735840
-976.651733 671.351501
-981.750244 675.993347
-986.839172 680.661377
-991.918518 685.355591
-996.988281 690.075928
-1002.048462 694.822449
-1007.099060 699.595154
-1012.140076 704.394043
-1017.171509 709.219116
-1022.193420 714.070374
-1027.205688 718.947815
-1032.208374 723.851379
-1037.216675 728.802185
-1042.225464 733.793213
-1047.234741 738.824402
-1052.244507 743.895813
-1057.254761 749.007385
-1062.265503 754.159180
-1067.276733 759.351196
-1072.288452 764.583374
-1077.300781 769.855774
-1082.313599 775.168396
-1087.326904 780.521179
-1092.340698 785.914185
-1097.354980 791.347412
-1102.369751 796.820801
-1107.385010 802.334412
-1112.400757 807.888184
-1117.416992 813.482178
-1122.433716 819.116394
-1127.451050 824.790771
-1132.468872 830.505371
-1137.487183 836.260193
-1142.505981 842.055176
-1147.525269 847.890381
-1152.545044 853.765808
-1157.565308 859.681396
-1162.586060 865.637207
-1167.607300 871.633179
-1172.629028 877.669373
-1177.651367 883.745789
-1182.674194 889.862366
-1187.697510 896.019165
-1192.721313 902.216187
-1197.745605 908.453369
-1202.770386 914.730774
-1207.795654 921.048340
-1212.821411 927.406128
-1217.847656 933.804138
-1222.874390 940.242310
-1227.901733 946.720703
-1232.929565 953.239319
-1237.950317 959.810852
-1242.966553 966.431030
-1247.978271 973.099915
-1252.985474 979.817444
-1257.988159 986.583679
-1262.986328 993.398560
-1267.979980 1000.262146
-1272.968994 1007.174377
-1277.953491 1014.135254
-1282.933472 1021.144836
-1287.908936 1028.203125
-1292.879883 1035.310059
-1297.846313 1042.465698
-1302.808228 1049.669922
-1307.765625 1056.922852
-1312.718506 1064.224487
-1317.666870 1071.574829
-1322.610718 1078.973755
-1327.550049 1086.421387
-1332.484863 1093.917725
-1337.415161 1101.462769
-1342.340820 1109.056396
-1347.261963 1116.698730
-1352.178589 1124.389771
-1357.090698 1132.129517
-1361.998291 1139.917847
-1366.901367 1147.754883
-1371.799927 1155.640625
-1376.693970 1163.575073
-1381.583496 1171.558105
-1386.468506 1179.589844
-1391.348999 1187.670288
-1396.224976 1195.799438
-1401.096436 1203.977173
-1405.963379 1212.203613
-1410.825684 1220.478760
-1415.683472 1228.802612
-1420.536743 1237.175049
-1425.385498 1245.596191
-1430.229736 1254.066040
-1435.059448 1262.539673
-1439.877930 1271.031982
-1444.685181 1279.542969
-1449.481201 1288.072754
-1454.265991 1296.621216
-1459.039551 1305.188477
-1463.801880 1313.774414
-1468.552979 1322.379028
-1473.292847 1331.002441
-1478.021484 1339.644531
-1482.738892 1348.305420
-1487.445068 1356.984985
-1492.140015 1365.683228
-1496.823730 1374.400269
-1501.496216 1383.135986
-1506.157471 1391.890503
-1510.807495 1400.663696
-1515.446411 1409.455566
-1520.074097 1418.266235
-1524.690552 1427.095581
-1529.295776 1435.943726
-1533.889771 1444.810547
-1538.472534 1453.696045
-1543.044067 1462.600342
-1547.604370 1471.523315
-1552.153442 1480.465088
-1556.691284 1489.425537
-1561.217896 1498.404663
-1565.733276 1507.402588
-1570.237427 1516.419189
-1574.730347 1525.454590
-1579.212036 1534.508667
-1583.682495 1543.581421
-1588.141724 1552.672974
-1592.589722 1561.783203
-1597.026489 1570.912231
-1601.452026 1580.059937
-1605.866333 1589.226318
-1610.269409 1598.411499
-1614.661255 1607.615356
-1619.072144 1616.827881
-1623.491943 1626.052368
-1627.920654 1635.288818
-1632.358276 1644.537354
-1636.804932 1653.797852
-1641.260498 1663.070312
-1645.724976 1672.354858
-1650.198364 1681.651367
-1654.680664 1690.959839
-1659.171875 1700.280396
-1663.671997 1709.612915
-1668.181030 1718.957397
-1672.698975 1728.313965
-1677.225952 1737.682495
-1681.761841 1747.062988
-1686.306641 1756.455444
-1690.860352 1765.859985
-1695.422974 1775.276489
-1699.994507 1784.704956
-1704.574951 1794.145508
-1709.164307 1803.598022
-1713.762695 1813.062500
-1718.369995 1822.539062
-1722.986206 1832.027588
-1727.611328 1841.528076
-1732.245361 1851.040527
-1736.888306 1860.565063
-1741.540161 1870.101562
-1746.200928 1879.650024
-1750.870605 1889.210571
-1755.549316 1898.783081
-1760.236938 1908.367554
-1764.933472 1917.964111
-1769.638916 1927.572632
-1774.353271 1937.193115
-1779.076538 1946.825684
-1783.808716 1956.470215
-1788.549805 1966.126709
-1793.299805 1975.795166
-1798.058838 1985.475708
-1802.831543 1995.194214
-1807.616333 2004.942139
-1812.413330 2014.719360
-1817.222412 2024.526001
-1822.043579 2034.361938
-1826.876953 2044.227173
-1831.722412 2054.121826
-1836.579956 2064.045898
-1841.449707 2073.999268
-1846.331543 2083.981934
-1851.225464 2093.993896
-1856.131592 2104.035400
-1861.049805 2114.106201
-1865.980103 2124.206299
-1870.922607 2134.335693
-1875.877197 2144.494385
-1880.843872 2154.682617
-1885.822754 2164.900146
-1890.813721 2175.146973
-1895.816772 2185.423096
-1900.832031 2195.728516
-1905.859375 2206.063477
-1910.898804 2216.427734
-1915.950439 2226.821289
-1921.014160 2237.244141
-1926.089966 2247.696533
-1931.177979 2258.178223
-1936.278076 2268.689209
-1941.390259 2279.229492
-1946.514648 2289.799072
-1951.651123 2300.398193
-1956.799683 2311.026611
-1961.960327 2321.684326
-1967.133179 2332.371338
-1972.318115 2343.087891
-1977.515137 2353.833740
-1982.724365 2364.608887
-1987.945679 2375.413330
-1993.179077 2386.247070
-1998.424683 2397.110352
-2003.651001 2407.988037
-2008.868530 2418.885254
-2014.077271 2429.801758
-2019.277222 2440.737793
-2024.468384 2451.693359
-2029.650757 2462.668213
-2034.824219 2473.662598
-2039.988892 2484.676514
-2045.144775 2495.709717
-2050.291992 2506.762451
-2055.430420 2517.834717
-2060.559814 2528.926270
-2065.680420 2540.037354
-2070.792236 2551.167969
-2075.895264 2562.317871
-2080.989502 2573.487305
-2086.074951 2584.676270
-2091.151611 2595.884521
-2096.219482 2607.112305
-2101.278564 2618.359619
-2106.328857 2629.626221
-2111.370361 2640.912354
-2116.403076 2652.218018
-2121.427002 2663.542969
-2126.442139 2674.887451
-2131.448486 2686.251465
-2136.446045 2697.634766
-2141.434814 2709.037598
-2146.414795 2720.459961
-2151.385986 2731.901611
-2156.348389 2743.362793
-2161.302002 2754.843506
-2166.246826 2766.343506
-2171.182861 2777.863037
-2176.109863 2789.402100
-2181.028076 2800.960449
-2185.937500 2812.538330
-2190.838135 2824.135742
-2195.729980 2835.752441
-2200.613037 2847.388672
-2205.496094 2859.024170
-2210.376221 2870.665771
-2215.253418 2882.313232
-2220.127686 2893.966797
-2224.999023 2905.626221
-2229.867432 2917.291748
-2234.732910 2928.963379
-2239.595459 2940.640869
-2244.454834 2952.324463
-2249.311279 2964.013916
-2254.164795 2975.709473
-2259.015381 2987.410889
-2263.863037 2999.118408
-2268.707764 3010.832031
-2273.549561 3022.551514
-2278.388428 3034.277100
-2283.224365 3046.008545
-2288.057373 3057.746094
-2292.887451 3069.489502
-2297.714600 3081.239014
-2302.538574 3092.994629
-2307.359619 3104.756104
-2312.177734 3116.523682
-2316.992920 3128.297119
-2321.805176 3140.076660
-2326.614502 3151.862061
-2331.420898 3163.653564
-2336.224365 3175.451172
-2341.024902 3187.254639
-2345.822510 3199.064209
-2350.617188 3210.879639
-2355.408936 3222.701172
-2360.197510 3234.528809
-2364.983154 3246.362305
-2369.765869 3258.201904
-2374.545654 3270.047363
-2379.322510 3281.898926
-2384.096436 3293.756348
-2388.867432 3305.619873
-2393.635498 3317.489502
-2398.415039 3329.380127
-2403.201172 3341.287109
-2407.993896 3353.210205
-2412.793213 3365.149414
-2417.599365 3377.104736
-2422.412109 3389.076172
-2427.231445 3401.063721
-2432.057373 3413.067383
-2436.890137 3425.087402
-2441.729492 3437.123535
-2446.575439 3449.175781
-2451.427979 3461.244141
-2456.287354 3473.328613
-2461.153320 3485.429199
-2466.025879 3497.546143
-2470.905029 3509.679199
-2475.791016 3521.828369
-2480.683594 3533.993652
-2485.582764 3546.175049
-2490.488525 3558.372559
-2495.401123 3570.586182
-2500.320312 3582.816162
-2505.246094 3595.062256
-2510.178467 3607.324463
-2515.117432 3619.602783
-2520.063232 3631.897217
-2525.015625 3644.207764
-2529.974609 3656.534424
-2534.940186 3668.877441
-2539.912598 3681.236572
-2544.891602 3693.611816
-2549.877197 3706.003174
-2554.869385 3718.410645
-2559.868408 3730.834229
-2564.874023 3743.274170
-2569.886230 3755.730225
-2574.905029 3768.202393
-2579.930664 3780.690674
-2584.962891 3793.195068
-2590.001709 3805.715576
-2595.027100 3818.230469
-2600.045654 3830.746826
-2605.057373 3843.264648
-2610.062500 3855.784180
-2615.060791 3868.305176
-2620.052246 3880.827637
-2625.036865 3893.351807
-2630.014893 3905.877441
-2634.986084 3918.404541
-2639.950439 3930.933350
-2644.907959 3943.463623
-2649.858887 3955.995605
-2654.802979 3968.529053
-2659.740234 3981.063965
-2664.670654 3993.600586
-2669.594482 4006.138672
-2674.511475 4018.678223
-2679.421631 4031.219482
-2684.324951 4043.762207
-2689.221680 4056.306396
-2694.111572 4068.852295
-2698.994629 4081.399658
-2703.870850 4093.948486
-2708.740479 4106.499023
-2713.603271 4119.051270
-2718.459229 4131.604980
-2723.308350 4144.160156
-2728.150879 4156.716797
-2732.986572 4169.274902
-2737.815430 4181.834473
-2742.637451 4194.395996
-2747.452881 4206.958984
-2752.261475 4219.523438
-2757.063232 4232.089355
-2761.858154 4244.656738
-2766.646484 4257.225586
-2771.427979 4269.796387
-2776.202637 4282.368652
-2780.970459 4294.942383
-2785.731689 4307.517578
-2790.492676 4320.059082
-2795.251221 4332.578613
-2800.007568 4345.076172
-2804.761475 4357.551758
-2809.512939 4370.005371
-2814.262207 4382.437012
-2819.009033 4394.846680
-2823.753662 4407.234375
-2828.495850 4419.600098
-2833.235596 4431.943848
-2837.973145 4444.265625
-2842.708252 4456.565430
-2847.440918 4468.843262
-2852.171387 4481.099121
-2856.899414 4493.333008
-2861.625244 4505.544922
-2866.348633 4517.734863
-2871.069580 4529.902832
-2875.788330 4542.048828
-2880.504639 4554.172852
-2885.218506 4566.274902
-2889.930176 4578.354980
-2894.639404 4590.413086
-2899.346436 4602.449219
-2904.051025 4614.463379
-2908.753174 4626.455566
-2913.453125 4638.425781
-2918.150635 4650.374023
-2922.845703 4662.300293
-2927.538574 4674.204590
-2932.229004 4686.086914
-2936.917236 4697.947266
-2941.603027 4709.785645
-2946.286377 4721.602051
-2950.967529 4733.396484
-2955.646240 4745.168945
-2960.322510 4756.919434
-2964.996582 4768.647949
-2969.668213 4780.354492
-2974.337646 4792.039062
-2979.018066 4803.749512
-2983.705322 4815.470215
-2988.399170 4827.201172
-2993.099609 4838.941895
-2997.806641 4850.692871
-3002.520264 4862.453613
-3007.240723 4874.224609
-3011.967773 4886.005859
-3016.701416 4897.796875
-3021.441650 4909.598145
-3026.188721 4921.409668
-3030.942383 4933.230957
-3035.702637 4945.062500
-3040.469482 4956.904297
-3045.243164 4968.755859
-3050.023438 4980.617676
-3054.810303 4992.489258
-3059.603760 5004.371094
-3064.404053 5016.263184
-3069.210938 5028.165039
-3074.024414 5040.077148
-3078.844482 5051.999512
-3083.671387 5063.931641
-3088.504883 5075.874023
-3093.344971 5087.826660
-3098.191650 5099.789062
-3103.044922 5111.761719
-3107.905029 5123.744141
-3112.771729 5135.736816
-3117.645020 5147.739746
-3122.524902 5159.752441
-3127.411621 5171.775391
-3132.304932 5183.808594
-3137.204834 5195.851562
-3142.111328 5207.904785
-3147.024658 5219.967773
-3151.944580 5232.041016
-3156.871094 5244.124512
-3161.804199 5256.217773
-3166.744141 5268.321289
-3171.666016 5280.429199
-3176.578125 5292.542969
-3181.480469 5304.663086
-3186.373047 5316.789551
-3191.255859 5328.921875
-3196.128906 5341.060547
-3200.992188 5353.205566
-3205.845703 5365.356445
-3210.689453 5377.513672
-3215.523438 5389.676758
-3220.347656 5401.846191
-3225.161865 5414.021973
-3229.966309 5426.203613
-3234.760986 5438.391602
-3239.545898 5450.585938
-3244.321045 5462.786133
-3249.086426 5474.992676
-3253.842041 5487.205566
-3258.587891 5499.424316
-3263.323975 5511.649414
-3268.050293 5523.880859
-3272.766846 5536.118164
-3277.473633 5548.361816
-3282.170654 5560.611816
-3286.857910 5572.867676
-3291.535400 5585.129883
-3296.203125 5597.397949
-3300.861084 5609.672363
-3305.509277 5621.953125
-3310.147705 5634.239746
-3314.776367 5646.532715
-3319.395264 5658.832031
-3324.004395 5671.137207
-3328.603760 5683.448730
-3333.193359 5695.766602
-3337.773193 5708.090332
-3342.343262 5720.420410
-3346.903320 5732.756836
-3351.453613 5745.099121
-3355.994141 5757.447754
-3360.541260 5769.805664
-3365.089600 5782.171875
-3369.639160 5794.546387
-3374.189941 5806.929199
-3378.741699 5819.319824
-3383.294678 5831.718750
-3387.848877 5844.125977
-3392.404053 5856.541504
-3396.960449 5868.965332
-3401.518066 5881.397461
-3406.076904 5893.837891
-3410.636719 5906.286621
-3415.197754 5918.743652
-3419.760010 5931.208984
-3424.323242 5943.682129
-3428.887695 5956.163574
-3433.453369 5968.653320
-3438.020264 5981.151367
-3442.588135 5993.657715
-3447.157227 6006.172363
-3451.727539 6018.695312
-3456.298828 6031.226562
-3460.871338 6043.766113
-3465.445068 6056.313965
-3470.020020 6068.869629
-3474.595947 6081.433594
-3479.173096 6094.005859
-3483.751465 6106.586426
-3488.330811 6119.175293
-3492.911377 6131.772461
-3497.493164 6144.377930
-3502.076172 6156.991699
-3506.660156 6169.613770
-3511.245361 6182.243652
-3515.831787 6194.881836
-3520.419189 6207.528320
-3525.007812 6220.183105
-3529.597656 6232.846191
-3534.188477 6245.517578
-3538.780518 6258.197266
-3543.349365 6270.902832
-3547.902832 6283.627930
-3552.441162 6296.373047
-3556.964355 6309.138184
-3561.472412 6321.923340
-3565.965332 6334.728027
-3570.443115 6347.552734
-3574.905762 6360.397461
-3579.353027 6373.262207
-3583.785156 6386.146484
-3588.202148 6399.050781
-3592.604004 6411.975098
-3596.990723 6424.919434
-3601.362305 6437.883301
-3605.718506 6450.867188
-3610.059570 6463.871094
-3614.385498 6476.895020
-3618.696289 6489.938477
-3622.991943 6503.001953
-3627.272461 6516.085449
-3631.537598 6529.188965
-3635.787598 6542.312012
-3640.022461 6555.455078
-3644.242188 6568.618164
-3648.446777 6581.801270
-3652.636230 6595.003906
-3656.810547 6608.226562
-3660.969482 6621.469238
-3665.113281 6634.731934
-3669.241943 6648.014160
-3673.355469 6661.316406
-3677.453857 6674.638672
-3681.537109 6687.980957
-3685.604980 6701.342773
-3689.657715 6714.724609
-3693.695312 6728.126465
-3697.717773 6741.548340
-3701.725098 6754.990234
-3705.717285 6768.451660
-3709.694336 6781.933105
-3713.670166 6795.435059
-3717.640137 6808.957031
-3721.604248 6822.499023
-3725.562500 6836.061523
-3729.514893 6849.644043
-3733.461670 6863.247070
-3737.402588 6876.870117
-3741.337646 6890.513184
-3745.266846 6904.176758
-3749.190186 6917.860352
-3753.107666 6931.563965
-3757.019287 6945.288086
-3760.925049 6959.032227
-3764.825195 6972.796875
-3768.719482 6986.581543
-3772.607910 7000.386230
-3776.490479 7014.211426
-3780.367188 7028.056641
-3784.238037 7041.921875
-3788.103027 7055.807617
-3791.962402 7069.713379
-3795.815918 7083.639160
-3799.663574 7097.585449
-3803.505371 7111.551758
-3807.341309 7125.538574
-3811.171387 7139.545410
-3814.995605 7153.572266
-3818.814209 7167.619629
-3822.626953 7181.687012
-3826.433838 7195.774414
-3830.234863 7209.882324
-3834.030029 7224.010254
-3837.819336 7238.158691
-3841.602783 7252.327148
-3845.380615 7266.515625
-3849.152588 7280.724609
-3852.918701 7294.953613
-3856.678955 7309.202637
-3860.433350 7323.472168
-3864.181885 7337.761719
-3867.945312 7352.073242
-3871.716797 7366.406250
-3875.496094 7380.760742
-3879.283447 7395.136719
-3883.078613 7409.534180
-3886.881836 7423.953125
-3890.692871 7438.393555
-3894.511963 7452.855469
-3898.339111 7467.338867
-3902.174072 7481.843750
-3906.017090 7496.370117
-3909.867920 7510.917969
-3913.726807 7525.487305
-3917.593506 7540.078125
-3921.468262 7554.690430
-3925.351074 7569.324219
-3929.241699 7583.979492
-3933.140381 7598.656250
-3937.046875 7613.354492
-3940.961426 7628.074219
-3944.883789 7642.815430
-3948.814209 7657.578125
-3952.752441 7672.362305
-3956.698730 7687.167969
-3960.653076 7701.995117
-3964.615234 7716.843750
-3968.585449 7731.713867
-3972.563477 7746.605469
-3976.549561 7761.518555
-3980.543457 7776.453125
-3984.545410 7791.409180
-3988.555420 7806.386719
-3992.573242 7821.385742
-3996.599121 7836.406250
-4000.632812 7851.448242
-4004.674561 7866.511719
-4008.724121 7881.596680
-4012.781738 7896.703125
-4016.847168 7911.831055
-4020.920654 7926.980469
-4024.993652 7942.143555
-4029.069092 7957.322754
-4033.146973 7972.518555
-4037.227295 7987.730469
-4041.310059 8002.958984
-4045.395264 8018.203613
-4049.482666 8033.464844
-4053.572510 8048.742188
-4057.664795 8064.036133
-4061.759521 8079.346191
-4065.856689 8094.672852
-4069.956299 8110.015625
-4074.058105 8125.375000
-4078.162354 8140.750488
-4082.269043 8156.142578
-4086.378174 8171.550781
-4090.489746 8186.975586
-4094.603760 8202.416992
-4098.720215 8217.874023
-4102.838867 8233.347656
-4106.959961 8248.837891
-4111.083496 8264.344727
-4115.209473 8279.867188
-4119.337891 8295.406250
-4123.468750 8310.961914
-4127.602051 8326.533203
-4131.737793 8342.121094
-4135.875488 8357.725586
-4140.015625 8373.346680
-4144.158203 8388.983398
-4148.303223 8404.636719
-4152.450684 8420.306641
-4156.600586 8435.993164
-4160.752930 8451.695312
-4164.907715 8467.414062
-4169.064941 8483.149414
-4173.224609 8498.901367
-4177.386719 8514.668945
-4181.551270 8530.453125
-4185.717773 8546.253906
-4189.900391 8562.056641
-4194.094238 8577.865234
-4198.299316 8593.680664
-4202.515625 8609.502930
-4206.743164 8625.331055
-4210.981934 8641.166016
-4215.231934 8657.007812
-4219.493164 8672.855469
-4223.765625 8688.709961
-4228.049316 8704.571289
-4232.344727 8720.438477
-4236.651367 8736.312500
-4240.969238 8752.193359
-4245.298340 8768.080078
-4249.638672 8783.973633
-4253.990234 8799.874023
-4258.353027 8815.780273
-4262.727051 8831.693359
-4267.112305 8847.613281
-4271.508789 8863.539062
-4275.916504 8879.471680
-4280.335938 8895.411133
-4284.766602 8911.357422
-4289.208496 8927.309570
-4293.661621 8943.268555
-4298.125977 8959.234375
-4302.601562 8975.206055
-4307.088379 8991.184570
-4311.586426 9007.169922
-4316.095703 9023.161133
-4320.616211 9039.159180
-4325.147949 9055.164062
-4329.691406 9071.174805
-4334.246094 9087.192383
-4338.812012 9103.216797
-4343.389160 9119.247070
-4347.977539 9135.284180
-4352.577148 9151.328125
-4357.187988 9167.377930
-4361.810059 9183.434570
-4366.455078 9199.475586
-4371.119141 9215.507812
-4375.802246 9231.531250
-4380.504395 9247.545898
-4385.225586 9263.552734
-4389.966309 9279.550781
-4394.726074 9295.540039
-4399.504883 9311.521484
-4404.302734 9327.494141
-4409.119629 9343.458008
-4413.955566 9359.413086
-4418.810547 9375.360352
-4423.684570 9391.298828
-4428.577637 9407.228516
-4433.489746 9423.149414
-4438.420898 9439.062500
-4443.371094 9454.966797
-4448.340332 9470.862305
-4453.328613 9486.750000
-4458.335938 9502.628906
-4463.362793 9518.499023
-4468.408691 9534.360352
-4473.473633 9550.213867
-4478.557617 9566.058594
-4483.660645 9581.894531
-4488.782715 9597.721680
-4493.923828 9613.541016
-4499.083984 9629.351562
-4504.263184 9645.153320
-4509.461426 9660.947266
-4514.678711 9676.732422
-4519.915039 9692.508789
-4525.170410 9708.276367
-4530.444824 9724.036133
-4535.738281 9739.787109
-4541.050781 9755.529297
-4546.382812 9771.262695
-4551.733887 9786.988281
-4557.104004 9802.705078
-4562.493164 9818.413086
-4567.891602 9834.142578
-4573.302246 9849.883789
-4578.725586 9865.636719
-4584.161621 9881.400391
-4589.609863 9897.175781
-4595.070801 9912.962891
-4600.544434 9928.761719
-4606.030273 9944.571289
-4611.528809 9960.392578
-4617.040039 9976.225586
-4622.563477 9992.069336
-4628.099609 10007.924805
-4633.648438 10023.791992
-4639.209473 10039.670898
-4644.783203 10055.560547
-4650.369141 10071.461914
-4655.967773 10087.375000
-4661.579102 10103.298828
-4667.202637 10119.234375
-4672.838867 10135.181641
-4678.487793 10151.140625
-4684.148926 10167.110352
-4689.822754 10183.091797
-4695.509277 10199.084961
-4701.208008 10215.089844
-4706.919434 10231.105469
-4712.643555 10247.132812
-4718.379883 10263.171875
-4724.128906 10279.221680
-4729.890625 10295.283203
-4735.664551 10311.356445
-4741.451172 10327.441406
-4747.250488 10343.537109
-4753.062012 10359.644531
-4758.886230 10375.763672
-4764.722656 10391.894531
-4770.571777 10408.036133
-4776.433594 10424.189453
-4782.307617 10440.354492
-4788.194336 10456.530273
-4794.059570 10472.714844
-4799.915039 10488.908203
-4805.760254 10505.111328
-4811.595215 10521.323242
-4817.420410 10537.543945
-4823.235352 10553.774414
-4829.040039 10570.013672
-4834.834473 10586.262695
-4840.619141 10602.520508
-4846.393555 10618.787109
-4852.157715 10635.063477
-4857.912109 10651.348633
-4863.656250 10667.643555
-4869.390137 10683.947266
-4875.114258 10700.260742
-4880.828125 10716.583008
-4886.531738 10732.914062
-4892.225586 10749.254883
-4897.909180 10765.604492
-4903.582520 10781.963867
-4909.246094 10798.332031
-4914.899414 10814.709961
-4920.542480 10831.096680
-4926.175781 10847.492188
-4931.798828 10863.897461
-4937.411621 10880.311523
-4943.014160 10896.735352
-4948.606934 10913.167969
-4954.189453 10929.609375
-4959.761719 10946.060547
-4965.324219 10962.520508
-4970.876465 10978.990234
-4976.418457 10995.468750
-4981.950684 11011.957031
-4987.472656 11028.454102
-4992.984375 11044.959961
-4998.486328 11061.475586
-5003.978027 11078.000000
-5009.459473 11094.534180
-5014.931152 11111.077148
-5020.384277 11127.625000
-5025.821777 11144.178711
-5031.243164 11160.739258
-5036.648926 11177.305664
-5042.039062 11193.877930
-5047.413574 11210.457031
-5052.772461 11227.041992
-5058.115723 11243.633789
-5063.442871 11260.231445
-5068.754395 11276.834961
-5074.050293 11293.445312
-5079.330566 11310.061523
-5084.595215 11326.683594
-5089.844238 11343.312500
-5095.077637 11359.947266
-5100.294922 11376.588867
-5105.496582 11393.236328
-5110.682617 11409.889648
-5115.853027 11426.549805
-5121.007812 11443.215820
-5126.146973 11459.887695
-5131.270020 11476.566406
-5136.377441 11493.250977
-5141.469238 11509.942383
-5146.545410 11526.639648
-5151.605957 11543.342773
-5156.650879 11560.052734
-5161.680176 11576.768555
-5166.693359 11593.490234
-5171.690918 11610.218750
-5176.672852 11626.953125
-5181.639160 11643.694336
-5186.589844 11660.441406
-5191.524902 11677.194336
-5196.443848 11693.954102
-5201.347168 11710.719727
-5206.234863 11727.491211
-5211.106934 11744.269531
-5215.963379 11761.053711
-5220.804199 11777.844727
-5225.650879 11794.671875
-5230.496582 11811.525391
-5235.341309 11828.405273
-5240.185059 11845.311523
-5245.027344 11862.244141
-5249.868652 11879.203125
-5254.708984 11896.188477
-5259.548340 11913.200195
-5264.386230 11930.238281
-5269.223145 11947.302734
-5274.059082 11964.393555
-5278.894043 11981.510742
-5283.727539 11998.654297
-5288.560059 12015.824219
-5293.391602 12033.020508
-5298.222168 12050.243164
-5303.051270 12067.492188
-5307.879395 12084.767578
-5312.706543 12102.070312
-5317.532715 12119.399414
-5322.357422 12136.754883
-5327.181152 12154.136719
-5332.003906 12171.544922
-5336.825684 12188.979492
-5341.645996 12206.440430
-5346.465332 12223.927734
-5351.283691 12241.441406
-5356.101074 12258.981445
-5360.916992 12276.547852
-5365.731934 12294.140625
-5370.545898 12311.759766
-5375.358887 12329.405273
-5380.170410 12347.077148
-5384.980957 12364.775391
-5389.790527 12382.500000
-5394.599121 12400.250977
-5399.406250 12418.028320
-5404.212402 12435.832031
-5409.017578 12453.662109
-5413.821777 12471.518555
-5418.630371 12489.373047
-5423.441895 12507.235352
-5428.256348 12525.105469
-5433.073730 12542.982422
-5437.894043 12560.867188
-5442.717285 12578.759766
-5447.543457 12596.659180
-5452.372559 12614.566406
-5457.204590 12632.481445
-5462.039062 12650.404297
-5466.876465 12668.333984
-5471.716797 12686.271484
-5476.560059 12704.216797
-5481.406250 12722.168945
-5486.255371 12740.128906
-5491.107422 12758.096680
-5495.962402 12776.072266
-5500.820312 12794.054688
-5505.680664 12812.044922
-5510.543945 12830.042969
-5515.410156 12848.047852
-5520.279297 12866.060547
-5525.151367 12884.081055
-5530.026367 12902.108398
-5534.904297 12920.143555
-5539.785156 12938.186523
-5544.668945 12956.237305
-5549.555176 12974.294922
-5554.444336 12992.360352
-5559.336426 13010.433594
-5564.231445 13028.513672
-5569.129395 13046.601562
-5574.030273 13064.697266
-5578.934082 13082.800781
-5583.840820 13100.911133
-5588.750488 13119.029297
-5593.662598 13137.155273
-5598.577637 13155.288086
-5603.495605 13173.428711
-5608.416504 13191.577148
-5613.344727 13209.705078
-5618.278320 13227.822266
-5623.217773 13245.928711
-5628.163086 13264.024414
-5633.113770 13282.109375
-5638.070312 13300.183594
-5643.032715 13318.246094
-5648.000488 13336.297852
-5652.974121 13354.338867
-5657.953613 13372.369141
-5662.938477 13390.388672
-5667.929199 13408.397461
-5672.925781 13426.395508
-5677.927734 13444.381836
-5682.935547 13462.357422
-5687.949219 13480.322266
-5692.968262 13498.276367
-5697.993164 13516.219727
-5703.023926 13534.152344
-5708.060059 13552.074219
-5713.102051 13569.984375
-5718.149902 13587.883789
-5723.203125 13605.772461
-5728.262207 13623.650391
-5733.327148 13641.517578
-5738.397949 13659.374023
-5743.474121 13677.219727
-5748.556152 13695.054688
-5753.644043 13712.877930
-5758.737305 13730.690430
-5763.836426 13748.492188
-5768.941406 13766.283203
-5774.051758 13784.063477
-5779.167969 13801.833008
-5784.290039 13819.591797
-5789.417480 13837.338867
-5794.550781 13855.075195
-5799.689941 13872.800781
-5804.834473 13890.515625
-5809.984863 13908.219727
-5815.156738 13925.914062
-5820.344727 13943.598633
-5825.548828 13961.273438
-5830.769531 13978.938477
-5836.006348 13996.594727
-5841.259277 14014.241211
-5846.528320 14031.877930
-5851.813965 14049.504883
-5857.115723 14067.122070
-5862.433594 14084.729492
-5867.767578 14102.327148
-5873.117676 14119.915039
-5878.484375 14137.493164
-5883.867188 14155.061523
-5889.266113 14172.620117
-5894.681152 14190.168945
-5900.112793 14207.708008
-5905.560547 14225.237305
-5911.024414 14242.756836
-5916.504395 14260.266602
-5922.000977 14277.766602
-5927.513672 14295.256836
-5933.042480 14312.737305
-5938.587402 14330.208008
-5944.148438 14347.668945
-5949.726074 14365.120117
-5955.319824 14382.561523
-5960.929688 14399.993164
-5966.555664 14417.415039
-5972.198242 14434.827148
-5977.856934 14452.229492
-5983.531738 14469.622070
-5989.222656 14487.004883
-5994.929688 14504.377930
-6000.653320 14521.741211
-6006.393066 14539.094727
-6012.148926 14556.438477
-6017.920898 14573.772461
-6023.709473 14591.096680
-6029.514160 14608.411133
-6035.331055 14625.692383
-6041.161621 14642.948242
-6047.005859 14660.179688
-6052.864258 14677.385742
-6058.736328 14694.566406
-6064.622070 14711.721680
-6070.521484 14728.851562
-6076.434570 14745.956055
-6082.361328 14763.035156
-6088.301758 14780.089844
-6094.255859 14797.119141
-6100.223633 14814.123047
-6106.205078 14831.101562
-6112.200195 14848.054688
-6118.208984 14864.982422
-6124.231445 14881.884766
-6130.267578 14898.762695
-6136.317383 14915.615234
-6142.380859 14932.442383
-6148.458008 14949.244141
-6154.548828 14966.020508
-6160.653809 14982.771484
-6166.772461 14999.497070
-6172.904785 15016.198242
-6179.050781 15032.874023
-6185.210449 15049.524414
-6191.383789 15066.149414
-6197.570801 15082.749023
-6203.771484 15099.323242
-6209.985840 15115.872070
-6216.213867 15132.396484
-6222.455566 15148.895508
-6228.710938 15165.369141
-6234.979980 15181.817383
-6241.262695 15198.240234
-6247.559082 15214.637695
-6253.869141 15231.009766
-6260.192871 15247.357422
-6266.530762 15263.679688
-6272.882324 15279.976562
-6279.270996 15296.281250
-6285.689453 15312.583008
-6292.137207 15328.881836
-6298.614746 15345.177734
-6305.121582 15361.470703
-6311.658203 15377.760742
-6318.224121 15394.047852
-6324.819824 15410.332031
-6331.444824 15426.613281
-6338.099609 15442.891602
-6344.784180 15459.166992
-6351.498047 15475.439453
-6358.241699 15491.708984
-6365.014648 15507.975586
-6371.817383 15524.239258
-6378.649414 15540.500000
-6385.511230 15556.757812
-6392.402344 15573.011719
-6399.323242 15589.262695
-6406.273438 15605.510742
-6413.253418 15621.755859
-6420.262695 15637.998047
-6427.301758 15654.237305
-6434.370117 15670.473633
-6441.468262 15686.707031
-6448.595703 15702.937500
-6455.752930 15719.165039
-6462.939453 15735.389648
-6470.155762 15751.611328
-6477.401367 15767.830078
-6484.676758 15784.045898
-6491.981445 15800.258789
-6499.315918 15816.468750
-6506.679688 15832.675781
-6514.073242 15848.879883
-6521.496094 15865.081055
-6528.948730 15881.279297
-6536.431152 15897.474609
-6543.942871 15913.666016
-6551.484375 15929.854492
-6559.057617 15946.006836
-6566.662109 15962.133789
-6574.297852 15978.235352
-6581.964844 15994.311523
-6589.663086 16010.362305
-6597.392578 16026.387695
-6605.153320 16042.387695
-6612.945312 16058.362305
-6620.768555 16074.311523
-6628.623047 16090.235352
-6636.508789 16106.133789
-6644.425781 16122.006836
-6652.374023 16137.854492
-6660.353516 16153.676758
-6668.364258 16169.473633
-6676.405762 16185.245117
-6684.478516 16200.991211
-6692.582520 16216.711914
-6700.717773 16232.407227
-6708.884277 16248.077148
-6717.082031 16263.721680
-6725.311035 16279.340820
-6733.571289 16294.934570
-6741.862793 16310.502930
-6750.185547 16326.045898
-6758.539551 16341.563477
-6766.924805 16357.055664
-6775.341309 16372.522461
-6783.789062 16387.962891
-6792.268066 16403.378906
-6800.778320 16418.769531
-6809.319824 16434.134766
-6817.892578 16449.474609
-6826.496582 16464.789062
-6835.131348 16480.078125
-6843.797363 16495.341797
-6852.494629 16510.580078
-6861.223145 16525.792969
-6869.982910 16540.980469
-6878.773926 16556.142578
-6887.583496 16571.289062
-6896.415527 16586.417969
-6905.270020 16601.527344
-6914.146973 16616.619141
-6923.046387 16631.691406
-6931.968262 16646.746094
-6940.913086 16661.781250
-6949.880371 16676.798828
-6958.870117 16691.796875
-6967.882324 16706.777344
-6976.916992 16721.738281
-6985.974609 16736.681641
-6995.054688 16751.605469
-7004.157227 16766.511719
-7013.282227 16781.398438
-7022.429688 16796.267578
-7031.599609 16811.119141
-7040.792480 16825.951172
-7050.007812 16840.765625
-7059.245605 16855.560547
-7068.505859 16870.337891
-7077.788574 16885.095703
-7087.094238 16899.835938
-7096.422363 16914.556641
-7105.772949 16929.259766
-7115.145996 16943.943359
-7124.541504 16958.609375
-7133.959473 16973.255859
-7143.400391 16987.884766
-7152.863770 17002.494141
-7162.349609 17017.085938
-7171.857910 17031.658203
-7181.388672 17046.212891
-7190.942383 17060.748047
-7200.518555 17075.265625
-7210.117188 17089.765625
-7219.738281 17104.246094
-7229.381836 17118.708984
-7239.047852 17133.152344
-7248.736816 17147.578125
-7258.445801 17162.001953
-7268.175781 17176.417969
-7277.926758 17190.826172
-7287.698730 17205.226562
-7297.491699 17219.619141
-7307.305664 17234.003906
-7317.140625 17248.380859
-7326.996582 17262.750000
-7336.873535 17277.111328
-7346.771484 17291.464844
-7356.690430 17305.810547
-7366.630371 17320.148438
-7376.591309 17334.480469
-7386.573242 17348.804688
-7396.576172 17363.121094
-7406.600098 17377.429688
-7416.645020 17391.730469
-7426.710938 17406.023438
-7436.797852 17420.308594
-7446.905762 17434.585938
-7457.034668 17448.855469
-7467.184570 17463.117188
-7477.355469 17477.371094
-7487.547363 17491.617188
-7497.760254 17505.857422
-7507.994141 17520.089844
-7518.249023 17534.314453
-7528.524902 17548.531250
-7538.821777 17562.740234
-7549.139648 17576.941406
-7559.478516 17591.134766
-7569.838379 17605.320312
-7580.219238 17619.498047
-7590.621094 17633.667969
-7601.043945 17647.830078
-7611.487793 17661.984375
-7621.952637 17676.132812
-7632.438477 17690.273438
-7642.945312 17704.406250
-7653.473145 17718.531250
-7664.017090 17732.654297
-7674.578125 17746.773438
-7685.156738 17760.888672
-7695.752930 17775.000000
-7706.366699 17789.109375
-7716.998047 17803.214844
-7727.646973 17817.316406
-7738.312988 17831.414062
-7748.996582 17845.507812
-7759.697754 17859.597656
-7770.416504 17873.685547
-7781.152832 17887.769531
-7791.906738 17901.849609
-7802.678223 17915.925781
-7813.466797 17929.998047
-7824.272949 17944.068359
-7835.096680 17958.134766
-7845.937988 17972.197266
-7856.796875 17986.255859
-7867.673340 18000.310547
-7878.566895 18014.361328
-7889.478027 18028.410156
-7900.406738 18042.455078
-7911.353027 18056.496094
-7922.316895 18070.533203
-7933.298340 18084.566406
-7944.296875 18098.595703
-7955.312988 18112.623047
-7966.346680 18126.646484
-7977.397949 18140.666016
-7988.466797 18154.681641
-7999.553223 18168.693359
-8010.656738 18182.701172
-8021.777832 18196.707031
-8032.916504 18210.708984
-8044.072754 18224.707031
-8055.246582 18238.701172
-8066.437988 18252.691406
-8077.646973 18266.677734
-8088.873047 18280.662109
-8100.111816 18294.634766
-8111.365234 18308.599609
-8122.632812 18322.556641
-8133.914551 18336.505859
-8145.210938 18350.445312
-8156.521484 18364.376953
-8167.846191 18378.300781
-8179.185059 18392.216797
-8190.538574 18406.123047
-8201.906250 18420.021484
-8213.288086 18433.912109
-8224.684570 18447.794922
-8236.094727 18461.669922
-8247.519531 18475.535156
-8258.958984 18489.392578
-8270.412109 18503.242188
-8281.879883 18517.083984
-8293.362305 18530.917969
-8304.858398 18544.742188
-8316.369141 18558.558594
-8327.894531 18572.367188
-8339.433594 18586.167969
-8350.987305 18599.960938
-8362.554688 18613.744141
-8374.136719 18627.519531
-8385.733398 18641.287109
-8397.343750 18655.046875
-8408.968750 18668.796875
-8420.608398 18682.539062
-8432.261719 18696.273438
-8443.929688 18710.000000
-8455.612305 18723.718750
-8467.308594 18737.427734
-8479.019531 18751.128906
-8490.745117 18764.822266
-8502.484375 18778.507812
-8514.238281 18792.185547
-8526.005859 18805.853516
-8537.788086 18819.513672
-8549.584961 18833.166016
-8561.299805 18846.816406
-8572.963867 18860.464844
-8584.578125 18874.109375
-8596.142578 18887.750000
-8607.657227 18901.388672
-8619.121094 18915.023438
-8630.535156 18928.654297
-8641.899414 18942.283203
-8653.213867 18955.908203
-8664.478516 18969.529297
-8675.692383 18983.146484
-8686.856445 18996.761719
-8697.970703 19010.373047
-8709.035156 19023.980469
-8720.048828 19037.585938
-8731.012695 19051.187500
-8741.926758 19064.785156
-8752.791016 19078.380859
-8763.605469 19091.972656
-8774.369141 19105.560547
-8785.083008 19119.144531
-8795.747070 19132.726562
-8806.361328 19146.304688
-8816.924805 19159.878906
-8827.438477 19173.451172
-8837.902344 19187.019531
-8848.316406 19200.583984
-8858.680664 19214.146484
-8868.994141 19227.705078
-8879.257812 19241.259766
-8889.471680 19254.810547
-8899.635742 19268.359375
-8909.749023 19281.904297
-8919.812500 19295.445312
-8929.826172 19308.984375
-8939.790039 19322.519531
-8949.703125 19336.050781
-8959.566406 19349.578125
-8969.379883 19363.103516
-8979.143555 19376.625000
-8988.823242 19390.123047
-8998.429688 19403.603516
-9007.963867 19417.068359
-9017.425781 19430.515625
-9026.814453 19443.945312
-9036.130859 19457.359375
-9045.374023 19470.755859
-9054.544922 19484.134766
-9063.642578 19497.498047
-9072.667969 19510.843750
-9081.621094 19524.171875
-9090.500977 19537.484375
-9099.308594 19550.779297
-9108.042969 19564.056641
-9116.705078 19577.318359
-9125.294922 19590.562500
-9133.811523 19603.789062
-9142.255859 19617.000000
-9150.626953 19630.193359
-9158.925781 19643.369141
-9167.151367 19656.529297
-9175.304688 19669.671875
-9183.385742 19682.796875
-9191.393555 19695.906250
-9199.329102 19708.998047
-9207.191406 19722.072266
-9214.981445 19735.130859
-9222.698242 19748.171875
-9230.342773 19761.195312
-9237.915039 19774.203125
-9245.414062 19787.193359
-9252.840820 19800.166016
-9260.194336 19813.123047
-9267.475586 19826.062500
-9274.684570 19838.984375
-9281.820312 19851.890625
-9288.883789 19864.779297
-9295.874023 19877.650391
-9302.791992 19890.505859
-9309.636719 19903.343750
-9316.405273 19916.189453
-9323.099609 19929.037109
-9329.718750 19941.884766
-9336.262695 19954.732422
-9342.731445 19967.580078
-9349.125000 19980.427734
-9355.444336 19993.275391
-9361.688477 20006.123047
-9367.857422 20018.970703
-9373.951172 20031.818359
-9379.969727 20044.666016
-9385.914062 20057.515625
-9391.783203 20070.365234
-9397.577148 20083.214844
-9403.295898 20096.064453
-9408.939453 20108.914062
-9414.508789 20121.763672
-9420.002930 20134.613281
-9425.421875 20147.462891
-9430.765625 20160.312500
-9436.034180 20173.164062
-9441.228516 20186.015625
-9446.347656 20198.867188
-9451.391602 20211.718750
-9456.360352 20224.570312
-9461.253906 20237.421875
-9466.073242 20250.273438
-9470.817383 20263.125000
-9475.486328 20275.976562
-9480.080078 20288.828125
-9484.598633 20301.681641
-9489.042969 20314.535156
-9493.412109 20327.388672
-9497.706055 20340.242188
-9501.924805 20353.095703
-9506.068359 20365.949219
-9510.137695 20378.802734
-9514.131836 20391.656250
-9518.050781 20404.509766
-9521.894531 20417.363281
-9525.709961 20430.185547
-9529.481445 20442.986328
-9533.208984 20455.765625
-9536.891602 20468.521484
-9540.530273 20481.255859
-9544.125000 20493.968750
-9547.675781 20506.660156
-9551.182617 20519.330078
-9554.645508 20531.978516
-9558.064453 20544.605469
-9561.438477 20557.210938
-9564.768555 20569.794922
-9568.054688 20582.357422
-9571.296875 20594.896484
-9574.495117 20607.414062
-9577.649414 20619.910156
-9580.758789 20632.384766
-9583.824219 20644.837891
-9586.845703 20657.269531
-9589.823242 20669.679688
-9592.756836 20682.068359
-9595.646484 20694.435547
-9598.491211 20706.781250
-9601.291992 20719.105469
-9604.048828 20731.406250
-9606.761719 20743.685547
-9609.430664 20755.943359
-9612.055664 20768.179688
-9614.636719 20780.394531
-9617.172852 20792.587891
-9619.665039 20804.759766
-9622.113281 20816.910156
-9624.517578 20829.039062
-9626.877930 20841.146484
-9629.194336 20853.230469
-9631.465820 20865.292969
-9633.693359 20877.333984
-9635.876953 20889.353516
-9638.016602 20901.351562
-9640.112305 20913.328125
-9642.194336 20925.279297
-9644.252930 20937.205078
-9646.287109 20949.105469
-9648.297852 20960.982422
-9650.285156 20972.833984
-9652.249023 20984.662109
-9654.189453 20996.464844
-9656.105469 21008.244141
-9657.998047 21019.998047
-9659.867188 21031.726562
-9661.712891 21043.431641
-9663.534180 21055.111328
-9665.332031 21066.767578
-9667.106445 21078.398438
-9668.857422 21090.003906
-9670.583984 21101.585938
-9672.287109 21113.142578
-9673.966797 21124.675781
-9675.623047 21136.183594
-9677.254883 21147.667969
-9678.863281 21159.126953
-9680.448242 21170.560547
-9682.009766 21181.970703
-9683.546875 21193.355469
-9685.060547 21204.716797
-9686.550781 21216.052734
-9688.017578 21227.363281
-9689.459961 21238.650391
-9690.878906 21249.912109
-9692.274414 21261.150391
-9693.646484 21272.363281
-9694.994141 21283.552734
-9696.318359 21294.716797
-9697.619141 21305.855469
-9698.896484 21316.970703
-9700.149414 21328.060547
-9701.378906 21339.126953
-9702.584961 21350.167969
-9703.767578 21361.183594
-9704.925781 21372.175781
-9706.050781 21383.169922
-9707.145508 21394.158203
-9708.209961 21405.140625
-9709.244141 21416.117188
-9710.248047 21427.085938
-9711.221680 21438.048828
-9712.165039 21449.005859
-9713.078125 21459.957031
-9713.960938 21470.900391
-9714.813477 21481.837891
-9715.635742 21492.769531
-9716.427734 21503.695312
-9717.189453 21514.613281
-9717.920898 21525.525391
-9718.622070 21536.431641
-9719.292969 21547.332031
-9719.933594 21558.226562
-9720.543945 21569.113281
-9721.124023 21579.994141
-9721.673828 21590.869141
-9722.193359 21601.738281
-9722.682617 21612.599609
-9723.140625 21623.455078
-9723.568359 21634.304688
-9723.965820 21645.148438
-9724.333008 21655.984375
-9724.669922 21666.814453
-9724.976562 21677.638672
-9725.252930 21688.457031
-9725.499023 21699.267578
-9725.714844 21710.072266
-9725.900391 21720.871094
-9726.055664 21731.664062
-9726.180664 21742.449219
-9726.275391 21753.228516
-9726.339844 21764.001953
-9726.374023 21774.769531
-9726.377930 21785.531250
-9726.351562 21796.285156
-9726.294922 21807.033203
-9726.208008 21817.775391
-9726.090820 21828.513672
-9725.943359 21839.246094
-9725.765625 21849.972656
-9725.557617 21860.693359
-9725.319336 21871.410156
-9725.050781 21882.121094
-9724.751953 21892.826172
-9724.422852 21903.525391
-9724.063477 21914.218750
-9723.673828 21924.908203
-9723.253906 21935.591797
-9722.803711 21946.269531
-9722.323242 21956.941406
-9721.812500 21967.607422
-9721.271484 21978.269531
-9720.700195 21988.925781
-9720.098633 21999.576172
-9719.466797 22010.220703
-9718.805664 22020.859375
-9718.114258 22031.494141
-9717.392578 22042.123047
-9716.640625 22052.746094
-9715.858398 22063.363281
-9715.045898 22073.976562
-9714.203125 22084.583984
-9713.330078 22095.185547
-9712.426758 22105.781250
-9711.493164 22116.371094
-9710.529297 22126.957031
-9709.535156 22137.537109
-9708.510742 22148.111328
-9707.456055 22158.679688
-9706.371094 22169.242188
-9705.255859 22179.800781
-9704.110352 22190.353516
-9702.934570 22200.900391
-9701.728516 22211.441406
-9700.492188 22221.976562
-9699.225586 22232.507812
-9697.928711 22243.025391
-9696.600586 22253.533203
-9695.242188 22264.031250
-9693.853516 22274.519531
-9692.433594 22284.998047
-9690.983398 22295.466797
-9689.502930 22305.925781
-9687.992188 22316.373047
-9686.450195 22326.810547
-9684.877930 22337.238281
-9683.275391 22347.656250
-9681.641602 22358.064453
-9679.977539 22368.462891
-9678.283203 22378.851562
-9676.558594 22389.228516
-9674.802734 22399.595703
-9673.016602 22409.953125
-9671.200195 22420.300781
-9669.352539 22430.638672
-9667.474609 22440.966797
-9665.566406 22451.285156
-9663.627930 22461.593750
-9661.658203 22471.890625
-9659.658203 22482.177734
-9657.627930 22492.455078
-9655.566406 22502.722656
-9653.474609 22512.980469
-9651.352539 22523.228516
-9649.200195 22533.466797
-9647.016602 22543.695312
-9644.802734 22553.912109
-9642.558594 22564.119141
-9640.283203 22574.316406
-9637.977539 22584.503906
-9635.641602 22594.681641
-9633.275391 22604.849609
-9630.877930 22615.007812
-9628.450195 22625.154297
-9625.992188 22635.291016
-9623.503906 22645.417969
-9621.011719 22655.544922
-9618.506836 22665.666016
-9615.989258 22675.783203
-9613.458984 22685.896484
-9610.916016 22696.005859
-9608.360352 22706.111328
-9605.791992 22716.212891
-9603.210938 22726.310547
-9600.618164 22736.404297
-9598.012695 22746.494141
-9595.394531 22756.580078
-9592.763672 22766.662109
-9590.120117 22776.738281
-9587.463867 22786.810547
-9584.794922 22796.878906
-9582.113281 22806.943359
-9579.418945 22817.003906
-9576.711914 22827.060547
-9573.993164 22837.113281
-9571.261719 22847.162109
-9568.517578 22857.207031
-9565.760742 22867.248047
-9562.991211 22877.283203
-9560.208984 22887.314453
-9557.414062 22897.341797
-9554.606445 22907.365234
-9551.786133 22917.384766
-9548.953125 22927.400391
-9546.108398 22937.412109
-9543.250977 22947.419922
-9540.380859 22957.423828
-9537.498047 22967.423828
-9534.602539 22977.417969
-9531.694336 22987.408203
-9528.773438 22997.394531
-9525.839844 23007.376953
-9522.893555 23017.355469
-9519.934570 23027.330078
-9516.963867 23037.300781
-9513.980469 23047.267578
-9510.980469 23057.230469
-9507.965820 23067.191406
-9504.935547 23077.148438
-9501.890625 23087.103516
-9498.831055 23097.054688
-9495.755859 23107.003906
-9492.666016 23116.949219
-9489.561523 23126.892578
-9486.441406 23136.832031
-9483.306641 23146.769531
-9480.157227 23156.703125
-9476.992188 23166.634766
-9473.812500 23176.562500
-9470.618164 23186.488281
-9467.408203 23196.410156
-9464.183594 23206.328125
-9460.944336 23216.244141
-9457.689453 23226.156250
-9454.419922 23236.066406
-9451.135742 23245.972656
-9447.835938 23255.876953
-9444.521484 23265.777344
-9441.192383 23275.675781
-9437.847656 23285.570312
-9434.488281 23295.462891
-9431.114258 23305.351562
-9427.724609 23315.238281
-9424.320312 23325.121094
-9420.901367 23335.000000
-9417.466797 23344.876953
-9414.017578 23354.750000
-9410.553711 23364.621094
-9407.074219 23374.488281
-9403.580078 23384.353516
-9400.071289 23394.214844
-9396.546875 23404.074219
-9393.007812 23413.929688
-9389.454102 23423.783203
-9385.884766 23433.632812
-9382.300781 23443.480469
-9378.705078 23453.330078
-9375.096680 23463.179688
-9371.475586 23473.029297
-9367.841797 23482.878906
-9364.195312 23492.730469
-9360.536133 23502.582031
-9356.865234 23512.433594
-9353.181641 23522.285156
-9349.485352 23532.136719
-9345.776367 23541.990234
-9342.054688 23551.843750
-9338.320312 23561.697266
-9334.573242 23571.550781
-9330.813477 23581.404297
-9327.041016 23591.259766
-9323.255859 23601.115234
-9319.458008 23610.970703
-9315.647461 23620.826172
-9311.824219 23630.683594
-9307.988281 23640.541016
-9304.139648 23650.398438
-9300.278320 23660.255859
-9296.404297 23670.113281
-9292.517578 23679.972656
-9288.618164 23689.832031
-9284.706055 23699.691406
-9280.781250 23709.550781
-9276.844727 23719.412109
-9272.895508 23729.273438
-9268.933594 23739.134766
-9264.958984 23748.996094
-9260.971680 23758.857422
-9256.971680 23768.720703
-9252.958984 23778.583984
-9248.933594 23788.447266
-9244.895508 23798.310547
-9240.844727 23808.173828
-9236.781250 23818.039062
-9232.705078 23827.904297
-9228.616211 23837.769531
-9224.516602 23847.630859
-9220.406250 23857.490234
-9216.284180 23867.347656
-9212.151367 23877.203125
-9208.006836 23887.054688
-9203.850586 23896.904297
-9199.683594 23906.751953
-9195.504883 23916.597656
-9191.315430 23926.441406
-9187.114258 23936.281250
-9182.902344 23946.119141
-9178.678711 23955.955078
-9174.444336 23965.789062
-9170.198242 23975.621094
-9165.941406 23985.449219
-9161.672852 23995.275391
-9157.392578 24005.099609
-9153.101562 24014.921875
-9148.798828 24024.742188
-9144.485352 24034.558594
-9140.160156 24044.373047
-9135.824219 24054.185547
-9131.476562 24063.996094
-9127.118164 24073.804688
-9122.748047 24083.609375
-9118.367188 24093.412109
-9113.974609 24103.212891
-9109.570312 24113.011719
-9105.155273 24122.808594
-9100.728516 24132.601562
-9096.291016 24142.392578
-9091.841797 24152.181641
-9087.381836 24161.968750
-9082.910156 24171.753906
-9078.427734 24181.535156
-9073.933594 24191.314453
-9069.428711 24201.091797
-9064.912109 24210.867188
-9060.383789 24220.640625
-9055.844727 24230.410156
-9051.309570 24240.179688
-9046.773438 24249.949219
-9042.236328 24259.716797
-9037.698242 24269.484375
-9033.159180 24279.251953
-9028.619141 24289.017578
-9024.078125 24298.783203
-9019.536133 24308.546875
-9014.993164 24318.310547
-9010.450195 24328.072266
-9005.906250 24337.833984
-9001.361328 24347.593750
-8996.815430 24357.353516
-8992.268555 24367.113281
-8987.720703 24376.871094
-8983.171875 24386.628906
-8978.622070 24396.384766
-8974.071289 24406.140625
-8969.519531 24415.894531
-8964.966797 24425.648438
-8960.413086 24435.402344
-8955.858398 24445.154297
-8951.302734 24454.906250
-8946.746094 24464.656250
-8942.188477 24474.406250
-8937.629883 24484.154297
-8933.070312 24493.902344
-8928.509766 24503.650391
-8923.948242 24513.396484
-8919.385742 24523.142578
-8914.822266 24532.886719
-8910.257812 24542.630859
-8905.692383 24552.373047
-8901.125977 24562.115234
-8896.558594 24571.855469
-8891.990234 24581.595703
-8887.420898 24591.335938
-8882.850586 24601.074219
-8878.279297 24610.812500
-8873.707031 24620.548828
-8869.148438 24630.281250
-8864.598633 24640.009766
-8860.056641 24649.734375
-8855.523438 24659.457031
-8850.999023 24669.175781
-8846.483398 24678.890625
-8841.975586 24688.601562
-8837.476562 24698.310547
-8832.986328 24708.015625
-8828.503906 24717.716797
-8824.030273 24727.414062
-8819.565430 24737.109375
-8815.109375 24746.800781
-8810.661133 24756.488281
-8806.221680 24766.173828
-8801.791016 24775.855469
-8797.369141 24785.533203
-8792.955078 24795.207031
-8788.549805 24804.878906
-8784.153320 24814.546875
-8779.765625 24824.210938
-8775.385742 24833.871094
-8771.014648 24843.529297
-8766.652344 24853.183594
-8762.297852 24862.833984
-8757.952148 24872.480469
-8753.615234 24882.125000
-8749.287109 24891.765625
-8744.966797 24901.402344
-8740.655273 24911.035156
-8736.352539 24920.666016
-8732.058594 24930.292969
-8727.772461 24939.916016
-8723.495117 24949.535156
-8719.226562 24959.152344
-8714.965820 24968.765625
-8710.713867 24978.375000
-8706.470703 24987.980469
-8702.236328 24997.583984
-8698.009766 25007.183594
-8693.788086 25016.769531
-8689.572266 25026.347656
-8685.362305 25035.916016
-8681.158203 25045.474609
-8676.959961 25055.023438
-8672.766602 25064.562500
-8668.579102 25074.091797
-8664.397461 25083.611328
-8660.221680 25093.121094
-8656.051758 25102.621094
-8651.887695 25112.111328
-8647.729492 25121.591797
-8643.577148 25131.062500
-8639.430664 25140.523438
-8635.290039 25149.974609
-8631.155273 25159.417969
-8627.025391 25168.851562
-8622.901367 25178.275391
-8618.783203 25187.689453
-8614.670898 25197.093750
-8610.564453 25206.488281
-8606.463867 25215.873047
-8602.369141 25225.248047
-8598.280273 25234.613281
-8594.197266 25243.968750
-8590.120117 25253.314453
-8586.048828 25262.650391
-8581.983398 25271.976562
-8577.922852 25281.294922
-8573.868164 25290.603516
-8569.819336 25299.902344
-8565.776367 25309.191406
-8561.739258 25318.470703
-8557.708008 25327.740234
-8553.682617 25337.000000
-8549.663086 25346.250000
-8545.649414 25355.490234
-8541.641602 25364.720703
-8537.639648 25373.941406
-8533.642578 25383.152344
-8529.657227 25392.359375
-8525.680664 25401.558594
-8521.713867 25410.751953
-8517.756836 25419.937500
-8513.808594 25429.117188
-8509.870117 25438.291016
-8505.940430 25447.457031
-8502.020508 25456.617188
-8498.109375 25465.769531
-8494.208008 25474.916016
-8490.316406 25484.054688
-8486.433594 25493.187500
-8482.560547 25502.314453
-8478.696289 25511.433594
-8474.841797 25520.546875
-8470.997070 25529.652344
-8467.161133 25538.751953
-8463.334961 25547.845703
-8459.517578 25556.931641
-8455.709961 25566.011719
-8451.911133 25575.083984
-8448.122070 25584.150391
-8444.342773 25593.208984
-8440.572266 25602.261719
-8436.811523 25611.308594
-8433.059570 25620.347656
-8429.317383 25629.380859
-8425.583984 25638.406250
-8421.860352 25647.425781
-8418.146484 25656.439453
-8414.441406 25665.445312
-8410.746094 25674.445312
-8407.059570 25683.437500
-8403.382812 25692.423828
-8399.714844 25701.402344
-8396.056641 25710.375000
-8392.408203 25719.341797
-8388.768555 25728.300781
-8385.138672 25737.253906
-8381.517578 25746.199219
-8377.910156 25755.132812
-8374.314453 25764.056641
-8370.730469 25772.970703
-8367.158203 25781.875000
-8363.597656 25790.769531
-8360.048828 25799.654297
-8356.511719 25808.529297
-8352.986328 25817.394531
-8349.472656 25826.250000
-8345.970703 25835.095703
-8342.480469 25843.931641
-8339.001953 25852.757812
-8335.535156 25861.574219
-8332.080078 25870.380859
-8328.636719 25879.177734
-8325.205078 25887.964844
-8321.786133 25896.742188
-8318.378906 25905.509766
-8314.983398 25914.265625
-8311.599609 25923.011719
-8308.227539 25931.748047
-8304.867188 25940.474609
-8301.518555 25949.191406
-8298.181641 25957.898438
-8294.856445 25966.595703
-8291.542969 25975.283203
-8288.241211 25983.960938
-8284.951172 25992.628906
-8281.672852 26001.287109
-8278.406250 26009.935547
-8275.151367 26018.574219
-8271.908203 26027.203125
-8268.676758 26035.822266
-8265.458008 26044.431641
-8262.250977 26053.031250
-8259.055664 26061.621094
-8255.872070 26070.199219
-8252.700195 26078.767578
-8249.540039 26087.326172
-8246.391602 26095.875000
-8243.253906 26104.427734
-8240.126953 26112.980469
-8237.011719 26121.531250
-8233.907227 26130.082031
-8230.814453 26138.630859
-8227.732422 26147.179688
-8224.662109 26155.728516
-8221.602539 26164.275391
-8218.554688 26172.822266
-8215.517578 26181.367188
-8212.491211 26189.912109
-8209.476562 26198.457031
-8206.472656 26207.000000
-8203.480469 26215.542969
-8200.499023 26224.083984
-8197.529297 26232.625000
-8194.570312 26241.164062
-8191.622559 26249.703125
-8188.686035 26258.242188
-8185.760742 26266.779297
-8182.846680 26275.316406
-8179.943848 26283.851562
-8177.051758 26292.386719
-8174.170898 26300.919922
-8171.301270 26309.453125
-8168.442871 26317.986328
-8165.595703 26326.517578
-8162.759766 26335.048828
-8159.935059 26343.578125
-8157.121582 26352.107422
-8154.319336 26360.636719
-8151.527832 26369.164062
-8148.747559 26377.691406
-8145.978516 26386.216797
-8143.220703 26394.742188
-8140.474121 26403.265625
-8137.738770 26411.789062
-8135.014648 26420.312500
-8132.301758 26428.833984
-8129.600098 26437.355469
-8126.893555 26445.857422
-8124.187988 26454.347656
-8121.483398 26462.824219
-8118.779297 26471.289062
-8116.076172 26479.742188
-8113.373535 26488.181641
-8110.671875 26496.609375
-8107.971191 26505.023438
-8105.270996 26513.425781
-8102.571777 26521.814453
-8099.873047 26530.191406
-8097.175293 26538.554688
-8094.478516 26546.906250
-8091.782227 26555.246094
-8089.086914 26563.572266
-8086.392090 26571.886719
-8083.698242 26580.187500
-8081.004883 26588.476562
-8078.312500 26596.751953
-8075.621094 26605.015625
-8072.930176 26613.265625
-8070.240234 26621.503906
-8067.550781 26629.730469
-8064.862305 26637.943359
-8062.174805 26646.144531
-8059.487793 26654.332031
-8056.801758 26662.507812
-8054.116211 26670.669922
-8051.431641 26678.820312
-8048.747559 26686.958984
-8046.064453 26695.083984
-8043.382324 26703.197266
-8040.700684 26711.296875
-8038.020020 26719.384766
-8035.339844 26727.458984
-8032.660645 26735.521484
-8029.982422 26743.570312
-8027.304688 26751.607422
-8024.627930 26759.632812
-8021.951660 26767.644531
-8019.293457 26775.650391
-8016.646973 26783.648438
-8014.012695 26791.636719
-8011.390625 26799.617188
-8008.780762 26807.589844
-8006.182617 26815.552734
-8003.596680 26823.507812
-8001.022949 26831.455078
-7998.461426 26839.394531
-7995.911621 26847.324219
-7993.374023 26855.246094
-7990.848633 26863.160156
-7988.334961 26871.064453
-7985.833496 26878.960938
-7983.344238 26886.849609
-7980.867188 26894.728516
-7978.401855 26902.599609
-7975.948730 26910.462891
-7973.507812 26918.318359
-7971.079102 26926.164062
-7968.662109 26934.001953
-7966.257324 26941.832031
-7963.864746 26949.652344
-7961.483887 26957.464844
-7959.115234 26965.269531
-7956.758789 26973.064453
-7954.414551 26980.851562
-7952.082031 26988.630859
-7949.761719 26996.402344
-7947.453613 27004.164062
-7945.157715 27011.917969
-7942.873535 27019.664062
-7940.601562 27027.400391
-7938.341797 27035.128906
-7936.093750 27042.849609
-7933.857910 27050.560547
-7931.634277 27058.263672
-7929.422852 27065.958984
-7927.223145 27073.644531
-7925.035645 27081.322266
-7922.843262 27089.005859
-7920.651855 27096.689453
-7918.460938 27104.373047
-7916.270996 27112.056641
-7914.081543 27119.742188
-7911.893066 27127.427734
-7909.705078 27135.113281
-7907.518066 27142.798828
-7905.331543 27150.486328
-7903.145996 27158.173828
-7900.960938 27165.861328
-7898.776855 27173.548828
-7896.593262 27181.238281
-7894.410645 27188.927734
-7892.229004 27196.617188
-7890.047852 27204.306641
-7887.867676 27211.998047
-7885.687988 27219.689453
-7883.509277 27227.380859
-7881.331055 27235.072266
-7879.153809 27242.765625
-7876.977051 27250.458984
-7874.801270 27258.152344
-7872.625977 27265.845703
-7870.451660 27273.541016
-7868.277832 27281.236328
-7866.104980 27288.931641
-7863.933105 27296.626953
-7861.761719 27304.324219
-7859.591309 27312.021484
-7857.421387 27319.718750
-7855.252441 27327.416016
-7853.083984 27335.113281
-7850.916504 27342.812500
-7848.749512 27350.511719
-7846.583496 27358.210938
-7844.417969 27365.910156
-7842.253418 27373.611328
-7840.089355 27381.312500
-7837.926270 27389.013672
-7835.770508 27396.701172
-7833.620117 27404.380859
-7831.475098 27412.050781
-7829.335449 27419.712891
-7827.201172 27427.365234
-7825.071777 27435.009766
-7822.947754 27442.644531
-7820.829102 27450.271484
-7818.715820 27457.888672
-7816.607910 27465.498047
-7814.504883 27473.097656
-7812.407227 27480.689453
-7810.314941 27488.271484
-7808.228027 27495.845703
-7806.146484 27503.410156
-7804.069824 27510.966797
-7801.998535 27518.513672
-7799.932617 27526.050781
-7797.872070 27533.580078
-7795.816895 27541.099609
-7793.766602 27548.611328
-7791.721680 27556.113281
-7789.682129 27563.607422
-7787.647949 27571.091797
-7785.619141 27578.568359
-7783.595215 27586.035156
-7781.576660 27593.494141
-7779.563477 27600.943359
-7777.555664 27608.384766
-7775.553223 27615.816406
-7773.555664 27623.240234
-7771.563477 27630.654297
-7769.576660 27638.060547
-7767.595215 27645.457031
-7765.619141 27652.845703
-7763.648438 27660.224609
-7761.682617 27667.595703
-7759.722168 27674.957031
-7757.767090 27682.310547
-7755.817383 27689.654297
-7753.876465 27696.984375
-7751.943359 27704.300781
-7750.018066 27711.603516
-7748.100586 27718.894531
-7746.190918 27726.171875
-7744.289062 27733.437500
-7742.395020 27740.689453
-7740.508789 27747.929688
-7738.630371 27755.156250
-7736.759766 27762.371094
-7734.896484 27769.572266
-7733.041016 27776.759766
-7731.193359 27783.935547
-7729.353516 27791.097656
-7727.521484 27798.248047
-7725.697266 27805.384766
-7723.880859 27812.509766
-7722.072266 27819.621094
-7720.271484 27826.720703
-7718.478516 27833.806641
-7716.693359 27840.878906
-7714.916016 27847.939453
-7713.146484 27854.986328
-7711.384277 27862.021484
-7709.629883 27869.042969
-7707.883301 27876.052734
-7706.144531 27883.048828
-7704.413574 27890.033203
-7702.690430 27897.003906
-7700.975098 27903.960938
-7699.267578 27910.906250
-7697.567871 27917.837891
-7695.875977 27924.757812
-7694.191895 27931.664062
-7692.515625 27938.558594
-7690.847168 27945.439453
-7689.186035 27952.308594
-7687.532715 27959.164062
-7685.887207 27966.005859
-7684.249512 27972.835938
-7682.625977 27979.662109
-7681.014160 27986.480469
-7679.414551 27993.292969
-7677.826660 28000.097656
-7676.250977 28006.894531
-7674.687012 28013.685547
-7673.135254 28020.468750
-7671.595215 28027.246094
-7670.067383 28034.015625
-7668.551270 28040.777344
-7667.047363 28047.533203
-7665.555176 28054.281250
-7664.075195 28061.021484
-7662.606934 28067.755859
-7661.150879 28074.482422
-7659.706543 28081.203125
-7658.274414 28087.916016
-7656.854004 28094.621094
-7655.445312 28101.320312
-7654.048828 28108.011719
-7652.664062 28114.697266
-7651.291504 28121.375000
-7649.930664 28128.044922
-7648.582031 28134.708984
-7647.245117 28141.365234
-7645.920410 28148.015625
-7644.607422 28154.658203
-7643.306641 28161.292969
-7642.017578 28167.921875
-7640.740723 28174.542969
-7639.475586 28181.156250
-7638.222656 28187.763672
-7636.981445 28194.363281
-7635.752441 28200.957031
-7634.535156 28207.542969
-7633.330078 28214.121094
-7632.136719 28220.693359
-7630.955078 28227.257812
-7629.785645 28233.816406
-7628.627930 28240.367188
-7627.489258 28246.900391
-7626.366699 28253.419922
-7625.260742 28259.923828
-7624.170898 28266.414062
-7623.097656 28272.890625
-7622.041016 28279.351562
-7621.000488 28285.798828
-7619.976562 28292.232422
-7618.968750 28298.652344
-7617.977539 28305.056641
-7617.002441 28311.447266
-7616.043945 28317.824219
-7615.102051 28324.185547
-7614.176270 28330.533203
-7613.267090 28336.867188
-7612.374023 28343.187500
-7611.497559 28349.492188
-7610.637695 28355.783203
-7609.793945 28362.060547
-7608.966797 28368.324219
-7608.155762 28374.572266
-7607.361328 28380.806641
-7606.583008 28387.027344
-7605.821289 28393.232422
-7605.076172 28399.423828
-7604.347168 28405.601562
-7603.634766 28411.765625
-7602.938477 28417.914062
-7602.258789 28424.048828
-7601.595703 28430.169922
-7600.948730 28436.275391
-7600.318359 28442.367188
-7599.704102 28448.445312
-7599.106445 28454.509766
-7598.525391 28460.558594
-7597.960449 28466.593750
-7597.412109 28472.615234
-7596.879883 28478.621094
-7596.364258 28484.613281
-7595.864746 28490.591797
-7595.399414 28496.539062
-7594.961914 28502.460938
-7594.552734 28508.359375
-7594.171387 28514.232422
-7593.818359 28520.080078
-7593.493164 28525.902344
-7593.196289 28531.699219
-7592.927246 28537.470703
-7592.686523 28543.216797
-7592.473633 28548.939453
-7592.289062 28554.636719
-7592.132324 28560.308594
-7592.003906 28565.955078
-7591.903320 28571.576172
-7591.831055 28577.171875
-7591.786621 28582.742188
-7591.770508 28588.289062
-7591.782227 28593.810547
-7591.822266 28599.306641
-7591.890137 28604.777344
-7591.986328 28610.222656
-7592.110352 28615.642578
-7592.262695 28621.037109
-7592.442871 28626.408203
-7592.651367 28631.753906
-7592.887695 28637.074219
-7593.152344 28642.369141
-7593.444824 28647.638672
-7593.765625 28652.882812
-7594.114258 28658.103516
-7594.491211 28663.298828
-7594.895996 28668.468750
-7595.329102 28673.613281
-7595.790039 28678.732422
-7596.279297 28683.826172
-7596.796387 28688.894531
-7597.341797 28693.939453
-7597.915039 28698.958984
-7598.516602 28703.953125
-7599.145996 28708.921875
-7599.801758 28713.880859
-7600.484375 28718.824219
-7601.193848 28723.753906
-7601.930176 28728.667969
-7602.692871 28733.568359
-7603.482422 28738.453125
-7604.298828 28743.324219
-7605.142090 28748.179688
-7606.012207 28753.019531
-7606.909180 28757.845703
-7607.833008 28762.656250
-7608.783691 28767.453125
-7609.761230 28772.234375
-7610.765137 28777.001953
-7611.795898 28781.753906
-7612.853516 28786.490234
-7613.937988 28791.212891
-7615.049316 28795.919922
-7616.187500 28800.613281
-7617.352539 28805.291016
-7618.544434 28809.955078
-7619.763184 28814.603516
-7621.008301 28819.236328
-7622.280273 28823.855469
-7623.579102 28828.458984
-7624.904785 28833.048828
-7626.257324 28837.623047
-7627.636719 28842.181641
-7629.042969 28846.726562
-7630.476074 28851.255859
-7631.936035 28855.771484
-7633.422363 28860.271484
-7634.935547 28864.757812
-7636.475586 28869.228516
-7638.042480 28873.683594
-7639.636230 28878.125000
-7641.256836 28882.550781
-7642.904297 28886.962891
-7644.578613 28891.359375
-7646.279297 28895.742188
-7648.005859 28900.109375
-7649.758301 28904.462891
-7651.536621 28908.800781
-7653.341309 28913.125000
-7655.171875 28917.433594
-7657.028320 28921.728516
-7658.910645 28926.007812
-7660.819336 28930.273438
-7662.753906 28934.523438
-7664.714355 28938.759766
-7666.700684 28942.980469
-7668.713379 28947.187500
-7670.751953 28951.378906
-7672.816406 28955.556641
-7674.906738 28959.718750
-7677.023438 28963.867188
-7679.166016 28968.001953
-7681.334473 28972.121094
-7683.528809 28976.226562
-7685.749512 28980.316406
-7687.996094 28984.392578
-7690.268555 28988.453125
-7692.566895 28992.500000
-7694.891602 28996.531250
-7697.242188 29000.548828
-7699.618652 29004.550781
-7702.020996 29008.539062
-7704.449707 29012.511719
-7706.904297 29016.470703
-7709.384766 29020.414062
-7711.891113 29024.343750
-7714.423828 29028.257812
-7716.982422 29032.158203
-7719.566895 29036.042969
-7722.177246 29039.914062
-7724.813965 29043.769531
-7727.476562 29047.611328
-7730.165039 29051.439453
-7732.879395 29055.251953
-7735.620117 29059.050781
-7738.383789 29062.824219
-7741.171875 29066.578125
-7743.984375 29070.310547
-7746.820801 29074.023438
-7749.681641 29077.714844
-7752.566895 29081.386719
-7755.476074 29085.037109
-7758.409668 29088.666016
-7761.367676 29092.275391
-7764.349609 29095.863281
-7767.355957 29099.431641
-7770.386719 29102.978516
-7773.441406 29106.505859
-7776.520508 29110.011719
-7779.624023 29113.496094
-7782.751465 29116.960938
-7785.903320 29120.404297
-7789.079590 29123.828125
-7792.279785 29127.230469
-7795.504395 29130.613281
-7798.753418 29133.974609
-7802.026367 29137.314453
-7805.323730 29140.634766
-7808.645508 29143.933594
-7811.991211 29147.212891
-7815.361328 29150.470703
-7818.755859 29153.708984
-7822.174316 29156.925781
-7825.617188 29160.121094
-7829.084473 29163.296875
-7832.575684 29166.451172
-7836.091309 29169.585938
-7839.631348 29172.699219
-7843.195312 29175.792969
-7846.783691 29178.865234
-7850.396484 29181.916016
-7854.033203 29184.947266
-7857.694336 29187.957031
-7861.379883 29190.947266
-7865.089355 29193.916016
-7868.808105 29196.859375
-7872.540527 29199.777344
-7876.287109 29202.671875
-7880.047852 29205.541016
-7883.822754 29208.384766
-7887.611328 29211.205078
-7891.414062 29214.000000
-7895.230957 29216.771484
-7899.061523 29219.517578
-7902.906250 29222.240234
-7906.765137 29224.937500
-7910.638184 29227.611328
-7914.524902 29230.259766
-7918.425781 29232.884766
-7922.340820 29235.484375
-7926.269531 29238.060547
-7930.212402 29240.611328
-7934.169434 29243.138672
-7938.140625 29245.640625
-7942.125488 29248.119141
-7946.124512 29250.572266
-7950.137695 29253.000000
-7954.165039 29255.404297
-7958.206055 29257.783203
-7962.261230 29260.138672
-7966.330566 29262.468750
-7970.413574 29264.775391
-7974.510742 29267.056641
-7978.622070 29269.314453
-7982.747559 29271.546875
-7986.886719 29273.755859
-7991.040039 29275.939453
-7995.207520 29278.099609
-7999.388672 29280.234375
-8003.583984 29282.345703
-8007.793457 29284.431641
-8012.017090 29286.492188
-8016.254395 29288.529297
-8020.505859 29290.541016
-8024.771484 29292.529297
-8029.119141 29294.535156
-8033.526367 29296.544922
-8037.992676 29298.556641
-8042.518555 29300.572266
-8047.104004 29302.591797
-8051.748535 29304.615234
-8056.452637 29306.640625
-8061.215820 29308.669922
-8066.038574 29310.703125
-8070.920898 29312.740234
-8075.862305 29314.779297
-8080.863281 29316.822266
-8085.923828 29318.869141
-8091.043457 29320.919922
-8096.222656 29322.974609
-8101.461426 29325.031250
-8106.759277 29327.091797
-8112.116699 29329.156250
-8117.533691 29331.224609
-8123.009766 29333.294922
-8128.545410 29335.369141
-8134.140625 29337.447266
-8139.794922 29339.529297
-8145.508789 29341.613281
-8151.282227 29343.701172
-8157.114746 29345.792969
-8163.006836 29347.888672
-8168.958496 29349.988281
-8174.969238 29352.089844
-8181.039551 29354.195312
-8187.168945 29356.304688
-8193.358398 29358.417969
-8199.606445 29360.533203
-8205.914062 29362.652344
-8212.281250 29364.775391
-8218.708008 29366.902344
-8225.194336 29369.031250
-8231.740234 29371.164062
-8238.344727 29373.300781
-8245.008789 29375.441406
-8251.608398 29377.541016
-8258.184570 29379.615234
-8264.737305 29381.664062
-8271.266602 29383.687500
-8277.773438 29385.683594
-8284.256836 29387.654297
-8290.716797 29389.599609
-8297.153320 29391.519531
-8303.566406 29393.414062
-8309.956055 29395.283203
-8316.322266 29397.125000
-8322.666016 29398.941406
-8328.986328 29400.732422
-8335.283203 29402.498047
-8341.556641 29404.238281
-8347.806641 29405.951172
-8354.033203 29407.638672
-8360.236328 29409.300781
-8366.416016 29410.937500
-8372.573242 29412.548828
-8378.707031 29414.134766
-8384.817383 29415.693359
-8390.904297 29417.226562
-8396.967773 29418.734375
-8403.007812 29420.216797
-8409.024414 29421.673828
-8415.018555 29423.105469
-8420.989258 29424.509766
-8426.936523 29425.888672
-8432.860352 29427.242188
-8438.760742 29428.570312
-8444.637695 29429.873047
-8450.491211 29431.150391
-8456.322266 29432.400391
-8462.129883 29433.625000
-8467.914062 29434.824219
-8473.674805 29435.998047
-8479.412109 29437.146484
-8485.125977 29438.269531
-8490.816406 29439.365234
-8496.435547 29440.455078
-8501.998047 29441.531250
-8507.504883 29442.595703
-8512.956055 29443.646484
-8518.351562 29444.683594
-8523.690430 29445.708984
-8528.973633 29446.720703
-8534.201172 29447.718750
-8539.373047 29448.703125
-8544.488281 29449.675781
-8549.547852 29450.634766
-8554.551758 29451.580078
-8559.500000 29452.513672
-8564.391602 29453.433594
-8569.227539 29454.339844
-8574.007812 29455.234375
-8578.732422 29456.115234
-8583.400391 29456.982422
-8588.012695 29457.837891
-8592.569336 29458.679688
-8597.070312 29459.507812
-8601.514648 29460.324219
-8605.903320 29461.126953
-8610.236328 29461.916016
-8614.513672 29462.693359
-8618.734375 29463.457031
-8622.899414 29464.207031
-8627.008789 29464.945312
-8631.062500 29465.669922
-8635.060547 29466.380859
-8639.001953 29467.080078
-8642.887695 29467.765625
-8646.717773 29468.437500
-8650.492188 29469.095703
-8654.209961 29469.742188
-8657.872070 29470.375000
-8661.478516 29470.994141
-8665.029297 29471.601562
-8668.523438 29472.195312
-8671.961914 29472.775391
-8675.362305 29473.347656
-8678.719727 29473.910156
-8682.033203 29474.462891
-8685.302734 29475.005859
-8688.528320 29475.539062
-8691.709961 29476.062500
-8694.848633 29476.576172
-8697.943359 29477.080078
-8700.994141 29477.574219
-8704.000977 29478.058594
-8706.963867 29478.533203
-8709.882812 29478.998047
-8712.758789 29479.453125
-8715.590820 29479.898438
-8718.378906 29480.333984
-8721.123047 29480.759766
-8723.823242 29481.175781
-8726.479492 29481.582031
-8729.092773 29481.978516
-8731.662109 29482.365234
-8734.187500 29482.742188
-8736.668945 29483.109375
-8739.106445 29483.466797
-8741.500000 29483.814453
-8743.850586 29484.152344
-8746.157227 29484.480469
-8748.419922 29484.798828
-8750.638672 29485.107422
-8752.813477 29485.406250
-8754.945312 29485.695312
-8757.033203 29485.974609
-8759.077148 29486.244141
-8761.077148 29486.503906
-8763.033203 29486.753906
-8764.945312 29486.994141
-8766.814453 29487.224609
-8768.639648 29487.445312
-8770.420898 29487.656250
-8772.158203 29487.857422
-8773.851562 29488.048828
-8775.533203 29488.210938
-8777.192383 29488.351562
-8778.829102 29488.468750
-8780.443359 29488.564453
-8782.035156 29488.636719
-8783.604492 29488.687500
-8785.151367 29488.714844
-8786.675781 29488.720703
-8788.177734 29488.703125
-8789.657227 29488.664062
-8791.114258 29488.601562
-8792.548828 29488.517578
-8793.960938 29488.410156
-8795.350586 29488.279297
-8796.717773 29488.126953
-8798.062500 29487.951172
-8799.384766 29487.753906
-8800.684570 29487.533203
-8801.961914 29487.291016
-8803.216797 29487.025391
-8804.449219 29486.738281
-8805.659180 29486.427734
-8806.846680 29486.095703
-8808.011719 29485.740234
-8809.154297 29485.363281
-8810.274414 29484.962891
-8811.372070 29484.541016
-8812.447266 29484.095703
-8813.500000 29483.628906
-8814.530273 29483.138672
-8815.538086 29482.626953
-8816.523438 29482.091797
-8817.486328 29481.535156
-8818.426758 29480.955078
-8819.344727 29480.353516
-8820.240234 29479.728516
-8821.113281 29479.082031
-8821.963867 29478.412109
-8822.791992 29477.718750
-8823.597656 29477.003906
-8824.421875 29476.294922
-8825.251953 29475.582031
-8826.087891 29474.863281
-8826.928711 29474.140625
-8827.775391 29473.414062
-8828.626953 29472.683594
-8829.484375 29471.949219
-8830.347656 29471.210938
-8831.215820 29470.468750
-8832.089844 29469.722656
-8832.968750 29468.972656
-8833.853516 29468.218750
-8834.743164 29467.460938
-8835.638672 29466.699219
-8836.540039 29465.933594
-8837.446289 29465.164062
-8838.358398 29464.388672
-8839.275391 29463.609375
-8840.198242 29462.826172
-8841.126953 29462.039062
-8842.060547 29461.248047
-8843.000000 29460.453125
-8843.944336 29459.654297
-8844.894531 29458.851562
-8845.849609 29458.044922
-8846.810547 29457.234375
-8847.777344 29456.419922
-8848.749023 29455.601562
-8849.726562 29454.779297
-8850.708984 29453.951172
-8851.697266 29453.119141
-8852.690430 29452.283203
-8853.689453 29451.443359
-8854.694336 29450.599609
-8855.704102 29449.751953
-8856.719727 29448.900391
-8857.740234 29448.044922
-8858.766602 29447.185547
-8859.798828 29446.322266
-8860.835938 29445.455078
-8861.825195 29444.582031
-8862.785156 29443.703125
-8863.714844 29442.820312
-8864.615234 29441.931641
-8865.485352 29441.037109
-8866.325195 29440.138672
-8867.135742 29439.234375
-8867.916016 29438.326172
-8868.666016 29437.412109
-8869.386719 29436.492188
-8870.077148 29435.568359
-8870.738281 29434.638672
-8871.369141 29433.705078
-8871.969727 29432.765625
-8872.541016 29431.820312
-8873.082031 29430.871094
-8873.593750 29429.916016
-8874.075195 29428.955078
-8874.526367 29427.990234
-8874.948242 29427.019531
-8875.339844 29426.044922
-8875.701172 29425.064453
-8876.033203 29424.078125
-8876.334961 29423.087891
-8876.607422 29422.091797
-8876.849609 29421.091797
-8877.061523 29420.085938
-8877.244141 29419.074219
-8877.396484 29418.058594
-8877.519531 29417.037109
-8877.612305 29416.011719
-8877.674805 29414.980469
-8877.708008 29413.943359
-8877.710938 29412.902344
-8877.683594 29411.855469
-8877.626953 29410.802734
-8877.540039 29409.746094
-8877.423828 29408.683594
-8877.277344 29407.617188
-8877.100586 29406.544922
-8876.914062 29405.462891
-8876.710938 29404.373047
-8876.491211 29403.275391
-8876.254883 29402.169922
-8876.001953 29401.056641
-8875.731445 29399.937500
-8875.444336 29398.810547
-8875.140625 29397.675781
-8874.820312 29396.533203
-8874.483398 29395.382812
-8874.129883 29394.224609
-8873.759766 29393.058594
-8873.373047 29391.884766
-8872.969727 29390.703125
-8872.549805 29389.513672
-8872.112305 29388.316406
-8871.658203 29387.111328
-8871.187500 29385.898438
-8870.700195 29384.677734
-8870.196289 29383.449219
-8869.675781 29382.212891
-8869.138672 29380.968750
-8868.584961 29379.716797
-8868.014648 29378.457031
-8867.427734 29377.189453
-8866.823242 29375.914062
-8866.202148 29374.630859
-8865.564453 29373.339844
-8864.910156 29372.041016
-8864.239258 29370.734375
-8863.551758 29369.419922
-8862.847656 29368.097656
-8862.126953 29366.767578
-8861.389648 29365.429688
-8860.635742 29364.083984
-8859.864258 29362.730469
-8859.076172 29361.371094
-8858.271484 29360.003906
-8857.450195 29358.628906
-8856.612305 29357.246094
-8855.776367 29355.841797
-8854.935547 29354.421875
-8854.090820 29352.984375
-8853.241211 29351.531250
-8852.387695 29350.060547
-8851.529297 29348.574219
-8850.666992 29347.070312
-8849.799805 29345.550781
-8848.928711 29344.013672
-8848.052734 29342.460938
-8847.172852 29340.892578
-8846.288086 29339.306641
-8845.399414 29337.705078
-8844.505859 29336.085938
-8843.608398 29334.451172
-8842.706055 29332.798828
-8841.799805 29331.130859
-8840.888672 29329.447266
-8839.973633 29327.746094
-8839.053711 29326.029297
-8838.129883 29324.294922
-8837.201172 29322.544922
-8836.268555 29320.777344
-8835.331055 29318.994141
-8834.389648 29317.195312
-8833.443359 29315.378906
-8832.493164 29313.546875
-8831.538086 29311.697266
-8830.579102 29309.832031
-8829.615234 29307.949219
-8828.647461 29306.050781
-8827.674805 29304.134766
-8826.698242 29302.203125
-8825.716797 29300.255859
-8824.731445 29298.291016
-8823.741211 29296.310547
-8822.747070 29294.312500
-8821.748047 29292.298828
-8820.745117 29290.267578
-8819.737305 29288.220703
-8818.739258 29286.169922
-8817.747070 29284.111328
-8816.759766 29282.044922
-8815.777344 29279.970703
-8814.800781 29277.888672
-8813.829102 29275.798828
-8812.862305 29273.701172
-8811.900391 29271.595703
-8810.944336 29269.482422
-8809.993164 29267.361328
-8809.046875 29265.232422
-8808.106445 29263.095703
-8807.170898 29260.951172
-8806.240234 29258.798828
-8805.315430 29256.638672
-8804.395508 29254.470703
-8803.480469 29252.294922
-8802.570312 29250.111328
-8801.666016 29247.919922
-8800.766602 29245.720703
-8799.872070 29243.513672
-8798.983398 29241.298828
-8798.099609 29239.076172
-8797.220703 29236.845703
-8796.347656 29234.607422
-8795.479492 29232.361328
-8794.616211 29230.107422
-8793.757812 29227.845703
-8792.905273 29225.576172
-8792.057617 29223.298828
-8791.214844 29221.013672
-8790.377930 29218.720703
-8789.545898 29216.419922
-8788.718750 29214.111328
-8787.897461 29211.794922
-8787.081055 29209.470703
-8786.269531 29207.138672
-8785.462891 29204.798828
-8784.662109 29202.451172
-8783.866211 29200.095703
-8783.056641 29197.718750
-8782.240234 29195.324219
-8781.416016 29192.914062
-8780.583984 29190.486328
-8779.745117 29188.042969
-8778.898438 29185.582031
-8778.044922 29183.103516
-8777.183594 29180.609375
-8776.315430 29178.097656
-8775.439453 29175.568359
-8774.556641 29173.023438
-8773.666016 29170.460938
-8772.768555 29167.882812
-8771.863281 29165.287109
-8770.951172 29162.673828
-8770.031250 29160.044922
-8769.104492 29157.398438
-8768.169922 29154.736328
-8767.228516 29152.056641
-8766.279297 29149.359375
-8765.323242 29146.646484
-8764.359375 29143.916016
-8763.387695 29141.167969
-8762.409180 29138.404297
-8761.422852 29135.623047
-8760.429688 29132.826172
-8759.428711 29130.011719
-8758.420898 29127.179688
-8757.405273 29124.332031
-8756.382812 29121.466797
-8755.352539 29118.585938
-8754.315430 29115.687500
-8753.270508 29112.771484
-8752.218750 29109.839844
-8751.159180 29106.890625
-8750.092773 29103.925781
-8749.018555 29100.943359
-8747.937500 29097.943359
-8746.848633 29094.927734
-8745.752930 29091.894531
-8744.579102 29088.837891
-8743.350586 29085.761719
-8742.068359 29082.664062
-8740.731445 29079.546875
-8739.340820 29076.408203
-8737.895508 29073.248047
-8736.396484 29070.068359
-8734.842773 29066.867188
-8733.235352 29063.646484
-8731.573242 29060.404297
-8729.857422 29057.140625
-8728.086914 29053.857422
-8726.262695 29050.552734
-8724.383789 29047.228516
-8722.451172 29043.882812
-8720.463867 29040.515625
-8718.422852 29037.128906
-8716.327148 29033.720703
-8714.177734 29030.292969
-8711.973633 29026.843750
-8709.714844 29023.373047
-8707.402344 29019.882812
-8705.035156 29016.371094
-8702.614258 29012.839844
-8700.138672 29009.287109
-8697.609375 29005.714844
-8695.025391 29002.121094
-8692.387695 28998.505859
-8689.695312 28994.871094
-8686.949219 28991.214844
-8684.148438 28987.539062
-8681.293945 28983.841797
-8678.384766 28980.123047
-8675.421875 28976.384766
-8672.404297 28972.625000
-8669.333008 28968.845703
-8666.207031 28965.044922
-8663.027344 28961.222656
-8659.792969 28957.380859
-8656.503906 28953.517578
-8653.124023 28949.632812
-8649.665039 28945.728516
-8646.127930 28941.802734
-8642.511719 28937.855469
-8638.816406 28933.886719
-8635.041992 28929.898438
-8631.188477 28925.888672
-8627.256836 28921.857422
-8623.246094 28917.804688
-8619.156250 28913.732422
-8614.987305 28909.638672
-8610.740234 28905.523438
-8606.414062 28901.386719
-8602.008789 28897.230469
-8597.524414 28893.052734
-8592.961914 28888.853516
-8588.320312 28884.632812
-8583.599609 28880.392578
-8578.799805 28876.130859
-8573.920898 28871.847656
-8568.963867 28867.542969
-8563.927734 28863.218750
-8558.812500 28858.873047
-8553.618164 28854.505859
-8548.345703 28850.117188
-8542.994141 28845.707031
-8537.563477 28841.277344
-8532.053711 28836.826172
-8526.465820 28832.353516
-8520.798828 28827.859375
-8515.052734 28823.345703
-8509.227539 28818.810547
-8503.324219 28814.253906
-8497.341797 28809.675781
-8491.280273 28805.078125
-8485.139648 28800.458984
-8478.919922 28795.818359
-8472.622070 28791.156250
-8466.245117 28786.474609
-8459.789062 28781.771484
-8453.304688 28777.074219
-8446.774414 28772.375000
-8440.198242 28767.673828
-8433.577148 28762.970703
-8426.910156 28758.265625
-8420.198242 28753.556641
-8413.440430 28748.845703
-8406.636719 28744.132812
-8399.788086 28739.417969
-8392.893555 28734.699219
-8385.953125 28729.978516
-8378.967773 28725.255859
-8371.936523 28720.531250
-8364.860352 28715.802734
-8357.738281 28711.072266
-8350.570312 28706.339844
-8343.357422 28701.605469
-8336.098633 28696.867188
-8328.793945 28692.126953
-8321.444336 28687.384766
-8314.048828 28682.640625
-8306.608398 28677.892578
-8299.122070 28673.142578
-8291.589844 28668.390625
-8284.012695 28663.636719
-8276.389648 28658.878906
-8268.721680 28654.119141
-8261.007812 28649.357422
-8253.248047 28644.593750
-8245.443359 28639.826172
-8237.592773 28635.056641
-8229.696289 28630.285156
-8221.754883 28625.511719
-8213.767578 28620.736328
-8205.735352 28615.957031
-8197.657227 28611.175781
-8189.533691 28606.392578
-8181.364258 28601.607422
-8173.149414 28596.818359
-8164.889160 28592.027344
-8156.552246 28587.236328
-8148.148926 28582.443359
-8139.679199 28577.650391
-8131.143555 28572.855469
-8122.541504 28568.060547
-8113.873047 28563.263672
-8105.138184 28558.464844
-8096.336914 28553.666016
-8087.469727 28548.865234
-8078.536133 28544.064453
-8069.536133 28539.261719
-8060.469727 28534.458984
-8051.337402 28529.654297
-8042.138672 28524.849609
-8032.873535 28520.042969
-8023.541992 28515.234375
-8014.144043 28510.425781
-8004.680176 28505.615234
-7995.149902 28500.804688
-7985.553223 28495.992188
-7975.890137 28491.179688
-7966.161133 28486.365234
-7956.365723 28481.548828
-7946.503906 28476.732422
-7936.575684 28471.914062
-7926.581055 28467.095703
-7916.520508 28462.275391
-7906.393555 28457.455078
-7896.200195 28452.632812
-7885.940430 28447.810547
-7875.614258 28442.986328
-7865.222168 28438.160156
-7854.763672 28433.333984
-7844.238770 28428.505859
-7833.647461 28423.677734
-7822.990234 28418.847656
-7812.266602 28414.017578
-7801.476562 28409.185547
-7790.620117 28404.351562
-7779.697266 28399.517578
-7768.712402 28394.654297
-7757.664062 28389.769531
-7746.552246 28384.865234
-7735.376465 28379.939453
-7724.137207 28374.994141
-7712.834473 28370.027344
-7701.468262 28365.041016
-7690.038574 28360.033203
-7678.544922 28355.005859
-7666.987793 28349.958984
-7655.367188 28344.890625
-7643.683105 28339.802734
-7631.935547 28334.693359
-7620.124023 28329.564453
-7608.249023 28324.414062
-7596.310547 28319.244141
-7584.308594 28314.054688
-7572.243164 28308.843750
-7560.113770 28303.613281
-7547.920898 28298.361328
-7535.664551 28293.089844
-7523.344727 28287.796875
-7510.961426 28282.484375
-7498.514160 28277.152344
-7486.003418 28271.798828
-7473.429199 28266.425781
-7460.791504 28261.031250
-7448.090332 28255.617188
-7435.325195 28250.181641
-7422.496582 28244.726562
-7409.604492 28239.251953
-7396.648926 28233.755859
-7383.629883 28228.240234
-7370.546875 28222.703125
-7357.400391 28217.146484
-7344.190430 28211.568359
-7330.916992 28205.970703
-7317.580078 28200.353516
-7304.179199 28194.714844
-7290.714844 28189.056641
-7277.239258 28183.396484
-7263.735352 28177.728516
-7250.202637 28172.052734
-7236.641602 28166.371094
-7223.051758 28160.681641
-7209.433594 28154.984375
-7195.786621 28149.279297
-7182.111328 28143.566406
-7168.407227 28137.845703
-7154.674805 28132.119141
-7140.913574 28126.384766
-7127.124023 28120.642578
-7113.305664 28114.892578
-7099.458984 28109.134766
-7085.583496 28103.369141
-7071.679688 28097.597656
-7057.747070 28091.818359
-7043.786133 28086.031250
-7029.796387 28080.236328
-7015.778320 28074.433594
-7001.731445 28068.623047
-6987.656250 28062.804688
-6973.552246 28056.980469
-6959.419434 28051.148438
-6945.258301 28045.308594
-6931.068359 28039.460938
-6916.850098 28033.605469
-6902.603027 28027.742188
-6888.327637 28021.873047
-6874.023438 28015.996094
-6859.690918 28010.111328
-6845.329590 28004.218750
-6830.939941 27998.318359
-6816.521484 27992.410156
-6802.074707 27986.496094
-6787.599121 27980.574219
-6773.095215 27974.644531
-6758.562500 27968.707031
-6744.001465 27962.761719
-6729.411621 27956.808594
-6714.779297 27950.845703
-6700.109375 27944.871094
-6685.401367 27938.886719
-6670.655762 27932.892578
-6655.872070 27926.888672
-6641.050781 27920.875000
-6626.191406 27914.849609
-6611.293945 27908.814453
-6596.358887 27902.769531
-6581.385742 27896.714844
-6566.375000 27890.650391
-6551.326172 27884.576172
-6536.239746 27878.490234
-6521.115234 27872.394531
-6505.953125 27866.289062
-6490.752930 27860.173828
-6475.515137 27854.048828
-6460.239258 27847.914062
-6444.925781 27841.767578
-6429.574219 27835.611328
-6414.185059 27829.445312
-6398.757812 27823.269531
-6383.292969 27817.083984
-6367.790039 27810.888672
-6352.249512 27804.681641
-6336.670898 27798.464844
-6321.054688 27792.238281
-6305.400391 27786.001953
-6289.708496 27779.755859
-6273.978516 27773.500000
-6258.210938 27767.232422
-6242.405273 27760.955078
-6226.562012 27754.667969
-6210.680664 27748.371094
-6194.761719 27742.064453
-6178.804688 27735.748047
-6162.809570 27729.419922
-6146.776855 27723.082031
-6130.706055 27716.734375
-6114.597656 27710.376953
-6098.476562 27704.023438
-6082.334961 27697.669922
-6066.172363 27691.316406
-6049.988770 27684.962891
-6033.784180 27678.607422
-6017.558594 27672.251953
-6001.312012 27665.896484
-5985.044434 27659.541016
-5968.756348 27653.185547
-5952.447266 27646.830078
-5936.117188 27640.472656
-5919.766113 27634.115234
-5903.394043 27627.757812
-5887.000977 27621.400391
-5870.586914 27615.042969
-5854.152344 27608.683594
-5837.696777 27602.324219
-5821.220215 27595.964844
-5804.722656 27589.605469
-5788.204102 27583.246094
-5771.664551 27576.886719
-5755.104004 27570.525391
-5738.522949 27564.164062
-5721.920898 27557.802734
-5705.297852 27551.441406
-5688.653809 27545.080078
-5671.988770 27538.716797
-5655.302734 27532.353516
-5638.595703 27525.990234
-5621.868164 27519.626953
-5605.119629 27513.263672
-5588.350098 27506.900391
-5571.559570 27500.535156
-5554.748047 27494.169922
-5537.915527 27487.804688
-5521.062012 27481.439453
-5504.187988 27475.074219
-5487.292969 27468.708984
-5470.376953 27462.341797
-5453.439941 27455.974609
-5436.470703 27449.593750
-5419.473145 27443.205078
-5402.447266 27436.806641
-5385.393066 27430.398438
-5368.310547 27423.982422
-5351.199707 27417.556641
-5334.060547 27411.121094
-5316.893066 27404.677734
-5299.697266 27398.224609
-5282.473145 27391.761719
-5265.220703 27385.291016
-5247.939941 27378.810547
-5230.630859 27372.320312
-5213.293457 27365.822266
-5195.927734 27359.314453
-5178.533203 27352.796875
-5161.110352 27346.271484
-5143.659180 27339.736328
-5126.179688 27333.191406
-5108.671875 27326.638672
-5091.135742 27320.076172
-5073.571289 27313.503906
-5055.978516 27306.923828
-5038.357422 27300.333984
-5020.708008 27293.734375
-5003.030273 27287.126953
-4985.324219 27280.509766
-4967.589844 27273.882812
-4949.827148 27267.248047
-4932.036133 27260.603516
-4914.216797 27253.949219
-4896.368652 27247.287109
-4878.492188 27240.615234
-4860.587402 27233.935547
-4842.654297 27227.246094
-4824.692871 27220.546875
-4806.703125 27213.839844
-4788.685059 27207.123047
-4770.638672 27200.396484
-4752.563965 27193.662109
-4734.469727 27186.916016
-4716.352539 27180.160156
-4698.212891 27173.392578
-4680.050781 27166.615234
-4661.865723 27159.828125
-4643.658203 27153.031250
-4625.428223 27146.222656
-4607.175781 27139.404297
-4588.900391 27132.576172
-4570.602539 27125.736328
-4552.282227 27118.886719
-4533.938965 27112.027344
-4515.573242 27105.158203
-4497.185059 27098.277344
-4478.774414 27091.386719
-4460.340820 27084.486328
-4441.884766 27077.574219
-4423.406250 27070.652344
-4404.904785 27063.720703
-4386.380859 27056.779297
-4367.834473 27049.826172
-4349.265625 27042.863281
-4330.673828 27035.890625
-4312.059570 27028.906250
-4293.422852 27021.912109
-4274.763184 27014.908203
-4256.081055 27007.894531
-4237.376465 27000.869141
-4218.649414 26993.833984
-4199.899414 26986.789062
-4181.126953 26979.732422
-4162.332031 26972.666016
-4143.514160 26965.589844
-4124.673828 26958.503906
-4105.811035 26951.406250
-4086.925537 26944.298828
-4068.017578 26937.181641
-4049.086914 26930.052734
-4030.133545 26922.914062
-4011.157715 26915.765625
-3992.155273 26908.603516
-3973.127441 26901.429688
-3954.074219 26894.242188
-3934.995850 26887.042969
-3915.892090 26879.832031
-3896.763184 26872.607422
-3877.608887 26865.371094
-3858.429199 26858.123047
-3839.224365 26850.861328
-3819.994141 26843.587891
-3800.738525 26836.302734
-3781.457764 26829.003906
-3762.151611 26821.693359
-3742.820312 26814.371094
-3723.463623 26807.035156
-3704.081543 26799.687500
-3684.674316 26792.328125
-3665.241699 26784.955078
-3645.783691 26777.570312
-3626.300537 26770.173828
-3606.791992 26762.763672
-3587.258301 26755.341797
-3567.699219 26747.908203
-3548.114746 26740.460938
-3528.505127 26733.001953
-3508.870117 26725.531250
-3489.209717 26718.046875
-3469.524170 26710.550781
-3449.813232 26703.042969
-3430.077148 26695.521484
-3410.315674 26687.988281
-3390.528809 26680.443359
-3370.716797 26672.884766
-3350.879395 26665.314453
-3331.016602 26657.732422
-3311.128662 26650.136719
-3291.215332 26642.529297
-3271.276855 26634.910156
-3251.312988 26627.277344
-3231.323730 26619.632812
-3211.312012 26611.976562
-3191.276855 26604.308594
-3171.218262 26596.626953
-3151.136230 26588.933594
-3131.030762 26581.228516
-3110.901855 26573.511719
-3090.749756 26565.783203
-3070.574219 26558.042969
-3050.375244 26550.291016
-3030.152832 26542.525391
-3009.906982 26534.748047
-2989.637695 26526.958984
-2969.344971 26519.158203
-2949.028809 26511.345703
-2928.689209 26503.521484
-2908.326172 26495.683594
-2887.939697 26487.833984
-2867.529785 26479.972656
-2847.096436 26472.099609
-2826.639648 26464.214844
-2806.159424 26456.318359
-2785.655762 26448.408203
-2765.128662 26440.486328
-2744.578125 26432.552734
-2724.004395 26424.607422
-2703.407227 26416.650391
-2682.786621 26408.681641
-2662.142578 26400.701172
-2641.475098 26392.707031
-2620.784180 26384.701172
-2600.069824 26376.683594
-2579.332031 26368.654297
-2558.570801 26360.613281
-2537.786133 26352.560547
-2516.978027 26344.494141
-2496.146484 26336.416016
-2475.291504 26328.326172
-2454.413086 26320.224609
-2433.511230 26312.111328
-2412.585938 26303.986328
-2391.643066 26295.849609
-2370.680420 26287.699219
-2349.698242 26279.537109
-2328.696533 26271.363281
-2307.675049 26263.177734
-2286.634033 26254.980469
-2265.573242 26246.771484
-2244.492920 26238.550781
-2223.393066 26230.316406
-2202.273438 26222.070312
-2181.134277 26213.812500
-2159.975586 26205.542969
-2138.797119 26197.261719
-2117.599121 26188.968750
-2096.381348 26180.662109
-2075.144043 26172.343750
-2053.887207 26164.013672
-2032.610596 26155.671875
-2011.314453 26147.318359
-1989.998657 26138.953125
-1968.663208 26130.576172
-1947.308105 26122.185547
-1925.933472 26113.783203
-1904.539185 26105.369141
-1883.125244 26096.943359
-1861.691650 26088.505859
-1840.238525 26080.056641
-1818.765747 26071.595703
-1797.273315 26063.121094
-1775.761230 26054.634766
-1754.229614 26046.136719
-1732.678345 26037.626953
-1711.107422 26029.105469
-1689.516846 26020.572266
-1667.906616 26012.027344
-1646.276855 26003.468750
-1624.627441 25994.898438
-1602.958374 25986.316406
-1581.269653 25977.722656
-1559.561401 25969.117188
-1537.838013 25960.498047
-1516.098022 25951.865234
-1494.341309 25943.220703
-1472.567993 25934.562500
-1450.778076 25925.890625
-1428.971558 25917.207031
-1407.148438 25908.509766
-1385.308594 25899.800781
-1363.452148 25891.078125
-1341.579102 25882.341797
-1319.689453 25873.593750
-1297.783203 25864.832031
-1275.860352 25856.056641
-1253.920776 25847.269531
-1231.964600 25838.468750
-1209.991821 25829.654297
-1188.002441 25820.828125
-1165.996460 25811.988281
-1143.973755 25803.134766
-1121.934448 25794.269531
-1099.878540 25785.390625
-1077.806030 25776.498047
-1055.716919 25767.593750
-1033.611084 25758.675781
-1011.488647 25749.746094
-989.349609 25740.802734
-967.193970 25731.845703
-945.021667 25722.876953
-922.832764 25713.894531
-900.627258 25704.898438
-878.405090 25695.890625
-856.166321 25686.869141
-833.910889 25677.833984
-811.638855 25668.787109
-789.350220 25659.726562
-767.044922 25650.652344
-744.723022 25641.566406
-722.384521 25632.466797
-700.029358 25623.355469
-677.657593 25614.230469
-655.266296 25605.089844
-632.856445 25595.933594
-610.428040 25586.763672
-587.981079 25577.578125
-565.515564 25568.378906
-543.031494 25559.164062
-520.528931 25549.935547
-498.007782 25540.691406
-475.468079 25531.433594
-452.909821 25522.160156
-430.333038 25512.871094
-407.737701 25503.568359
-385.123810 25494.250000
-362.491364 25484.917969
-339.840363 25475.570312
-317.170807 25466.208984
-294.482697 25456.832031
-271.776031 25447.441406
-249.050827 25438.035156
-226.307068 25428.613281
-203.544769 25419.177734
-180.763916 25409.726562
-157.964508 25400.261719
-135.146545 25390.781250
-112.310036 25381.287109
-89.454979 25371.777344
-66.581367 25362.253906
-43.689209 25352.714844
-20.778498 25343.160156
2.150764 25333.591797
25.098577 25324.007812
48.064941 25314.410156
71.049858 25304.796875
94.053322 25295.169922
117.075340 25285.527344
140.115906 25275.871094
163.175018 25266.199219
186.252686 25256.513672
209.348907 25246.812500
232.463684 25237.095703
255.605438 25227.357422
278.771362 25217.601562
301.961487 25207.826172
325.175781 25198.031250
348.414246 25188.216797
371.676880 25178.382812
394.963684 25168.529297
418.274658 25158.658203
441.609833 25148.767578
464.969177 25138.857422
488.352692 25128.927734
511.760376 25118.978516
535.192261 25109.009766
558.648315 25099.021484
582.128540 25089.015625
605.632935 25078.990234
629.161499 25068.945312
652.714233 25058.880859
676.291138 25048.796875
699.892212 25038.693359
723.517456 25028.572266
747.166931 25018.431641
770.840576 25008.271484
794.538391 24998.091797
818.260376 24987.892578
842.006531 24977.673828
865.776855 24967.435547
889.571350 24957.179688
913.390015 24946.904297
937.232849 24936.609375
961.099854 24926.294922
984.991028 24915.960938
1008.906433 24905.607422
1032.845947 24895.236328
1056.809692 24884.845703
1080.797607 24874.435547
1104.809692 24864.005859
1128.845947 24853.556641
1152.906372 24843.087891
1176.990967 24832.601562
1201.095825 24822.095703
1225.222168 24811.572266
1249.369995 24801.029297
1273.539429 24790.468750
1297.730347 24779.890625
1321.942749 24769.292969
1346.176758 24758.677734
1370.432251 24748.042969
1394.709229 24737.390625
1419.007812 24726.720703
1443.327881 24716.031250
1467.669434 24705.324219
1492.032593 24694.597656
1516.417236 24683.853516
1540.823364 24673.089844
1565.251099 24662.308594
1589.700317 24651.509766
1614.171021 24640.691406
1638.663330 24629.855469
1663.177124 24619.000000
1687.712402 24608.126953
1712.269165 24597.234375
1736.847534 24586.324219
1761.447388 24575.396484
1786.068726 24564.449219
1810.711670 24553.484375
1835.376099 24542.500000
1860.062012 24531.498047
1884.769531 24520.478516
1909.498535 24509.439453
1934.249023 24498.382812
1959.021118 24487.306641
1983.814697 24476.212891
2008.629761 24465.099609
2033.466431 24453.968750
2058.324707 24442.820312
2083.204346 24431.652344
2108.105469 24420.466797
2133.028320 24409.261719
2157.972656 24398.039062
