-0.017212 0.011225
-0.034425 0.022450
-0.051637 0.033675
-0.068850 0.044900
-0.086062 0.056125
-0.103275 0.067350
-0.120487 0.078575
-0.137700 0.089800
-0.154912 0.101025
-0.172125 0.112250
-0.189337 0.123475
-0.206550 0.134700
-0.223762 0.145925
-0.240975 0.157150
-0.258187 0.168375
-0.275400 0.179600
-0.292612 0.190825
-0.309825 0.202050
-0.327037 0.213275
-0.344250 0.224500
-0.361462 0.235725
-0.378675 0.246950
-0.395887 0.258175
-0.413100 0.269400
-0.430313 0.280625
-0.447525 0.291850
-0.464738 0.303075
-0.481950 0.314300
-0.499163 0.325525
-0.516375 0.336750
-0.533588 0.347975
-0.550800 0.359200
-0.568013 0.370425
-0.585225 0.381650
-0.602438 0.392875
-0.619650 0.404100
-0.636863 0.415325
-0.654075 0.426550
-0.671288 0.437775
-0.688500 0.449000
-0.705388 0.460575
-0.722275 0.472150
-0.739163 0.483725
-0.756050 0.495300
-0.772938 0.506875
-0.789825 0.518450
-0.806713 0.530025
-0.823600 0.541600
-0.840488 0.553175
-0.857375 0.564750
-0.874263 0.576325
-0.891150 0.587900
-0.908037 0.599475
-0.924925 0.611050
-0.941812 0.622625
-0.958700 0.634200
-0.975587 0.645775
-0.992475 0.657350
-1.009362 0.668925
-1.026250 0.680500
-1.043138 0.692075
-1.060025 0.703650
-1.076913 0.715225
-1.093800 0.726799
-1.110688 0.738374
-1.127575 0.749949
-1.144463 0.761524
-1.161350 0.773099
-1.178238 0.784674
-1.195125 0.796249
-1.212013 0.807824
-1.228901 0.819399
-1.245788 0.830974
-1.262676 0.842549
-1.279563 0.854124
-1.296451 0.865699
-1.313338 0.877274
-1.330226 0.888849
-1.347113 0.900424
-1.364001 0.911999
-1.379663 0.924762
-1.395326 0.937524
-1.410988 0.950287
-1.426651 0.963049
-1.442313 0.975812
-1.457976 0.988574
-1.473638 1.001337
-1.489300 1.014099
-1.504963 1.026862
-1.520625 1.039624
-1.536288 1.052387
-1.551950 1.065149
-1.567613 1.077912
-1.583275 1.090675
-1.598937 1.103437
-1.614600 1.116200
-1.630262 1.128962
-1.645925 1.141725
-1.661587 1.154487
-1.677250 1.167250
-1.692912 1.180012
-1.708574 1.192775
-1.724237 1.205537
-1.739899 1.218300
-1.755562 1.231063
-1.771224 1.243825
-1.786887 1.256588
-1.802549 1.269350
-1.818211 1.282113
-1.833874 1.294875
-1.849536 1.307638
-1.865199 1.320400
-1.880861 1.333163
-1.896524 1.345925
-1.912186 1.358688
-1.927848 1.371451
-1.943511 1.384213
-1.959173 1.396976
-1.974836 1.409738
-1.990498 1.422501
-2.001948 1.423301
-2.013398 1.424101
-2.024848 1.424901
-2.036298 1.425701
-2.047748 1.426501
-2.059198 1.427301
-2.070648 1.428101
-2.082098 1.428901
-2.093549 1.429701
-2.104999 1.430501
-2.116449 1.431301
-2.127899 1.432101
-2.139349 1.432901
-2.150799 1.433701
-2.162249 1.434501
-2.173699 1.435301
-2.185149 1.436101
-2.196599 1.436901
-2.208049 1.437701
-2.219499 1.438501
-2.230949 1.439301
-2.242399 1.440101
-2.253849 1.440901
-2.265299 1.441701
-2.276749 1.442501
-2.288199 1.443301
-2.299649 1.444101
-2.311100 1.444901
-2.322550 1.445701
-2.334000 1.446501
-2.345450 1.447301
-2.356900 1.448101
-2.368350 1.448901
-2.379800 1.449701
-2.391250 1.450501
-2.402700 1.451301
-2.414150 1.452101
-2.425600 1.452901
-2.437050 1.453701
-2.448500 1.454501
-2.454788 1.450789
-2.461075 1.447076
-2.467363 1.443364
-2.473650 1.439651
-2.479938 1.435939
-2.486226 1.432226
-2.492513 1.428514
-2.498801 1.424801
-2.505088 1.421088
-2.511376 1.417376
-2.517663 1.413663
-2.523951 1.409951
-2.530239 1.406238
-2.536526 1.402526
-2.542814 1.398813
-2.549101 1.395101
-2.555389 1.391388
-2.561677 1.387676
-2.567964 1.383963
-2.574252 1.380251
-2.580539 1.376538
-2.586827 1.372826
-2.593114 1.369113
-2.599402 1.365400
-2.605690 1.361688
-2.611977 1.357975
-2.618265 1.354263
-2.624552 1.350550
-2.630840 1.346838
-2.637127 1.343125
-2.643415 1.339413
-2.649703 1.335700
-2.655990 1.331988
-2.662278 1.328275
-2.668565 1.324563
-2.674853 1.320850
-2.681140 1.317137
-2.687428 1.313425
-2.693716 1.309712
-2.700003 1.306000
-2.702878 1.318400
-2.705753 1.330800
-2.708628 1.343200
-2.711504 1.355600
-2.714379 1.368000
-2.717254 1.380400
-2.720129 1.392800
-2.723004 1.405200
-2.725879 1.417600
-2.728754 1.430000
-2.731629 1.442400
-2.734504 1.454800
-2.737379 1.467200
-2.740254 1.479600
-2.743129 1.492000
-2.746005 1.504400
-2.748880 1.516800
-2.751755 1.529200
-2.754630 1.541600
-2.757505 1.554000
-2.760380 1.566401
-2.763255 1.578801
-2.766130 1.591201
-2.769005 1.603601
-2.771880 1.616001
-2.774755 1.628401
-2.777631 1.640801
-2.780506 1.653201
-2.783381 1.665601
-2.786256 1.678001
-2.789131 1.690401
-2.792006 1.702801
-2.794881 1.715201
-2.797756 1.727601
-2.800631 1.740001
-2.803506 1.752401
-2.806381 1.764801
-2.809257 1.777201
-2.812132 1.789601
-2.815007 1.802001
-2.810719 1.814589
-2.806432 1.827176
-2.802144 1.839764
-2.797857 1.852351
-2.793569 1.864939
-2.789282 1.877526
-2.784994 1.890114
-2.780707 1.902701
-2.776419 1.915289
-2.772132 1.927877
-2.767844 1.940464
-2.763557 1.953052
-2.759269 1.965639
-2.754982 1.978227
-2.750695 1.990814
-2.746407 2.003402
-2.742120 2.015989
-2.737832 2.028577
-2.733545 2.041164
-2.729257 2.053752
-2.724970 2.066339
-2.720682 2.078927
-2.716395 2.091515
-2.712107 2.104102
-2.707820 2.116690
-2.703532 2.129277
-2.699245 2.141865
-2.694957 2.154452
-2.690670 2.167040
-2.686382 2.179627
-2.682095 2.192215
-2.677807 2.204803
-2.673520 2.217390
-2.669232 2.229978
-2.664945 2.242565
-2.660657 2.255153
-2.656370 2.267740
-2.652082 2.280328
-2.647795 2.292915
-2.643507 2.305503
-2.644258 2.325103
-2.645008 2.344703
-2.645758 2.364303
-2.646508 2.383903
-2.647258 2.403502
-2.648008 2.423102
-2.648758 2.442702
-2.649508 2.462302
-2.650258 2.481902
-2.651008 2.501502
-2.651758 2.521102
-2.652508 2.540702
-2.653258 2.560302
-2.654008 2.579902
-2.654758 2.599502
-2.655509 2.619102
-2.656259 2.638701
-2.657009 2.658301
-2.657759 2.677901
-2.658509 2.697501
-2.659259 2.717101
-2.660009 2.736701
-2.660759 2.756301
-2.661509 2.775901
-2.662259 2.795501
-2.663009 2.815101
-2.663759 2.834701
-2.664509 2.854300
-2.665259 2.873900
-2.666009 2.893500
-2.666759 2.913100
-2.667510 2.932700
-2.668260 2.952300
-2.669010 2.971900
-2.669760 2.991500
-2.670510 3.011100
-2.671260 3.030700
-2.672010 3.050300
-2.672760 3.069900
-2.673510 3.089499
-2.671748 3.113337
-2.669985 3.137175
-2.668223 3.161012
-2.666461 3.184850
-2.664698 3.208687
-2.662936 3.232525
-2.661173 3.256362
-2.659411 3.280200
-2.657649 3.304038
-2.655886 3.327875
-2.654124 3.351713
-2.652361 3.375550
-2.650599 3.399388
-2.648837 3.423225
-2.647074 3.447063
-2.645312 3.470901
-2.643549 3.494738
-2.641787 3.518576
-2.640025 3.542413
-2.638262 3.566251
-2.636500 3.590088
-2.634737 3.613926
-2.632975 3.637764
-2.631213 3.661601
-2.629450 3.685439
-2.627688 3.709276
-2.625926 3.733114
-2.624163 3.756951
-2.622401 3.780789
-2.620638 3.804626
-2.618876 3.828464
-2.617114 3.852302
-2.615351 3.876139
-2.613589 3.899977
-2.611826 3.923814
-2.610064 3.947652
-2.608302 3.971489
-2.606539 3.995327
-2.604777 4.019165
-2.603014 4.043002
-2.597902 4.051865
-2.592790 4.060727
-2.587677 4.069590
-2.582565 4.078452
-2.577452 4.087315
-2.572340 4.096177
-2.567228 4.105040
-2.562115 4.113902
-2.557003 4.122765
-2.551890 4.131627
-2.546778 4.140490
-2.541666 4.149352
-2.536553 4.158215
-2.531441 4.167077
-2.526328 4.175940
-2.521216 4.184802
-2.516104 4.193665
-2.510991 4.202527
-2.505879 4.211390
-2.500766 4.220252
-2.495654 4.229115
-2.490541 4.237977
-2.485429 4.246840
-2.480317 4.255702
-2.475204 4.264565
-2.470092 4.273427
-2.464979 4.282290
-2.459867 4.291152
-2.454755 4.300014
-2.449642 4.308877
-2.444530 4.317739
-2.439417 4.326602
-2.434305 4.335464
-2.429193 4.344327
-2.424080 4.353189
-2.418968 4.362052
-2.413855 4.370914
-2.408743 4.379777
-2.403630 4.388639
-2.398518 4.397502
-2.403481 4.403002
-2.408443 4.408502
-2.413405 4.414001
-2.418368 4.419501
-2.423330 4.425001
-2.428293 4.430501
-2.433255 4.436001
-2.438218 4.441501
-2.443180 4.447001
-2.448143 4.452500
-2.453105 4.458000
-2.458067 4.463500
-2.463030 4.469000
-2.467992 4.474500
-2.472955 4.480000
-2.477917 4.485499
-2.482880 4.490999
-2.487842 4.496499
-2.492805 4.501999
-2.497767 4.507499
-2.502729 4.512999
-2.507692 4.518498
-2.512654 4.523998
-2.517617 4.529498
-2.522579 4.534998
-2.527542 4.540498
-2.532504 4.545998
-2.537467 4.551497
-2.542429 4.556997
-2.547391 4.562497
-2.552354 4.567997
-2.557316 4.573497
-2.562279 4.578997
-2.567241 4.584496
-2.572204 4.589996
-2.577166 4.595496
-2.582129 4.600996
-2.587091 4.606496
-2.592053 4.611996
-2.597016 4.617496
-2.603578 4.631670
-2.610141 4.645845
-2.616703 4.660020
-2.623266 4.674195
-2.629828 4.688370
-2.636391 4.702545
-2.642953 4.716720
-2.649516 4.730895
-2.656078 4.745070
-2.662641 4.759245
-2.669203 4.773420
-2.675766 4.787595
-2.682328 4.801770
-2.688890 4.815945
-2.695453 4.830120
-2.702015 4.844295
-2.708578 4.858469
-2.715140 4.872644
-2.721703 4.886819
-2.728265 4.900994
-2.734828 4.915169
-2.741390 4.929344
-2.747953 4.943519
-2.754515 4.957694
-2.761078 4.971869
-2.767640 4.986044
-2.774203 5.000219
-2.780765 5.014394
-2.787328 5.028569
-2.793890 5.042744
-2.800452 5.056919
-2.807015 5.071094
-2.813577 5.085268
-2.820140 5.099443
-2.826702 5.113618
-2.833265 5.127793
-2.839827 5.141968
-2.846390 5.156143
-2.852952 5.170318
-2.859515 5.184493
-2.855615 5.193718
-2.851715 5.202943
-2.847815 5.212168
-2.843915 5.221393
-2.840014 5.230618
-2.836114 5.239842
-2.832214 5.249067
-2.828314 5.258292
-2.824414 5.267517
-2.820514 5.276742
-2.816614 5.285967
-2.812714 5.295192
-2.808814 5.304417
-2.804914 5.313642
-2.801014 5.322866
-2.797114 5.332091
-2.793214 5.341316
-2.789314 5.350541
-2.785414 5.359766
-2.781514 5.368991
-2.777614 5.378216
-2.773714 5.387441
-2.769814 5.396666
-2.765913 5.405890
-2.762013 5.415115
-2.758113 5.424340
-2.754213 5.433565
-2.750313 5.442790
-2.746413 5.452015
-2.742513 5.461240
-2.738613 5.470465
-2.734713 5.479690
-2.730813 5.488914
-2.726913 5.498139
-2.723013 5.507364
-2.719113 5.516589
-2.715213 5.525814
-2.711313 5.535039
-2.707413 5.544264
-2.703513 5.553489
-2.702538 5.555989
-2.701563 5.558489
-2.700588 5.560989
-2.699613 5.563489
-2.698638 5.565989
-2.697663 5.568489
-2.696688 5.570989
-2.695714 5.573489
-2.694739 5.575989
-2.693764 5.578489
-2.692789 5.580989
-2.691814 5.583489
-2.690839 5.585989
-2.689864 5.588490
-2.688889 5.590990
-2.687914 5.593490
-2.686939 5.595990
-2.685965 5.598490
-2.684990 5.600990
-2.684015 5.603490
-2.683040 5.605990
-2.682065 5.608490
-2.681090 5.610990
-2.680115 5.613490
-2.679140 5.615990
-2.678165 5.618490
-2.677191 5.620990
-2.676216 5.623490
-2.675241 5.625990
-2.674266 5.628490
-2.673291 5.630991
-2.672316 5.633491
-2.671341 5.635991
-2.670366 5.638491
-2.669391 5.640991
-2.668417 5.643491
-2.667442 5.645991
-2.666467 5.648491
-2.665492 5.650991
-2.664517 5.653491
-2.668342 5.661066
-2.672167 5.668641
-2.675992 5.676216
-2.679817 5.683791
-2.683642 5.691366
-2.687467 5.698941
-2.691292 5.706516
-2.695117 5.714091
-2.698941 5.721666
-2.702766 5.729241
-2.706591 5.736816
-2.710416 5.744391
-2.714241 5.751966
-2.718066 5.759542
-2.721891 5.767117
-2.725716 5.774692
-2.729541 5.782267
-2.733366 5.789842
-2.737191 5.797417
-2.741016 5.804992
-2.744841 5.812567
-2.748666 5.820142
-2.752491 5.827717
-2.756316 5.835292
-2.760141 5.842867
-2.763966 5.850442
-2.767791 5.858017
-2.771616 5.865592
-2.775440 5.873167
-2.779265 5.880742
-2.783090 5.888317
-2.786915 5.895892
-2.790740 5.903467
-2.794565 5.911042
-2.798390 5.918617
-2.802215 5.926192
-2.806040 5.933767
-2.809865 5.941342
-2.813690 5.948917
-2.817515 5.956492
-2.814627 5.956768
-2.811740 5.957043
-2.808852 5.957318
-2.805965 5.957593
-2.803077 5.957868
-2.800190 5.958143
-2.797302 5.958418
-2.794415 5.958694
-2.791528 5.958969
-2.788640 5.959244
-2.785753 5.959519
-2.782865 5.959794
-2.779978 5.960069
-2.777090 5.960344
-2.774203 5.960619
-2.771315 5.960895
-2.768428 5.961170
-2.765540 5.961445
-2.762653 5.961720
-2.759765 5.961995
-2.756878 5.962270
-2.753990 5.962545
-2.751103 5.962821
-2.748215 5.963096
-2.745328 5.963371
-2.742440 5.963646
-2.739553 5.963921
-2.736665 5.964196
-2.733778 5.964471
-2.730890 5.964746
-2.728003 5.965022
-2.725115 5.965297
-2.722228 5.965572
-2.719340 5.965847
-2.716453 5.966122
-2.713565 5.966397
-2.710678 5.966672
-2.707790 5.966948
-2.704903 5.967223
-2.702015 5.967498
-2.701340 5.956010
-2.700665 5.944523
-2.699991 5.933035
-2.699316 5.921548
-2.698641 5.910060
-2.697966 5.898573
-2.697291 5.887085
-2.696616 5.875598
-2.695941 5.864110
-2.695266 5.852623
-2.694591 5.841136
-2.693916 5.829648
-2.693241 5.818161
-2.692566 5.806673
-2.691891 5.795186
-2.691216 5.783698
-2.690541 5.772211
-2.689866 5.760723
-2.689191 5.749236
-2.688516 5.737748
-2.687841 5.726261
-2.687166 5.714773
-2.686491 5.703286
-2.685816 5.691798
-2.685141 5.680311
-2.684466 5.668823
-2.683791 5.657336
-2.683116 5.645848
-2.682441 5.634361
-2.681767 5.622873
-2.681092 5.611386
-2.680417 5.599898
-2.679742 5.588411
-2.679067 5.576923
-2.678392 5.565436
-2.677717 5.553948
-2.677042 5.542461
-2.676367 5.530973
-2.675692 5.519486
-2.675017 5.507998
-2.678842 5.512536
-2.682667 5.517074
-2.686492 5.521611
-2.690317 5.526149
-2.694142 5.530686
-2.697967 5.535224
-2.701792 5.539762
-2.705616 5.544299
-2.709441 5.548837
-2.713266 5.553374
-2.717091 5.557912
-2.720916 5.562449
-2.724741 5.566987
-2.728566 5.571525
-2.732391 5.576062
-2.736216 5.580600
-2.740041 5.585137
-2.743866 5.589675
-2.747691 5.594213
-2.751516 5.598750
-2.755341 5.603288
-2.759166 5.607825
-2.762991 5.612363
-2.766816 5.616900
-2.770641 5.621438
-2.774466 5.625976
-2.778291 5.630513
-2.782115 5.635051
-2.785940 5.639588
-2.789765 5.644126
-2.793590 5.648664
-2.797415 5.653201
-2.801240 5.657739
-2.805065 5.662276
-2.808890 5.666814
-2.812715 5.671351
-2.816540 5.675889
-2.820365 5.680427
-2.824190 5.684964
-2.828015 5.689502
-2.823627 5.692089
-2.819240 5.694676
-2.814852 5.697264
-2.810464 5.699851
-2.806077 5.702438
-2.801689 5.705026
-2.797302 5.707613
-2.792914 5.710200
-2.788526 5.712788
-2.784139 5.715375
-2.779751 5.717962
-2.775363 5.720550
-2.770976 5.723137
-2.766588 5.725724
-2.762201 5.728312
-2.757813 5.730899
-2.753425 5.733486
-2.749038 5.736073
-2.744650 5.738661
-2.740263 5.741248
-2.735875 5.743835
-2.731487 5.746423
-2.727100 5.749010
-2.722712 5.751597
-2.718324 5.754185
-2.713937 5.756772
-2.709549 5.759359
-2.705162 5.761947
-2.700774 5.764534
-2.696386 5.767121
-2.691999 5.769709
-2.687611 5.772296
-2.683223 5.774883
-2.678836 5.777471
-2.674448 5.780058
-2.670061 5.782645
-2.665673 5.785233
-2.661285 5.787820
-2.656898 5.790407
-2.652510 5.792994
-2.653585 5.796619
-2.654660 5.800244
-2.655735 5.803869
-2.656810 5.807494
-2.657885 5.811119
-2.658960 5.814744
-2.660035 5.818369
-2.661110 5.821994
-2.662185 5.825619
-2.663260 5.829244
-2.664335 5.832869
-2.665411 5.836493
-2.666486 5.840118
-2.667561 5.843743
-2.668636 5.847368
-2.669711 5.850993
-2.670786 5.854618
-2.671861 5.858243
-2.672936 5.861868
-2.674011 5.865493
-2.675086 5.869118
-2.676161 5.872743
-2.677236 5.876368
-2.678311 5.879992
-2.679386 5.883617
-2.680461 5.887242
-2.681536 5.890867
-2.682611 5.894492
-2.683686 5.898117
-2.684761 5.901742
-2.685836 5.905367
-2.686911 5.908992
-2.687986 5.912617
-2.689061 5.916242
-2.690136 5.919867
-2.691211 5.923491
-2.692286 5.927116
-2.693361 5.930741
-2.694436 5.934366
-2.695511 5.937991
-2.688424 5.947441
-2.681336 5.956891
-2.674249 5.966341
-2.667161 5.975791
-2.660074 5.985241
-2.652987 5.994691
-2.645899 6.004141
-2.638812 6.013591
-2.631724 6.023041
-2.624637 6.032491
-2.617549 6.041941
-2.610462 6.051391
-2.603374 6.060841
-2.596287 6.070291
-2.589199 6.079741
-2.582112 6.089190
-2.575024 6.098640
-2.567937 6.108090
-2.560849 6.117540
-2.553762 6.126990
-2.546674 6.136440
-2.539587 6.145890
-2.532500 6.155340
-2.525412 6.164790
-2.518325 6.174240
-2.511237 6.183690
-2.504150 6.193140
-2.497062 6.202590
-2.489975 6.212040
-2.482887 6.221490
-2.475800 6.230940
-2.468712 6.240390
-2.461625 6.249840
-2.454537 6.259290
-2.447450 6.268740
-2.440362 6.278190
-2.433275 6.287640
-2.426188 6.297090
-2.419100 6.306540
-2.412013 6.315989
-2.409600 6.325590
-2.407187 6.335190
-2.404775 6.344790
-2.402362 6.354390
-2.399950 6.363990
-2.397537 6.373590
-2.395125 6.383191
-2.392712 6.392791
-2.390300 6.402391
-2.387887 6.411991
-2.385474 6.421591
-2.383062 6.431191
-2.380649 6.440792
-2.378237 6.450392
-2.375824 6.459992
-2.373412 6.469592
-2.370999 6.479192
-2.368587 6.488792
-2.366174 6.498393
-2.363761 6.507993
-2.361349 6.517593
-2.358936 6.527193
-2.356524 6.536793
-2.354111 6.546393
-2.351699 6.555994
-2.349286 6.565594
-2.346874 6.575194
-2.344461 6.584794
-2.342048 6.594394
-2.339636 6.603994
-2.337223 6.613595
-2.334811 6.623195
-2.332398 6.632795
-2.329986 6.642395
-2.327573 6.651995
-2.325161 6.661595
-2.322748 6.671196
-2.320335 6.680796
-2.317923 6.690396
-2.315510 6.699996
-2.319985 6.710234
-2.324461 6.720471
-2.328936 6.730709
-2.333411 6.740947
-2.337886 6.751184
-2.342361 6.761422
-2.346836 6.771660
-2.351311 6.781898
-2.355786 6.792135
-2.360261 6.802373
-2.364737 6.812611
-2.369212 6.822848
-2.373687 6.833086
-2.378162 6.843324
-2.382637 6.853561
-2.387112 6.863799
-2.391587 6.874037
-2.396062 6.884274
-2.400537 6.894512
-2.405013 6.904750
-2.409488 6.914988
-2.413963 6.925225
-2.418438 6.935463
-2.422913 6.945701
-2.427388 6.955938
-2.431863 6.966176
-2.436338 6.976414
-2.440814 6.986651
-2.445289 6.996889
-2.449764 7.007127
-2.454239 7.017365
-2.458714 7.027602
-2.463189 7.037840
-2.467664 7.048078
-2.472139 7.058315
-2.476614 7.068553
-2.481090 7.078791
-2.485565 7.089028
-2.490040 7.099266
-2.494515 7.109504
-2.496215 7.117179
-2.497915 7.124854
-2.499615 7.132529
-2.501315 7.140204
-2.503015 7.147880
-2.504714 7.155555
-2.506414 7.163230
-2.508114 7.170905
-2.509814 7.178580
-2.511514 7.186255
-2.513214 7.193931
-2.514914 7.201606
-2.516614 7.209281
-2.518314 7.216956
-2.520014 7.224631
-2.521714 7.232306
-2.523414 7.239982
-2.525114 7.247657
-2.526814 7.255332
-2.528513 7.263007
-2.530213 7.270682
-2.531913 7.278358
-2.533613 7.286033
-2.535313 7.293708
-2.537013 7.301383
-2.538713 7.309058
-2.540413 7.316733
-2.542113 7.324409
-2.543813 7.332084
-2.545513 7.339759
-2.547213 7.347434
-2.548913 7.355109
-2.550612 7.362784
-2.552312 7.370460
-2.554012 7.378135
-2.555712 7.385810
-2.557412 7.393485
-2.559112 7.401160
-2.560812 7.408835
-2.562512 7.416511
-2.568649 7.419273
-2.574787 7.422035
-2.580924 7.424798
-2.587061 7.427560
-2.593199 7.430322
-2.599336 7.433084
-2.605474 7.435847
-2.611611 7.438609
-2.617748 7.441371
-2.623886 7.444134
-2.630023 7.446896
-2.636160 7.449658
-2.642298 7.452421
-2.648435 7.455183
-2.654572 7.457945
-2.660710 7.460708
-2.666847 7.463470
-2.672985 7.466232
-2.679122 7.468995
-2.685259 7.471757
-2.691397 7.474519
-2.697534 7.477282
-2.703671 7.480044
-2.709809 7.482806
-2.715946 7.485569
-2.722084 7.488331
-2.728221 7.491093
-2.734358 7.493855
-2.740496 7.496618
-2.746633 7.499380
-2.752770 7.502142
-2.758908 7.504905
-2.765045 7.507667
-2.771183 7.510429
-2.777320 7.513192
-2.783457 7.515954
-2.789595 7.518716
-2.795732 7.521479
-2.801869 7.524241
-2.808007 7.527003
-2.818044 7.522241
-2.828082 7.517478
-2.838119 7.512715
-2.848156 7.507953
-2.858194 7.503190
-2.868231 7.498427
-2.878269 7.493665
-2.888306 7.488902
-2.898344 7.484139
-2.908381 7.479377
-2.918418 7.474614
-2.928456 7.469851
-2.938493 7.465089
-2.948531 7.460326
-2.958568 7.455564
-2.968606 7.450801
-2.978643 7.446038
-2.988680 7.441276
-2.998718 7.436513
-3.008755 7.431750
-3.018793 7.426988
-3.028830 7.422225
-3.038867 7.417462
-3.048905 7.412700
-3.058942 7.407937
-3.068980 7.403174
-3.079017 7.398412
-3.089055 7.393649
-3.099092 7.388886
-3.109129 7.384124
-3.119167 7.379361
-3.129204 7.374599
-3.139242 7.369836
-3.149279 7.365073
-3.159317 7.360311
-3.169354 7.355548
-3.179391 7.350785
-3.189429 7.346023
-3.199466 7.341260
-3.209504 7.336497
-3.216266 7.341722
-3.223029 7.346948
-3.229791 7.352173
-3.236554 7.357398
-3.243316 7.362623
-3.250079 7.367848
-3.256841 7.373074
-3.263604 7.378299
-3.270366 7.383524
-3.277129 7.388749
-3.283891 7.393974
-3.290654 7.399199
-3.297416 7.404425
-3.304179 7.409650
-3.310941 7.414875
-3.317704 7.420100
-3.324466 7.425325
-3.331229 7.430551
-3.337991 7.435776
-3.344754 7.441001
-3.351516 7.446226
-3.358279 7.451451
-3.365041 7.456676
-3.371804 7.461902
-3.378566 7.467127
-3.385329 7.472352
-3.392091 7.477577
-3.398854 7.482802
-3.405616 7.488028
-3.412379 7.493253
-3.419141 7.498478
-3.425904 7.503703
-3.432666 7.508928
-3.439429 7.514153
-3.446191 7.519379
-3.452954 7.524604
-3.459716 7.529829
-3.466479 7.535054
-3.473241 7.540279
-3.480004 7.545505
-3.475454 7.549604
-3.470904 7.553704
-3.466354 7.557804
-3.461804 7.561904
-3.457254 7.566004
-3.452704 7.570104
-3.448154 7.574203
-3.443604 7.578303
-3.439054 7.582403
-3.434504 7.586503
-3.429954 7.590603
-3.425404 7.594703
-3.420854 7.598803
-3.416304 7.602902
-3.411754 7.607002
-3.407204 7.611102
-3.402654 7.615202
-3.398104 7.619302
-3.393554 7.623402
-3.389004 7.627501
-3.384454 7.631601
-3.379904 7.635701
-3.375354 7.639801
-3.370804 7.643901
-3.366254 7.648001
-3.361704 7.652101
-3.357154 7.656200
-3.352604 7.660300
-3.348054 7.664400
-3.343504 7.668500
-3.338954 7.672600
-3.334404 7.676700
-3.329854 7.680799
-3.325305 7.684899
-3.320755 7.688999
-3.316205 7.693099
-3.311655 7.697199
-3.307105 7.701299
-3.302555 7.705399
-3.298005 7.709498
-3.290655 7.712111
-3.283305 7.714724
-3.275955 7.717336
-3.268605 7.719949
-3.261255 7.722561
-3.253905 7.725174
-3.246555 7.727787
-3.239205 7.730399
-3.231855 7.733012
-3.224505 7.735624
-3.217155 7.738237
-3.209805 7.740849
-3.202455 7.743462
-3.195105 7.746075
-3.187755 7.748687
-3.180405 7.751300
-3.173055 7.753912
-3.165705 7.756525
-3.158355 7.759138
-3.151005 7.761750
-3.143655 7.764363
-3.136305 7.766975
-3.128955 7.769588
-3.121605 7.772201
-3.114255 7.774813
-3.106905 7.777426
-3.099555 7.780038
-3.092206 7.782651
-3.084856 7.785264
-3.077506 7.787876
-3.070156 7.790489
-3.062806 7.793101
-3.055456 7.795714
-3.048106 7.798326
-3.040756 7.800939
-3.033406 7.803552
-3.026056 7.806164
-3.018706 7.808777
-3.011356 7.811389
-3.004006 7.814002
-3.003956 7.826702
-3.003906 7.839402
-3.003856 7.852102
-3.003806 7.864802
-3.003756 7.877502
-3.003706 7.890203
-3.003655 7.902903
-3.003605 7.915603
-3.003555 7.928303
-3.003505 7.941003
-3.003455 7.953703
-3.003405 7.966403
-3.003355 7.979103
-3.003305 7.991803
-3.003255 8.004503
-3.003205 8.017203
-3.003155 8.029903
-3.003105 8.042603
-3.003055 8.055304
-3.003005 8.068004
-3.002954 8.080704
-3.002904 8.093404
-3.002854 8.106104
-3.002804 8.118804
-3.002754 8.131504
-3.002704 8.144204
-3.002654 8.156904
-3.002604 8.169604
-3.002554 8.182304
-3.002504 8.195004
-3.002454 8.207705
-3.002404 8.220405
-3.002354 8.233105
-3.002304 8.245805
-3.002254 8.258505
-3.002203 8.271205
-3.002153 8.283905
-3.002103 8.296605
-3.002053 8.309305
-3.002003 8.322005
-3.003941 8.325268
-3.005878 8.328530
-3.007815 8.331793
-3.009753 8.335055
-3.011690 8.338318
-3.013628 8.341580
-3.015565 8.344843
-3.017502 8.348105
-3.019440 8.351368
-3.021377 8.354630
-3.023314 8.357893
-3.025252 8.361156
-3.027189 8.364418
-3.029127 8.367681
-3.031064 8.370943
-3.033001 8.374206
-3.034939 8.377468
-3.036876 8.380731
-3.038814 8.383993
-3.040751 8.387256
-3.042688 8.390518
-3.044626 8.393781
-3.046563 8.397043
-3.048501 8.400306
-3.050438 8.403568
-3.052375 8.406831
-3.054313 8.410093
-3.056250 8.413356
-3.058187 8.416618
-3.060125 8.419881
-3.062062 8.423143
-3.064000 8.426406
-3.065937 8.429668
-3.067874 8.432931
-3.069812 8.436193
-3.071749 8.439456
-3.073687 8.442719
-3.075624 8.445981
-3.077561 8.449244
-3.079499 8.452506
-3.082849 8.446568
-3.086199 8.440631
-3.089549 8.434693
-3.092899 8.428756
-3.096249 8.422818
-3.099599 8.416881
-3.102949 8.410943
-3.106299 8.405005
-3.109649 8.399068
-3.112999 8.393130
-3.116349 8.387193
-3.119699 8.381255
-3.123049 8.375318
-3.126399 8.369380
-3.129749 8.363442
-3.133099 8.357505
-3.136449 8.351567
-3.139799 8.345630
-3.143149 8.339692
-3.146499 8.333755
-3.149849 8.327817
-3.153199 8.321879
-3.156549 8.315942
-3.159899 8.310004
-3.163249 8.304067
-3.166599 8.298129
-3.169949 8.292192
-3.173299 8.286254
-3.176649 8.280316
-3.179999 8.274379
-3.183349 8.268441
-3.186699 8.262504
-3.190049 8.256566
-3.193399 8.250628
-3.196749 8.244691
-3.200099 8.238753
-3.203449 8.232816
-3.206800 8.226878
-3.210150 8.220941
-3.213500 8.215003
-3.222112 8.209628
-3.230724 8.204253
-3.239337 8.198878
-3.247949 8.193503
-3.256562 8.188128
-3.265174 8.182754
-3.273786 8.177379
-3.282399 8.172004
-3.291011 8.166629
-3.299623 8.161254
-3.308236 8.155879
-3.316848 8.150504
-3.325461 8.145129
-3.334073 8.139754
-3.342685 8.134379
-3.351298 8.129004
-3.359910 8.123630
-3.368523 8.118255
-3.377135 8.112880
-3.385747 8.107505
-3.394360 8.102130
-3.402972 8.096755
-3.411585 8.091380
-3.420197 8.086005
-3.428809 8.080630
-3.437422 8.075255
-3.446034 8.069880
-3.454647 8.064506
-3.463259 8.059131
-3.471871 8.053756
-3.480484 8.048381
-3.489096 8.043006
-3.497709 8.037631
-3.506321 8.032256
-3.514933 8.026881
-3.523546 8.021506
-3.532158 8.016131
-3.540771 8.010756
-3.549383 8.005382
-3.557995 8.000007
-3.565345 7.986882
-3.572695 7.973757
-3.580045 7.960632
-3.587395 7.947507
-3.594745 7.934382
-3.602095 7.921257
-3.609445 7.908132
-3.616795 7.895007
-3.624145 7.881882
-3.631495 7.868757
-3.638845 7.855632
-3.646195 7.842507
-3.653545 7.829382
-3.660895 7.816257
-3.668245 7.803133
-3.675595 7.790008
-3.682945 7.776883
-3.690295 7.763758
-3.697645 7.750633
-3.704995 7.737508
-3.712345 7.724383
-3.719695 7.711258
-3.727045 7.698133
-3.734395 7.685008
-3.741745 7.671883
-3.749094 7.658758
-3.756444 7.645633
-3.763794 7.632508
-3.771144 7.619383
-3.778494 7.606258
-3.785844 7.593133
-3.793194 7.580009
-3.800544 7.566884
-3.807894 7.553759
-3.815244 7.540634
-3.822594 7.527509
-3.829944 7.514384
-3.837294 7.501259
-3.844644 7.488134
-3.851994 7.475009
-3.867269 7.473022
-3.882544 7.471034
-3.897819 7.469047
-3.913094 7.467059
-3.928369 7.465072
-3.943644 7.463084
-3.958919 7.461097
-3.974194 7.459109
-3.989469 7.457122
-4.004744 7.455134
-4.020019 7.453147
-4.035294 7.451159
-4.050569 7.449172
-4.065844 7.447185
-4.081119 7.445197
-4.096394 7.443210
-4.111669 7.441222
-4.126944 7.439235
-4.142219 7.437247
-4.157494 7.435260
-4.172769 7.433272
-4.188044 7.431285
-4.203319 7.429297
-4.218594 7.427310
-4.233869 7.425323
-4.249144 7.423335
-4.264419 7.421348
-4.279694 7.419360
-4.294969 7.417373
-4.310244 7.415385
-4.325519 7.413398
-4.340794 7.411410
-4.356069 7.409423
-4.371344 7.407435
-4.386619 7.405448
-4.401894 7.403461
-4.417169 7.401473
-4.432444 7.399486
-4.447719 7.397498
-4.462994 7.395511
-4.479106 7.382311
-4.495219 7.369111
-4.511331 7.355911
-4.527443 7.342711
-4.543556 7.329512
-4.559668 7.316312
-4.575780 7.303112
-4.591893 7.289912
-4.608005 7.276712
-4.624117 7.263513
-4.640230 7.250313
-4.656342 7.237113
-4.672454 7.223913
-4.688567 7.210713
-4.704679 7.197514
-4.720791 7.184314
-4.736904 7.171114
-4.753016 7.157914
-4.769128 7.144714
-4.785241 7.131515
-4.801353 7.118315
-4.817465 7.105115
-4.833578 7.091915
-4.849690 7.078715
-4.865802 7.065516
-4.881915 7.052316
-4.898027 7.039116
-4.914139 7.025916
-4.930252 7.012716
-4.946364 6.999516
-4.962476 6.986317
-4.978589 6.973117
-4.994701 6.959917
-5.010813 6.946717
-5.026926 6.933517
-5.043038 6.920318
-5.059150 6.907118
-5.075263 6.893918
-5.091375 6.880718
-5.107487 6.867518
-5.119262 6.857769
-5.131037 6.848019
-5.142812 6.838269
-5.154587 6.828519
-5.166362 6.818769
-5.178137 6.809019
-5.189912 6.799269
-5.201687 6.789519
-5.213462 6.779769
-5.225237 6.770020
-5.237012 6.760270
-5.248787 6.750520
-5.260562 6.740770
-5.272337 6.731020
-5.284112 6.721270
-5.295887 6.711520
-5.307662 6.701770
-5.319438 6.692020
-5.331213 6.682271
-5.342988 6.672521
-5.354763 6.662771
-5.366538 6.653021
-5.378313 6.643271
-5.390088 6.633521
-5.401863 6.623771
-5.413638 6.614021
-5.425413 6.604271
-5.437188 6.594522
-5.448963 6.584772
-5.460738 6.575022
-5.472513 6.565272
-5.484288 6.555522
-5.496063 6.545772
-5.507838 6.536022
-5.519613 6.526272
-5.531388 6.516522
-5.543163 6.506773
-5.554938 6.497023
-5.566713 6.487273
-5.578488 6.477523
-5.589488 6.473198
-5.600488 6.468873
-5.611488 6.464548
-5.622488 6.460223
-5.633489 6.455898
-5.644489 6.451573
-5.655489 6.447248
-5.666489 6.442924
-5.677489 6.438599
-5.688489 6.434274
-5.699490 6.429949
-5.710490 6.425624
-5.721490 6.421299
-5.732490 6.416974
-5.743490 6.412649
-5.754490 6.408324
-5.765491 6.403999
-5.776491 6.399674
-5.787491 6.395350
-5.798491 6.391025
-5.809491 6.386700
-5.820491 6.382375
-5.831491 6.378050
-5.842492 6.373725
-5.853492 6.369400
-5.864492 6.365075
-5.875492 6.360750
-5.886492 6.356425
-5.897492 6.352100
-5.908493 6.347775
-5.919493 6.343451
-5.930493 6.339126
-5.941493 6.334801
-5.952493 6.330476
-5.963493 6.326151
-5.974494 6.321826
-5.985494 6.317501
-5.996494 6.313176
-6.007494 6.308851
-6.018494 6.304526
-6.027744 6.302239
-6.036994 6.299952
-6.046245 6.297664
-6.055495 6.295377
-6.064745 6.293089
-6.073995 6.290802
-6.083245 6.288515
-6.092495 6.286227
-6.101746 6.283940
-6.110996 6.281652
-6.120246 6.279365
-6.129496 6.277078
-6.138746 6.274790
-6.147996 6.272503
-6.157247 6.270216
-6.166497 6.267928
-6.175747 6.265641
-6.184997 6.263353
-6.194247 6.261066
-6.203497 6.258779
-6.212748 6.256491
-6.221998 6.254204
-6.231248 6.251916
-6.240498 6.249629
-6.249748 6.247342
-6.258998 6.245054
-6.268249 6.242767
-6.277499 6.240479
-6.286749 6.238192
-6.295999 6.235905
-6.305249 6.233617
-6.314499 6.231330
-6.323750 6.229043
-6.333000 6.226755
-6.342250 6.224468
-6.351500 6.222180
-6.360750 6.219893
-6.370000 6.217606
-6.379251 6.215318
-6.388501 6.213031
-6.396151 6.208418
-6.403800 6.203806
-6.411450 6.199193
-6.419100 6.194581
-6.426750 6.189969
-6.434400 6.185356
-6.442050 6.180744
-6.449700 6.176131
-6.457350 6.171519
-6.465000 6.166906
-6.472650 6.162294
-6.480299 6.157681
-6.487949 6.153069
-6.495599 6.148457
-6.503249 6.143844
-6.510899 6.139232
-6.518549 6.134619
-6.526199 6.130007
-6.533849 6.125394
-6.541499 6.120782
-6.549149 6.116169
-6.556798 6.111557
-6.564448 6.106945
-6.572098 6.102332
-6.579748 6.097720
-6.587398 6.093107
-6.595048 6.088495
-6.602698 6.083882
-6.610348 6.079270
-6.617998 6.074657
-6.625648 6.070045
-6.633297 6.065433
-6.640947 6.060820
-6.648597 6.056208
-6.656247 6.051595
-6.663897 6.046983
-6.671547 6.042370
-6.679197 6.037758
-6.686847 6.033145
-6.694497 6.028533
-6.669984 6.026371
-6.645472 6.024208
-6.620960 6.022046
-6.596447 6.019883
-6.571935 6.017721
-6.547423 6.015558
-6.522911 6.013396
-6.498398 6.011233
-6.473886 6.009071
-6.449374 6.006908
-6.424861 6.004746
-6.400349 6.002584
-6.375837 6.000421
-6.351325 5.998259
-6.326812 5.996096
-6.302300 5.993934
-6.277788 5.991771
-6.253275 5.989609
-6.228763 5.987446
-6.204251 5.985284
-6.179739 5.983121
-6.155226 5.980959
-6.130714 5.978796
-6.106202 5.976634
-6.081689 5.974472
-6.057177 5.972309
-6.032665 5.970147
-6.008152 5.967984
-5.983640 5.965822
-5.959128 5.963659
-5.934616 5.961497
-5.910103 5.959334
-5.885591 5.957172
-5.861079 5.955009
-5.836566 5.952847
-5.812054 5.950685
-5.787542 5.948522
-5.763030 5.946360
-5.738517 5.944197
-5.714005 5.942035
-5.678167 5.933072
-5.642330 5.924109
-5.606492 5.915147
-5.570654 5.906184
-5.534817 5.897222
-5.498979 5.888259
-5.463141 5.879296
-5.427304 5.870334
-5.391466 5.861371
-5.355628 5.852408
-5.319791 5.843446
-5.283953 5.834483
-5.248116 5.825521
-5.212278 5.816558
-5.176440 5.807595
-5.140603 5.798633
-5.104765 5.789670
-5.068927 5.780707
-5.033090 5.771745
-4.997252 5.762782
-4.961414 5.753819
-4.925577 5.744857
-4.889739 5.735894
-4.853901 5.726932
-4.818064 5.717969
-4.782226 5.709006
-4.746388 5.700044
-4.710551 5.691081
-4.674713 5.682118
-4.638875 5.673156
-4.603038 5.664193
-4.567200 5.655231
-4.531363 5.646268
-4.495525 5.637305
-4.459687 5.628343
-4.423850 5.619380
-4.388012 5.610417
-4.352174 5.601455
-4.316337 5.592492
-4.280499 5.583529
-4.243499 5.583129
-4.206499 5.582729
-4.169498 5.582329
-4.132498 5.581929
-4.095498 5.581529
-4.058498 5.581129
-4.021498 5.580729
-3.984498 5.580329
-3.947498 5.579929
-3.910498 5.579529
-3.873498 5.579129
-3.836498 5.578729
-3.799498 5.578329
-3.762498 5.577929
-3.725498 5.577528
-3.688498 5.577128
-3.651498 5.576728
-3.614498 5.576328
-3.577498 5.575928
-3.540498 5.575528
-3.503499 5.575128
-3.466499 5.574728
-3.429499 5.574328
-3.392499 5.573928
-3.355499 5.573528
-3.318499 5.573128
-3.281499 5.572728
-3.244499 5.572328
-3.207499 5.571928
-3.170499 5.571527
-3.133499 5.571127
-3.096499 5.570727
-3.059499 5.570327
-3.022499 5.569927
-2.985499 5.569527
-2.948499 5.569127
-2.911500 5.568727
-2.874500 5.568327
-2.837500 5.567927
-2.800500 5.567527
-2.778950 5.556190
-2.757400 5.544852
-2.735850 5.533515
-2.714300 5.522178
-2.692750 5.510840
-2.671200 5.499503
-2.649650 5.488166
-2.628100 5.476829
-2.606550 5.465491
-2.585000 5.454154
-2.563450 5.442817
-2.541900 5.431479
-2.520350 5.420142
-2.498801 5.408805
-2.477251 5.397468
-2.455701 5.386130
-2.434151 5.374793
-2.412601 5.363456
-2.391051 5.352118
-2.369501 5.340781
-2.347951 5.329444
-2.326401 5.318107
-2.304851 5.306769
-2.283301 5.295432
-2.261751 5.284095
-2.240201 5.272758
-2.218651 5.261420
-2.197101 5.250083
-2.175551 5.238746
-2.154001 5.227408
-2.132452 5.216071
-2.110902 5.204734
-2.089352 5.193397
-2.067802 5.182059
-2.046252 5.170722
-2.024702 5.159385
-2.003152 5.148047
-1.981602 5.136710
-1.960052 5.125373
-1.938502 5.114036
-1.927165 5.101248
-1.915827 5.088461
-1.904490 5.075674
-1.893152 5.062886
-1.881814 5.050099
-1.870477 5.037312
-1.859139 5.024524
-1.847802 5.011737
-1.836464 4.998950
-1.825127 4.986162
-1.813789 4.973375
-1.802452 4.960588
-1.791114 4.947800
-1.779777 4.935013
-1.768439 4.922225
-1.757102 4.909438
-1.745764 4.896651
-1.734427 4.883863
-1.723089 4.871076
-1.711752 4.858289
-1.700414 4.845501
-1.689077 4.832714
-1.677739 4.819927
-1.666402 4.807139
-1.655064 4.794352
-1.643727 4.781565
-1.632389 4.768777
-1.621052 4.755990
-1.609714 4.743203
-1.598377 4.730415
-1.587039 4.717628
-1.575701 4.704841
-1.564364 4.692053
-1.553026 4.679266
-1.541689 4.666479
-1.530351 4.653691
-1.519014 4.640904
-1.507676 4.628117
-1.496339 4.615329
-1.485001 4.602542
-1.470351 4.598879
-1.455701 4.595217
-1.441051 4.591554
-1.426401 4.587892
-1.411751 4.584229
-1.397101 4.580566
-1.382451 4.576904
-1.367801 4.573241
-1.353151 4.569579
-1.338501 4.565916
-1.323851 4.562253
-1.309201 4.558591
-1.294551 4.554928
-1.279902 4.551266
-1.265252 4.547603
-1.250602 4.543941
-1.235952 4.540278
-1.221302 4.536615
-1.206652 4.532953
-1.192002 4.529290
-1.177352 4.525628
-1.162702 4.521965
-1.148052 4.518302
-1.133402 4.514640
-1.118752 4.510977
-1.104102 4.507315
-1.089452 4.503652
-1.074802 4.499990
-1.060152 4.496327
-1.045502 4.492664
-1.030852 4.489002
-1.016202 4.485339
-1.001552 4.481677
-0.986902 4.478014
-0.972252 4.474351
-0.957602 4.470689
-0.942952 4.467026
-0.928302 4.463364
-0.913652 4.459701
-0.899002 4.456038
-0.884377 4.452814
-0.869752 4.449589
-0.855127 4.446364
-0.840502 4.443139
-0.825877 4.439914
-0.811252 4.436689
-0.796627 4.433465
-0.782002 4.430240
-0.767377 4.427015
-0.752752 4.423790
-0.738127 4.420565
-0.723502 4.417340
-0.708877 4.414115
-0.694252 4.410891
-0.679627 4.407666
-0.665002 4.404441
-0.650377 4.401216
-0.635752 4.397991
-0.621127 4.394766
-0.606502 4.391541
-0.591877 4.388317
-0.577252 4.385092
-0.562627 4.381867
-0.548002 4.378642
-0.533377 4.375417
-0.518752 4.372192
-0.504126 4.368968
-0.489501 4.365743
-0.474876 4.362518
-0.460251 4.359293
-0.445626 4.356068
-0.431001 4.352843
-0.416376 4.349618
-0.401751 4.346394
-0.387126 4.343169
-0.372501 4.339944
-0.357876 4.336719
-0.343251 4.333494
-0.328626 4.330269
-0.314001 4.327044
-0.299226 4.321532
-0.284451 4.316019
-0.269676 4.310506
-0.254901 4.304994
-0.240126 4.299481
-0.225351 4.293968
-0.210576 4.288455
-0.195801 4.282943
-0.181026 4.277430
-0.166251 4.271917
-0.151476 4.266405
-0.136701 4.260892
-0.121926 4.255379
-0.107151 4.249866
-0.092376 4.244354
-0.077601 4.238841
-0.062826 4.233328
-0.048051 4.227816
-0.033276 4.222303
-0.018501 4.216790
-0.003726 4.211277
0.011049 4.205765
0.025824 4.200252
0.040599 4.194739
0.055374 4.189227
0.070149 4.183714
0.084924 4.178201
0.099699 4.172688
0.114474 4.167176
0.129249 4.161663
0.144024 4.156150
0.158799 4.150638
0.173574 4.145125
0.188349 4.139612
0.203124 4.134099
0.217899 4.128587
0.232674 4.123074
0.247449 4.117561
0.262224 4.112049
0.276999 4.106536
0.282799 4.103986
0.288599 4.101436
0.294399 4.098886
0.300199 4.096335
0.305999 4.093785
0.311799 4.091235
0.317599 4.088685
0.323399 4.086135
0.329199 4.083585
0.334999 4.081035
0.340799 4.078485
0.346599 4.075934
0.352399 4.073384
0.358199 4.070834
0.363999 4.068284
0.369799 4.065734
0.375599 4.063184
0.381399 4.060634
0.387199 4.058084
0.392999 4.055533
0.398799 4.052983
0.404599 4.050433
0.410399 4.047883
0.416199 4.045333
0.421999 4.042783
0.427799 4.040233
0.433599 4.037683
0.439399 4.035132
0.445199 4.032582
0.450999 4.030032
0.456799 4.027482
0.462599 4.024932
0.468399 4.022382
0.474199 4.019832
0.479999 4.017282
0.485799 4.014731
0.491599 4.012181
0.497399 4.009631
0.503199 4.007081
0.508999 4.004531
0.515986 4.002531
0.522974 4.000531
0.529961 3.998531
0.536949 3.996531
0.543936 3.994531
0.550924 3.992531
0.557911 3.990531
0.564899 3.988531
0.571886 3.986531
0.578874 3.984530
0.585862 3.982530
0.592849 3.980530
0.599837 3.978530
0.606824 3.976530
0.613812 3.974530
0.620799 3.972530
0.627787 3.970530
0.634774 3.968530
0.641762 3.966530
0.648749 3.964530
0.655737 3.962529
0.662724 3.960529
0.669712 3.958529
0.676699 3.956529
0.683687 3.954529
0.690674 3.952529
0.697662 3.950529
0.704649 3.948529
0.711637 3.946529
0.718624 3.944529
0.725612 3.942528
0.732599 3.940528
0.739587 3.938528
0.746574 3.936528
0.753562 3.934528
0.760549 3.932528
0.767537 3.930528
0.774524 3.928528
0.781512 3.926528
0.788499 3.924528
0.794324 3.924240
0.800149 3.923953
0.805974 3.923665
0.811799 3.923378
0.817624 3.923090
0.823449 3.922802
0.829274 3.922515
0.835099 3.922227
0.840924 3.921940
0.846749 3.921652
0.852574 3.921365
0.858399 3.921077
0.864224 3.920790
0.870049 3.920502
0.875874 3.920215
0.881699 3.919927
0.887524 3.919640
0.893349 3.919352
0.899174 3.919065
0.904999 3.918777
0.910824 3.918489
0.916649 3.918202
0.922474 3.917914
0.928299 3.917627
0.934124 3.917339
0.939949 3.917052
0.945774 3.916764
0.951599 3.916477
0.957424 3.916189
0.963249 3.915902
0.969074 3.915614
0.974899 3.915327
0.980724 3.915039
0.986549 3.914752
0.992374 3.914464
0.998199 3.914176
1.004024 3.913889
1.009849 3.913601
1.015674 3.913314
1.021499 3.913026
1.026636 3.911351
1.031774 3.909677
1.036911 3.908002
1.042049 3.906327
1.047186 3.904652
1.052324 3.902977
1.057461 3.901302
1.062598 3.899627
1.067736 3.897952
1.072873 3.896277
1.078011 3.894603
1.083148 3.892928
1.088286 3.891253
1.093423 3.889578
1.098561 3.887903
1.103698 3.886228
1.108835 3.884553
1.113973 3.882878
1.119110 3.881203
1.124248 3.879529
1.129385 3.877854
1.134523 3.876179
1.139660 3.874504
1.144798 3.872829
1.149935 3.871154
1.155072 3.869479
1.160210 3.867804
1.165347 3.866129
1.170485 3.864455
1.175622 3.862780
1.180760 3.861105
1.185897 3.859430
1.191035 3.857755
1.196172 3.856080
1.201309 3.854405
1.206447 3.852730
1.211584 3.851055
1.216722 3.849380
1.221859 3.847706
1.226997 3.846031
1.226972 3.845106
1.226947 3.844181
1.226922 3.843256
1.226897 3.842330
1.226871 3.841405
1.226846 3.840480
1.226821 3.839555
1.226796 3.838630
1.226771 3.837705
1.226746 3.836780
1.226721 3.835855
1.226696 3.834930
1.226671 3.834005
1.226646 3.833080
1.226621 3.832155
1.226596 3.831230
1.226571 3.830305
1.226546 3.829380
1.226521 3.828454
1.226496 3.827529
1.226471 3.826604
1.226446 3.825679
1.226421 3.824754
1.226396 3.823829
1.226371 3.822904
1.226346 3.821979
1.226321 3.821054
1.226296 3.820129
1.226271 3.819204
1.226246 3.818279
1.226221 3.817354
1.226196 3.816429
1.226171 3.815504
1.226146 3.814579
1.226120 3.813653
1.226095 3.812728
1.226070 3.811803
1.226045 3.810878
1.226020 3.809953
1.225995 3.809028
1.221233 3.806828
1.216470 3.804628
1.211708 3.802428
1.206945 3.800229
1.202183 3.798029
1.197420 3.795829
1.192658 3.793629
1.187895 3.791429
1.183133 3.789229
1.178370 3.787029
1.173607 3.784829
1.168845 3.782629
1.164082 3.780430
1.159320 3.778230
1.154557 3.776030
1.149795 3.773830
1.145032 3.771630
1.140270 3.769430
1.135507 3.767230
1.130745 3.765030
1.125982 3.762830
1.121220 3.760631
1.116457 3.758431
1.111695 3.756231
1.106932 3.754031
1.102170 3.751831
1.097407 3.749631
1.092644 3.747431
1.087882 3.745231
1.083119 3.743032
1.078357 3.740832
1.073594 3.738632
1.068832 3.736432
1.064069 3.734232
1.059307 3.732032
1.054544 3.729832
1.049782 3.727632
1.045019 3.725432
1.040257 3.723233
1.035494 3.721033
1.032107 3.715720
1.028719 3.710408
1.025332 3.705095
1.021944 3.699783
1.018557 3.694470
1.015169 3.689158
1.011782 3.683846
1.008394 3.678533
1.005007 3.673221
1.001620 3.667908
0.998232 3.662596
0.994845 3.657283
0.991457 3.651971
0.988070 3.646658
0.984682 3.641346
0.981295 3.636034
0.977907 3.630721
0.974519 3.625409
0.971132 3.620096
0.967744 3.614784
0.964357 3.609471
0.960969 3.604159
0.957582 3.598846
0.954194 3.593534
0.950807 3.588222
0.947419 3.582909
0.944032 3.577597
0.940644 3.572284
0.937257 3.566972
0.933869 3.561659
0.930482 3.556347
0.927094 3.551034
0.923707 3.545722
0.920319 3.540410
0.916932 3.535097
0.913544 3.529785
0.910157 3.524472
0.906769 3.519160
0.903382 3.513847
0.899994 3.508535
0.894819 3.504697
0.889644 3.500860
0.884469 3.497022
0.879294 3.493185
0.874119 3.489347
0.868944 3.485509
0.863769 3.481672
0.858594 3.477834
0.853419 3.473997
0.848244 3.470159
0.843069 3.466321
0.837894 3.462484
0.832719 3.458646
0.827544 3.454809
0.822369 3.450971
0.817194 3.447134
0.812019 3.443296
0.806844 3.439458
0.801669 3.435621
0.796494 3.431783
0.791319 3.427946
0.786144 3.424108
0.780969 3.420270
0.775794 3.416433
0.770619 3.412595
0.765444 3.408758
0.760269 3.404920
0.755094 3.401083
0.749919 3.397245
0.744744 3.393407
0.739569 3.389570
0.734394 3.385732
0.729219 3.381895
0.724044 3.378057
0.718869 3.374219
0.713694 3.370382
0.708519 3.366544
0.703344 3.362707
0.698169 3.358869
0.692994 3.355031
0.686607 3.349594
0.680219 3.344156
0.673832 3.338719
0.667444 3.333281
0.661057 3.327843
0.654669 3.322406
0.648282 3.316968
0.641894 3.311531
0.635507 3.306093
0.629119 3.300655
0.622732 3.295218
0.616344 3.289780
0.609957 3.284343
0.603569 3.278905
0.597181 3.273467
0.590794 3.268030
0.584406 3.262592
0.578019 3.257154
0.571631 3.251717
0.565244 3.246279
0.558856 3.240842
0.552469 3.235404
0.546081 3.229966
0.539694 3.224529
0.533306 3.219091
0.526919 3.213654
0.520531 3.208216
0.514144 3.202778
0.507756 3.197341
0.501369 3.191903
0.494981 3.186466
0.488594 3.181028
0.482206 3.175590
0.475819 3.170153
0.469431 3.164715
0.463044 3.159277
0.456656 3.153840
0.450269 3.148402
0.443881 3.142965
0.437494 3.137527
0.431406 3.136615
0.425318 3.135702
0.419231 3.134790
0.413143 3.133877
0.407056 3.132965
0.400968 3.132052
0.394881 3.131140
0.388793 3.130228
0.382706 3.129315
0.376618 3.128403
0.370531 3.127490
0.364443 3.126578
0.358356 3.125665
0.352268 3.124753
0.346181 3.123841
0.340093 3.122928
0.334006 3.122016
0.327918 3.121103
0.321831 3.120191
0.315743 3.119278
0.309656 3.118366
0.303568 3.117454
0.297481 3.116541
0.291393 3.115629
0.285306 3.114716
0.279218 3.113804
0.273131 3.112891
0.267043 3.111979
0.260956 3.111067
0.254868 3.110154
0.248781 3.109242
0.242693 3.108329
0.236606 3.107417
0.230518 3.106504
0.224431 3.105592
0.218343 3.104680
0.212256 3.103767
0.206168 3.102855
0.200081 3.101942
0.193993 3.101030
0.193106 3.094242
0.192218 3.087455
0.191331 3.080667
0.190443 3.073880
0.189556 3.067092
0.188668 3.060305
0.187781 3.053517
0.186893 3.046730
0.186006 3.039942
0.185118 3.033154
0.184231 3.026367
0.183343 3.019579
0.182456 3.012792
0.181568 3.006004
0.180681 2.999217
0.179793 2.992429
0.178906 2.985642
0.178018 2.978854
0.177131 2.972067
0.176244 2.965279
0.175356 2.958492
0.174469 2.951704
0.173581 2.944916
0.172694 2.938129
0.171806 2.931341
0.170919 2.924554
0.170031 2.917766
0.169144 2.910979
0.168256 2.904191
0.167369 2.897404
0.166481 2.890616
0.165594 2.883829
0.164706 2.877041
0.163819 2.870254
0.162931 2.863466
0.162044 2.856678
0.161156 2.849891
0.160269 2.843103
0.159381 2.836316
0.158494 2.829528
0.151956 2.824828
0.145419 2.820128
0.138881 2.815428
0.132344 2.810729
0.125806 2.806029
0.119269 2.801329
0.112731 2.796629
0.106194 2.791929
0.099656 2.787229
0.093119 2.782529
0.086581 2.777829
0.080044 2.773129
0.073506 2.768429
0.066969 2.763729
0.060431 2.759029
0.053894 2.754329
0.047356 2.749629
0.040819 2.744929
0.034281 2.740229
0.027744 2.735529
0.021206 2.730829
0.014669 2.726130
0.008131 2.721430
0.001594 2.716730
-0.004944 2.712030
-0.011481 2.707330
-0.018019 2.702630
-0.024556 2.697930
-0.031094 2.693230
-0.037631 2.688530
-0.044169 2.683830
-0.050706 2.679130
-0.057244 2.674430
-0.063781 2.669730
-0.070319 2.665030
-0.076856 2.660330
-0.083394 2.655630
-0.089931 2.650930
-0.096469 2.646230
-0.103006 2.641531
-0.103881 2.641268
-0.104756 2.641006
-0.105631 2.640743
-0.106506 2.640481
-0.107381 2.640218
-0.108256 2.639956
-0.109131 2.639693
-0.110006 2.639431
-0.110881 2.639168
-0.111756 2.638906
-0.112631 2.638643
-0.113506 2.638381
-0.114381 2.638118
-0.115256 2.637856
-0.116131 2.637593
-0.117006 2.637331
-0.117881 2.637068
-0.118756 2.636806
-0.119631 2.636543
-0.120507 2.636281
-0.121382 2.636018
-0.122257 2.635756
-0.123132 2.635493
-0.124007 2.635231
-0.124882 2.634968
-0.125757 2.634706
-0.126632 2.634443
-0.127507 2.634181
-0.128382 2.633918
-0.129257 2.633656
-0.130132 2.633393
-0.131007 2.633131
-0.131882 2.632868
-0.132757 2.632606
-0.133632 2.632343
-0.134507 2.632081
-0.135382 2.631818
-0.136257 2.631556
-0.137132 2.631293
-0.138007 2.631031
-0.141144 2.626118
-0.144282 2.621205
-0.147419 2.616293
-0.150557 2.611380
-0.153694 2.606467
-0.156832 2.601555
-0.159969 2.596642
-0.163107 2.591730
-0.166244 2.586817
-0.169382 2.581904
-0.172519 2.576992
-0.175657 2.572079
-0.178794 2.567167
-0.181932 2.562254
-0.185069 2.557341
-0.188207 2.552429
-0.191344 2.547516
-0.194482 2.542603
-0.197619 2.537691
-0.200757 2.532778
-0.203894 2.527866
-0.207032 2.522953
-0.210169 2.518040
-0.213307 2.513128
-0.216444 2.508215
-0.219582 2.503303
-0.222719 2.498390
-0.225857 2.493477
-0.228994 2.488565
-0.232132 2.483652
-0.235269 2.478740
-0.238407 2.473827
-0.241544 2.468914
-0.244682 2.464002
-0.247819 2.459089
-0.250957 2.454176
-0.254094 2.449264
-0.257232 2.444351
-0.260369 2.439439
-0.263507 2.434526
-0.267894 2.427626
-0.272282 2.420726
-0.276669 2.413826
-0.281057 2.406926
-0.285444 2.400026
-0.289832 2.393126
-0.294219 2.386225
-0.298607 2.379325
-0.302994 2.372425
-0.307382 2.365525
-0.311769 2.358625
-0.316157 2.351725
-0.320544 2.344825
-0.324932 2.337925
-0.329319 2.331025
-0.333707 2.324125
-0.338094 2.317225
-0.342482 2.310325
-0.346869 2.303425
-0.351257 2.296525
-0.355644 2.289624
-0.360032 2.282724
-0.364419 2.275824
-0.368807 2.268924
-0.373194 2.262024
-0.377582 2.255124
-0.381969 2.248224
-0.386357 2.241324
-0.390744 2.234424
-0.395132 2.227524
-0.399519 2.220624
-0.403907 2.213724
-0.408294 2.206824
-0.412682 2.199924
-0.417069 2.193023
-0.421457 2.186123
-0.425844 2.179223
-0.430232 2.172323
-0.434619 2.165423
-0.439007 2.158523
-0.445482 2.154498
-0.451957 2.150473
-0.458432 2.146448
-0.464907 2.142423
-0.471381 2.138398
-0.477856 2.134373
-0.484331 2.130348
-0.490806 2.126323
-0.497281 2.122298
-0.503756 2.118273
-0.510231 2.114248
-0.516706 2.110223
-0.523181 2.106198
-0.529656 2.102173
-0.536131 2.098148
-0.542606 2.094123
-0.549081 2.090098
-0.555556 2.086073
-0.562031 2.082048
-0.568506 2.078023
-0.574981 2.073998
-0.581456 2.069973
-0.587931 2.065948
-0.594406 2.061924
-0.600881 2.057899
-0.607356 2.053874
-0.613831 2.049849
-0.620306 2.045824
-0.626781 2.041799
-0.633256 2.037774
-0.639731 2.033749
-0.646206 2.029724
-0.652681 2.025699
-0.659156 2.021674
-0.665631 2.017649
-0.672106 2.013624
-0.678581 2.009599
-0.685056 2.005574
-0.691531 2.001549
-0.698005 1.997524
-0.706705 1.989911
-0.715405 1.982299
-0.724105 1.974686
-0.732805 1.967074
-0.741505 1.959461
-0.750205 1.951849
-0.758905 1.944237
-0.767605 1.936624
-0.776305 1.929012
-0.785005 1.921399
-0.793705 1.913787
-0.802405 1.906174
-0.811105 1.898562
-0.819805 1.890949
-0.828505 1.883337
-0.837205 1.875724
-0.845905 1.868112
-0.854605 1.860499
-0.863305 1.852887
-0.872005 1.845274
-0.880705 1.837662
-0.889404 1.830050
-0.898104 1.822437
-0.906804 1.814825
-0.915504 1.807212
-0.924204 1.799600
-0.932904 1.791987
-0.941604 1.784375
-0.950304 1.776762
-0.959004 1.769150
-0.967704 1.761537
-0.976404 1.753925
-0.985104 1.746312
-0.993804 1.738700
-1.002504 1.731087
-1.011204 1.723475
-1.019904 1.715863
-1.028604 1.708250
-1.037304 1.700638
-1.046004 1.693025
-1.060541 1.679975
-1.075079 1.666925
-1.089616 1.653875
-1.104154 1.640825
-1.118691 1.627775
-1.133229 1.614725
-1.147766 1.601675
-1.162304 1.588625
-1.176841 1.575575
-1.191378 1.562526
-1.205916 1.549476
-1.220453 1.536426
-1.234991 1.523376
-1.249528 1.510326
-1.264066 1.497276
-1.278603 1.484226
-1.293141 1.471176
-1.307678 1.458126
-1.322216 1.445076
-1.336753 1.432026
-1.351290 1.418976
-1.365828 1.405926
-1.380365 1.392876
-1.394903 1.379826
-1.409440 1.366776
-1.423978 1.353726
-1.438515 1.340676
-1.453053 1.327626
-1.467590 1.314576
-1.482128 1.301526
-1.496665 1.288476
-1.511202 1.275426
-1.525740 1.262376
-1.540277 1.249326
-1.554815 1.236277
-1.569352 1.223227
-1.583890 1.210177
-1.598427 1.197127
-1.612965 1.184077
-1.627502 1.171027
-1.641402 1.163127
-1.655302 1.155227
-1.669202 1.147327
-1.683102 1.139427
-1.697002 1.131527
-1.710902 1.123627
-1.724802 1.115727
-1.738702 1.107827
-1.752602 1.099927
-1.766502 1.092027
-1.780403 1.084127
-1.794303 1.076227
-1.808203 1.068327
-1.822103 1.060427
-1.836003 1.052527
-1.849903 1.044627
-1.863803 1.036727
-1.877703 1.028827
-1.891603 1.020927
-1.905503 1.013027
-1.919403 1.005127
-1.933303 0.997227
-1.947203 0.989327
-1.961103 0.981427
-1.975003 0.973527
-1.988903 0.965627
-2.002803 0.957727
-2.016703 0.949827
-2.030603 0.941927
-2.044503 0.934027
-2.058403 0.926127
-2.072303 0.918227
-2.086203 0.910327
-2.100103 0.902427
-2.114003 0.894527
-2.127903 0.886627
-2.141804 0.878727
-2.155704 0.870827
-2.169604 0.862927
-2.183504 0.855027
-2.197004 0.847227
-2.210504 0.839427
-2.224004 0.831627
-2.237504 0.823827
-2.251004 0.816027
-2.264503 0.808227
-2.278003 0.800427
-2.291503 0.792627
-2.305003 0.784827
-2.318503 0.777027
-2.332003 0.769227
-2.345503 0.761427
-2.359003 0.753627
-2.372503 0.745827
-2.386003 0.738027
-2.399503 0.730227
-2.413003 0.722427
-2.426503 0.714627
-2.440003 0.706827
-2.453503 0.699027
-2.467003 0.691227
-2.480503 0.683427
-2.494003 0.675627
-2.507503 0.667827
-2.521003 0.660027
-2.534503 0.652227
-2.548003 0.644427
-2.561503 0.636627
-2.575003 0.628827
-2.588503 0.621027
-2.602003 0.613227
-2.615503 0.605427
-2.629003 0.597627
-2.642503 0.589827
-2.656003 0.582027
-2.669503 0.574227
-2.683003 0.566427
-2.696503 0.558627
-2.710003 0.550827
-2.723503 0.543027
-2.736128 0.532202
-2.748753 0.521377
-2.761378 0.510552
-2.774003 0.499727
-2.786628 0.488902
-2.799253 0.478077
-2.811877 0.467252
-2.824502 0.456427
-2.837127 0.445602
-2.849752 0.434777
-2.862377 0.423952
-2.875002 0.413127
-2.887627 0.402302
-2.900252 0.391477
-2.912877 0.380652
-2.925502 0.369827
-2.938127 0.359002
-2.950752 0.348177
-2.963377 0.337352
-2.976002 0.326527
-2.988627 0.315702
-3.001252 0.304877
-3.013877 0.294052
-3.026502 0.283227
-3.039127 0.272402
-3.051752 0.261577
-3.064377 0.250752
-3.077002 0.239927
-3.089627 0.229102
-3.102252 0.218277
-3.114877 0.207452
-3.127502 0.196627
-3.140127 0.185802
-3.152752 0.174977
-3.165377 0.164152
-3.178002 0.153327
-3.190627 0.142502
-3.203252 0.131677
-3.215877 0.120852
-3.228502 0.110027
-3.236014 0.097290
-3.243527 0.084552
-3.251040 0.071815
-3.258552 0.059077
-3.266065 0.046340
-3.273577 0.033602
-3.281090 0.020865
-3.288602 0.008127
-3.296115 -0.004610
-3.303627 -0.017348
-3.311140 -0.030085
-3.318653 -0.042823
-3.326165 -0.055560
-3.333678 -0.068298
-3.341190 -0.081035
-3.348703 -0.093773
-3.356215 -0.106510
-3.363728 -0.119248
-3.371241 -0.131985
-3.378753 -0.144723
-3.386266 -0.157460
-3.393778 -0.170198
-3.401291 -0.182935
-3.408803 -0.195673
-3.416316 -0.208410
-3.423829 -0.221148
-3.431341 -0.233885
-3.438854 -0.246623
-3.446366 -0.259360
-3.453879 -0.272098
-3.461391 -0.284835
-3.468904 -0.297573
-3.476417 -0.310310
-3.483929 -0.323048
-3.491442 -0.335785
-3.498954 -0.348523
-3.506467 -0.361260
-3.513979 -0.373998
-3.521492 -0.386735
-3.529005 -0.399473
-3.559205 -0.398248
-3.589405 -0.397023
-3.619605 -0.395798
-3.649805 -0.394573
-3.680005 -0.393348
-3.710205 -0.392123
-3.740405 -0.390898
-3.770605 -0.389673
-3.800805 -0.388448
-3.831005 -0.387223
-3.861205 -0.385998
-3.891405 -0.384773
-3.921605 -0.383548
-3.951805 -0.382323
-3.982005 -0.381098
-4.012205 -0.379873
-4.042405 -0.378648
-4.072605 -0.377423
-4.102805 -0.376198
-4.133005 -0.374973
-4.163205 -0.373748
-4.193405 -0.372523
-4.223605 -0.371298
-4.253805 -0.370073
-4.284005 -0.368848
-4.314205 -0.367623
-4.344405 -0.366398
-4.374605 -0.365173
-4.404805 -0.363948
-4.435005 -0.362723
-4.465205 -0.361498
-4.495405 -0.360273
-4.525605 -0.359048
-4.555805 -0.357823
-4.586005 -0.356598
-4.616205 -0.355373
-4.646405 -0.354148
-4.676605 -0.352923
-4.706805 -0.351698
-4.737005 -0.350473
-4.725855 -0.363836
-4.714705 -0.377198
-4.703555 -0.390561
-4.692405 -0.403923
-4.681255 -0.417286
-4.670105 -0.430648
-4.658956 -0.444011
-4.647806 -0.457373
-4.636656 -0.470736
-4.625506 -0.484098
-4.614356 -0.497461
-4.603206 -0.510824
-4.592056 -0.524186
-4.580906 -0.537549
-4.569757 -0.550911
-4.558607 -0.564274
-4.547457 -0.577636
-4.536307 -0.590999
-4.525157 -0.604361
-4.514007 -0.617724
-4.502857 -0.631086
-4.491707 -0.644449
-4.480557 -0.657811
-4.469408 -0.671174
-4.458258 -0.684536
-4.447108 -0.697899
-4.435958 -0.711261
-4.424808 -0.724624
-4.413658 -0.737987
-4.402508 -0.751349
-4.391358 -0.764712
-4.380208 -0.778074
-4.369059 -0.791437
-4.357909 -0.804799
-4.346759 -0.818162
-4.335609 -0.831524
-4.324459 -0.844887
-4.313309 -0.858249
-4.302159 -0.871612
-4.291009 -0.884974
-4.263559 -0.891999
-4.236109 -0.899024
-4.208659 -0.906049
-4.181209 -0.913074
-4.153759 -0.920099
-4.126309 -0.927124
-4.098859 -0.934149
-4.071409 -0.941174
-4.043959 -0.948199
-4.016509 -0.955224
-3.989058 -0.962249
-3.961608 -0.969274
-3.934158 -0.976299
-3.906708 -0.983324
-3.879258 -0.990349
-3.851808 -0.997374
-3.824358 -1.004399
-3.796908 -1.011424
-3.769458 -1.018449
-3.742008 -1.025474
-3.714558 -1.032499
-3.687108 -1.039524
-3.659657 -1.046549
-3.632207 -1.053574
-3.604757 -1.060599
-3.577307 -1.067624
-3.549857 -1.074649
-3.522407 -1.081674
-3.494957 -1.088699
-3.467507 -1.095724
-3.440057 -1.102749
-3.412607 -1.109774
-3.385157 -1.116799
-3.357707 -1.123824
-3.330256 -1.130849
-3.302806 -1.137874
-3.275356 -1.144899
-3.247906 -1.151924
-3.220456 -1.158949
-3.193006 -1.165974
-3.171618 -1.171362
-3.150231 -1.176750
-3.128843 -1.182137
-3.107456 -1.187525
-3.086068 -1.192912
-3.064681 -1.198300
-3.043293 -1.203687
-3.021905 -1.209075
-3.000518 -1.214462
-2.979130 -1.219850
-2.957743 -1.225237
-2.936355 -1.230625
-2.914968 -1.236013
-2.893580 -1.241400
-2.872192 -1.246788
-2.850805 -1.252175
-2.829417 -1.257563
-2.808030 -1.262950
-2.786642 -1.268338
-2.765254 -1.273725
-2.743867 -1.279113
-2.722479 -1.284500
-2.701092 -1.289888
-2.679704 -1.295276
-2.658317 -1.300663
-2.636929 -1.306051
-2.615541 -1.311438
-2.594154 -1.316826
-2.572766 -1.322213
-2.551379 -1.327601
-2.529991 -1.332988
-2.508604 -1.338376
-2.487216 -1.343763
-2.465828 -1.349151
-2.444441 -1.354539
-2.423053 -1.359926
-2.401666 -1.365314
-2.380278 -1.370701
-2.358891 -1.376089
-2.337503 -1.381476
-2.326766 -1.393226
-2.316028 -1.404976
-2.305291 -1.416726
-2.294553 -1.428476
-2.283816 -1.440226
-2.273078 -1.451976
-2.262341 -1.463726
-2.251604 -1.475476
-2.240866 -1.487226
-2.230129 -1.498976
-2.219391 -1.510726
-2.208654 -1.522476
-2.197917 -1.534226
-2.187179 -1.545976
-2.176442 -1.557726
-2.165704 -1.569476
-2.154967 -1.581226
-2.144229 -1.592976
-2.133492 -1.604726
-2.122755 -1.616476
-2.112017 -1.628226
-2.101280 -1.639976
-2.090542 -1.651726
-2.079805 -1.663476
-2.069067 -1.675226
-2.058330 -1.686976
-2.047593 -1.698726
-2.036855 -1.710476
-2.026118 -1.722226
-2.015380 -1.733976
-2.004643 -1.745726
-1.993905 -1.757476
-1.983168 -1.769226
-1.972430 -1.780976
-1.961693 -1.792726
-1.950955 -1.804476
-1.940218 -1.816226
-1.929480 -1.827976
-1.918743 -1.839726
-1.908005 -1.851476
-1.911230 -1.854001
-1.914455 -1.856526
-1.917680 -1.859051
-1.920905 -1.861575
-1.924130 -1.864100
-1.927355 -1.866625
-1.930580 -1.869150
-1.933805 -1.871675
-1.937030 -1.874200
-1.940255 -1.876725
-1.943480 -1.879250
-1.946705 -1.881775
-1.949930 -1.884300
-1.953155 -1.886825
-1.956380 -1.889350
-1.959605 -1.891875
-1.962830 -1.894400
-1.966055 -1.896925
-1.969280 -1.899450
-1.972504 -1.901975
-1.975729 -1.904500
-1.978954 -1.907025
-1.982179 -1.909550
-1.985404 -1.912075
-1.988629 -1.914600
-1.991854 -1.917125
-1.995079 -1.919650
-1.998304 -1.922175
-2.001529 -1.924700
-2.004754 -1.927225
-2.007979 -1.929750
-2.011204 -1.932275
-2.014430 -1.934800
-2.017655 -1.937325
-2.020880 -1.939850
-2.024105 -1.942375
-2.027330 -1.944900
-2.030555 -1.947425
-2.033780 -1.949950
-2.037005 -1.952474
-2.022555 -1.955524
-2.008105 -1.958574
-1.993655 -1.961624
-1.979205 -1.964674
-1.964755 -1.967724
-1.950305 -1.970774
-1.935855 -1.973824
-1.921405 -1.976874
-1.906955 -1.979924
-1.892505 -1.982974
-1.878055 -1.986024
-1.863605 -1.989074
-1.849156 -1.992124
-1.834706 -1.995174
-1.820256 -1.998224
-1.805806 -2.001274
-1.791356 -2.004324
-1.776906 -2.007374
-1.762456 -2.010424
-1.748006 -2.013474
-1.733556 -2.016525
-1.719106 -2.019575
-1.704656 -2.022625
-1.690206 -2.025675
-1.675756 -2.028725
-1.661306 -2.031775
-1.646856 -2.034825
-1.632406 -2.037875
-1.617956 -2.040925
-1.603506 -2.043975
-1.589056 -2.047025
-1.574606 -2.050076
-1.560156 -2.053126
-1.545707 -2.056176
-1.531257 -2.059226
-1.516807 -2.062276
-1.502357 -2.065326
-1.487907 -2.068376
-1.473457 -2.071426
-1.459007 -2.074476
-1.451157 -2.078851
-1.443307 -2.083226
-1.435457 -2.087601
-1.427607 -2.091976
-1.419757 -2.096351
-1.411906 -2.100726
-1.404056 -2.105101
-1.396206 -2.109476
-1.388356 -2.113851
-1.380506 -2.118226
-1.372656 -2.122601
-1.364806 -2.126976
-1.356956 -2.131351
-1.349106 -2.135726
-1.341256 -2.140101
-1.333406 -2.144476
-1.325556 -2.148851
-1.317706 -2.153226
-1.309856 -2.157601
-1.302006 -2.161976
-1.294156 -2.166351
-1.286306 -2.170726
-1.278456 -2.175101
-1.270606 -2.179476
-1.262756 -2.183851
-1.254905 -2.188226
-1.247055 -2.192601
-1.239205 -2.196976
-1.231355 -2.201351
-1.223505 -2.205726
-1.215655 -2.210101
-1.207805 -2.214476
-1.199955 -2.218851
-1.192105 -2.223226
-1.184255 -2.227601
-1.176405 -2.231976
-1.168555 -2.236351
-1.160705 -2.240726
-1.152855 -2.245100
-1.145005 -2.249475
-1.143305 -2.258213
-1.141605 -2.266951
-1.139905 -2.275688
-1.138205 -2.284426
-1.136505 -2.293163
-1.134804 -2.301901
-1.133104 -2.310638
-1.131404 -2.319376
-1.129704 -2.328114
-1.128004 -2.336851
-1.126304 -2.345589
-1.124604 -2.354326
-1.122904 -2.363064
-1.121204 -2.371801
-1.119504 -2.380539
-1.117804 -2.389277
-1.116104 -2.398014
-1.114404 -2.406752
-1.112704 -2.415489
-1.111004 -2.424227
-1.109304 -2.432964
-1.107604 -2.441702
-1.105904 -2.450439
-1.104204 -2.459177
-1.102504 -2.467915
-1.100804 -2.476652
-1.099104 -2.485390
-1.097404 -2.494127
-1.095703 -2.502865
-1.094003 -2.511602
-1.092303 -2.520340
-1.090603 -2.529078
-1.088903 -2.537815
-1.087203 -2.546553
-1.085503 -2.555290
-1.083803 -2.564028
-1.082103 -2.572765
-1.080403 -2.581503
-1.078703 -2.590240
-1.077003 -2.598978
-1.080091 -2.603390
-1.083178 -2.607803
-1.086266 -2.612215
-1.089353 -2.616628
-1.092441 -2.621040
-1.095528 -2.625453
-1.098616 -2.629865
-1.101703 -2.634277
-1.104791 -2.638690
-1.107878 -2.643102
-1.110966 -2.647515
-1.114053 -2.651927
-1.117141 -2.656339
-1.120228 -2.660752
-1.123316 -2.665164
-1.126403 -2.669577
-1.129491 -2.673989
-1.132578 -2.678401
-1.135666 -2.682814
-1.138753 -2.687226
-1.141841 -2.691639
-1.144928 -2.696051
-1.148016 -2.700464
-1.151103 -2.704876
-1.154191 -2.709288
-1.157279 -2.713701
-1.160366 -2.718113
-1.163454 -2.722526
-1.166541 -2.726938
-1.169629 -2.731350
-1.172716 -2.735763
-1.175804 -2.740175
-1.178891 -2.744588
-1.181979 -2.749000
-1.185066 -2.753412
-1.188154 -2.757825
-1.191241 -2.762237
-1.194329 -2.766650
-1.197416 -2.771062
-1.200504 -2.775475
-1.197329 -2.784387
-1.194154 -2.793300
-1.190979 -2.802212
-1.187804 -2.811125
-1.184629 -2.820037
-1.181454 -2.828950
-1.178279 -2.837862
-1.175104 -2.846775
-1.171929 -2.855688
-1.168754 -2.864600
-1.165579 -2.873513
-1.162404 -2.882425
-1.159229 -2.891338
-1.156054 -2.900250
-1.152879 -2.909163
-1.149704 -2.918076
-1.146528 -2.926988
-1.143353 -2.935901
-1.140178 -2.944813
-1.137003 -2.953726
-1.133828 -2.962638
-1.130653 -2.971551
-1.127478 -2.980464
-1.124303 -2.989376
-1.121128 -2.998289
-1.117953 -3.007201
-1.114778 -3.016114
-1.111603 -3.025026
-1.108428 -3.033939
-1.105253 -3.042851
-1.102078 -3.051764
-1.098903 -3.060677
-1.095728 -3.069589
-1.092553 -3.078502
-1.089378 -3.087414
-1.086203 -3.096327
-1.083028 -3.105239
-1.079853 -3.114152
-1.076678 -3.123065
-1.073503 -3.131977
-1.046890 -3.142827
-1.020278 -3.153677
-0.993665 -3.164527
-0.967053 -3.175377
-0.940440 -3.186227
-0.913828 -3.197077
-0.887215 -3.207927
-0.860603 -3.218777
-0.833990 -3.229627
-0.807378 -3.240477
-0.780765 -3.251327
-0.754153 -3.262177
-0.727540 -3.273026
-0.700928 -3.283876
-0.674315 -3.294726
-0.647703 -3.305576
-0.621090 -3.316426
-0.594478 -3.327276
-0.567865 -3.338126
-0.541253 -3.348976
-0.514640 -3.359826
-0.488028 -3.370676
-0.461415 -3.381526
-0.434803 -3.392376
-0.408190 -3.403226
-0.381577 -3.414076
-0.354965 -3.424926
-0.328352 -3.435776
-0.301740 -3.446626
-0.275127 -3.457476
-0.248515 -3.468326
-0.221902 -3.479176
-0.195290 -3.490026
-0.168677 -3.500875
-0.142065 -3.511725
-0.115452 -3.522575
-0.088840 -3.533425
-0.062227 -3.544275
-0.035615 -3.555125
-0.009002 -3.565975
0.029935 -3.576975
0.068873 -3.587975
0.107810 -3.598975
0.146748 -3.609975
0.185685 -3.620975
0.224623 -3.631975
0.263560 -3.642975
0.302498 -3.653975
0.341435 -3.664974
0.380373 -3.675974
0.419310 -3.686974
0.458248 -3.697974
0.497185 -3.708974
0.536123 -3.719974
0.575060 -3.730974
0.613998 -3.741974
0.652935 -3.752974
0.691873 -3.763974
0.730810 -3.774974
0.769748 -3.785974
0.808685 -3.796973
0.847623 -3.807973
0.886560 -3.818973
0.925498 -3.829973
0.964435 -3.840973
1.003373 -3.851973
1.042310 -3.862973
1.081248 -3.873973
1.120186 -3.884973
1.159123 -3.895973
1.198061 -3.906973
1.236998 -3.917973
1.275936 -3.928972
1.314873 -3.939972
1.353811 -3.950972
1.392749 -3.961972
1.431686 -3.972972
1.470624 -3.983972
1.509561 -3.994972
1.548499 -4.005972
1.570761 -4.007684
1.593024 -4.009397
1.615287 -4.011109
1.637549 -4.012821
1.659812 -4.014534
1.682074 -4.016246
1.704337 -4.017958
1.726599 -4.019670
1.748862 -4.021383
1.771125 -4.023095
1.793387 -4.024807
1.815650 -4.026520
1.837912 -4.028232
1.860175 -4.029944
1.882437 -4.031657
1.904700 -4.033369
1.926963 -4.035081
1.949225 -4.036794
1.971488 -4.038506
1.993750 -4.040218
2.016013 -4.041931
2.038275 -4.043643
2.060538 -4.045355
2.082801 -4.047068
2.105063 -4.048780
2.127326 -4.050492
2.149588 -4.052205
2.171851 -4.053917
2.194113 -4.055629
2.216376 -4.057342
2.238639 -4.059054
2.260901 -4.060766
2.283164 -4.062479
2.305426 -4.064191
2.327689 -4.065903
2.349952 -4.067616
2.372214 -4.069328
2.394477 -4.071040
2.416739 -4.072752
2.439002 -4.074465
2.471652 -4.075515
2.504302 -4.076565
2.536952 -4.077615
2.569602 -4.078665
2.602252 -4.079715
2.634902 -4.080765
2.667552 -4.081815
2.700202 -4.082865
2.732852 -4.083915
2.765502 -4.084965
2.798152 -4.086015
2.830802 -4.087065
2.863452 -4.088115
2.896102 -4.089165
2.928752 -4.090215
2.961402 -4.091265
2.994052 -4.092315
3.026702 -4.093365
3.059352 -4.094415
3.092002 -4.095465
3.124652 -4.096515
3.157302 -4.097565
3.189952 -4.098615
3.222602 -4.099665
3.255252 -4.100715
3.287902 -4.101765
3.320552 -4.102815
3.353202 -4.103865
3.385852 -4.104915
3.418502 -4.105965
3.451152 -4.107015
3.483802 -4.108065
3.516452 -4.109115
3.549102 -4.110165
3.581752 -4.111215
3.614402 -4.112265
3.647052 -4.113315
3.679702 -4.114365
3.712352 -4.115415
3.745002 -4.116465
3.776289 -4.127152
3.807576 -4.137839
3.838864 -4.148527
3.870151 -4.159214
3.901439 -4.169901
3.932726 -4.180589
3.964014 -4.191276
3.995301 -4.201963
4.026588 -4.212651
4.057876 -4.223338
4.089164 -4.234025
4.120451 -4.244713
4.151739 -4.255400
4.183027 -4.266088
4.214314 -4.276775
4.245602 -4.287462
4.276890 -4.298150
4.308177 -4.308837
4.339465 -4.319524
4.370753 -4.330212
4.402040 -4.340899
4.433328 -4.351586
4.464616 -4.362274
4.495903 -4.372961
4.527191 -4.383648
4.558479 -4.394336
4.589767 -4.405023
4.621054 -4.415710
4.652342 -4.426398
4.683630 -4.437085
4.714917 -4.447773
4.746205 -4.458460
4.777493 -4.469147
4.808780 -4.479835
4.840068 -4.490522
4.871356 -4.501209
4.902643 -4.511897
4.933931 -4.522584
4.965219 -4.533271
4.996506 -4.543959
5.010293 -4.548209
5.024081 -4.552459
5.037868 -4.556709
5.051655 -4.560959
5.065443 -4.565209
5.079230 -4.569459
5.093017 -4.573709
5.106804 -4.577959
5.120592 -4.582209
5.134379 -4.586459
5.148166 -4.590709
5.161953 -4.594959
5.175741 -4.599209
5.189528 -4.603459
5.203315 -4.607709
5.217103 -4.611959
5.230890 -4.616210
5.244677 -4.620460
5.258464 -4.624710
5.272252 -4.628960
5.286039 -4.633210
5.299826 -4.637460
5.313613 -4.641710
5.327401 -4.645960
5.341188 -4.650210
5.354975 -4.654460
5.368762 -4.658710
5.382550 -4.662960
5.396337 -4.667210
5.410124 -4.671460
5.423912 -4.675710
5.437699 -4.679960
5.451486 -4.684210
5.465273 -4.688460
5.479061 -4.692710
5.492848 -4.696960
5.506635 -4.701210
5.520422 -4.705461
5.534210 -4.709711
5.547997 -4.713961
5.566422 -4.719511
5.584847 -4.725060
5.603272 -4.730610
5.621697 -4.736160
5.640122 -4.741710
5.658547 -4.747260
5.676972 -4.752810
5.695397 -4.758360
5.713822 -4.763910
5.732247 -4.769460
5.750672 -4.775010
5.769097 -4.780560
5.787522 -4.786109
5.805947 -4.791659
5.824372 -4.797209
5.842797 -4.802759
5.861222 -4.808309
5.879647 -4.813859
5.898072 -4.819409
5.916497 -4.824959
5.934922 -4.830509
5.953347 -4.836059
5.971772 -4.841609
5.990197 -4.847158
6.008622 -4.852708
6.027047 -4.858258
6.045472 -4.863808
6.063897 -4.869358
6.082322 -4.874908
6.100747 -4.880458
6.119172 -4.886008
6.137597 -4.891558
6.156022 -4.897108
6.174447 -4.902658
6.192872 -4.908207
6.211297 -4.913757
6.229722 -4.919307
6.248147 -4.924857
6.266572 -4.930407
6.284997 -4.935957
6.294959 -4.936632
6.304922 -4.937307
6.314884 -4.937983
6.324847 -4.938658
6.334809 -4.939333
6.344772 -4.940008
6.354734 -4.940683
6.364697 -4.941359
6.374660 -4.942034
6.384622 -4.942709
6.394585 -4.943384
6.404547 -4.944059
6.414510 -4.944735
6.424472 -4.945410
6.434435 -4.946085
6.444397 -4.946760
6.454360 -4.947435
6.464323 -4.948111
6.474285 -4.948786
6.484248 -4.949461
6.494210 -4.950136
6.504173 -4.950811
6.514135 -4.951487
6.524098 -4.952162
6.534060 -4.952837
6.544023 -4.953512
6.553986 -4.954187
6.563948 -4.954863
6.573911 -4.955538
6.583873 -4.956213
6.593836 -4.956888
6.603798 -4.957563
6.613761 -4.958239
6.623724 -4.958914
6.633686 -4.959589
6.643649 -4.960264
6.653611 -4.960939
6.663574 -4.961615
6.673536 -4.962290
6.683499 -4.962965
6.697174 -4.968015
6.710849 -4.973065
6.724524 -4.978116
6.738200 -4.983166
6.751875 -4.988216
6.765550 -4.993266
6.779225 -4.998316
6.792901 -5.003366
6.806576 -5.008417
6.820251 -5.013467
6.833926 -5.018517
6.847601 -5.023567
6.861277 -5.028617
6.874952 -5.033668
6.888627 -5.038718
6.902302 -5.043768
6.915977 -5.048818
6.929653 -5.053868
6.943328 -5.058918
6.957003 -5.063969
6.970678 -5.069019
6.984354 -5.074069
6.998029 -5.079119
7.011704 -5.084169
7.025379 -5.089220
7.039054 -5.094270
7.052730 -5.099320
7.066405 -5.104370
7.080080 -5.109420
7.093755 -5.114470
7.107430 -5.119521
7.121106 -5.124571
7.134781 -5.129621
7.148456 -5.134671
7.162131 -5.139721
7.175807 -5.144772
7.189482 -5.149822
7.203157 -5.154872
7.216832 -5.159922
7.230507 -5.164972
7.241307 -5.170635
7.252107 -5.176297
7.262907 -5.181960
7.273707 -5.187622
7.284507 -5.193285
7.295307 -5.198947
7.306107 -5.204609
7.316906 -5.210272
7.327706 -5.215934
7.338506 -5.221597
7.349306 -5.227259
7.360106 -5.232922
7.370906 -5.238584
7.381706 -5.244246
7.392506 -5.249909
7.403306 -5.255571
7.414105 -5.261234
7.424905 -5.266896
7.435705 -5.272559
7.446505 -5.278221
7.457305 -5.283884
7.468105 -5.289546
7.478905 -5.295208
7.489705 -5.300871
7.500504 -5.306533
7.511304 -5.312196
7.522104 -5.317858
7.532904 -5.323521
7.543704 -5.329183
7.554504 -5.334846
7.565304 -5.340508
7.576104 -5.346170
7.586904 -5.351833
7.597703 -5.357495
7.608503 -5.363158
7.619303 -5.368820
7.630103 -5.374483
7.640903 -5.380145
7.651703 -5.385808
7.662503 -5.391470
7.674653 -5.398158
7.686802 -5.404845
7.698952 -5.411533
7.711102 -5.418221
7.723252 -5.424908
7.735402 -5.431596
7.747551 -5.438283
7.759701 -5.444971
7.771851 -5.451659
7.784001 -5.458346
7.796151 -5.465034
7.808300 -5.471722
7.820450 -5.478409
7.832600 -5.485097
7.844750 -5.491785
7.856900 -5.498472
7.869050 -5.505160
7.881199 -5.511847
7.893349 -5.518535
7.905499 -5.525223
7.917649 -5.531910
7.929799 -5.538598
7.941948 -5.545286
7.954098 -5.551973
7.966248 -5.558661
7.978398 -5.565349
7.990548 -5.572036
8.002698 -5.578724
8.014848 -5.585412
8.026998 -5.592099
8.039147 -5.598787
8.051297 -5.605474
8.063447 -5.612162
8.075597 -5.618850
8.087747 -5.625537
8.099896 -5.632225
8.112046 -5.638913
8.124196 -5.645600
8.136346 -5.652288
8.148496 -5.658976
8.159708 -5.665488
8.170920 -5.672001
8.182133 -5.678514
8.193345 -5.685026
8.204557 -5.691539
8.215770 -5.698051
8.226982 -5.704564
8.238194 -5.711077
8.249407 -5.717589
8.260619 -5.724102
8.271832 -5.730615
8.283044 -5.737127
8.294256 -5.743640
8.305469 -5.750153
8.316681 -5.756665
8.327893 -5.763178
8.339106 -5.769691
8.350318 -5.776203
8.361530 -5.782716
8.372743 -5.789228
8.383955 -5.795741
8.395167 -5.802254
8.406380 -5.808766
8.417592 -5.815279
8.428804 -5.821792
8.440017 -5.828304
8.451229 -5.834817
8.462441 -5.841330
8.473654 -5.847842
8.484866 -5.854355
8.496078 -5.860868
8.507291 -5.867380
8.518503 -5.873893
8.529716 -5.880405
8.540928 -5.886918
8.552140 -5.893431
8.563353 -5.899943
8.574565 -5.906456
8.585777 -5.912969
8.596990 -5.919481
8.606302 -5.925982
8.615615 -5.932482
8.624928 -5.938982
8.634240 -5.945482
8.643553 -5.951982
8.652865 -5.958483
8.662178 -5.964983
8.671491 -5.971483
8.680803 -5.977983
8.690116 -5.984484
8.699429 -5.990984
8.708741 -5.997484
8.718054 -6.003984
8.727366 -6.010485
8.736679 -6.016985
8.745992 -6.023485
8.755304 -6.029985
8.764617 -6.036486
8.773930 -6.042986
8.783242 -6.049486
8.792555 -6.055986
8.801867 -6.062487
8.811180 -6.068987
8.820493 -6.075487
8.829805 -6.081987
8.839118 -6.088488
8.848431 -6.094988
8.857743 -6.101488
8.867056 -6.107988
8.876369 -6.114489
8.885681 -6.120989
8.894994 -6.127489
8.904306 -6.133989
8.913619 -6.140490
8.922932 -6.146990
8.932244 -6.153490
8.941557 -6.159990
8.950870 -6.166491
8.960182 -6.172991
8.969495 -6.179491
8.977307 -6.186479
8.985120 -6.193466
8.992932 -6.200454
9.000745 -6.207441
9.008557 -6.214429
9.016370 -6.221416
9.024182 -6.228404
9.031995 -6.235392
9.039807 -6.242379
9.047620 -6.249367
9.055432 -6.256354
9.063245 -6.263342
9.071057 -6.270329
9.078870 -6.277317
9.086682 -6.284305
9.094495 -6.291292
9.102307 -6.298280
9.110120 -6.305267
9.117932 -6.312255
9.125745 -6.319242
9.133557 -6.326230
9.141370 -6.333218
9.149182 -6.340205
9.156995 -6.347193
9.164807 -6.354180
9.172620 -6.361168
9.180432 -6.368155
9.188245 -6.375143
9.196057 -6.382131
9.203870 -6.389118
9.211682 -6.396106
9.219495 -6.403093
9.227307 -6.410081
9.235120 -6.417068
9.242932 -6.424056
9.250745 -6.431044
9.258557 -6.438031
9.266370 -6.445019
9.274182 -6.452006
9.281995 -6.458994
9.290770 -6.466869
9.299544 -6.474744
9.308319 -6.482619
9.317094 -6.490494
9.325869 -6.498369
9.334643 -6.506244
9.343418 -6.514119
9.352193 -6.521994
9.360968 -6.529869
9.369742 -6.537744
9.378517 -6.545619
9.387292 -6.553493
9.396067 -6.561368
9.404841 -6.569243
9.413616 -6.577118
9.422391 -6.584993
9.431166 -6.592868
9.439940 -6.600743
9.448715 -6.608618
9.457490 -6.616493
9.466265 -6.624368
9.475039 -6.632243
9.483814 -6.640118
9.492589 -6.647993
9.501364 -6.655868
9.510139 -6.663743
9.518913 -6.671618
9.527688 -6.679493
9.536463 -6.687368
9.545238 -6.695243
9.554012 -6.703118
9.562787 -6.710993
9.571562 -6.718868
9.580337 -6.726743
9.589111 -6.734618
9.597886 -6.742493
9.606661 -6.750368
9.615436 -6.758243
9.624210 -6.766118
9.632985 -6.773993
9.644572 -6.784105
9.656159 -6.794217
9.667747 -6.804329
9.679334 -6.814442
9.690921 -6.824554
9.702508 -6.834666
9.714095 -6.844779
9.725682 -6.854891
9.737269 -6.865003
9.748857 -6.875115
9.760444 -6.885228
9.772031 -6.895340
9.783618 -6.905452
9.795205 -6.915565
9.806792 -6.925677
9.818379 -6.935789
9.829967 -6.945901
9.841554 -6.956014
9.853141 -6.966126
9.864728 -6.976238
9.876315 -6.986351
9.887902 -6.996463
9.899489 -7.006575
9.911077 -7.016687
9.922664 -7.026800
9.934251 -7.036912
9.945838 -7.047024
9.957425 -7.057137
9.969012 -7.067249
9.980599 -7.077361
9.992187 -7.087473
10.003774 -7.097586
10.015361 -7.107698
10.026948 -7.117810
10.038535 -7.127923
10.050122 -7.138035
10.061709 -7.148147
10.073297 -7.158259
10.084884 -7.168372
10.096471 -7.178484
10.106733 -7.188184
10.116996 -7.197884
10.127258 -7.207583
10.137521 -7.217283
10.147783 -7.226983
10.158046 -7.236683
10.168308 -7.246383
10.178571 -7.256083
10.188833 -7.265782
10.199096 -7.275482
10.209358 -7.285182
10.219621 -7.294882
10.229883 -7.304582
10.240146 -7.314281
10.250408 -7.323981
10.260671 -7.333681
10.270933 -7.343381
10.281196 -7.353081
10.291458 -7.362781
10.301721 -7.372480
10.311983 -7.382180
10.322246 -7.391880
10.332508 -7.401580
10.342771 -7.411280
10.353033 -7.420979
10.363296 -7.430679
10.373558 -7.440379
10.383821 -7.450079
10.394083 -7.459779
10.404346 -7.469479
10.414608 -7.479178
10.424870 -7.488878
10.435133 -7.498578
10.445395 -7.508278
10.455658 -7.517978
10.465920 -7.527678
10.476183 -7.537377
10.486445 -7.547077
10.496708 -7.556777
10.506970 -7.566477
