-0.048637 0.034425
-0.129700 0.091800
-0.243187 0.172125
-0.389100 0.275400
-0.567437 0.401625
-0.778200 0.550800
-1.021387 0.722925
-1.297000 0.918000
-1.605037 1.136026
-1.945500 1.377001
-2.318387 1.640926
-2.723699 1.927801
-3.161437 2.237626
-3.631599 2.570401
-4.134187 2.926127
-4.669199 3.304802
-5.236637 3.706427
-5.836499 4.131002
-6.468786 4.578527
-7.133499 5.049003
-7.830636 5.542428
-8.560198 6.058803
-9.322186 6.598129
-10.116598 7.160404
-10.943435 7.745629
-11.802698 8.353804
-12.694385 8.984930
-13.618497 9.639005
-14.575035 10.316031
-15.563997 11.016006
-16.585384 11.738931
-17.639197 12.484807
-18.725434 13.253632
-19.844096 14.045407
-20.995183 14.860133
-22.178696 15.697808
-23.394633 16.558434
-24.642995 17.442009
-25.923783 18.348535
-27.236995 19.278010
-28.581657 20.231486
-29.958094 21.208611
-31.366306 22.209387
-32.806293 23.233812
-34.278056 24.281888
-35.781593 25.353613
-37.316905 26.448989
-38.883992 27.568014
-40.482853 28.710689
-42.113490 29.877015
-43.775902 31.066990
-45.470089 32.280616
-47.196051 33.517891
-48.953788 34.778816
-50.743299 36.063392
-52.564586 37.371617
-54.417648 38.703493
-56.302485 40.059018
-58.219096 41.438193
-60.167483 42.841019
-62.147644 44.267494
-64.159581 45.717620
-66.203292 47.191395
-68.278779 48.688820
-70.386040 50.209896
-72.525077 51.754621
-74.695888 53.322996
-76.898474 54.915022
-79.132836 56.530697
-81.398972 58.170022
-83.696883 59.832998
-86.026569 61.519623
-88.388031 63.229898
-90.781267 64.963823
-93.206278 66.721399
-95.663064 68.502624
-98.151625 70.307499
-100.671961 72.136025
-103.224072 73.988200
-105.807958 75.864025
-108.419944 77.767063
-111.061255 79.696125
-113.731891 81.651213
-116.431852 83.632326
-119.161138 85.639463
-121.919748 87.672626
-124.707684 89.731814
-127.524945 91.817026
-130.371531 93.928264
-133.247442 96.065526
-136.152678 98.228814
-139.087238 100.418126
-142.051124 102.633463
-145.044335 104.874826
-148.066871 107.142213
-151.118731 109.435626
-154.199917 111.755063
-157.310428 114.100525
-160.450264 116.472013
-163.619424 118.869525
-166.817910 121.293062
-170.045721 123.742624
-173.302856 126.218211
-176.589317 128.719823
-179.905102 131.247461
-183.250213 133.801123
-186.624649 136.380810
-190.028409 138.986522
-193.461495 141.618259
-196.923905 144.276021
-200.415641 146.959808
-203.936701 149.669620
-207.487087 152.405457
-211.066797 155.167319
-214.675833 157.955205
-218.314193 160.769117
-221.981879 163.609054
-225.678889 166.475016
-229.405225 169.367003
-233.160885 172.285014
-236.933233 175.193164
-240.726481 178.103413
-244.540629 181.015762
-248.375677 183.930211
-252.231625 186.846761
-256.108473 189.765410
-260.006220 192.686159
-263.924868 195.609008
-267.864416 198.533957
-271.824864 201.461006
-275.806212 204.390156
-279.808460 207.321405
-283.831608 210.254754
-287.875656 213.190203
-291.940604 216.127752
-296.026452 219.067401
-300.133200 222.009150
-304.260848 224.952999
-308.409396 227.898948
-312.578844 230.846997
-316.769192 233.797147
-320.980440 236.749396
-325.212588 239.703745
-329.465636 242.660194
-333.739584 245.618743
-338.034432 248.579392
-342.350180 251.542141
-346.686828 254.506990
-351.044376 257.473939
-355.422824 260.442988
-359.822172 263.414137
-364.242420 266.387386
-368.683568 269.362735
-373.145616 272.340183
-377.628564 275.319732
-382.132412 278.301381
-386.657160 281.285130
-391.202808 284.270979
-395.769356 287.258928
-400.356804 290.248977
-404.949665 293.227588
-409.553101 296.199275
-414.167111 299.164036
-418.791697 302.121873
-423.426857 305.072785
-428.072593 308.016771
-432.728904 310.953833
-437.395789 313.883969
-442.073250 316.807181
-446.761286 319.723468
-451.459896 322.632830
-456.169082 325.535267
-460.888843 328.430778
-465.619178 331.319365
-470.360089 334.201027
-475.111575 337.075764
-479.873636 339.943576
-484.646271 342.804463
-489.429482 345.658425
-494.223268 348.505463
-499.027629 351.345575
-503.842565 354.178762
-508.668075 357.005024
-513.504161 359.824361
-518.350822 362.636774
-523.208058 365.442261
-528.075869 368.240823
-532.954255 371.032461
-537.843216 373.817173
-542.742752 376.594961
-547.652862 379.365823
-552.573548 382.129761
-557.504809 384.886773
-562.446645 387.636861
-567.399056 390.380024
-572.362042 393.116261
-577.335603 395.845574
-582.319739 398.567962
-587.314450 401.283425
-592.319736 403.991962
-597.325360 406.741913
-602.334733 409.517163
-607.347857 412.317713
-612.364731 415.143563
-617.385354 417.994714
-622.409728 420.871164
-627.437852 423.772914
-632.469725 426.699964
-637.505349 429.652314
-642.544723 432.629964
-647.587847 435.632914
-652.634721 438.661165
-657.685344 441.714715
-662.739718 444.793565
-667.797842 447.897715
-672.859716 451.027165
-677.925340 454.181915
-682.994714 457.361965
-688.067838 460.567315
-693.144712 463.797964
-698.225336 467.053914
-703.309710 470.335164
-708.397834 473.641714
-713.489709 476.973564
-718.585333 480.330714
-723.684707 483.713164
-728.787831 487.120913
-733.894705 490.553963
-739.005330 494.012313
-744.119704 497.495963
-749.237828 501.004912
-754.359703 504.539162
-759.485327 508.098712
-764.614702 511.683561
-769.747826 515.293711
-774.884700 518.929161
-780.025325 522.589910
-785.169699 526.275960
-790.317824 529.987309
-795.469699 533.723959
-800.603836 537.486471
-805.727398 541.274658
-810.840385 545.088520
-815.942797 548.928057
-821.034634 552.793269
-826.115896 556.684156
-831.186582 560.600718
-836.246694 564.542955
-841.296231 568.510867
-846.335193 572.504454
-851.363580 576.523716
-856.381392 580.568653
-861.388629 584.639265
-866.385290 588.735552
-871.371377 592.857514
-876.346889 597.005151
-881.311826 601.178463
-886.266187 605.377450
-891.209974 609.602111
-896.143186 613.852448
-901.065822 618.128460
-905.977884 622.430147
-910.879371 626.757509
-915.770282 631.110546
-920.650619 635.489258
-925.520380 639.893644
-930.379567 644.323706
-935.228178 648.779443
-940.066215 653.260855
-944.893676 657.767942
-949.710563 662.300703
-954.516874 666.859140
-959.312611 671.443252
-964.097772 676.053039
-968.872358 680.688500
-973.636370 685.349637
-978.389806 690.036449
-983.132668 694.748936
-987.864954 699.487097
-992.586665 704.250934
-997.312914 709.061483
-1002.038663 713.911732
-1006.763912 718.801682
-1011.488660 723.731331
-1016.212909 728.700680
-1020.936658 733.709729
-1025.659907 738.758478
-1030.382656 743.846927
-1035.104905 748.975076
-1039.826654 754.142925
-1044.547902 759.350474
-1049.268651 764.597723
-1053.988900 769.884672
-1058.708649 775.211321
-1063.427898 780.577670
-1068.146647 785.983719
-1072.864896 791.429467
-1077.582645 796.914916
-1082.299894 802.440065
-1087.016643 808.004914
-1091.732892 813.609463
-1096.448641 819.253711
-1101.163890 824.937660
-1105.878639 830.661309
-1110.592887 836.424657
-1115.306636 842.227706
-1120.019885 848.070455
-1124.732634 853.952903
-1129.444883 859.875052
-1134.156632 865.836900
-1138.867881 871.838449
-1143.578630 877.879698
-1148.288879 883.960646
-1152.998628 890.081295
-1157.707878 896.241643
-1162.416627 902.441691
-1167.124876 908.681440
-1171.832625 914.960888
-1176.539874 921.280037
-1181.246623 927.638885
-1185.945334 934.050146
-1190.638521 940.509582
-1195.326183 947.017193
-1200.008319 953.572979
-1204.684931 960.176940
-1209.356017 966.829077
-1214.021579 973.529388
-1218.681616 980.277874
-1223.336127 987.074536
-1227.985114 993.919372
-1232.628576 1000.812383
-1237.266512 1007.753570
-1241.898924 1014.742932
-1246.525810 1021.780468
-1251.147172 1028.866180
-1255.763009 1036.000067
-1260.373321 1043.182128
-1264.978107 1050.412365
-1269.577369 1057.690777
-1274.171106 1065.017364
-1278.759317 1072.392126
-1283.342004 1079.815063
-1287.919166 1087.286175
-1292.490803 1094.805462
-1297.056914 1102.372924
-1301.617501 1109.988562
-1306.172563 1117.652374
-1310.722100 1125.364361
-1315.266111 1133.124524
-1319.804598 1140.932861
-1324.337560 1148.789374
-1328.864997 1156.694061
-1333.386908 1164.646924
-1337.903295 1172.647962
-1342.414157 1180.697174
-1346.919494 1188.794562
-1351.419306 1196.940125
-1355.913593 1205.133863
-1360.402354 1213.375776
-1364.885591 1221.665864
-1369.353253 1229.959202
-1373.808690 1238.270765
-1378.251902 1246.600553
-1382.682889 1254.948566
-1387.101651 1263.314804
-1391.508188 1271.699267
-1395.902500 1280.101955
-1400.284587 1288.522868
-1404.654449 1296.962006
-1409.012085 1305.419369
-1413.357497 1313.894957
-1417.690684 1322.388770
-1422.011647 1330.900808
-1426.320384 1339.431072
-1430.616896 1347.979560
-1434.901183 1356.546273
-1439.173245 1365.131211
-1443.433082 1373.734374
-1447.680694 1382.355763
-1451.916081 1390.995376
-1456.139243 1399.653214
-1460.350180 1408.329277
-1464.548892 1417.023566
-1468.735380 1425.736079
-1472.909642 1434.466817
-1477.071679 1443.215781
-1481.221491 1451.982969
-1485.359078 1460.768382
-1489.484441 1469.572021
-1493.597578 1478.393884
-1497.698490 1487.233972
-1501.787177 1496.092286
-1505.863640 1504.968824
-1509.927877 1513.863588
-1513.979889 1522.776576
-1518.019677 1531.707790
-1522.047239 1540.657228
-1526.062576 1549.624892
-1530.065689 1558.610780
-1534.056576 1567.614894
-1538.065463 1576.627145
-1542.082276 1585.650896
-1546.107013 1594.686147
-1550.139676 1603.732898
-1554.180263 1612.791149
-1558.228776 1621.860900
-1562.285213 1630.942151
-1566.349576 1640.034902
-1570.421863 1649.139153
-1574.502076 1658.254904
-1578.590213 1667.382155
-1582.686276 1676.520907
-1586.790263 1685.671158
-1590.902176 1694.832909
-1595.022014 1704.006160
-1599.149776 1713.190911
-1603.285464 1722.387162
-1607.429077 1731.594913
-1611.580614 1740.814165
-1615.740077 1750.044916
-1619.907465 1759.287167
-1624.082778 1768.540918
-1628.266016 1777.806169
-1632.457178 1787.082921
-1636.656266 1796.371172
-1640.863279 1805.670923
-1645.078217 1814.982174
-1649.301080 1824.304926
-1653.531868 1833.639177
-1657.770581 1842.984928
-1662.017219 1852.342179
-1666.271782 1861.710931
-1670.534270 1871.091182
-1674.804683 1880.482933
-1679.083021 1889.886185
-1683.369284 1899.300936
-1687.663472 1908.727187
-1691.965585 1918.164939
-1696.275623 1927.614190
-1700.593586 1937.074941
-1704.924274 1946.573218
-1709.266087 1956.100344
-1713.619025 1965.656320
-1717.983088 1975.241147
-1722.358276 1984.854823
-1726.744589 1994.497349
-1731.142027 2004.168726
-1735.550590 2013.868952
-1739.970278 2023.598028
-1744.401091 2033.355955
-1748.843029 2043.142731
-1753.296092 2052.958357
-1757.760280 2062.802833
-1762.235593 2072.676160
-1766.722031 2082.578336
-1771.219594 2092.509362
-1775.728282 2102.469238
-1780.248095 2112.457964
-1784.779033 2122.475541
-1789.321096 2132.521967
-1793.874284 2142.597243
-1798.438597 2152.701369
-1803.014035 2162.834346
-1807.600598 2172.996172
-1812.198286 2183.186848
-1816.807098 2193.406374
-1821.427036 2203.654750
-1826.058099 2213.931976
-1830.700287 2224.238052
-1835.353600 2234.572979
-1840.018038 2244.936755
-1844.693600 2255.329381
-1849.380288 2265.750857
-1854.078101 2276.201183
-1858.787039 2286.680359
-1863.507102 2297.188385
-1868.238289 2307.725261
-1872.980602 2318.290987
-1877.734040 2328.885564
-1882.498603 2339.508990
-1887.242903 2350.146416
-1891.977403 2360.802792
-1896.702103 2371.478118
-1901.417004 2382.172394
-1906.122104 2392.885620
-1910.817404 2403.617796
-1915.502904 2414.368922
-1920.178604 2425.138998
-1924.844505 2435.928024
-1929.500605 2446.736000
-1934.146905 2457.562926
-1938.783405 2468.408802
-1943.410106 2479.273629
-1948.027006 2490.157405
-1952.634106 2501.060131
-1957.231406 2511.981807
-1961.818906 2522.922433
-1966.396607 2533.882009
-1970.964507 2544.860535
-1975.522607 2555.858011
-1980.070907 2566.874437
-1984.609407 2577.909813
-1989.138108 2588.964139
-1993.657008 2600.037415
-1998.166108 2611.129641
-2002.665408 2622.240818
-2007.154908 2633.370944
-2011.634609 2644.520020
-2016.104509 2655.688046
-2020.564609 2666.875022
-2025.014909 2678.080948
-2029.455409 2689.305824
-2033.886109 2700.549650
-2038.307010 2711.812426
-2042.718110 2723.094152
-2047.119410 2734.394828
-2051.510910 2745.714454
-2055.892610 2757.053031
-2060.264510 2768.410557
-2064.626611 2779.787033
-2068.987686 2791.162284
-2073.344811 2802.543035
-2077.697986 2813.929286
-2082.047211 2825.321037
-2086.392487 2836.718288
-2090.733812 2848.121039
-2095.071187 2859.529290
-2099.404612 2870.943041
-2103.734087 2882.362292
-2108.059613 2893.787043
-2112.381188 2905.217294
-2116.698813 2916.653045
-2121.012488 2928.094297
-2125.322214 2939.541048
-2129.627989 2950.993299
-2133.929814 2962.451050
-2138.227690 2973.914301
-2142.521615 2985.383052
-2146.811590 2996.857303
-2151.097616 3008.337054
-2155.379691 3019.822305
-2159.657816 3031.313056
-2163.931992 3042.809307
-2168.202217 3054.311058
-2172.468492 3065.818309
-2176.730818 3077.331060
-2180.989193 3088.849311
-2185.243618 3100.373062
-2189.494094 3111.902313
-2193.740619 3123.437064
-2197.983195 3134.977315
-2202.221820 3146.523065
-2206.456495 3158.074316
-2210.687221 3169.631067
-2214.913996 3181.193318
-2219.136822 3192.761069
-2223.355697 3204.334320
-2227.570623 3215.913071
-2231.781598 3227.497322
-2235.988623 3239.087073
-2240.206099 3250.697549
-2244.429225 3262.323675
-2248.658000 3273.965451
-2252.892426 3285.622877
-2257.132501 3297.295953
-2261.378227 3308.984678
-2265.629602 3320.689054
-2269.886628 3332.409080
-2274.149304 3344.144756
-2278.417629 3355.896082
-2282.691605 3367.663058
-2286.971231 3379.445683
-2291.256507 3391.243959
-2295.547432 3403.057885
-2299.844008 3414.887461
-2304.146234 3426.732686
-2308.454110 3438.593562
-2312.767636 3450.470088
-2317.086812 3462.362264
-2321.411638 3474.270089
-2325.742113 3486.193565
-2330.078239 3498.132691
-2334.420015 3510.087467
-2338.767441 3522.057892
-2343.120517 3534.043968
-2347.479243 3546.045693
-2351.843619 3558.063069
-2356.213645 3570.096095
-2360.589322 3582.144770
-2364.970648 3594.209096
-2369.357624 3606.289072
-2373.750250 3618.384697
-2378.148526 3630.495973
-2382.552452 3642.622898
-2386.962029 3654.765474
-2391.377255 3666.923699
-2395.798131 3679.097575
-2400.224657 3691.287100
-2404.656834 3703.492276
-2409.094660 3715.713101
-2413.517999 3727.927677
-2417.933563 3740.143303
-2422.341352 3752.359978
-2426.741365 3764.577704
-2431.133604 3776.796479
-2435.518068 3789.016305
-2439.894757 3801.237180
-2444.263671 3813.459106
-2448.624810 3825.682081
-2452.978174 3837.906107
-2457.323763 3850.131182
-2461.661577 3862.357308
-2465.991616 3874.584483
-2470.313880 3886.812709
-2474.628369 3899.041984
-2478.935083 3911.272310
-2483.234022 3923.503686
-2487.525186 3935.736111
-2491.808575 3947.969587
-2496.084189 3960.204112
-2500.352028 3972.439688
-2504.612092 3984.676313
-2508.864382 3996.913989
-2513.108896 4009.152715
-2517.345635 4021.392490
-2521.574599 4033.633316
-2525.795788 4045.875191
-2530.009203 4058.118117
-2534.214842 4070.362092
-2538.412706 4082.607118
-2542.602795 4094.853194
-2546.785109 4107.100319
-2550.959649 4119.348495
-2555.126413 4131.597720
-2559.285402 4143.847996
-2563.436617 4156.099322
-2567.580056 4168.351697
-2571.715720 4180.605123
-2575.843610 4192.859599
-2579.963724 4205.115124
-2584.082701 4217.336412
-2588.198328 4229.535225
-2592.310605 4241.711563
-2596.419531 4253.865427
-2600.525108 4265.996815
-2604.627335 4278.105728
-2608.726212 4290.192166
-2612.821739 4302.256129
-2616.913916 4314.297617
-2621.002743 4326.316630
-2625.088220 4338.313168
-2629.170347 4350.287231
-2633.249123 4362.238819
-2637.324550 4374.167932
-2641.396627 4386.074570
-2645.465354 4397.958733
-2649.530731 4409.820422
-2653.592758 4421.659635
-2657.651435 4433.476373
-2661.706762 4445.270636
-2665.758739 4457.042424
-2669.807366 4468.791737
-2673.852643 4480.518575
-2677.894570 4492.222938
-2681.933147 4503.904826
-2685.968373 4515.564239
-2690.000250 4527.201177
-2694.028777 4538.815640
-2698.053954 4550.407628
-2702.075781 4561.977141
-2706.094258 4573.524179
-2710.109385 4585.048742
-2714.121162 4596.550830
-2718.129589 4608.030443
-2722.134666 4619.487581
-2726.136393 4630.922244
-2730.134770 4642.334432
-2734.129797 4653.724145
-2738.121474 4665.091383
-2742.109801 4676.436145
-2746.108278 4687.806508
-2750.112405 4699.186446
-2754.122182 4710.575959
-2758.137609 4721.975047
-2762.158686 4733.383710
-2766.185413 4744.801948
-2770.217790 4756.229761
-2774.255818 4767.667149
-2778.299495 4779.114112
-2782.348822 4790.570650
-2786.403799 4802.036763
-2790.464426 4813.512450
-2794.530704 4824.997713
-2798.602631 4836.492551
-2802.680208 4847.996964
-2806.763436 4859.510952
-2810.852313 4871.034515
-2814.946840 4882.567653
-2819.047018 4894.110365
-2823.152845 4905.662653
-2827.264322 4917.224516
-2831.381450 4928.795954
-2835.504227 4940.376967
-2839.632655 4951.967555
-2843.766732 4963.567717
-2847.906460 4975.177455
-2852.051838 4986.796768
-2856.202865 4998.425656
-2860.359543 5010.064119
-2864.521870 5021.712156
-2868.689848 5033.369769
-2872.863476 5045.036957
-2877.042753 5056.713720
-2881.227681 5068.400057
-2885.418259 5080.095970
-2889.614486 5091.801458
-2893.816364 5103.516521
-2898.023892 5115.241158
-2902.237070 5126.975371
-2906.455898 5138.719159
-2910.655738 5150.466672
-2914.844803 5162.219859
-2919.023094 5173.978722
-2923.190609 5185.743260
-2927.347349 5197.513473
-2931.493315 5209.289361
-2935.628505 5221.070924
-2939.752920 5232.858162
-2943.866561 5244.651075
-2947.969426 5256.449663
-2952.061516 5268.253926
-2956.142832 5280.063864
-2960.213372 5291.879477
-2964.273137 5303.700765
-2968.322128 5315.527728
-2972.360343 5327.360366
-2976.387783 5339.198679
-2980.404449 5351.042668
-2984.410339 5362.892331
-2988.405454 5374.747669
-2992.389794 5386.608682
-2996.363360 5398.475371
-3000.326150 5410.347734
-3004.278165 5422.225772
-3008.219406 5434.109486
-3012.149871 5445.998874
-3016.069561 5457.893938
-3019.978477 5469.794676
-3023.876617 5481.701089
-3027.763982 5493.613178
-3031.640573 5505.530942
-3035.506388 5517.454380
-3039.361428 5529.383494
-3043.205694 5541.318282
-3047.039184 5553.258746
-3050.861899 5565.204885
-3054.673840 5577.156698
-3058.475005 5589.114187
-3062.265395 5601.077351
-3066.045011 5613.046189
-3069.830239 5625.023816
-3073.615616 5637.009192
-3077.401144 5649.002318
-3081.186822 5661.003194
-3084.972650 5673.011820
-3088.758628 5685.028197
-3092.544756 5697.052323
-3096.331034 5709.084199
-3100.117462 5721.123825
-3103.904040 5733.171201
-3107.690768 5745.226327
-3111.477645 5757.289203
-3115.264673 5769.359830
-3119.051851 5781.438206
-3122.839179 5793.524332
-3126.626657 5805.618208
-3130.414285 5817.719834
-3134.202063 5829.829210
-3137.989991 5841.946336
-3141.778069 5854.071212
-3145.566297 5866.203838
-3149.354676 5878.344214
-3153.143204 5890.492340
-3156.931882 5902.648216
-3160.720710 5914.811842
-3164.509688 5926.983218
-3168.298816 5939.162344
-3172.088094 5951.349220
-3175.877522 5963.543846
-3179.667100 5975.746222
-3183.456828 5987.956348
-3187.246707 6000.174224
-3191.036735 6012.399849
-3194.826913 6024.633225
-3198.617241 6036.874351
-3202.407719 6049.123227
-3206.198348 6061.379853
-3209.989126 6073.644229
-3213.780054 6085.916355
-3217.571132 6098.196230
-3221.337873 6110.501331
-3225.088439 6122.825832
-3228.822829 6135.169733
-3232.541045 6147.533034
-3236.243086 6159.915735
-3239.928951 6172.317836
-3243.598642 6184.739337
-3247.252158 6197.180238
-3250.889498 6209.640540
-3254.510664 6222.120241
-3258.115655 6234.619342
-3261.704470 6247.137843
-3265.277111 6259.675744
-3268.833576 6272.233046
-3272.373867 6284.809747
-3275.897982 6297.405849
-3279.405923 6310.021350
-3282.897689 6322.656251
-3286.373279 6335.310553
-3289.832695 6347.984254
-3293.275935 6360.677356
-3296.703001 6373.389858
-3300.113891 6386.121759
-3303.508607 6398.873061
-3306.887147 6411.643763
-3310.249513 6424.433864
-3313.595703 6437.243366
-3316.925719 6450.072268
-3320.239559 6462.920570
-3323.537225 6475.788272
-3326.818715 6488.675373
-3330.084030 6501.581875
-3333.333171 6514.507777
-3336.566136 6527.453079
-3339.782927 6540.417781
-3342.983542 6553.401883
-3346.167982 6566.405386
-3349.336248 6579.428288
-3352.488338 6592.470590
-3355.624253 6605.532292
-3358.758019 6618.613844
-3361.884959 6631.715097
-3365.005075 6644.836049
-3368.118365 6657.976701
-3371.224830 6671.137053
-3374.324471 6684.317106
-3377.417286 6697.516858
-3380.503276 6710.736310
-3383.582442 6723.975463
-3386.654782 6737.234315
-3389.720297 6750.512867
-3392.778988 6763.811120
-3395.830853 6777.129072
-3398.875893 6790.466724
-3401.914109 6803.824077
-3404.945499 6817.201129
-3407.970064 6830.597881
-3410.987805 6844.014334
-3413.998720 6857.450486
-3417.002811 6870.906339
-3420.000076 6884.381891
-3422.990516 6897.877144
-3425.974132 6911.392096
-3428.950922 6924.926749
-3431.920887 6938.481101
-3434.884028 6952.055154
-3437.840343 6965.648906
-3440.789833 6979.262359
-3443.732499 6992.895512
-3446.668339 7006.548364
-3449.597354 7020.220917
-3452.519545 7033.913169
-3455.434910 7047.625122
-3458.343450 7061.356775
-3461.245166 7075.108127
-3464.140056 7088.879180
-3467.028122 7102.669933
-3469.909362 7116.480385
-3472.783777 7130.310538
-3475.651368 7144.160391
-3478.532796 7158.031856
-3481.421173 7171.924296
-3484.316501 7185.837711
-3487.218779 7199.772101
-3490.128007 7213.727467
-3493.044186 7227.703807
-3495.967314 7241.701122
-3498.897392 7255.719412
-3501.834420 7269.758677
-3504.778398 7283.818917
-3507.729327 7297.900132
-3510.687205 7312.002322
-3513.652033 7326.125487
-3516.623812 7340.269627
-3519.602540 7354.434742
-3522.588218 7368.620832
-3525.580847 7382.827897
-3528.580425 7397.055937
-3531.586954 7411.304952
-3534.600433 7425.574942
-3537.620861 7439.865907
-3540.648240 7454.177847
-3543.682568 7468.510762
-3546.723847 7482.864652
-3549.772076 7497.239517
-3552.827255 7511.635356
-3555.889384 7526.052171
-3558.958462 7540.489961
-3562.034491 7554.948726
-3565.117470 7569.428466
-3568.207399 7583.929180
-3571.304278 7598.450870
-3574.408107 7612.993535
-3577.518886 7627.557175
-3580.636616 7642.141789
-3583.761295 7656.747379
-3586.892924 7671.373944
-3590.031503 7686.021484
-3593.177032 7700.689998
-3596.329512 7715.379488
-3599.480616 7730.082265
-3602.633120 7744.800892
-3605.787024 7759.535369
-3608.942329 7774.285696
-3612.099033 7789.051874
-3615.257137 7803.833901
-3618.416641 7818.631778
-3621.577545 7833.445505
-3624.739850 7848.275082
-3627.903554 7863.120509
-3631.068658 7877.981786
-3634.235162 7892.858913
-3637.403066 7907.751890
-3640.572370 7922.660717
-3643.743074 7937.585394
-3646.915178 7952.525921
-3650.088682 7967.482298
-3653.263586 7982.454525
-3656.439890 7997.442602
-3659.617594 8012.446529
-3662.796698 8027.466306
-3665.977202 8042.501933
-3669.159106 8057.553409
-3672.342410 8072.620736
-3675.527114 8087.703913
-3678.713218 8102.802940
-3681.900722 8117.917817
-3685.089626 8133.048544
-3688.279930 8148.195121
-3691.471634 8163.357548
-3694.664737 8178.535824
-3697.859241 8193.729951
-3701.055145 8208.939928
-3704.252449 8224.165755
-3707.451153 8239.407431
-3710.651257 8254.664958
-3713.852760 8269.938335
-3717.055664 8285.227562
-3720.259968 8300.532638
-3723.465672 8315.853565
-3726.686088 8331.175604
-3729.916779 8346.503669
-3733.157745 8361.837758
-3736.408987 8377.177872
-3739.670503 8392.524011
-3742.942294 8407.876176
-3746.224360 8423.234365
-3749.516702 8438.598579
-3752.819318 8453.968819
-3756.132209 8469.345083
-3759.455376 8484.727372
-3762.788817 8500.115687
-3766.132533 8515.510026
-3769.486525 8530.910390
-3772.850791 8546.316780
-3776.225332 8561.729194
-3779.610149 8577.147633
-3783.005240 8592.572098
-3786.410606 8608.002587
-3789.826248 8623.439102
-3793.252164 8638.881641
-3796.688355 8654.330205
-3800.134822 8669.784795
-3803.591563 8685.245409
-3807.058580 8700.712049
-3810.535871 8716.184713
-3814.023437 8731.663403
-3817.521279 8747.148117
-3821.029395 8762.638857
-3824.547787 8778.135621
-3828.076453 8793.638411
-3831.615395 8809.147225
-3835.164611 8824.662065
-3838.724102 8840.182929
-3842.293869 8855.709819
-3845.873910 8871.242733
-3849.464227 8886.781673
-3853.064818 8902.326637
-3856.675685 8917.877627
-3860.296826 8933.434642
-3863.939943 8948.975106
-3867.601134 8964.506546
-3871.280401 8980.028960
-3874.977743 8995.542350
-3878.693159 9011.046715
-3882.426651 9026.542055
-3886.178217 9042.028369
-3889.947859 9057.505659
-3893.735576 9072.973924
-3897.541367 9088.433164
-3901.365234 9103.883379
-3905.207176 9119.324569
-3909.067193 9134.756734
-3912.945284 9150.179874
-3916.841451 9165.593989
-3920.755693 9180.999079
-3924.688010 9196.395144
-3928.638402 9211.782184
-3932.606868 9227.160199
-3936.593410 9242.529190
-3940.598027 9257.889155
-3944.620719 9273.240095
-3948.661486 9288.582010
-3952.720328 9303.914901
-3956.797245 9319.238766
-3960.892237 9334.553606
-3965.005304 9349.859422
-3969.136446 9365.156212
-3973.285663 9380.443978
-3977.452955 9395.722718
-3981.638322 9410.992434
-3985.841764 9426.253124
-3990.063282 9441.504790
-3994.302874 9456.747430
-3998.560541 9471.981046
-4002.836283 9487.205637
-4007.130100 9502.421202
-4011.441993 9517.627743
-4015.771960 9532.825259
-4020.120002 9548.013750
-4024.476294 9563.223178
-4028.844112 9578.443556
-4033.223454 9593.674884
-4037.614321 9608.917163
-4042.016713 9624.170391
-4046.430630 9639.434570
-4050.856073 9654.709698
-4055.293040 9669.995776
-4059.741532 9685.292805
-4064.201549 9700.600783
-4068.673091 9715.919712
-4073.156158 9731.249590
-4077.650750 9746.590418
-4082.156868 9761.942197
-4086.674510 9777.304925
-4091.203677 9792.678604
-4095.744369 9808.063232
-4100.296586 9823.458811
-4104.860328 9838.865339
-4109.435595 9854.282818
-4114.022387 9869.711247
-4118.620704 9885.150625
-4123.230546 9900.600954
-4127.851913 9916.062232
-4132.484805 9931.534461
-4137.129222 9947.017640
-4141.785164 9962.511768
-4146.452631 9978.016847
-4151.131623 9993.532876
-4155.822140 10009.059854
-4160.524182 10024.597783
-4165.237749 10040.146662
-4169.962841 10055.706490
-4174.699458 10071.277269
-4179.447600 10086.858998
-4184.207267 10102.451677
-4188.978458 10118.055306
-4193.761175 10133.669884
-4198.555417 10149.295413
-4203.361184 10164.931892
-4208.144538 10180.575946
-4212.916793 10196.228700
-4217.677947 10211.890154
-4222.428001 10227.560307
-4227.166956 10243.239161
-4231.894810 10258.926715
-4236.611564 10274.622969
-4241.317219 10290.327923
-4246.011773 10306.041577
-4250.695228 10321.763931
-4255.367582 10337.494985
-4260.028836 10353.234739
-4264.678991 10368.983193
-4269.318045 10384.740347
-4273.945999 10400.506201
-4278.562854 10416.280755
-4283.168608 10432.064009
-4287.763262 10447.855963
-4292.346817 10463.656617
-4296.919271 10479.465971
-4301.480625 10495.284026
-4306.030880 10511.110780
-4310.570034 10526.946234
-4315.098088 10542.790388
-4319.615043 10558.643242
-4324.120897 10574.504796
-4328.615651 10590.375050
-4333.099305 10606.254005
-4337.571860 10622.141659
-4342.033314 10638.038013
-4346.483668 10653.943067
-4350.922923 10669.856822
-4355.351077 10685.779276
-4359.768131 10701.710430
-4364.174086 10717.650284
-4368.568940 10733.598839
-4372.952694 10749.556093
-4377.325349 10765.522047
-4381.686903 10781.496702
-4386.037357 10797.480056
-4390.368311 10813.467648
-4394.682566 10829.460965
-4398.980120 10845.460007
-4403.260974 10861.464774
-4407.525129 10877.475266
-4411.772583 10893.491483
-4416.003337 10909.513425
-4420.217391 10925.541092
-4424.414746 10941.574484
-4428.595400 10957.613601
-4432.759354 10973.658443
-4436.906608 10989.709010
-4441.037163 11005.765302
-4445.151017 11021.827319
-4449.248171 11037.895061
-4453.328625 11053.968528
-4457.392380 11070.047721
-4461.439434 11086.132638
-4465.469788 11102.223280
-4469.483442 11118.319647
-4473.480397 11134.421740
-4477.460651 11150.529557
-4481.424205 11166.643099
-4485.371059 11182.762366
-4489.301213 11198.887359
-4493.214668 11215.018076
-4497.111422 11231.154518
-4500.991476 11247.296686
-4504.854830 11263.444578
-4508.701485 11279.598196
-4512.531439 11295.757538
-4516.344693 11311.922606
-4520.141247 11328.093398
-4523.921101 11344.269916
-4527.684255 11360.452158
-4531.430710 11376.640126
-4535.160464 11392.833818
-4538.873518 11409.033236
-4542.569872 11425.238378
-4546.249526 11441.449246
-4549.934380 11457.696101
-4553.617135 11473.968856
-4557.297789 11490.267511
-4560.976343 11506.592067
-4564.652797 11522.942522
-4568.327151 11539.318877
-4571.999406 11555.721133
-4575.669560 11572.149288
-4579.337614 11588.603343
-4583.003568 11605.083299
-4586.667422 11621.589154
-4590.329176 11638.120910
-4593.988831 11654.678565
-4597.646385 11671.262121
-4601.301839 11687.871576
-4604.955193 11704.506932
-4608.606447 11721.168187
-4612.255602 11737.855343
-4615.902656 11754.568399
-4619.547610 11771.307354
-4623.190464 11788.072210
-4626.831218 11804.862966
-4630.469873 11821.679622
-4634.106427 11838.522177
-4637.740881 11855.390633
-4641.373235 11872.284989
-4645.003489 11889.205245
-4648.631644 11906.151401
-4652.257698 11923.123457
-4655.881652 11940.121413
-4659.503506 11957.145269
-4663.123261 11974.195025
-4666.740915 11991.270681
-4670.356469 12008.372237
-4673.969923 12025.499693
-4677.581277 12042.653049
-4681.190532 12059.832305
-4684.797686 12077.037462
-4688.402740 12094.268518
-4692.005694 12111.525474
-4695.612511 12128.780018
-4699.221203 12146.041587
-4702.831769 12163.310180
-4706.444211 12180.585799
-4710.058528 12197.868443
-4713.674719 12215.158112
-4717.292786 12232.454805
-4720.912727 12249.758524
-4724.534544 12267.069268
-4728.158235 12284.387037
-4731.783802 12301.711830
-4735.411243 12319.043649
-4739.040560 12336.382493
-4742.671751 12353.728362
-4746.304817 12371.081256
-4749.939759 12388.441174
-4753.576575 12405.808118
-4757.215266 12423.182087
-4760.855832 12440.563081
-4764.498274 12457.951100
-4768.142590 12475.346144
-4771.788781 12492.748212
-4775.436847 12510.157306
-4779.086788 12527.573425
-4782.738605 12544.996569
-4786.392296 12562.426738
-4790.047862 12579.863932
-4793.705303 12597.308150
-4797.364619 12614.759394
-4801.025810 12632.217663
-4804.688876 12649.682957
-4808.353817 12667.155276
-4812.020633 12684.634620
-4815.689324 12702.120989
-4819.359889 12719.614382
-4823.032330 12737.114801
-4826.706646 12754.622245
-4830.382837 12772.136714
-4834.060903 12789.658208
-4837.740843 12807.186727
-4841.426897 12824.694671
-4845.117650 12842.191240
-4848.813103 12859.676433
-4852.513256 12877.150252
-4856.218109 12894.612696
-4859.927663 12912.063765
-4863.641916 12929.503459
-4867.360869 12946.931777
-4871.084522 12964.348721
-4874.812875 12981.754290
-4878.545928 12999.148484
-4882.283681 13016.531303
-4886.026134 13033.902746
-4889.773287 13051.262815
-4893.525140 13068.611509
-4897.281693 13085.948827
-4901.042946 13103.274771
-4904.808899 13120.589340
-4908.579552 13137.892534
-4912.354905 13155.184352
-4916.134958 13172.464796
-4919.919711 13189.733865
-4923.709164 13206.991558
-4927.503316 13224.237877
-4931.302169 13241.472820
-4935.105722 13258.696389
-4938.913975 13275.908583
-4942.726928 13293.109401
-4946.544580 13310.298845
-4950.366933 13327.476913
-4954.193986 13344.643607
-4958.025739 13361.798926
-4961.862191 13378.942869
-4965.703344 13396.075438
-4969.549197 13413.196631
-4973.399749 13430.306450
-4977.255002 13447.404893
-4981.114955 13464.491962
-4984.979607 13481.567655
-4988.848960 13498.631974
-4992.738800 13515.686605
-4996.643865 13532.730986
-5000.564155 13549.765117
-5004.499670 13566.788997
-5008.450410 13583.802628
-5012.416375 13600.806009
-5016.397565 13617.799140
-5020.393981 13634.782021
-5024.405621 13651.754652
-5028.432486 13668.717033
-5032.474576 13685.669163
-5036.531891 13702.611044
-5040.604431 13719.542675
-5044.692197 13736.464056
-5048.795187 13753.375186
-5052.913402 13770.276067
-5057.046842 13787.166698
-5061.195507 13804.047078
-5065.359398 13820.917209
-5069.538513 13837.777090
-5073.732853 13854.626720
-5077.942418 13871.466101
-5082.167209 13888.295231
-5086.407224 13905.114112
-5090.662464 13921.922743
-5094.932930 13938.721123
-5099.218620 13955.509254
-5103.519535 13972.287134
-5107.835676 13989.054765
-5112.167041 14005.812145
-5116.513631 14022.559275
-5120.875447 14039.296156
-5125.252487 14056.022786
-5129.644752 14072.739167
-5134.052243 14089.445297
-5138.474958 14106.141177
-5142.912898 14122.826808
-5147.366064 14139.502188
-5151.834454 14156.167318
-5156.318070 14172.822199
-5160.813122 14189.443579
-5165.320875 14206.039209
-5169.841328 14222.609090
-5174.374481 14239.153220
-5178.920334 14255.671601
-5183.478887 14272.164231
-5188.050141 14288.631111
-5192.634094 14305.072242
-5197.230747 14321.487622
-5201.840100 14337.877253
-5206.462153 14354.241133
-5211.096906 14370.579264
-5215.744359 14386.891644
-5220.404513 14403.178275
-5225.077366 14419.439156
-5229.762919 14435.674286
-5234.461172 14451.883667
-5239.172126 14468.067297
-5243.895779 14484.225178
-5248.632132 14500.357309
-5253.381186 14516.463690
-5258.142939 14532.544320
-5262.917392 14548.599201
-5267.704546 14564.628332
-5272.504399 14580.631713
-5277.316953 14596.609343
-5282.142206 14612.561224
-5286.980160 14628.487355
-5291.830813 14644.387736
-5296.694167 14660.262367
-5301.570220 14676.111248
-5306.458974 14691.934378
-5311.360428 14707.731759
-5316.274581 14723.503390
-5321.201435 14739.249271
-5326.140989 14754.969402
-5331.093242 14770.663783
-5336.058196 14786.332414
-5341.035850 14801.975295
-5346.026203 14817.592426
-5351.053032 14833.217220
-5356.108411 14848.838538
-5361.192340 14864.456382
-5366.304818 14880.070750
-5371.445847 14895.681644
-5376.615426 14911.289062
-5381.813554 14926.893006
-5387.040233 14942.493474
-5392.295462 14958.090467
-5397.579241 14973.683986
-5402.891569 14989.274029
-5408.232448 15004.860597
-5413.601876 15020.443691
-5418.999855 15036.023309
-5424.426384 15051.599452
-5429.881462 15067.172121
-5435.365091 15082.741314
-5440.877270 15098.307032
-5446.417998 15113.869275
-5451.987277 15129.428043
-5457.585105 15144.983337
-5463.211484 15160.535155
-5468.866412 15176.083498
-5474.549891 15191.628366
-5480.261919 15207.169759
-5486.002498 15222.707677
-5491.771626 15238.242120
-5497.569305 15253.773088
-5503.395534 15269.300581
-5509.250312 15284.824599
-5515.133640 15300.345142
-5521.045519 15315.862210
-5526.985947 15331.375803
-5532.954926 15346.885921
-5538.952454 15362.392564
-5544.978533 15377.895732
-5551.033161 15393.395425
-5557.116340 15408.891643
-5563.228068 15424.384385
-5569.368346 15439.873653
-5575.539687 15455.325809
-5581.741253 15470.752064
-5587.973044 15486.152419
-5594.235060 15501.526875
-5600.527301 15516.875430
-5606.849766 15532.198085
-5613.202457 15547.494841
-5619.585373 15562.765696
-5625.998514 15578.010651
-5632.441879 15593.229707
-5638.915470 15608.422862
-5645.419286 15623.590117
-5651.953326 15638.731473
-5658.517592 15653.846928
-5665.112083 15668.936483
-5671.736798 15684.000139
-5678.391739 15699.037894
-5685.076904 15714.049749
-5691.792295 15729.035705
-5698.537910 15743.995760
-5705.313751 15758.929915
-5712.119816 15773.838171
-5718.956106 15788.720526
-5725.822622 15803.576982
-5732.719362 15818.407537
-5739.646328 15833.212192
-5746.603518 15847.990948
-5753.590933 15862.743803
-5760.608574 15877.470758
-5767.656439 15892.171814
-5774.734529 15906.846969
-5781.842844 15921.496224
-5788.981384 15936.119580
-5796.150150 15950.717035
-5803.349140 15965.288591
-5810.578355 15979.834246
-5817.837795 15994.354001
-5825.127460 16008.847857
-5832.447350 16023.315812
-5839.797465 16037.757867
-5847.164793 16052.184373
-5854.553670 16066.591878
-5861.964098 16080.980383
-5869.396076 16095.349889
-5876.849603 16109.700394
-5884.324681 16124.031899
-5891.821308 16138.344405
-5899.339486 16152.637910
-5906.879213 16166.912415
-5914.440491 16181.167920
-5922.023319 16195.404425
-5929.627696 16209.621931
-5937.253624 16223.820436
-5944.901101 16237.999941
-5952.570129 16252.160446
-5960.260706 16266.301951
-5967.972834 16280.424456
-5975.706512 16294.527961
-5983.461739 16308.612466
-5991.238517 16322.677971
-5999.036844 16336.724476
-6006.856722 16350.751981
-6014.698149 16364.760486
-6022.561127 16378.749991
-6030.445655 16392.720496
-6038.351732 16406.672001
-6046.279360 16420.604506
-6054.228537 16434.518011
-6062.199265 16448.412516
-6070.191542 16462.288021
-6078.205370 16476.144526
-6086.240747 16489.982031
-6094.297675 16503.800536
-6102.376153 16517.600040
-6110.476180 16531.380545
-6118.597758 16545.142050
-6126.740885 16558.884555
-6134.905563 16572.608059
-6143.091790 16586.312564
-6151.299568 16599.998069
-6159.526571 16613.680849
-6167.773573 16627.355478
-6176.040576 16641.021958
-6184.327578 16654.680288
-6192.634581 16668.330468
-6200.961583 16681.972497
-6209.308586 16695.606377
-6217.675589 16709.232107
-6226.062591 16722.849687
-6234.469594 16736.459116
-6242.896596 16750.060396
-6251.343599 16763.653526
-6259.810602 16777.238506
-6268.297604 16790.815336
-6276.804607 16804.384015
-6285.331609 16817.944545
-6293.878612 16831.496925
-6302.445615 16845.041155
-6311.032617 16858.577235
-6319.639620 16872.105164
-6328.266623 16885.624944
-6336.913625 16899.136574
-6345.580628 16912.640054
-6354.267630 16926.135384
-6362.974633 16939.622563
-6371.701636 16953.101593
-6380.448638 16966.572473
-6389.215641 16980.035203
-6398.002644 16993.489783
-6406.809646 17006.936213
-6415.636649 17020.374492
-6424.483652 17033.804622
-6433.350654 17047.226602
-6442.237657 17060.640432
-6451.144660 17074.046112
-6460.071662 17087.443642
-6469.018665 17100.833022
-6477.985668 17114.214251
-6486.972670 17127.587331
-6495.979673 17140.952261
-6505.001426 17154.315154
-6514.039679 17167.673971
-6523.094431 17181.028713
-6532.165684 17194.379381
-6541.253437 17207.725973
-6550.357690 17221.068491
-6559.478443 17234.406933
-6568.615695 17247.741300
-6577.769448 17261.071593
-6586.939701 17274.397810
-6596.126454 17287.719952
-6605.329707 17301.038020
-6614.549460 17314.352012
-6623.785713 17327.661930
-6633.038466 17340.967772
-6642.307719 17354.269540
-6651.593472 17367.567232
-6660.895725 17380.860849
-6670.214478 17394.150392
-6679.549731 17407.435859
-6688.901484 17420.717252
-6698.269737 17433.994569
-6707.654490 17447.267811
-6717.055743 17460.536979
-6726.473497 17473.802071
-6735.907750 17487.063089
-6745.358503 17500.320031
-6754.825756 17513.572899
-6764.309509 17526.821691
-6773.809763 17540.066408
-6783.326516 17553.307051
-6792.859769 17566.543618
-6802.409523 17579.776111
-6811.975776 17593.004528
-6821.558529 17606.228871
-6831.157783 17619.449138
-6840.773536 17632.665330
-6850.405789 17645.877448
-6860.054543 17659.085490
-6869.719796 17672.289458
-6879.396750 17685.482375
-6889.087003 17698.666568
-6898.790557 17711.842035
-6908.507410 17725.008777
-6918.237564 17738.166795
-6927.981018 17751.316087
-6937.737771 17764.456654
-6947.507825 17777.588496
-6957.291179 17790.711614
-6967.087833 17803.826006
-6976.897786 17816.931673
-6986.721040 17830.028615
-6996.557594 17843.116832
-7006.407448 17856.196324
-7016.270602 17869.267091
-7026.147056 17882.329133
-7036.036810 17895.382450
-7045.939864 17908.427042
-7055.856218 17921.462909
-7065.785872 17934.490051
-7075.728826 17947.508468
-7085.685080 17960.518160
-7095.654634 17973.519127
-7105.637489 17986.511369
-7115.633643 17999.494886
-7125.643097 18012.469677
-7135.665851 18025.435744
-7145.701906 18038.393086
-7155.751260 18051.341703
-7165.813914 18064.281594
-7175.889869 18077.212761
-7185.979123 18090.135203
-7196.081678 18103.048919
-7206.197532 18115.953911
-7216.326687 18128.850177
-7226.469141 18141.737719
-7236.624896 18154.616535
-7246.793951 18167.486627
-7256.976305 18180.347993
-7267.171960 18193.200635
-7277.284427 18206.051901
-7287.345870 18218.899343
-7297.356287 18231.742959
-7307.315679 18244.582750
-7317.224047 18257.418717
-7327.081389 18270.250858
-7336.887707 18283.079174
-7346.642999 18295.903666
-7356.347267 18308.724332
-7366.000509 18321.541173
-7375.602727 18334.354189
-7385.153919 18347.163380
-7394.654087 18359.968746
-7404.103230 18372.770288
-7413.501348 18385.568004
-7422.848440 18398.361895
-7432.144508 18411.151961
-7441.389551 18423.938202
-7450.583569 18436.720618
-7459.726562 18449.499209
-7468.818530 18462.273975
-7477.859473 18475.044916
-7486.849391 18487.812032
-7495.788284 18500.575322
-7504.676153 18513.334788
-7513.512996 18526.090429
-7522.298814 18538.842245
-7531.033607 18551.590236
-7539.717376 18564.334401
-7548.350119 18577.074742
-7556.931837 18589.811258
-7565.462531 18602.543949
-7573.942199 18615.272814
-7582.370843 18627.997855
-7590.748461 18640.719070
-7599.075055 18653.436461
-7607.350623 18666.150027
-7615.575167 18678.859767
-7623.748686 18691.565683
-7631.871179 18704.267773
-7639.908673 18716.945639
-7647.872492 18729.606079
-7655.762635 18742.249095
-7663.579104 18754.874685
-7671.321898 18767.482851
-7678.991016 18780.073591
-7686.586460 18792.646907
-7694.108229 18805.202798
-7701.556322 18817.741263
-7708.930741 18830.262304
-7716.231485 18842.765919
-7723.458553 18855.252110
-7730.611947 18867.720875
-7737.691665 18880.172216
-7744.697709 18892.606132
-7751.630078 18905.022622
-7758.488771 18917.421688
-7765.273790 18929.803329
-7771.985133 18942.167544
-7778.622802 18954.514335
-7785.186795 18966.843700
-7791.677114 18979.155641
-7798.093758 18991.450157
-7804.436726 19003.727247
-7810.706020 19015.986913
-7816.901638 19028.229154
-7823.023582 19040.453970
-7829.071850 19052.661360
-7835.046444 19064.851326
-7840.947362 19077.023867
-7846.774606 19089.178982
-7852.528174 19101.316673
-7858.208068 19113.436939
-7863.814286 19125.539780
-7869.346830 19137.625195
-7874.805698 19149.693186
-7880.190891 19161.743752
-7885.502410 19173.776893
-7890.740253 19185.792608
-7895.904422 19197.790899
-7900.991428 19209.797452
-7906.002434 19221.803706
-7910.937440 19233.809659
-7915.796446 19245.815313
-7920.579452 19257.820666
-7925.286458 19269.825719
-7929.917464 19281.830473
-7934.472470 19293.834926
-7938.951476 19305.839080
-7943.354482 19317.842933
-7947.681488 19329.846487
-7951.932494 19341.849741
-7956.107501 19353.852694
-7960.206507 19365.855348
-7964.229513 19377.857701
-7968.176519 19389.859755
-7972.047526 19401.861509
-7975.842532 19413.862963
-7979.561538 19425.864116
-7983.204544 19437.864970
-7986.771551 19449.865524
-7990.262557 19461.865778
-7993.677563 19473.865732
-7997.016570 19485.865386
-8000.279576 19497.864739
-8003.466582 19509.863793
-8006.577589 19521.862547
-8009.612595 19533.861001
-8012.571602 19545.859155
-8015.454608 19557.857009
-8018.261615 19569.854563
-8020.992621 19581.851817
-8023.647628 19593.848772
-8026.226634 19605.845426
-8028.729641 19617.841780
-8031.156647 19629.837834
-8033.507654 19641.833588
-8035.782661 19653.829042
-8037.981667 19665.824197
-8040.104674 19677.819051
-8042.198030 19689.780793
-8044.246287 19701.720360
-8046.249444 19713.637751
-8048.207500 19725.532968
-8050.120457 19737.406010
-8051.988314 19749.256876
-8053.811070 19761.085568
-8055.588727 19772.892085
-8057.321284 19784.676427
-8059.008740 19796.438593
-8060.651097 19808.178585
-8062.248354 19819.896402
-8063.800510 19831.592043
-8065.307567 19843.265510
-8066.769524 19854.916802
-8068.186380 19866.545918
-8069.558137 19878.152860
-8070.884794 19889.737627
-8072.166351 19901.300218
-8073.402807 19912.840635
-8074.594164 19924.358877
-8075.740421 19935.854943
-8076.841577 19947.328835
-8077.897634 19958.780551
-8078.908591 19970.210093
-8079.874448 19981.617460
-8080.795204 19993.002651
-8081.670861 20004.365668
-8082.501418 20015.706509
-8083.286875 20027.025176
-8084.027231 20038.321667
-8084.722488 20049.595984
-8085.372645 20060.848125
-8085.977702 20072.078092
-8086.537658 20083.285884
-8087.052515 20094.471500
-8087.522272 20105.634942
-8087.946929 20116.776208
-8088.326486 20127.895300
-8088.660942 20138.992216
-8088.980937 20150.062608
-8089.276256 20161.107924
-8089.546900 20172.128166
-8089.792870 20183.123332
-8090.014164 20194.093424
-8090.210783 20205.038440
-8090.382728 20215.958382
-8090.529997 20226.853249
-8090.652591 20237.723040
-8090.750511 20248.567757
-8090.823755 20259.387398
-8090.872324 20270.181965
-8090.896219 20280.951457
-8090.895438 20291.695873
-8090.869983 20302.415215
-8090.819852 20313.109482
-8090.745046 20323.778674
-8090.645566 20334.422790
-8090.521410 20345.041832
-8090.372580 20355.635799
-8090.199074 20366.204690
-8090.000894 20376.748507
-8089.778038 20387.267249
-8089.530507 20397.760916
-8089.258302 20408.229508
-8088.961421 20418.673024
-8088.639866 20429.091466
-8088.293635 20439.484833
-8087.922730 20449.853125
-8087.527149 20460.196342
-8087.106894 20470.514484
-8086.661963 20480.807550
-8086.192358 20491.075542
-8085.698077 20501.318459
-8085.179122 20511.536301
-8084.635491 20521.729068
-8084.067186 20531.896760
-8083.474206 20542.039377
-8082.856550 20552.156919
-8082.214220 20562.249386
-8081.537277 20572.344153
-8080.829034 20582.432095
-8080.089491 20592.513212
-8079.318648 20602.587504
-8078.516506 20612.654971
-8077.683063 20622.715612
-8076.818320 20632.769429
-8075.922278 20642.816421
-8074.994935 20652.856588
-8074.036293 20662.889930
-8073.046350 20672.916447
-8072.025108 20682.936139
-8070.972565 20692.949006
-8069.888723 20702.955047
-8068.773580 20712.954264
-8067.627138 20722.946656
-8066.449396 20732.932223
-8065.240353 20742.910965
-8064.000011 20752.882882
-8062.728369 20762.847973
-8061.425427 20772.806240
-8060.091185 20782.757682
-8058.725643 20792.702299
-8057.328801 20802.640091
-8055.900659 20812.571057
-8054.441217 20822.495199
-8052.950475 20832.412516
-8051.428433 20842.323008
-8049.875091 20852.226674
-8048.290449 20862.123516
-8046.674507 20872.013533
-8045.027266 20881.896724
-8043.348724 20891.773091
-8041.638882 20901.642633
-8039.897741 20911.505350
-8038.125299 20921.361241
-8036.321557 20931.210308
-8034.486516 20941.052550
-8032.620174 20950.887966
-8030.722533 20960.716558
-8028.793667 20970.539637
-8026.833550 20980.356766
-8024.842184 20990.167946
-8022.819567 20999.973175
-8020.765701 21009.772454
-8018.680584 21019.565783
-8016.564218 21029.353162
-8014.416602 21039.134592
-8012.237735 21048.910071
-8010.027619 21058.679600
-8007.786252 21068.443179
-8005.513636 21078.200809
-8003.209770 21087.952488
-8000.874653 21097.698217
-7998.508287 21107.437997
-7996.110670 21117.171826
-7993.681804 21126.899705
-7991.221688 21136.621635
-7988.730321 21146.337614
-7986.207705 21156.047644
-7983.653839 21165.751723
-7981.068723 21175.449852
-7978.452356 21185.142032
-7975.804740 21194.828261
-7973.125874 21204.508541
-7970.415757 21214.182870
-7967.674391 21223.851250
-7964.901775 21233.513679
-7962.097909 21243.170159
-7959.262792 21252.820688
-7956.396426 21262.465268
-7953.498810 21272.103897
-7950.569944 21281.736577
-7947.609827 21291.363306
-7944.618461 21300.984086
-7941.595845 21310.598915
-7938.541979 21320.207795
-7935.456863 21329.810724
-7932.340496 21339.407704
-7929.192880 21348.998734
-7926.013564 21358.576951
-7922.802698 21368.144643
-7919.560282 21377.701810
-7916.286316 21387.248452
-7912.980800 21396.784569
-7909.643734 21406.310161
-7906.275118 21415.825228
-7902.874952 21425.329770
-7899.443236 21434.823787
-7895.979970 21444.307279
-7892.485154 21453.780246
-7888.958788 21463.242688
-7885.400872 21472.694605
-7881.811407 21482.135997
-7878.190391 21491.566864
-7874.537825 21500.987206
-7870.853709 21510.397023
-7867.138043 21519.796315
-7863.390828 21529.185081
-7859.612062 21538.563323
-7855.801746 21547.931040
-7851.959881 21557.288232
-7848.086465 21566.634899
-7844.181500 21575.971041
-7840.244984 21585.296658
-7836.276919 21594.611749
-7832.277303 21603.916316
-7828.246138 21613.210358
-7824.183422 21622.493875
-7820.089157 21631.766867
-7815.963341 21641.029333
-7811.805976 21650.281275
-7807.617061 21659.522692
-7803.396595 21668.753584
-7799.144580 21677.973950
-7794.861015 21687.183792
-7790.545900 21696.383109
-7786.199234 21705.571900
-7781.821019 21714.750167
-7777.411254 21723.917909
-7772.996864 21733.084013
-7768.568874 21742.245517
-7764.127283 21751.402421
-7759.672093 21760.554725
-7755.203303 21769.702430
-7750.720913 21778.845534
-7746.224923 21787.984038
-7741.715333 21797.117942
-7737.192142 21806.247246
-7732.655352 21815.371950
-7728.104962 21824.492055
-7723.540972 21833.607559
-7718.963382 21842.718463
-7714.372192 21851.824767
-7709.767402 21860.926471
-7705.149012 21870.023575
-7700.517021 21879.116079
-7695.871431 21888.203983
-7691.212241 21897.287288
-7686.539451 21906.365992
-7681.853061 21915.440096
-7677.153071 21924.509600
-7672.439481 21933.574504
-7667.712291 21942.634808
-7662.971501 21951.690512
-7658.217111 21960.741616
-7653.449121 21969.788120
-7648.667530 21978.830024
-7643.872340 21987.867329
-7639.063550 21996.900033
-7634.241160 22005.928137
-7629.405170 22014.951641
-7624.555580 22023.970545
-7619.692390 22032.984849
-7614.815600 22041.994553
-7609.925210 22050.999657
-7605.021220 22060.000161
-7600.103630 22068.996065
-7595.172440 22077.987369
-7590.227650 22086.974073
-7585.265698 22095.957827
-7580.287770 22104.938081
-7575.293868 22113.914835
-7570.283990 22122.888089
-7565.258138 22131.857843
-7560.216310 22140.824097
-7555.158507 22149.786852
-7550.084730 22158.746106
-7544.994977 22167.701860
-7539.889250 22176.654114
-7534.767547 22185.602868
-7529.629870 22194.548122
-7524.476217 22203.489876
-7519.306590 22212.428130
-7514.120987 22221.362884
-7508.919410 22230.294138
-7503.701857 22239.221892
-7498.468330 22248.146146
-7493.218827 22257.066900
-7487.953349 22265.984154
-7482.671897 22274.897908
-7477.374469 22283.808162
-7472.061067 22292.714916
-7466.731689 22301.618170
-7461.386337 22310.517924
-7456.025009 22319.414179
-7450.647706 22328.306933
-7445.254429 22337.196187
-7439.845176 22346.081941
-7434.419949 22354.964195
-7428.978746 22363.842949
-7423.521569 22372.718203
-7418.048416 22381.589957
-7412.559288 22390.458211
-7407.054186 22399.322965
-7401.533108 22408.184219
-7395.996056 22417.041973
-7390.443028 22425.896227
-7384.874025 22434.746981
-7379.289048 22443.594235
-7373.691583 22452.443127
-7368.080468 22461.291944
-7362.455702 22470.140685
-7356.817287 22478.989352
-7351.165222 22487.837944
-7345.499507 22496.686461
-7339.820142 22505.534903
-7334.127127 22514.383269
-7328.420461 22523.231561
-7322.700146 22532.079778
-7316.966181 22540.927920
-7311.218566 22549.775987
-7305.457300 22558.623979
-7299.682385 22567.471897
-7293.893820 22576.319739
-7288.091605 22585.167506
-7282.275739 22594.015198
-7276.446224 22602.862816
-7270.603059 22611.710358
-7264.746243 22620.557825
-7258.875778 22629.405218
-7252.991663 22638.252535
-7247.093897 22647.099778
-7241.182482 22655.946945
-7235.257417 22664.794038
-7229.318701 22673.641055
-7223.366336 22682.487998
-7217.400320 22691.334866
-7211.420655 22700.181658
-7205.427340 22709.028376
-7199.420374 22717.875019
-7193.399759 22726.721587
-7187.365493 22735.568080
-7181.317578 22744.414498
-7175.256012 22753.260841
-7169.180797 22762.107109
-7163.091931 22770.953302
-7156.989416 22779.799420
-7150.873250 22788.645463
-7144.743434 22797.491431
-7138.602031 22806.333162
-7132.448353 22815.172042
-7126.282400 22824.008073
-7120.104172 22832.841254
-7113.913669 22841.671585
-7107.710891 22850.499066
-7101.495839 22859.323696
-7095.268511 22868.145477
-7089.028908 22876.964408
-7082.777030 22885.780489
-7076.512877 22894.593720
-7070.236449 22903.404101
-7063.947746 22912.211632
-7057.646768 22921.016313
-7051.333515 22929.818144
-7045.007987 22938.617125
-7038.670185 22947.413256
-7032.320107 22956.206537
-7025.957754 22964.996969
-7019.583126 22973.784550
-7013.196223 22982.569281
-7006.797046 22991.351162
-7000.385593 23000.130194
-6993.961865 23008.906375
-6987.525862 23017.679706
-6981.077585 23026.450188
-6974.617032 23035.217819
-6968.144204 23043.982600
-6961.659101 23052.744532
-6955.161724 23061.503613
-6948.652071 23070.259845
-6942.130143 23079.013226
-6935.595941 23087.763758
-6929.049463 23096.511439
-6922.490711 23105.256271
-6915.919683 23113.998252
-6909.336380 23122.737384
-6902.740803 23131.473666
-6896.132950 23140.207097
-6889.512823 23148.937679
-6882.895908 23157.667661
-6876.277043 23166.396292
-6869.656228 23175.123574
-6863.033462 23183.849506
-6856.408747 23192.574087
-6849.782082 23201.297319
-6843.153468 23210.019201
-6836.522903 23218.739732
-6829.890388 23227.458914
-6823.255923 23236.176746
-6816.619508 23244.893227
-6809.981143 23253.608359
-6803.340828 23262.322140
-6796.698563 23271.034572
-6790.054348 23279.745654
-6783.408183 23288.455385
-6776.760068 23297.163767
-6770.110004 23305.870798
-6763.457989 23314.576480
-6756.804024 23323.280811
-6750.148109 23331.983793
-6743.490244 23340.685424
-6736.830429 23349.385706
-6730.168665 23358.084637
-6723.504950 23366.782219
-6716.839285 23375.478450
-6710.171670 23384.173332
-6703.502106 23392.866863
-6696.830591 23401.559045
-6690.157126 23410.249876
-6683.481711 23418.939358
-6676.804347 23427.627489
-6670.125032 23436.314271
-6663.443767 23444.999702
-6656.760553 23453.683783
-6650.075388 23462.366515
-6643.388274 23471.047896
-6636.699209 23479.727928
-6630.008194 23488.406609
-6623.315230 23497.083940
-6616.634528 23505.756097
-6609.961351 23514.424353
-6603.295699 23523.088710
-6596.637572 23531.749166
-6589.986970 23540.405723
-6583.343893 23549.058379
-6576.708341 23557.707136
-6570.080314 23566.351993
-6563.459813 23574.992949
-6556.846836 23583.630006
-6550.241384 23592.263163
-6543.643457 23600.892420
-6537.053056 23609.517776
-6530.470179 23618.139233
-6523.894828 23626.756790
-6517.327001 23635.370447
-6510.766700 23643.980204
-6504.213923 23652.586061
-6497.668672 23661.188018
-6491.130945 23669.786075
-6484.600744 23678.380232
-6478.078068 23686.970489
-6471.562916 23695.556846
-6465.055290 23704.139303
-6458.555189 23712.717860
-6452.062613 23721.292517
-6445.577561 23729.863275
-6439.100035 23738.430132
-6432.630034 23746.993089
-6426.167558 23755.552147
-6419.712607 23764.107304
-6413.265181 23772.658561
-6406.825280 23781.205919
-6400.392904 23789.749376
-6393.968053 23798.288934
-6387.550728 23806.824591
-6381.140927 23815.356349
-6374.738651 23823.884206
-6368.343900 23832.408164
-6361.956674 23840.928221
-6355.572849 23849.435042
-6349.193798 23857.931737
-6342.819522 23866.418307
-6336.450022 23874.894752
-6330.085296 23883.361072
-6323.725345 23891.817267
-6317.370170 23900.263338
-6311.019769 23908.699283
-6304.674143 23917.125103
-6298.333293 23925.540798
-6291.997217 23933.946369
-6285.665917 23942.341814
-6279.339391 23950.727134
-6273.017640 23959.102329
-6266.700665 23967.467400
-6260.388464 23975.822345
-6254.081039 23984.167165
-6247.778388 23992.501861
-6241.480513 24000.826431
-6235.187412 24009.140876
-6228.899087 24017.445197
-6222.615536 24025.739392
-6216.336761 24034.023462
-6210.062760 24042.297408
-6203.793535 24050.561228
-6197.529084 24058.814924
-6191.269409 24067.058494
-6185.014508 24075.291939
-6178.764383 24083.515260
-6172.519032 24091.728455
-6166.278457 24099.931526
-6160.042657 24108.124471
-6153.811631 24116.307292
-6147.585381 24124.479987
-6141.363905 24132.642558
-6135.147205 24140.795003
-6128.935280 24148.937324
-6122.728129 24157.069519
-6116.525754 24165.191590
-6110.328154 24173.303535
-6104.140691 24181.409781
-6097.961578 24189.508852
-6091.790815 24197.600747
-6085.628403 24205.685468
-6079.474340 24213.763013
-6073.328627 24221.833384
-6067.191265 24229.896580
-6061.062252 24237.952600
-6054.941589 24246.001446
-6048.829277 24254.043117
-6042.725314 24262.077612
-6036.629702 24270.104933
-6030.542439 24278.125079
-6024.463527 24286.138049
-6018.392964 24294.143845
-6012.330752 24302.142466
-6006.276889 24310.133911
-6000.231377 24318.118182
-5994.194214 24326.095278
-5988.165402 24334.065199
-5982.144940 24342.027944
-5976.132827 24349.983515
-5970.129065 24357.931911
-5964.133653 24365.873132
-5958.146590 24373.807177
-5952.167878 24381.734048
-5946.197516 24389.653744
-5940.235504 24397.566265
-5934.281842 24405.471611
-5928.336529 24413.369782
-5922.399567 24421.260777
-5916.470955 24429.144598
-5910.550693 24437.021244
-5904.638781 24444.890715
-5898.735219 24452.753011
-5892.840007 24460.608132
-5886.953145 24468.456078
-5881.074633 24476.296849
-5875.204471 24484.130444
-5869.342659 24491.956865
-5863.492835 24499.771311
-5857.653785 24507.575382
-5851.825511 24515.369078
-5846.008012 24523.152399
-5840.201287 24530.925345
-5834.405338 24538.687916
-5828.620164 24546.440112
-5822.845764 24554.181933
-5817.082140 24561.913379
-5811.329291 24569.634450
-5805.587217 24577.345146
-5799.855918 24585.045467
-5794.135394 24592.735413
-5788.425644 24600.414984
-5782.726670 24608.084180
-5777.038471 24615.743001
-5771.361047 24623.391447
-5765.694398 24631.029518
-5760.038524 24638.657214
-5754.393425 24646.274535
-5748.759101 24653.881481
-5743.135552 24661.478052
-5737.522778 24669.064248
-5731.920779 24676.640070
-5726.329556 24684.205516
-5720.749107 24691.760587
-5715.179433 24699.305283
-5709.620534 24706.839604
-5704.072410 24714.363550
-5698.535061 24721.877121
-5693.008488 24729.380317
-5687.492689 24736.873138
-5681.987665 24744.355585
-5676.493417 24751.827656
-5671.009943 24759.289352
-5665.537244 24766.740673
-5660.075321 24774.181619
-5654.624172 24781.612190
-5649.183799 24789.032387
-5643.754200 24796.442208
-5638.334476 24803.855229
-5632.924928 24811.266925
-5627.525554 24818.677296
-5622.136356 24826.086342
-5616.757332 24833.494064
-5611.388484 24840.900460
-5606.029810 24848.305531
-5600.681311 24855.709277
-5595.342988 24863.111698
-5590.014839 24870.512794
-5584.696866 24877.912565
-5579.389067 24885.311011
-5574.091444 24892.708132
-5568.803995 24900.103928
-5563.526721 24907.498399
-5558.259623 24914.891545
-5553.002699 24922.283366
-5547.755951 24929.673862
-5542.519377 24937.063033
-5537.292978 24944.450879
-5532.076755 24951.837400
-5526.870706 24959.222596
-5521.674832 24966.606467
-5516.489134 24973.989013
-5511.313610 24981.370234
-5506.148262 24988.750130
-5500.993088 24996.128701
-5495.848089 25003.505947
-5490.713266 25010.881867
-5485.588617 25018.256463
-5480.474143 25025.629734
-5475.369845 25033.001680
-5470.275721 25040.372301
-5465.191772 25047.741597
-5460.117999 25055.109567
-5455.054400 25062.476213
-5450.000976 25069.841534
-5444.957728 25077.205530
-5439.924654 25084.568200
-5434.901755 25091.929546
-5429.873432 25099.271942
-5424.844883 25106.601263
-5419.816110 25113.917509
-5414.787111 25121.220679
-5409.757887 25128.510775
-5404.728439 25135.787796
-5399.698765 25143.051742
-5394.668867 25150.302613
-5389.638744 25157.540409
-5384.608395 25164.765130
-5379.577822 25171.976776
-5374.547023 25179.175347
-5369.516000 25186.360844
-5364.484752 25193.533265
-5359.453278 25200.692611
-5354.421580 25207.838882
-5349.389657 25214.972078
-5344.357508 25222.092200
-5339.325135 25229.199246
-5334.292537 25236.293217
-5329.259714 25243.374114
-5324.226666 25250.441935
-5319.193392 25257.496681
-5314.159894 25264.538353
-5309.126171 25271.566949
-5304.092223 25278.582471
-5299.058050 25285.584917
-5294.023652 25292.574289
-5288.989029 25299.550585
-5283.954181 25306.513807
-5278.919108 25313.463954
-5273.883810 25320.401025
-5268.848287 25327.325022
-5263.812539 25334.235944
-5258.776566 25341.133790
-5253.740369 25348.018562
-5248.703946 25354.890259
-5243.667298 25361.748881
-5238.630425 25368.594428
-5233.593327 25375.426900
-5228.572955 25382.252559
-5223.563657 25389.069318
-5218.565434 25395.877178
-5213.578287 25402.676137
-5208.602214 25409.466197
-5203.637216 25416.247356
-5198.683294 25423.019616
-5193.740446 25429.782975
-5188.808673 25436.537435
-5183.887976 25443.282995
-5178.978353 25450.019654
-5174.079806 25456.747414
-5169.192333 25463.466274
-5164.315936 25470.176233
-5159.450613 25476.877293
-5154.596366 25483.569453
-5149.753193 25490.252712
-5144.921096 25496.927072
-5140.100074 25503.592532
-5135.290126 25510.249092
-5130.491254 25516.896752
-5125.703457 25523.535511
-5120.926734 25530.165371
-5116.161087 25536.786331
-5111.406515 25543.398391
-5106.663017 25550.001551
-5101.930595 25556.595811
-5097.209248 25563.181171
-5092.498976 25569.757631
-5087.799779 25576.325191
-5083.111656 25582.883851
-5078.434609 25589.433611
-5073.768637 25595.974471
-5069.113740 25602.506431
-5064.469918 25609.029491
-5059.837171 25615.543651
-5055.215499 25622.048911
-5050.604902 25628.545272
-5046.005380 25635.032732
-5041.416933 25641.511292
-5036.822573 25647.994265
-5032.227964 25654.477212
-5027.633105 25660.960135
-5023.037995 25667.443033
-5018.442636 25673.925905
-5013.847027 25680.408753
-5009.251167 25686.891575
-5004.655058 25693.374373
-5000.058699 25699.857145
-4995.462090 25706.339893
-4990.865230 25712.822615
-4986.268121 25719.305313
-4981.670762 25725.787985
-4977.073153 25732.270633
-4972.475294 25738.753255
-4967.877185 25745.235853
-4963.278826 25751.718425
-4958.680217 25758.200972
-4954.081358 25764.683495
-4949.482249 25771.165992
-4944.882890 25777.648464
-4940.283281 25784.130911
-4935.683422 25790.613334
-4931.083313 25797.095731
-4926.482954 25803.578103
-4921.882346 25810.060450
-4917.281487 25816.542773
-4912.680378 25823.025070
-4908.079019 25829.507342
-4903.477411 25835.989589
-4898.875552 25842.471811
-4894.273443 25848.954008
-4889.671085 25855.436180
-4885.068476 25861.918327
-4880.465618 25868.400449
-4875.862509 25874.882546
-4871.259150 25881.364618
-4866.655542 25887.846665
-4862.051683 25894.328687
-4857.447575 25900.810684
-4852.850004 25907.278706
-4848.256708 25913.737403
-4843.667687 25920.186775
-4839.082941 25926.626822
-4834.502471 25933.057544
-4829.926275 25939.478941
-4825.354354 25945.891013
-4820.786708 25952.293760
-4816.223338 25958.687182
-4811.664242 25965.071280
-4807.109421 25971.446052
-4802.558876 25977.811499
-4798.012605 25984.167621
-4793.470609 25990.514418
-4788.932889 25996.851890
-4784.399443 26003.180038
-4779.870273 26009.498860
-4775.345377 26015.808357
-4770.824757 26022.108529
-4766.308411 26028.399377
-4761.796341 26034.680899
-4757.288545 26040.953096
-4752.785025 26047.215969
-4748.285779 26053.469516
-4743.790809 26059.713738
-4739.300114 26065.948636
-4734.813693 26072.174208
-4730.331548 26078.390456
-4725.853678 26084.597378
-4721.380083 26090.794976
-4716.910762 26096.983248
-4712.445717 26103.162196
-4707.984947 26109.331818
-4703.528452 26115.492116
-4699.076232 26121.643088
-4694.628287 26127.784736
-4690.184617 26133.917058
-4685.745222 26140.040056
-4681.310102 26146.153729
-4676.879257 26152.258076
-4672.456437 26158.347136
-4668.040392 26164.422897
-4663.631122 26170.485357
-4659.228627 26176.534517
-4654.832907 26182.570377
-4650.443962 26188.592937
-4646.061792 26194.602197
-4641.686397 26200.598157
-4637.317777 26206.580818
-4632.955932 26212.550178
-4628.600863 26218.506238
-4624.252568 26224.448998
-4619.911048 26230.378458
-4615.576303 26236.294619
-4611.248333 26242.197479
-4606.927139 26248.087039
-4602.612719 26253.963299
-4598.305074 26259.826260
-4594.004204 26265.675920
-4589.710110 26271.512280
-4585.422790 26277.335340
-4581.142245 26283.145101
-4576.868476 26288.941561
-4572.601481 26294.724721
-4568.341261 26300.494581
-4564.087817 26306.251142
-4559.841147 26311.994402
-4555.601252 26317.724362
-4551.368133 26323.441023
-4547.141788 26329.144383
-4542.922219 26334.834443
-4538.709424 26340.511204
-4534.503405 26346.174664
-4530.304160 26351.824824
-4526.111691 26357.461685
-4521.925996 26363.085245
-4517.747077 26368.695505
-4513.574932 26374.292466
-4509.409563 26379.876126
-4505.250968 26385.446486
-4501.105411 26391.012172
-4496.970804 26396.570307
-4492.847147 26402.120893
-4488.734440 26407.663928
-4484.632683 26413.199414
-4480.541876 26418.727349
-4476.462019 26424.247735
-4472.393112 26429.760571
-4468.335155 26435.265856
-4464.288148 26440.763592
-4460.252091 26446.253778
-4456.226984 26451.736414
-4452.212827 26457.211500
-4448.209620 26462.679035
-4444.217363 26468.139021
-4440.236056 26473.591457
-4436.265699 26479.036343
-4432.306292 26484.473679
-4428.357835 26489.903465
-4424.420328 26495.325702
-4420.493771 26500.740388
-4416.578163 26506.147524
-4412.673506 26511.547110
-4408.779799 26516.939146
-4404.897042 26522.323633
-4401.025235 26527.700569
-4397.164378 26533.069955
-4393.314470 26538.431792
-4389.475513 26543.786078
-4385.647506 26549.132815
-4381.830449 26554.472001
-4378.024342 26559.803638
-4374.229184 26565.127724
-4370.444977 26570.444261
-4366.671720 26575.753247
-4362.909413 26581.054684
-4359.158056 26586.348571
-4355.417648 26591.634908
-4351.688191 26596.913694
-4347.969684 26602.184931
-4344.268801 26607.437855
-4340.583319 26612.676055
-4336.913237 26617.899529
-4333.258554 26623.108278
-4329.619272 26628.302302
-4325.995390 26633.481602
-4322.386907 26638.646176
-4318.793825 26643.796025
-4315.216142 26648.931149
-4311.653860 26654.051548
-4308.106978 26659.157223
-4304.575495 26664.248172
-4301.059413 26669.324396
-4297.558730 26674.385895
-4294.073448 26679.432669
-4290.603565 26684.464718
-4287.149083 26689.482042
-4283.710000 26694.484641
-4280.286318 26699.472515
-4276.878035 26704.445664
-4273.485152 26709.404088
-4270.107670 26714.347787
-4266.745587 26719.276761
-4263.398904 26724.191010
-4260.067622 26729.090534
-4256.751739 26733.975333
-4253.451256 26738.845407
-4250.166174 26743.700756
-4246.896491 26748.541380
-4243.642208 26753.367278
-4240.403326 26758.178452
-4237.179843 26762.974901
-4233.971760 26767.756625
-4230.779077 26772.523624
-4227.601794 26777.275898
-4224.439912 26782.013446
-4221.293429 26786.736270
-4218.162346 26791.444369
-4215.046663 26796.137743
-4211.946380 26800.816391
-4208.879010 26805.464003
-4205.838714 26810.086014
-4202.825494 26814.682425
-4199.839349 26819.253236
-4196.880278 26823.798448
-4193.948283 26828.318059
-4191.043363 26832.812071
-4188.165517 26837.280482
-4185.314747 26841.723293
-4182.491052 26846.140505
-4179.694432 26850.532116
-4176.924886 26854.898128
-4174.182416 26859.238539
-4171.467021 26863.553351
-4168.778700 26867.842562
-4166.117455 26872.106174
-4163.483285 26876.344185
-4160.876190 26880.556597
-4158.296170 26884.743409
-4155.743224 26888.904620
-4153.217354 26893.040232
-4150.718559 26897.150244
-4148.246839 26901.234656
-4145.802194 26905.293467
-4143.384623 26909.326679
-4140.994128 26913.334291
-4138.630708 26917.316303
-4136.294363 26921.272714
-4133.985093 26925.203526
-4131.702898 26929.108738
-4129.447777 26932.988350
-4127.219732 26936.842362
-4125.018762 26940.670774
-4122.844867 26944.473586
-4120.698047 26948.250798
-4118.578302 26952.002410
-4116.485632 26955.728422
-4114.420037 26959.428834
-4112.381517 26963.103646
-4110.370072 26966.752858
-4108.383789 26970.391920
-4106.423307 26974.015682
-4104.488624 26977.624144
-4102.579742 26981.217306
-4100.696659 26984.795168
-4098.839377 26988.357730
-4097.007895 26991.904992
-4095.202212 26995.436954
-4093.422330 26998.953616
-4091.668248 27002.454978
-4089.939966 27005.941040
-4088.237484 27009.411802
-4086.560801 27012.867264
-4084.909919 27016.307426
-4083.284837 27019.732287
-4081.685555 27023.141849
-4080.112073 27026.536111
-4078.564391 27029.915073
-4077.042510 27033.278735
-4075.546428 27036.627097
-4074.076146 27039.960158
-4072.631664 27043.277920
-4071.212982 27046.580382
-4069.820101 27049.867544
-4068.453019 27053.139405
-4067.111737 27056.395967
-4065.796256 27059.637229
-4064.506574 27062.863190
-4063.242692 27066.073852
-4062.004611 27069.269214
-4060.792329 27072.449275
-4059.605848 27075.614037
-4058.445167 27078.763499
-4057.310285 27081.897660
-4056.201204 27085.016522
-4055.117922 27088.120084
-4054.060441 27091.208345
-4053.028760 27094.281307
-4052.022879 27097.338968
-4051.042798 27100.381330
-4050.087316 27103.408691
-4049.156835 27106.420953
-4048.251354 27109.418115
-4047.370873 27112.400176
-4046.515392 27115.367138
-4045.684911 27118.318999
-4044.879430 27121.255761
-4044.098949 27124.177423
-4043.343468 27127.083984
-4042.612987 27129.975446
-4041.907506 27132.851808
-4041.227025 27135.713069
-4040.571544 27138.559231
-4039.941063 27141.390293
-4039.335582 27144.206255
-4038.755101 27147.007116
-4038.199621 27149.792878
-4037.669140 27152.563540
-4037.163659 27155.319102
-4036.683178 27158.059563
-4036.227697 27160.784925
-4035.797217 27163.495187
-4035.391736 27166.190349
-4035.011255 27168.870411
-4034.655775 27171.535373
-4034.325294 27174.185235
-4034.019813 27176.819996
-4033.739333 27179.439658
-4033.483852 27182.044220
-4033.253372 27184.633682
-4033.047891 27187.208044
-4032.867411 27189.767306
-4032.711930 27192.311468
-4032.581450 27194.840530
-4032.475969 27197.354492
-4032.395489 27199.853354
-4032.340008 27202.337116
-4032.309528 27204.805778
-4032.304048 27207.259340
-4032.323567 27209.697802
-4032.365462 27212.112089
-4032.430606 27214.505226
-4032.519001 27216.877213
-4032.630646 27219.228051
-4032.765540 27221.557738
-4032.923685 27223.866275
-4033.105079 27226.153662
-4033.309723 27228.419899
-4033.537618 27230.664986
-4033.788762 27232.888924
-4034.063157 27235.091711
-4034.360801 27237.273348
-4034.681695 27239.433835
-4035.025840 27241.573173
-4035.393234 27243.691360
-4035.783878 27245.788397
-4036.197772 27247.864284
-4036.634917 27249.919022
-4037.095311 27251.952609
-4037.578955 27253.965046
-4038.085849 27255.956334
-4038.615993 27257.926471
-4039.169387 27259.875459
-4039.746031 27261.803296
-4040.345925 27263.709983
-4040.969069 27265.595521
-4041.615463 27267.459908
-4042.285107 27269.303146
-4042.978001 27271.125233
-4043.694145 27272.926171
-4044.433539 27274.705958
-4045.196183 27276.464596
-4045.982077 27278.202083
-4046.791221 27279.918421
-4047.623614 27281.613608
-4048.479258 27283.287646
-4049.358152 27284.940534
-4050.260296 27286.572271
-4051.185689 27288.182859
-4052.134333 27289.772296
-4053.090889 27291.334846
-4054.060470 27292.872422
-4055.043077 27294.385022
-4056.038708 27295.872647
-4057.047364 27297.335296
-4058.069045 27298.772971
-4059.103752 27300.185671
-4060.151483 27301.573396
-4061.212239 27302.936146
-4062.286020 27304.273921
-4063.372827 27305.586721
-4064.472658 27306.874545
-4065.585514 27308.137395
-4066.711396 27309.375270
-4067.850302 27310.588169
-4069.002233 27311.776094
-4070.167190 27312.939044
-4071.345171 27314.077018
-4072.536177 27315.190018
-4073.740209 27316.278042
-4074.957265 27317.341091
-4076.187346 27318.379166
-4077.430453 27319.392265
-4078.686584 27320.380390
-4079.955741 27321.343539
-4081.237922 27322.281713
-4082.533128 27323.194913
-4083.841360 27324.083137
-4085.162616 27324.946386
-4086.496898 27325.784660
-4087.844204 27326.597959
-4089.204536 27327.386283
-4090.577892 27328.149632
-4091.964273 27328.888006
-4093.363680 27329.601405
-4094.776111 27330.289829
-4096.201568 27330.953278
-4097.640049 27331.591752
-4099.091556 27332.205251
-4100.556087 27332.793775
-4102.101707 27333.399211
-4103.705726 27334.007598
-4105.368145 27334.618934
-4107.088964 27335.233221
-4108.868183 27335.850457
-4110.705803 27336.470644
-4112.601822 27337.093780
-4114.556242 27337.719867
-4116.569061 27338.348903
-4118.640281 27338.980890
-4120.769900 27339.615827
-4122.957920 27340.253713
-4125.204340 27340.894550
-4127.509159 27341.538336
-4129.872379 27342.185073
-4132.293999 27342.834760
-4134.774019 27343.487397
-4137.312439 27344.142983
-4139.909259 27344.801520
-4142.564479 27345.463007
-4145.278099 27346.127444
-4148.050119 27346.794830
-4150.880539 27347.465167
-4153.769359 27348.138454
-4156.716580 27348.814691
-4159.722200 27349.493878
-4162.786220 27350.176015
-4165.908641 27350.861102
-4169.089461 27351.549139
-4172.328682 27352.240126
-4175.626303 27352.934063
-4178.982323 27353.630950
-4182.396744 27354.330787
-4185.869565 27355.033574
-4189.400785 27355.739311
-4192.990406 27356.447998
-4196.638427 27357.159635
-4200.344848 27357.874222
-4204.109669 27358.591759
-4207.932890 27359.312247
-4211.690461 27359.991921
-4215.423732 27360.645371
-4219.132703 27361.272595
-4222.817374 27361.873595
-4226.477745 27362.448370
-4230.113816 27362.996919
-4233.725587 27363.519244
-4237.313058 27364.015343
-4240.876229 27364.485218
-4244.415100 27364.928867
-4247.929671 27365.346292
-4251.419941 27365.737491
-4254.885912 27366.102466
-4258.327583 27366.441215
-4261.744954 27366.753740
-4265.138025 27367.040039
-4268.506796 27367.300113
-4271.851267 27367.533963
-4275.171437 27367.741587
-4278.467308 27367.922987
-4281.738879 27368.078161
-4284.986150 27368.207110
-4288.209121 27368.309835
-4291.407791 27368.386334
-4294.582162 27368.436608
-4297.732233 27368.460657
-4300.858004 27368.458482
-4303.959475 27368.430081
-4307.036645 27368.375455
-4310.089516 27368.294604
-4313.118087 27368.187528
-4316.122357 27368.054228
-4319.102328 27367.894702
-4322.057999 27367.708951
-4324.989370 27367.496975
-4327.896440 27367.258774
-4330.779211 27366.994348
-4333.637682 27366.703697
-4336.471852 27366.386821
-4339.281723 27366.043720
-4342.018394 27365.693407
-4344.698164 27365.329544
-4347.321035 27364.952130
-4349.887005 27364.561167
-4352.396076 27364.156653
-4354.848246 27363.738590
-4357.243517 27363.306977
-4359.581887 27362.861813
-4361.863358 27362.403100
-4364.087928 27361.930836
-4366.255599 27361.445023
-4368.366369 27360.945660
-4370.420240 27360.432746
-4372.417210 27359.906283
-4374.357280 27359.366270
-4376.240451 27358.812707
-4378.066721 27358.245593
-4379.836092 27357.664930
-4381.548562 27357.070717
-4383.204132 27356.462953
-4384.802802 27355.841640
-4386.344573 27355.206777
-4387.829443 27354.558364
-4389.257413 27353.896400
-4390.628483 27353.220887
-4391.942654 27352.531824
-4393.199924 27351.829211
-4394.400294 27351.113048
-4395.543764 27350.383334
-4396.630334 27349.640071
-4397.660004 27348.883258
-4398.632774 27348.112895
-4399.548645 27347.328982
-4400.407615 27346.531519
-4401.209685 27345.720506
-4401.954855 27344.895942
-4402.643125 27344.057829
-4403.274495 27343.206166
-4403.848965 27342.340953
-4404.366535 27341.462190
-4404.845392 27340.574789
-4405.279475 27339.677114
-4405.668782 27338.769163
-4406.013314 27337.850937
-4406.313072 27336.922437
-4406.568054 27335.983661
-4406.778262 27335.034610
-4406.943694 27334.075285
-4407.064351 27333.105684
-4407.140234 27332.125808
-4407.171341 27331.135658
-4407.157674 27330.135232
-4407.099231 27329.124531
-4406.996013 27328.103555
-4406.848021 27327.072304
-4406.655253 27326.030779
-4406.417710 27324.978978
-4406.135392 27323.916902
-4405.808300 27322.844551
-4405.436432 27321.761925
-4405.019789 27320.669024
-4404.558372 27319.565848
-4404.052179 27318.452398
-4403.501211 27317.328672
-4402.905468 27316.194671
-4402.264951 27315.050395
-4401.579658 27313.895844
-4400.849590 27312.731018
-4400.074747 27311.555917
-4399.255129 27310.370541
-4398.390737 27309.174890
-4397.481569 27307.968964
-4396.527626 27306.752763
-4395.528908 27305.526287
-4394.485415 27304.289536
-4393.397147 27303.042509
-4392.264104 27301.785208
-4391.086287 27300.517632
-4389.863694 27299.239781
-4388.596326 27297.951655
-4387.316133 27296.634166
-4386.012465 27295.293678
-4384.685322 27293.930189
-4383.334704 27292.543700
-4381.960611 27291.134212
-4380.563042 27289.701723
-4379.141999 27288.246234
-4377.697481 27286.767746
-4376.229488 27285.266257
-4374.738019 27283.741768
-4373.223076 27282.194280
-4371.684658 27280.623791
-4370.122764 27279.030302
-4368.537396 27277.413814
-4366.928552 27275.774325
-4365.296234 27274.111836
-4363.640440 27272.426348
-4361.961172 27270.717859
-4360.258428 27268.986370
-4358.532209 27267.231882
-4356.782515 27265.454393
-4355.009347 27263.653904
-4353.212703 27261.830416
-4351.392584 27259.983927
-4349.548990 27258.114438
-4347.681921 27256.221950
-4345.791377 27254.306461
-4343.877358 27252.367972
-4341.939864 27250.406484
-4339.978895 27248.421995
-4337.994451 27246.414506
-4335.986532 27244.384017
-4333.955137 27242.330529
-4331.900268 27240.254040
-4329.821924 27238.154551
-4327.720104 27236.032063
-4325.594810 27233.886574
-4323.446041 27231.718085
-4321.273796 27229.526597
-4319.078077 27227.312108
-4316.900770 27225.102294
-4314.727913 27222.887930
-4312.559506 27220.669017
-4310.395549 27218.445553
-4308.236042 27216.217540
-4306.080985 27213.984976
-4303.930378 27211.747862
-4301.784221 27209.506199
-4299.642515 27207.259985
-4297.505258 27205.009222
-4295.372451 27202.753908
-4293.244094 27200.494045
-4291.120187 27198.229631
-4289.000731 27195.960668
-4286.885724 27193.687155
-4284.775167 27191.409091
-4282.669060 27189.126478
-4280.567404 27186.839315
-4278.470197 27184.547601
-4276.377440 27182.251338
-4274.289134 27179.950525
-4272.205277 27177.645161
-4270.125870 27175.335248
-4268.050914 27173.020785
-4265.980407 27170.701772
-4263.914351 27168.378208
-4261.852744 27166.050095
-4259.795588 27163.717432
-4257.742881 27161.380219
-4255.694625 27159.038456
-4253.650818 27156.692143
-4251.611462 27154.341280
-4249.576555 27151.985867
-4247.546099 27149.625904
-4245.520092 27147.261391
-4243.498536 27144.892328
-4241.481430 27142.518715
-4239.468773 27140.140552
-4237.460567 27137.757839
-4235.456810 27135.370576
-4233.404479 27132.977188
-4231.321248 27130.578200
-4229.207116 27128.173612
-4227.062085 27125.763425
-4224.886154 27123.347637
-4222.679322 27120.926249
-4220.441591 27118.499261
-4218.172960 27116.066674
-4215.873428 27113.628486
-4213.542997 27111.184699
-4211.181666 27108.735311
-4208.789434 27106.280324
-4206.366303 27103.819736
-4203.912272 27101.353549
-4201.427340 27098.881761
-4198.911509 27096.404374
-4196.364778 27093.921386
-4193.787146 27091.432799
-4191.178615 27088.938612
-4188.539184 27086.438825
-4185.868853 27083.933437
-4183.167621 27081.422450
-4180.435490 27078.905863
-4177.672459 27076.383676
-4174.878527 27073.855889
-4172.053696 27071.322502
-4169.197965 27068.783515
-4166.311333 27066.238928
-4163.393802 27063.688741
-4160.445371 27061.132954
-4157.466040 27058.571567
-4154.455808 27056.004580
-4151.414677 27053.431993
-4148.342646 27050.853806
-4145.239714 27048.270019
-4142.105883 27045.680633
-4138.941152 27043.085646
-4135.745521 27040.485059
-4132.518989 27037.878873
-4129.261558 27035.267086
-4125.993027 27032.645724
-4122.706796 27030.016113
-4119.402864 27027.378251
-4116.081233 27024.732139
-4112.741902 27022.077777
-4109.384871 27019.415166
-4106.010140 27016.744304
-4102.617709 27014.065192
-4099.207577 27011.377830
-4095.779746 27008.682219
-4092.334215 27005.978357
-4088.870984 27003.266245
-4085.390053 27000.545883
-4081.891422 26997.817271
-4078.375091 26995.080410
-4074.841060 26992.335298
-4071.289329 26989.581936
-4067.719898 26986.820324
-4064.132767 26984.050462
-4060.527936 26981.272350
-4056.905406 26978.485988
-4053.265175 26975.691376
-4049.607244 26972.888514
-4045.931613 26970.077402
-4042.238282 26967.258040
-4038.527251 26964.430428
-4034.798520 26961.594566
-4031.052090 26958.750454
-4027.287959 26955.898092
-4023.506128 26953.037480
-4019.706597 26950.168618
-4015.889367 26947.291506
-4012.054436 26944.406144
-4008.201805 26941.512532
-4004.331475 26938.610670
-4000.443444 26935.700558
-3996.537713 26932.782196
-3992.614283 26929.855583
-3988.673152 26926.920721
-3984.714322 26923.977609
-3980.756241 26921.013159
-3976.792761 26918.031735
-3972.823880 26915.033335
-3968.849599 26912.017960
-3964.869919 26908.985611
-3960.884838 26905.936286
-3956.894358 26902.869986
-3952.898477 26899.786712
-3948.897197 26896.686462
-3944.890517 26893.569237
-3940.878436 26890.435038
-3936.860956 26887.283863
-3932.838075 26884.115713
-3928.809795 26880.930589
-3924.776114 26877.728489
-3920.737034 26874.509414
-3916.692554 26871.273365
-3912.642673 26868.020340
-3908.587393 26864.750340
-3904.526713 26861.463366
-3900.460632 26858.159416
-3896.389152 26854.838491
-3892.312272 26851.500592
-3888.229992 26848.145717
-3884.142311 26844.773867
-3880.049231 26841.385043
-3875.950751 26837.979243
-3871.846871 26834.556468
-3867.737590 26831.116719
-3863.622910 26827.659994
-3859.502830 26824.186294
-3855.377350 26820.695620
-3851.246470 26817.187970
-3847.110190 26813.663345
-3842.968509 26810.121746
-3838.821429 26806.563171
-3834.668949 26802.987621
-3830.511069 26799.395096
-3826.347789 26795.785597
-3822.179109 26792.159122
-3818.019391 26788.528647
-3813.863849 26784.889848
-3809.712481 26781.242723
-3805.565289 26777.587273
-3801.422271 26773.923498
-3797.283429 26770.251399
-3793.148761 26766.570974
-3789.018269 26762.882224
-3784.891951 26759.185149
-3780.769809 26755.479750
-3776.651841 26751.766025
-3772.538049 26748.043975
-3768.428431 26744.313600
-3764.322989 26740.574900
-3760.221721 26736.827875
-3756.124629 26733.072526
-3752.031711 26729.308851
-3747.942969 26725.536851
-3743.858402 26721.756526
-3739.778009 26717.967876
-3735.701792 26714.170901
-3731.629749 26710.365601
-3727.561882 26706.551976
-3723.498190 26702.730026
-3719.438672 26698.899751
-3715.383330 26695.061151
-3711.332162 26691.214226
-3707.285170 26687.358976
-3703.242353 26683.495401
-3699.203710 26679.623501
-3695.169243 26675.743276
-3691.138951 26671.854726
-3687.112833 26667.957851
-3683.090891 26664.052651
-3679.073124 26660.139126
-3675.059531 26656.217276
-3671.050114 26652.287101
-3667.044872 26648.348601
-3663.043805 26644.401776
-3659.046912 26640.446626
-3655.035408 26636.469651
-3651.015553 26632.475351
-3646.987348 26628.463726
-3642.950793 26624.434776
-3638.905888 26620.388501
-3634.852633 26616.324901
-3630.791028 26612.243976
-3626.721073 26608.145726
-3622.642768 26604.030151
-3618.556113 26599.897251
-3614.461108 26595.747026
-3610.357753 26591.579476
-3606.246047 26587.394601
-3602.125992 26583.192401
-3597.997587 26578.972876
-3593.860832 26574.736026
-3589.715726 26570.481852
-3585.562271 26566.210352
-3581.400466 26561.921527
-3577.230310 26557.615377
-3573.051805 26553.291902
-3568.864949 26548.951103
-3564.669744 26544.592978
-3560.466188 26540.217528
-3556.254283 26535.824753
-3552.034027 26531.414654
-3547.805422 26526.987229
-3543.568466 26522.542479
-3539.323161 26518.080405
-3535.069505 26513.601005
-3530.807499 26509.104281
-3526.537143 26504.590231
-3522.258438 26500.058856
-3517.971382 26495.510157
-3513.675976 26490.944132
-3509.372220 26486.360783
-3505.060114 26481.760108
-3500.739658 26477.142109
-3496.410852 26472.506784
-3492.073696 26467.854135
-3487.657878 26463.178348
-3483.186834 26458.481361
-3478.660566 26453.763174
-3474.079072 26449.023787
-3469.442354 26444.263200
-3464.750410 26439.481413
-3460.003242 26434.678427
-3455.200848 26429.854240
-3450.343230 26425.008853
-3445.430386 26420.142266
-3440.462317 26415.254479
-3435.439024 26410.345492
-3430.360505 26405.415306
-3425.226761 26400.463919
-3420.037793 26395.491332
-3414.793599 26390.497545
-3409.494180 26385.482559
-3404.139536 26380.446372
-3398.729668 26375.388985
-3393.264574 26370.310398
-3387.744255 26365.210612
-3382.168711 26360.089625
-3376.537943 26354.947439
-3370.851949 26349.784052
-3365.110730 26344.599465
-3359.314286 26339.393679
-3353.462617 26334.166692
-3347.555723 26328.918505
-3341.593604 26323.649119
-3335.576261 26318.358532
-3329.503692 26313.046746
-3323.375898 26307.713759
-3317.192879 26302.359573
-3310.954635 26296.984186
-3304.661166 26291.587600
-3298.312472 26286.169813
-3291.908553 26280.730827
-3285.449409 26275.270640
-3278.935040 26269.789254
-3272.365446 26264.286668
-3265.703652 26258.762431
-3258.961983 26253.216695
-3252.140439 26247.649458
-3245.239020 26242.060722
-3238.257726 26236.450485
-3231.196557 26230.818749
-3224.055513 26225.165513
-3216.834594 26219.490776
-3209.533800 26213.794540
-3202.153131 26208.076803
-3194.692587 26202.337567
-3187.152168 26196.576831
-3179.531874 26190.794594
-3171.831706 26184.990858
-3164.051662 26179.165621
-3156.191743 26173.318885
-3148.251949 26167.450649
-3140.232280 26161.560912
-3132.132737 26155.649676
-3123.953318 26149.716939
-3115.694024 26143.762703
-3107.354856 26137.786967
-3098.935812 26131.789730
-3090.436893 26125.770994
-3081.858100 26119.730757
-3073.199431 26113.669021
-3064.460887 26107.585785
-3055.642469 26101.481048
-3046.744175 26095.354812
-3037.766006 26089.207075
-3028.707963 26083.037839
-3019.570044 26076.847103
-3010.352251 26070.634866
-3001.054582 26064.401130
-2991.677039 26058.145893
-2982.219620 26051.869157
-2972.682327 26045.570921
-2963.065158 26039.251184
-2953.368115 26032.909948
-2943.591196 26026.547212
-2933.784428 26020.190838
-2923.931135 26013.831539
-2914.031316 26007.469315
-2904.084973 26001.104166
-2894.092104 25994.736092
-2884.052711 25988.365093
-2873.966792 25981.991169
-2863.834349 25975.614320
-2853.655381 25969.234546
-2843.429887 25962.851847
-2833.157869 25956.466223
-2822.839326 25950.077674
-2812.474257 25943.686200
-2802.062664 25937.291801
-2791.604545 25930.894477
-2781.099902 25924.494228
-2770.548734 25918.091054
-2759.951040 25911.684955
-2749.306822 25905.275931
-2738.616079 25898.863982
-2727.878810 25892.449108
-2717.095017 25886.031309
-2706.264699 25879.610585
-2695.387856 25873.186936
-2684.464487 25866.760362
-2673.494594 25860.330863
-2662.478176 25853.898438
-2651.415232 25847.463089
-2640.305764 25841.024815
-2629.149771 25834.583616
-2617.947253 25828.139492
-2606.698209 25821.692443
-2595.402641 25815.242469
-2584.060548 25808.789569
-2572.671930 25802.333745
-2561.236786 25795.874996
-2549.755118 25789.413322
-2538.226925 25782.948723
-2526.652207 25776.481198
-2515.030964 25770.010749
-2503.332033 25763.539363
-2491.565802 25757.066376
-2479.732272 25750.591789
-2467.831441 25744.115603
-2455.863310 25737.637816
-2443.827880 25731.158430
-2431.725149 25724.677444
-2419.555119 25718.194857
-2407.317788 25711.710671
-2395.013158 25705.224885
-2382.641227 25698.737499
-2370.201997 25692.248513
-2357.695467 25685.757927
-2345.121636 25679.265740
-2332.480506 25672.771954
-2319.772076 25666.276569
-2306.996345 25659.779583
-2294.153315 25653.280997
-2281.242985 25646.780811
-2268.265354 25640.279025
-2255.220424 25633.775640
-2242.108194 25627.270654
-2228.928664 25620.764068
-2215.681834 25614.255883
-2202.367704 25607.746097
-2188.986274 25601.234712
-2175.537543 25594.721726
-2162.021513 25588.207141
-2148.438183 25581.690956
-2134.787553 25575.173170
-2121.069623 25568.653785
-2107.284393 25562.132800
-2093.431864 25555.610215
-2079.512034 25549.086030
-2065.524904 25542.560245
-2051.470474 25536.032860
-2037.348744 25529.503875
-2023.159714 25522.973290
-2008.903384 25516.441105
-1994.579755 25509.907320
-1980.192912 25503.343023
-1965.741495 25496.757851
-1951.225503 25490.151803
-1936.644935 25483.524881
-1921.999793 25476.877084
-1907.290076 25470.208412
-1892.515783 25463.518865
-1877.676916 25456.808443
-1862.773474 25450.077146
-1847.805456 25443.324973
-1832.772864 25436.551926
-1817.675696 25429.758004
-1802.513954 25422.943207
-1787.287637 25416.107535
-1771.996744 25409.250988
-1756.641277 25402.373566
-1741.221234 25395.475269
-1725.736617 25388.556098
-1710.187424 25381.616051
-1694.573657 25374.655129
-1678.895314 25367.673332
-1663.152397 25360.670660
-1647.344904 25353.647113
-1631.472837 25346.602692
-1615.536194 25339.537395
-1599.534977 25332.451223
-1583.469184 25325.344177
-1567.338817 25318.216255
-1551.143874 25311.067458
-1534.884357 25303.897787
-1518.560264 25296.707240
-1502.171597 25289.495818
-1485.718354 25282.263522
-1469.200536 25275.010350
-1452.618144 25267.736304
-1435.971176 25260.441382
-1419.259634 25253.125586
-1402.483516 25245.788914
-1385.642823 25238.431368
-1368.737556 25231.052947
-1351.820213 25223.672963
-1334.873295 25216.284979
-1317.896803 25208.888995
-1300.890735 25201.485011
-1283.855092 25194.073027
-1266.789875 25186.653043
-1249.695082 25179.225060
-1232.570714 25171.789076
-1215.416772 25164.345092
-1198.233254 25156.893108
-1181.020161 25149.433125
-1163.777493 25141.965141
-1146.505251 25134.489157
-1129.203433 25127.005173
-1111.872040 25119.513190
-1094.511072 25112.013206
-1077.120530 25104.505222
-1059.700412 25096.989239
-1042.250719 25089.465255
-1024.771452 25081.933271
-1007.262609 25074.393288
-989.724191 25066.845304
-972.156198 25059.289321
-954.558630 25051.725337
-936.931488 25044.153353
-919.274770 25036.573370
-901.588477 25028.985386
-883.872609 25021.389403
-866.127166 25013.785419
-848.352149 25006.173436
-830.547556 24998.553452
-812.713388 24990.925469
-794.849645 24983.289485
-776.956327 24975.645502
-759.033435 24967.993519
-741.080967 24960.333535
-723.098924 24952.665552
-705.087306 24944.989568
-687.046113 24937.305585
-668.975345 24929.613602
-650.861090 24921.909718
-632.707985 24914.195235
-614.516029 24906.470152
-596.285224 24898.734469
-578.015569 24890.988186
-559.707064 24883.231302
-541.359708 24875.463819
-522.973503 24867.685736
-504.548448 24859.897053
-486.084543 24852.097770
-467.581788 24844.287887
-449.040182 24836.467404
-430.459727 24828.636322
-411.840422 24820.794639
-393.182267 24812.942356
-374.485262 24805.079473
-355.749407 24797.205990
-336.974702 24789.321908
-318.161147 24781.427225
-299.308742 24773.521942
-280.417487 24765.606060
-261.487382 24757.679577
-242.518427 24749.742495
-223.510622 24741.794812
-204.463967 24733.836530
-185.378462 24725.867648
-166.254107 24717.888165
-147.090902 24709.898083
-127.888848 24701.897401
-108.647943 24693.886118
-89.368188 24685.864236
-70.049583 24677.831754
-50.692128 24669.788672
-31.295823 24661.734990
-11.860669 24653.670708
7.613336 24645.595826
27.126191 24637.510344
46.677895 24629.414262
66.268450 24621.307580
85.897855 24613.190298
105.540722 24605.077041
125.205514 24596.962934
144.892231 24588.847977
164.600873 24580.732171
184.331440 24572.615514
204.083932 24564.498007
223.858349 24556.379650
243.654691 24548.260443
263.472958 24540.140387
283.313150 24532.019480
303.175267 24523.897723
323.059309 24515.775116
342.965276 24507.651660
362.893167 24499.527353
382.842984 24491.402196
402.814726 24483.276190
422.808393 24475.149333
442.823984 24467.021627
462.861501 24458.893070
482.920943 24450.763663
503.002309 24442.633407
523.105601 24434.502300
543.230817 24426.370344
563.377959 24418.237537
583.547025 24410.103881
603.738017 24401.969374
623.950933 24393.834018
644.185775 24385.697811
664.442541 24377.560755
684.721232 24369.422848
705.021849 24361.284092
725.344390 24353.144486
745.688856 24345.004029
766.055247 24336.862723
786.443564 24328.720566
806.853805 24320.577560
827.285971 24312.433704
847.740062 24304.288998
868.216078 24296.143441
888.714019 24287.997035
909.245023 24279.836654
929.805377 24271.666672
950.395080 24263.487091
971.014134 24255.297910
991.662538 24247.099129
1012.340291 24238.890747
1033.047395 24230.672766
1053.783849 24222.445185
1074.549652 24214.208003
1095.344806 24205.961222
1116.169310 24197.704841
1137.023164 24189.438860
1157.906368 24181.163278
1178.818921 24172.878097
1199.760825 24164.583316
1220.732079 24156.278935
1241.732683 24147.964953
1262.762637 24139.641372
1283.821941 24131.308191
1304.910595 24122.965410
1326.028599 24114.613028
1347.175953 24106.251047
1368.352657 24097.879466
1389.558711 24089.498285
1410.794115 24081.107503
1432.058869 24072.707122
1453.352973 24064.297141
1474.676427 24055.877560
1496.029231 24047.448378
1517.411385 24039.009597
1538.822889 24030.561216
1560.263743 24022.103235
1581.733947 24013.635653
1603.233501 24005.158472
1624.762406 23996.671691
1646.320660 23988.175310
1667.908264 23979.669329
1689.525218 23971.153747
1711.171522 23962.628566
1732.847177 23954.093785
1754.543556 23945.547566
1776.263535 23936.990522
1798.007114 23928.422654
1819.774294 23919.843960
1841.565073 23911.254442
1863.379452 23902.654098
1885.217432 23894.042929
1907.079011 23885.420936
1928.964190 23876.788117
1950.872970 23868.144474
1972.805349 23859.490005
1994.761328 23850.824712
2016.740908 23842.148594
2038.744087 23833.461650
2060.770866 23824.763882
2082.821246 23816.055288
2104.895225 23807.335870
2126.992804 23798.605627
2149.113984 23789.864558
2171.258763 23781.112665
2193.427143 23772.349947
2215.619122 23763.576404
2237.834702 23754.792035
2260.073881 23745.996842
2282.336660 23737.190824
2304.623040 23728.373981
2326.933019 23719.546313
2349.266599 23710.707820
2371.623778 23701.858502
2394.004558 23692.998358
2416.408937 23684.127390
2438.836917 23675.245597
2461.288496 23666.352979
2483.763676 23657.449536
2506.262455 23648.535268
2528.784835 23639.610176
2551.330815 23630.674258
2573.900394 23621.727515
2596.493574 23612.769947
2619.110353 23603.801554
2641.754783 23594.819261
2664.425512 23585.824093
2687.122542 23576.816051
2709.845872 23567.795133
2732.595501 23558.761340
2755.371431 23549.714673
2778.173660 23540.655130
2801.002190 23531.582713
2823.857019 23522.497420
2846.738149 23513.399253
2869.645578 23504.288210
2892.579308 23495.164293
2915.539338 23486.027501
2938.525667 23476.877833
2961.538297 23467.715291
2984.577226 23458.539874
3007.642456 23449.351582
3030.733985 23440.150415
3053.851815 23430.936372
3076.995944 23421.709455
3100.166374 23412.469663
3123.363103 23403.216996
3146.586133 23393.951454
3169.835463 23384.673038
3193.111092 23375.381746
3216.413022 23366.077579
3239.741251 23356.760537
3263.095781 23347.430620
3286.476610 23338.087829
3309.883740 23328.732162
3333.317169 23319.363620
3356.776899 23309.982204
3380.262928 23300.587912
3403.775258 23291.180746
3427.313887 23281.760704
3450.878817 23272.327788
3474.470046 23262.881996
3498.087576 23253.423330
3521.731405 23243.951789
3545.401535 23234.467372
3569.095152 23224.970606
3592.813194 23215.461315
3616.555661 23205.939499
3640.322553 23196.405157
3664.113870 23186.858291
3687.929612 23177.298900
3711.769779 23167.726984
3735.634371 23158.142542
3759.523388 23148.545576
3783.436831 23138.936085
3807.374698 23129.314069
3831.336990 23119.679528
3855.323707 23110.032461
3879.334849 23100.372870
3903.370417 23090.700754
3927.430409 23081.016113
3951.514826 23071.318947
3975.623668 23061.609256
3999.756936 23051.887039
4023.914628 23042.152298
4048.096745 23032.405032
4072.303288 23022.645241
4096.534255 23012.872925
4120.789647 23003.088084
4145.069465 22993.290718
4169.373707 22983.480827
4193.702375 22973.658411
4218.055467 22963.823469
4242.432984 22953.976003
4266.834927 22944.116012
4291.261294 22934.243496
4315.712087 22924.358455
4340.187304 22914.460889
4364.686947 22904.550798
4389.211014 22894.628182
4413.759507 22884.693041
4438.332424 22874.745375
4462.929767 22864.785184
4487.551535 22854.812468
4512.197727 22844.827227
4536.862645 22834.829499
4561.548188 22824.819270
4586.254355 22814.796542
4610.981148 22804.761313
4635.728566 22794.713585
4660.496608 22784.653356
4685.285276 22774.580628
4710.094569 22764.495399
4734.924487 22754.397671
4759.775029 22744.287443
4784.646197 22734.164714
4809.537990 22724.029486
4834.450408 22713.881757
4859.383451 22703.721529
4884.337119 22693.548800
4909.311412 22683.363572
4934.306330 22673.165844
4959.321873 22662.955615
4984.358041 22652.732887
5009.414834 22642.497658
5034.492252 22632.249930
5059.590295 22621.989702
5084.708963 22611.716973
5109.848256 22601.431745
5135.008174 22591.134017
5160.188717 22580.823788
5185.389886 22570.501060
5210.611679 22560.165831
5235.854097 22549.818103
5261.117140 22539.457875
5286.400809 22529.085146
5311.705102 22518.699918
5337.030020 22508.302190
5362.375564 22497.891961
5387.741732 22487.469233
5413.128525 22477.034005
5438.535944 22466.586276
5463.963987 22456.126048
5489.412656 22445.653320
5514.881949 22435.168092
5540.367367 22424.668901
5565.870411 22414.156235
5591.391079 22403.630094
5616.929372 22393.090479
5642.485291 22382.537388
5668.058834 22371.970822
5693.650002 22361.390782
5719.258795 22350.797266
5744.885213 22340.190275
5770.529256 22329.569810
5796.190925 22318.935869
5821.870218 22308.288454
5847.567136 22297.627563
5873.281679 22286.953198
5899.013846 22276.265357
5924.763639 22265.564042
5950.531057 22254.849251
5976.316100 22244.120986
6002.118768 22233.379245
6027.939061 22222.624030
6053.776978 22211.855340
6079.632521 22201.073174
6105.505689 22190.277534
6131.396481 22179.468419
6157.304899 22168.645829
6183.230942 22157.809763
6209.174609 22146.960223
6235.135902 22136.097208
6261.114819 22125.220718
6287.111361 22114.330753
6313.125529 22103.427313
6339.157321 22092.510397
6365.206739 22081.580007
6391.273781 22070.636142
6417.358448 22059.678802
6443.460740 22048.707987
6469.580658 22037.723697
6495.718200 22026.725932
6521.873367 22015.714692
6548.046159 22004.689977
6574.239464 21993.649125
6600.452318 21982.593022
6626.684723 21971.521670
6652.936677 21960.435068
6679.208182 21949.333215
6705.499236 21938.216113
6731.809841 21927.083760
6758.139995 21915.936158
6784.489699 21904.773305
6810.858954 21893.595203
6837.247758 21882.401851
6863.656113 21871.193248
6890.084017 21859.969396
6916.531471 21848.730293
6942.998475 21837.475941
6969.485030 21826.206339
6995.991134 21814.921486
7022.516788 21803.621384
7049.061992 21792.306031
7075.626746 21780.975429
7102.211050 21769.629577
7128.814905 21758.268474
7155.438309 21746.892122
7182.081263 21735.500519
7208.743767 21724.093667
7235.425821 21712.671565
7262.127425 21701.234212
7288.848579 21689.781610
7315.589283 21678.313758
7342.349537 21666.830655
7369.129340 21655.332303
7395.928694 21643.818700
7422.747598 21632.289848
7449.586052 21620.745746
7476.444056 21609.186393
7503.321610 21597.611791
7530.218713 21586.021939
7557.135367 21574.416836
7584.071571 21562.796484
7611.027324 21551.160882
7638.011066 21539.503317
7665.019982 21527.826027
7692.054073 21516.129012
7719.113339 21504.412272
7746.197780 21492.675807
7773.307396 21480.919618
7800.442187 21469.143703
7827.602153 21457.348063
7854.787294 21445.532698
7881.997610 21433.697608
7909.233101 21421.842793
7936.493767 21409.968253
7963.779608 21398.073989
7991.090624 21386.159999
8018.426815 21374.226284
8045.788181 21362.272844
8073.174722 21350.299679
8100.586437 21338.306789
8128.023328 21326.294174
8155.485394 21314.261834
8182.972635 21302.209769
8210.485050 21290.137980
8238.022641 21278.046465
8265.585407 21265.935225
8293.173347 21253.804260
8320.786463 21241.653570
8348.424754 21229.483155
8376.088219 21217.293015
8403.776860 21205.083150
8431.490676 21192.853560
8459.229666 21180.604245
8486.993832 21168.335205
8514.783172 21156.046441
8542.597688 21143.737951
8570.437378 21131.409736
8598.302243 21119.061796
8626.192284 21106.694131
8654.107499 21094.306741
8682.047890 21081.899626
8710.013455 21069.472786
8738.000220 21057.027459
8766.009511 21044.563231
8794.041326 21032.080104
8822.095666 21019.578076
8850.172532 21007.057149
8878.271922 20994.517321
8906.393837 20981.958594
8934.538278 20969.380967
8962.705243 20956.784439
8990.894733 20944.169012
9019.106749 20931.534684
9047.341289 20918.881457
9075.598354 20906.209329
9103.877944 20893.518302
9132.180060 20880.808375
9160.504700 20868.079547
9188.851865 20855.331820
9217.221555 20842.565192
9245.613771 20829.779665
9274.028511 20816.975237
9302.465776 20804.151910
9330.925566 20791.309683
9359.407882 20778.448555
9387.912722 20765.568528
9416.440087 20752.669600
9444.989977 20739.751773
9473.562392 20726.815045
9502.157333 20713.859418
9530.774798 20700.884891
9559.414788 20687.891463
9588.077303 20674.879136
9616.762343 20661.847908
9645.469909 20648.797781
9674.199999 20635.728754
9702.952614 20622.640826
9731.727754 20609.533999
9760.525419 20596.408271
9789.345609 20583.263644
9818.188324 20570.100116
9847.053564 20556.917689
