-0.041637 0.043675
-0.107700 0.119800
-0.198187 0.228375
-0.313100 0.369400
-0.452437 0.542875
-0.616200 0.748800
-0.804387 0.987175
-1.017000 1.258000
-1.254037 1.561275
-1.515499 1.897000
-1.801387 2.265175
-2.111699 2.665800
-2.446436 3.098875
-2.805599 3.564399
-3.189186 4.062374
-3.597198 4.592799
-4.029636 5.155674
-4.486498 5.750999
-4.967786 6.378774
-5.473498 7.038999
-6.003636 7.731674
-6.558198 8.456799
-7.137185 9.214374
-7.740597 10.004398
-8.368435 10.826874
-9.020697 11.681799
-9.697384 12.569174
-10.398496 13.488999
-11.124033 14.441275
-11.873995 15.426000
-12.648382 16.443174
-13.447194 17.492800
-14.270432 18.574875
-15.118093 19.689400
-15.990180 20.836374
-16.886692 22.015799
-17.807629 23.227673
-18.752991 24.471998
-19.722778 25.748774
-20.716990 27.057999
-21.734652 28.400723
-22.776089 29.776598
-23.841301 31.185623
-24.930288 32.627796
-26.043051 34.103119
-27.179588 35.611595
-28.339901 37.153221
-29.523987 38.727997
-30.731848 40.335922
-31.963484 41.976997
-33.218895 43.651222
-34.498081 45.358597
-35.801044 47.099121
-37.127781 48.872795
-38.478294 50.679619
-39.852581 52.519592
-41.250641 54.392715
-42.672478 56.298988
-44.118088 58.238411
-45.587475 60.210983
-47.080635 62.216705
-48.597572 64.255577
-50.138283 66.327599
-51.702770 68.432770
-53.291031 70.571091
-54.903069 72.742561
-56.538879 74.947182
-58.198467 77.184952
-59.881828 79.455872
-61.588966 81.759949
-63.319878 84.097176
-65.074562 86.467552
-66.853020 88.871078
-68.655258 91.307755
-70.481270 93.777580
-72.331055 96.280556
-74.204613 98.816681
-76.101952 101.385956
-78.023064 103.988380
-79.967949 106.623955
-81.932938 109.296242
-83.919250 112.004051
-85.926888 114.747391
-87.955849 117.526253
-90.006134 120.340637
-92.077744 123.190552
-94.170677 126.075989
-96.284935 128.996948
-98.420517 131.953430
-100.577431 134.945435
-102.755669 137.972977
-104.955231 141.036041
-107.176117 144.134628
-109.418327 147.268738
-111.681862 150.438370
-113.966721 153.643524
-116.272903 156.884216
-118.600410 160.160431
-120.949242 163.472168
-123.319397 166.819427
-125.710884 170.202209
-128.123688 173.620529
-130.557816 177.074371
-133.013275 180.563736
-135.490051 184.088623
-137.988159 187.649033
-140.507599 191.244965
-143.048355 194.876434
-145.610443 198.543427
-148.193848 202.245941
-150.798584 205.983978
-153.424637 209.757538
-156.072021 213.566620
-158.740723 217.411240
-161.430756 221.291382
-164.142105 225.207047
-166.874786 229.158234
-169.628799 233.144943
-172.404129 237.167175
-175.200790 241.224945
-178.006134 245.282349
-180.824371 249.351349
-183.655518 253.431946
-186.499557 257.524139
-189.356506 261.627930
-192.226349 265.743317
-195.109100 269.870331
-198.004745 274.008942
-200.913284 278.159149
-203.834732 282.320953
-206.769073 286.494354
-209.716324 290.679352
-212.676468 294.875946
-215.649521 299.084137
-218.635468 303.303925
-221.634308 307.535339
-224.646057 311.778351
-227.670700 316.032959
-230.708252 320.299164
-233.758698 324.576965
-236.822037 328.866364
-239.898285 333.167358
-242.987427 337.479950
-246.089478 341.804138
-249.204422 346.139954
-252.332275 350.487366
-255.473022 354.846375
-258.626678 359.216980
-261.793213 363.599182
-264.972656 367.992981
-268.165009 372.398376
-271.370270 376.815369
-274.588409 381.243958
-277.819458 385.684174
-281.063416 390.135986
-284.320251 394.599396
-287.589996 399.074402
-290.872650 403.561005
-294.168213 408.059204
-297.476654 412.569000
-300.782501 417.076874
-304.090942 421.587311
-307.401947 426.100311
-310.715546 430.615906
-314.031708 435.134064
-317.350433 439.654816
-320.671753 444.178131
-323.995636 448.704010
-327.322083 453.232483
-330.651123 457.763519
-333.982727 462.297119
-337.316925 466.833313
-340.653687 471.372070
-343.993011 475.913422
-347.334930 480.457336
-350.679413 485.003815
-354.026459 489.552887
-357.376099 494.104523
-360.728302 498.658722
-364.083099 503.215515
-367.440460 507.774872
-370.800385 512.336792
-374.162903 516.901306
-377.527985 521.468384
-380.895630 526.038025
-384.265869 530.610291
-387.638672 535.185120
-391.014069 539.762512
-394.392029 544.342468
-397.772552 548.924988
-401.155670 553.510071
-404.541351 558.097778
-407.929596 562.688049
-411.320435 567.280884
-414.713837 571.876282
-418.109833 576.474243
-421.508392 581.074829
-424.909515 585.677979
-428.313232 590.283691
-431.719513 594.891968
-435.118134 599.551147
-438.512512 604.245117
-441.902618 608.973938
-445.288483 613.737549
-448.670105 618.535950
-452.047485 623.369141
-455.420593 628.237122
-458.789459 633.139893
-462.154083 638.077515
-465.514465 643.049927
-468.870575 648.057129
-472.222443 653.099121
-475.570068 658.175903
-478.913452 663.287476
-482.252563 668.433899
-485.587433 673.615112
-488.918060 678.831116
-492.244415 684.081909
-495.566528 689.367493
-498.884399 694.687866
-502.198029 700.043091
-505.507385 705.433105
-508.812500 710.857910
-512.113342 716.317505
-515.409973 721.811890
-518.702332 727.341064
-521.990479 732.905090
-525.274353 738.503906
-528.553955 744.137512
-531.829346 749.805908
-535.100464 755.509094
-538.367310 761.247070
-541.629944 767.019897
-544.888306 772.827515
-548.142395 778.669922
-551.392273 784.547119
-554.637878 790.459106
-557.879272 796.405884
-561.116394 802.387512
-564.349243 808.403931
-567.556396 814.455688
-570.744934 820.542603
-573.914917 826.664734
-577.066345 832.822021
-580.199158 839.014465
-583.313416 845.242126
-586.409119 851.504944
-589.486206 857.802917
-592.544739 864.136108
-595.584717 870.504456
-598.606079 876.907959
-601.608887 883.346619
-604.593140 889.820496
-607.558777 896.329529
-610.505859 902.873718
-613.434387 909.453125
-616.344299 916.067688
-619.235657 922.717407
-622.108459 929.402344
-624.962646 936.122437
-627.798279 942.877686
-630.615356 949.668091
-633.413818 956.493713
-636.193726 963.354492
-638.955078 970.250427
-641.697815 977.181580
-644.421997 984.147888
-647.127625 991.149353
-649.814636 998.186035
-652.483093 1005.257874
-655.132996 1012.364868
-657.764282 1019.507080
-660.377014 1026.684448
-662.971191 1033.896973
-665.546753 1041.144653
-668.103760 1048.427490
-670.642212 1055.745605
-673.162048 1063.098877
-675.663330 1070.487305
-678.146057 1077.910889
-680.625305 1085.390625
-683.096069 1092.919678
-685.558289 1100.497925
-688.012024 1108.125366
-690.457275 1115.802002
-692.894043 1123.527832
-695.322266 1131.302856
-697.742004 1139.127075
-700.153259 1147.000488
-702.556030 1154.923096
-704.950256 1162.894897
-707.335999 1170.915894
-709.713257 1178.986084
-712.082031 1187.105469
-714.442261 1195.274048
-716.794006 1203.491821
-719.137268 1211.758789
-721.471985 1220.074951
-723.798218 1228.440308
-726.115967 1236.854858
-728.425232 1245.318604
-730.725952 1253.831543
-733.018188 1262.393799
-735.301941 1271.005249
-737.577209 1279.665894
-739.843933 1288.375732
-742.102173 1297.134766
-744.351929 1305.942993
-746.593201 1314.800415
-748.825928 1323.707031
-751.050171 1332.662842
-753.265930 1341.667847
-755.473145 1350.722046
-757.671875 1359.825439
-759.862122 1368.978027
-762.043884 1378.179810
-764.217102 1387.430786
-766.381836 1396.730957
-768.538086 1406.080322
-770.685852 1415.478882
-772.817566 1424.939331
-774.935730 1434.457520
-777.040405 1444.033325
-779.131531 1453.666870
-781.209106 1463.358032
-783.273193 1473.106934
-785.323730 1482.913452
-787.360779 1492.777710
-789.384277 1502.699585
-791.394226 1512.679199
-793.390686 1522.716431
-795.373596 1532.811401
-797.343018 1542.963989
-799.298889 1553.174316
-801.241272 1563.442261
-803.170105 1573.767944
-805.085388 1584.151245
-806.987183 1594.592285
-808.875427 1605.090942
-810.750183 1615.647339
-812.611389 1626.261353
-814.459045 1636.933105
-816.293213 1647.662476
-818.113831 1658.449463
-819.920959 1669.294189
-821.714539 1680.196533
-823.494568 1691.156616
-825.261108 1702.174316
-827.014099 1713.249756
-828.753601 1724.382812
-830.479553 1735.573608
-832.191956 1746.822021
-833.890869 1758.128174
-835.576233 1769.491943
-837.248108 1780.913452
-838.906433 1792.392578
-840.551208 1803.929443
-842.182495 1815.523926
-843.800232 1827.176147
-845.404480 1838.885986
-846.985107 1850.608643
-848.545532 1862.359009
-850.085754 1874.137085
-851.605713 1885.942871
-853.105469 1897.776367
-854.585022 1909.637573
-856.044312 1921.526489
-857.483398 1933.443115
-858.902222 1945.387573
-860.300842 1957.359741
-861.679260 1969.359619
-863.037415 1981.387207
-864.375366 1993.442505
-865.693115 2005.525513
-866.990601 2017.636230
-868.267883 2029.774658
-869.524963 2041.940918
-870.761780 2054.134766
-871.978394 2066.356445
-873.174744 2078.605713
-874.350891 2090.882812
-875.506836 2103.187744
-876.642517 2115.520264
-877.757996 2127.880615
-878.853271 2140.268555
-879.928284 2152.684326
-880.983093 2165.127686
-882.017700 2177.598877
-883.032043 2190.097900
-884.026184 2202.624512
-885.000061 2215.178955
-885.953735 2227.760986
-886.887207 2240.370850
-887.800415 2253.008301
-888.693420 2265.673584
-889.566223 2278.366455
-890.418762 2291.087158
-891.251099 2303.835693
-892.063171 2316.611816
-892.855042 2329.415771
-893.656921 2342.237305
-894.458740 2355.079834
-895.260437 2367.943359
-896.062073 2380.827881
-896.863647 2393.733398
-897.665161 2406.659912
-898.466614 2419.607422
-899.267944 2432.575928
-900.069214 2445.565430
-900.870422 2458.575928
-901.671570 2471.607422
-902.472595 2484.659912
-903.273560 2497.733398
-904.074463 2510.827881
-904.875305 2523.943359
-905.676086 2537.079834
-906.476746 2550.237305
-907.277344 2563.415771
-908.077881 2576.615234
-908.878357 2589.835693
-909.678711 2603.077148
-910.479004 2616.339600
-911.279236 2629.623047
-912.079407 2642.927490
-912.879456 2656.252930
-913.679443 2669.599365
-914.479370 2682.966797
-915.279236 2696.355225
-916.079041 2709.764648
-916.878723 2723.195068
-917.678345 2736.646484
-918.477905 2750.118896
-919.277405 2763.612305
-920.076782 2777.126709
-920.876099 2790.662109
-921.675354 2804.218506
-922.474548 2817.796143
-923.273621 2831.394775
-924.072632 2845.014404
-924.871582 2858.655029
-925.675232 2872.342529
-926.482056 2886.068359
-927.291992 2899.832520
-928.105042 2913.635010
-928.921204 2927.476074
-929.740479 2941.355469
-930.562927 2955.273193
-931.388489 2969.229248
-932.217163 2983.223633
-933.048950 2997.256348
-933.883850 3011.327393
-934.721924 3025.436768
-935.563110 3039.584473
-936.407410 3053.770508
-937.254822 3067.994873
-938.105347 3082.257568
-938.959045 3096.558594
-939.815857 3110.898193
-940.675781 3125.276123
-941.538818 3139.692383
-942.404968 3154.146973
-943.274292 3168.639893
-944.146729 3183.171143
-945.022278 3197.740723
-945.900940 3212.348633
-946.782715 3226.994873
-947.667664 3241.679443
-948.555725 3256.402344
-949.446899 3271.163574
-950.341187 3285.963379
-951.238586 3300.801514
-952.139160 3315.677979
-953.042847 3330.592773
-953.949646 3345.545898
-954.859558 3360.537354
-955.772583 3375.567139
-956.688782 3390.635254
-957.608093 3405.741699
-958.530518 3420.886475
-959.456055 3436.069580
-960.353333 3451.276367
-961.232788 3466.511475
-962.094482 3481.775146
-962.938354 3497.067139
-963.764465 3512.387695
-964.572754 3527.736572
-965.363220 3543.114014
-966.135925 3558.519775
-966.890808 3573.954102
-967.627869 3589.416748
-968.347168 3604.907959
-969.048645 3620.427490
-969.732361 3635.975586
-970.398254 3651.552246
-971.046326 3667.157227
-971.676636 3682.790771
-972.289124 3698.452637
-972.883789 3714.143066
-973.460693 3729.861816
-974.019775 3745.609131
-974.561035 3761.384766
-975.084534 3777.188965
-975.590210 3793.021484
-976.078125 3808.882568
-976.548218 3824.771973
-977.000488 3840.689941
-977.434998 3856.636230
-977.851685 3872.611084
-978.250549 3888.614258
-978.631653 3904.645996
-978.994934 3920.706299
-979.340393 3936.794922
-979.668091 3952.912109
-979.977966 3969.057617
-980.270081 3985.231689
-980.544373 4001.434082
-980.800842 4017.665039
-981.039551 4033.924316
-981.260437 4050.212158
-981.463501 4066.528320
-981.657532 4082.852783
-981.839661 4099.192383
-982.009827 4115.546875
-982.168030 4131.916504
-982.314270 4148.300781
-982.448608 4164.700195
-982.570984 4181.114746
-982.681396 4197.544434
-982.779846 4213.988770
-982.866333 4230.448242
-982.940918 4246.922852
-983.003540 4263.412598
-983.054199 4279.916992
-983.092896 4296.436523
-983.119629 4312.971191
-983.134460 4329.520508
-983.137329 4346.084961
-983.128235 4362.664551
-983.107178 4379.259277
-983.074158 4395.868652
-983.029236 4412.493164
-982.972351 4429.132812
-982.903503 4445.787109
-982.822693 4462.456543
-982.729980 4479.141113
-982.625305 4495.840820
-982.508667 4512.555176
-982.380066 4529.284668
-982.239502 4546.029297
-982.087036 4562.788574
-981.922607 4579.562988
-981.746216 4596.352539
-981.557861 4613.157227
-981.357544 4629.976562
-981.145325 4646.811035
-980.921143 4663.660645
-980.684998 4680.524902
-980.436890 4697.404297
-980.176819 4714.298828
-979.904846 4731.208496
-979.635315 4748.148438
-979.363403 4765.113281
-979.089172 4782.103516
-978.812561 4799.118652
-978.533630 4816.159180
-978.252319 4833.224609
-977.968689 4850.315430
-977.682678 4867.431152
-977.394348 4884.572266
-977.103638 4901.738281
-976.810608 4918.929688
-976.515198 4936.145996
-976.217468 4953.387695
-975.917358 4970.654297
-975.614929 4987.946289
-975.310120 5005.263184
-975.002991 5022.605469
-974.693481 5039.972656
-974.381653 5057.365234
-974.067444 5074.782715
-973.750916 5092.225586
-973.432007 5109.693359
-973.110779 5127.186523
-972.787170 5144.704590
-972.461243 5162.248047
-972.132935 5179.816406
-971.802307 5197.410156
-971.469299 5215.028809
-971.133972 5232.672852
-970.796265 5250.341797
-970.456238 5268.036133
-970.113831 5285.755371
-969.769104 5303.500000
-969.421997 5321.269531
-969.072571 5339.064453
-968.720764 5356.884277
-968.366638 5374.729492
-968.010132 5392.599609
-967.651306 5410.495117
-967.290100 5428.415527
-966.906433 5446.339355
-966.506958 5464.273926
-966.091736 5482.218750
-965.660706 5500.174316
-965.213928 5518.140137
-964.751404 5536.116699
-964.273071 5554.104004
-963.778992 5572.101562
-963.269104 5590.109863
-962.743469 5608.128418
-962.202026 5626.157715
-961.644836 5644.197754
-961.071838 5662.248047
-960.483093 5680.309082
-959.878540 5698.380371
-959.258240 5716.462402
-958.622192 5734.555176
-957.970337 5752.658203
-957.302734 5770.771973
-956.619324 5788.896484
-955.920166 5807.031250
-955.205200 5825.176758
-954.474487 5843.332520
-953.727966 5861.499023
-952.965698 5879.676270
-952.187622 5897.863770
-951.393799 5916.062012
-950.584167 5934.270508
-949.758789 5952.489746
-948.917664 5970.719727
-948.060730 5988.959961
-947.188049 6007.210938
-946.299561 6025.472168
-945.395325 6043.744141
-944.475281 6062.026855
-943.539490 6080.319824
-942.587891 6098.623535
-941.620544 6116.937500
-940.637390 6135.262207
-939.638489 6153.597656
-938.630432 6171.908203
-937.611023 6190.205566
-936.580261 6208.490234
-935.538147 6226.761719
-934.484680 6245.020508
-933.419861 6263.266113
-932.343750 6281.499023
-931.256287 6299.718750
-930.157471 6317.925293
-929.047302 6336.119141
-927.925781 6354.299805
-926.792908 6372.467773
-925.648682 6390.622559
-924.493103 6408.764160
-923.326172 6426.893066
-922.147888 6445.008789
-920.958252 6463.111816
-919.757263 6481.201660
-918.544922 6499.278809
-917.321228 6517.342773
-916.086182 6535.393555
-914.839783 6553.431641
-913.582031 6571.456543
-912.312927 6589.468750
-911.032471 6607.467773
-909.740662 6625.454102
-908.437500 6643.427246
-907.122986 6661.387207
-905.797119 6679.334473
-904.459900 6697.268555
-903.111389 6715.189941
-901.751526 6733.098145
-900.380310 6750.993652
-898.997742 6768.875977
-897.603821 6786.745117
-896.198547 6804.601562
-894.781921 6822.444824
-893.353943 6840.275391
-891.914612 6858.092773
-890.463928 6875.897461
-889.015381 6893.736816
-887.564514 6911.595703
-886.111267 6929.473633
-884.655701 6947.370605
-883.197754 6965.286621
-881.737488 6983.221680
-880.274841 7001.175781
-878.809875 7019.148926
-877.342529 7037.141113
-875.872864 7055.152344
-874.400818 7073.182617
-872.926453 7091.231934
-871.449707 7109.300293
-869.970642 7127.387695
-868.489197 7145.494141
-867.005432 7163.619629
-865.519287 7181.764648
-864.030823 7199.928711
-862.539978 7218.111816
-861.046814 7236.313965
-859.551270 7254.535156
-858.053406 7272.775391
-856.553162 7291.034668
-855.050598 7309.312988
-853.545654 7327.610352
-852.038391 7345.926758
-850.528748 7364.262207
-849.016785 7382.616699
-847.502441 7400.990234
-845.985779 7419.382812
-844.466736 7437.794434
-842.945374 7456.225586
-841.421631 7474.675781
-839.895569 7493.145020
-838.367126 7511.633301
-836.836365 7530.140625
-835.303223 7548.666992
-833.767761 7567.212402
-832.229919 7585.776855
-830.689758 7604.360352
-829.122559 7622.957031
-827.536621 7641.568848
-825.931885 7660.195801
-824.308411 7678.837891
-822.666138 7697.495117
-821.005066 7716.167969
-819.325256 7734.855957
-817.626648 7753.559082
-815.909241 7772.277344
-814.173096 7791.010742
-812.418152 7809.759277
-810.644470 7828.522949
-808.851990 7847.301758
-807.040710 7866.095703
-805.210693 7884.904785
-803.361877 7903.729004
-801.494324 7922.568359
-799.607971 7941.422852
-797.702820 7960.292969
-795.778931 7979.178223
-793.836243 7998.078613
-791.874817 8016.994141
-789.894592 8035.924805
-787.895569 8054.870605
-785.877808 8073.831543
-783.841248 8092.807617
-781.785950 8111.798828
-779.711853 8130.805176
-777.618958 8149.826660
-775.507324 8168.863281
-773.376892 8187.915039
-771.227661 8206.982422
-769.059692 8226.064453
-766.872925 8245.162109
-764.667419 8264.274414
-762.443115 8283.402344
-760.200012 8302.544922
-757.938171 8321.703125
-755.657532 8340.876953
-753.358154 8360.065430
-751.056335 8379.272461
-748.746704 8398.496094
-746.429199 8417.737305
-744.103882 8436.996094
-741.770691 8456.271484
-739.429626 8475.564453
-737.080750 8494.875000
-734.723999 8514.202148
-732.359436 8533.546875
-729.987000 8552.909180
-727.606689 8572.288086
-725.218567 8591.684570
-722.822571 8611.098633
-720.418762 8630.529297
-718.007080 8649.977539
-715.587524 8669.443359
-713.160156 8688.925781
-710.724915 8708.425781
-708.281799 8727.943359
-705.830872 8747.477539
-703.372070 8767.029297
-700.905457 8786.598633
-698.430969 8806.184570
-695.948608 8825.788086
-693.458435 8845.409180
-690.960388 8865.046875
-688.454529 8884.702148
-685.940796 8904.375000
-683.419189 8924.064453
-680.889771 8943.771484
-678.352478 8963.496094
-675.807312 8983.237305
-673.254333 9002.996094
-670.693481 9022.772461
-668.124817 9042.565430
-665.548279 9062.375977
-662.963867 9082.204102
-660.371643 9102.048828
-657.771545 9121.911133
-655.163635 9141.791016
-652.523376 9161.705078
-649.858948 9181.648438
-647.170349 9201.620117
-644.457520 9221.621094
-641.720520 9241.651367
-638.959351 9261.709961
-636.174011 9281.797852
-633.364502 9301.914062
-630.530823 9322.059570
-627.672974 9342.234375
-624.790955 9362.437500
-621.884766 9382.669922
-618.954407 9402.930664
-615.999878 9423.220703
-613.021179 9443.540039
-610.018311 9463.887695
-606.991211 9484.264648
-603.939941 9504.669922
-600.864502 9525.104492
-597.764893 9545.568359
-594.641113 9566.060547
-591.493164 9586.582031
-588.321045 9607.131836
-585.124756 9627.710938
-581.904297 9648.319336
-578.659668 9668.956055
-575.390869 9689.622070
-572.097900 9710.316406
-568.780701 9731.040039
-565.439331 9751.791992
-562.073792 9772.573242
-558.684082 9793.383789
-555.270203 9814.222656
-551.832153 9835.090820
-548.369934 9855.987305
-544.883545 9876.913086
-541.372986 9897.868164
-537.838257 9918.851562
-534.279358 9939.864258
-530.696289 9960.905273
-527.103027 9981.975586
-523.494934 10003.075195
-519.872009 10024.204102
-516.234314 10045.362305
-512.581787 10066.549805
-508.914429 10087.766602
-505.232239 10109.012695
-501.535217 10130.288086
-497.823364 10151.592773
-494.096680 10172.926758
-490.355194 10194.289062
-486.598877 10215.680664
-482.827728 10237.101562
-479.041748 10258.551758
-475.240936 10280.031250
-471.425323 10301.540039
-467.594879 10323.078125
-463.749603 10344.645508
-459.889496 10366.242188
-456.014557 10387.868164
-452.124817 10409.522461
-448.220245 10431.206055
-444.300842 10452.918945
-440.366608 10474.661133
-436.417572 10496.432617
-432.453705 10518.233398
-428.475006 10540.063477
-424.481476 10561.922852
-420.473114 10583.811523
-416.449951 10605.729492
-412.411957 10627.675781
-408.359131 10649.651367
-404.291473 10671.656250
-400.208984 10693.690430
-396.111694 10715.753906
-391.999573 10737.846680
-387.872620 10759.968750
-383.730835 10782.120117
-379.574249 10804.300781
-375.402832 10826.510742
-371.237244 10848.750977
-367.070618 10871.022461
-362.902924 10893.324219
-358.734192 10915.656250
-354.564392 10938.018555
-350.393555 10960.411133
-346.221680 10982.834961
-342.048737 11005.289062
-337.874756 11027.773438
-333.699707 11050.288086
-329.523621 11072.833984
-325.346497 11095.410156
-321.168304 11118.016602
-316.989075 11140.653320
-312.808777 11163.320312
-308.627441 11186.018555
-304.445068 11208.747070
-300.261627 11231.505859
-296.077148 11254.294922
-291.891602 11277.114258
-287.705017 11299.964844
-283.517395 11322.845703
-279.328705 11345.756836
-275.138977 11368.698242
-270.948181 11391.669922
-266.756348 11414.672852
-262.563477 11437.706055
-258.369537 11460.769531
-254.174545 11483.863281
-249.978516 11506.987305
-245.781433 11530.142578
-241.583298 11553.328125
-237.384109 11576.543945
-233.183868 11599.790039
-228.982590 11623.066406
-224.780258 11646.374023
-220.576874 11669.711914
-216.372437 11693.080078
-212.166946 11716.478516
-207.960419 11739.908203
-203.744507 11763.360352
-199.522003 11786.837891
-195.292892 11810.340820
-191.057190 11833.869141
-186.814880 11857.422852
-182.565964 11881.001953
-178.310455 11904.606445
-174.048340 11928.236328
-169.779633 11951.891602
-165.504318 11975.571289
-161.222412 11999.276367
-156.933899 12023.006836
-152.638794 12046.762695
-148.337082 12070.543945
-144.028778 12094.350586
-139.713867 12118.182617
-135.392365 12142.040039
-131.064255 12165.922852
-126.729546 12189.831055
-122.388237 12213.764648
-118.040329 12237.723633
-113.685822 12261.708008
-109.324715 12285.717773
-104.957008 12309.752930
-100.582703 12333.813477
-96.201797 12357.899414
-91.814293 12382.010742
-87.420181 12406.147461
-83.019470 12430.309570
-78.612160 12454.497070
-74.198250 12478.709961
-69.777740 12502.948242
-65.350632 12527.211914
-60.916924 12551.500977
-56.476616 12575.814453
-52.029709 12600.153320
-47.576202 12624.517578
-43.116096 12648.907227
-38.649391 12673.322266
-34.176086 12697.762695
-29.709492 12722.213867
-25.245173 12746.680664
-20.783129 12771.163086
-16.323360 12795.661133
-11.865866 12820.174805
-7.410646 12844.704102
-2.957702 12869.249023
1.492967 12893.808594
5.941361 12918.383789
10.387481 12942.974609
14.831326 12967.581055
19.272896 12992.203125
23.712191 13016.840820
28.149210 13041.494141
32.583954 13066.163086
37.016422 13090.847656
41.446617 13115.547852
45.874535 13140.262695
50.300179 13164.993164
54.723549 13189.739258
59.144642 13214.500977
63.563461 13239.278320
67.980003 13264.071289
72.394272 13288.879883
76.806267 13313.704102
81.215988 13338.543945
85.623436 13363.398438
90.028603 13388.268555
94.431496 13413.154297
98.832115 13438.055664
103.230461 13462.972656
107.626534 13487.905273
112.020325 13512.853516
116.411842 13537.817383
120.801086 13562.796875
125.188057 13587.791992
129.572754 13612.801758
133.955170 13637.827148
138.335312 13662.868164
142.713181 13687.924805
147.077072 13712.974609
151.430893 13738.024414
155.774643 13763.075195
160.108307 13788.125977
164.431900 13813.177734
168.745422 13838.229492
173.048859 13863.282227
177.342224 13888.334961
181.625519 13913.388672
185.898743 13938.442383
190.161880 13963.497070
194.414948 13988.551758
198.657944 14013.607422
202.890869 14038.663086
207.113708 14063.719727
211.326477 14088.776367
215.529175 14113.833984
219.721786 14138.891602
223.904327 14163.950195
228.076797 14189.008789
232.239197 14214.068359
236.391510 14239.127930
240.533752 14264.188477
244.665924 14289.249023
248.788010 14314.310547
252.900024 14339.372070
257.001953 14364.434570
261.093811 14389.497070
265.175598 14414.560547
269.247314 14439.624023
273.308960 14464.688477
277.360535 14489.752930
281.402039 14514.818359
285.433441 14539.883789
289.454773 14564.949219
293.466034 14590.015625
297.467224 14615.082031
301.458344 14640.149414
305.439392 14665.216797
309.410370 14690.285156
313.381073 14715.383789
317.348267 14740.502930
321.311920 14765.642578
325.272064 14790.802734
329.228668 14815.983398
333.181763 14841.184570
337.131317 14866.406250
341.077362 14891.648438
345.019867 14916.911133
348.958862 14942.194336
352.894318 14967.498047
356.826263 14992.821289
360.754669 15018.165039
364.679565 15043.529297
368.600922 15068.914062
372.518768 15094.319336
376.433075 15119.745117
380.343872 15145.191406
384.251129 15170.658203
388.154877 15196.145508
392.055084 15221.653320
395.951782 15247.181641
399.844940 15272.730469
403.734589 15298.299805
407.620697 15323.889648
411.503296 15349.500000
415.382355 15375.130859
419.257904 15400.782227
423.129913 15426.453125
426.998413 15452.144531
430.863373 15477.856445
434.724823 15503.588867
438.582733 15529.341797
442.437134 15555.115234
446.287994 15580.909180
450.135345 15606.723633
453.979156 15632.558594
457.819458 15658.414062
461.656219 15684.290039
465.489471 15710.186523
469.353119 15736.099609
473.235870 15762.031250
477.137726 15787.981445
481.058685 15813.949219
484.998749 15839.935547
488.957886 15865.939453
492.936127 15891.961914
496.933472 15918.002930
500.949921 15944.061523
504.985474 15970.138672
509.040131 15996.234375
513.113892 16022.347656
517.206726 16048.479492
521.318665 16074.629883
525.449707 16100.797852
529.599854 16126.984375
533.769104 16153.188477
537.957458 16179.411133
542.164917 16205.652344
546.391479 16231.911133
550.637146 16258.188477
554.901917 16284.484375
559.185791 16310.797852
563.488770 16337.129883
567.810852 16363.480469
572.151978 16389.849609
576.512207 16416.236328
580.891541 16442.640625
585.289978 16469.064453
589.707520 16495.505859
594.144165 16521.964844
598.599915 16548.443359
603.074768 16574.939453
607.568726 16601.453125
612.081787 16627.984375
616.613953 16654.535156
621.165222 16681.103516
625.735596 16707.689453
630.325073 16734.294922
634.933655 16760.917969
639.569702 16787.554688
644.230469 16814.207031
648.915955 16840.875000
653.626099 16867.556641
658.360962 16894.253906
663.120544 16920.966797
667.904785 16947.695312
672.713745 16974.439453
677.547424 17001.197266
682.405762 17027.970703
687.288818 17054.759766
692.196594 17081.564453
697.129028 17108.384766
702.086182 17135.218750
707.068054 17162.068359
712.074585 17188.933594
717.105835 17215.814453
722.161804 17242.710938
727.242493 17269.621094
732.347839 17296.546875
737.477905 17323.488281
742.632690 17350.445312
747.812134 17377.417969
753.016296 17404.404297
758.245178 17431.406250
763.498718 17458.423828
768.776978 17485.457031
774.079956 17512.505859
779.407593 17539.568359
784.759949 17566.646484
790.137024 17593.740234
795.538757 17620.849609
800.965210 17647.974609
806.416382 17675.113281
811.892273 17702.267578
817.392822 17729.437500
822.918091 17756.623047
828.468079 17783.824219
834.042725 17811.039062
839.642090 17838.269531
845.244263 17865.544922
850.856506 17892.857422
856.478882 17920.205078
862.111328 17947.587891
867.753906 17975.005859
873.406555 18002.458984
879.069336 18029.947266
884.742188 18057.470703
890.425171 18085.029297
896.118225 18112.625000
901.821411 18140.255859
907.534668 18167.921875
913.258057 18195.623047
918.991516 18223.359375
924.735107 18251.130859
930.488770 18278.937500
936.252502 18306.779297
942.026367 18334.658203
947.810303 18362.572266
953.604370 18390.521484
959.408508 18418.505859
965.222778 18446.525391
971.047119 18474.580078
976.881592 18502.669922
982.726135 18530.794922
988.580811 18558.957031
994.445557 18587.154297
1000.320435 18615.386719
1006.205383 18643.654297
1012.100464 18671.957031
1018.005615 18700.294922
1023.920898 18728.667969
1029.846313 18757.076172
1035.781738 18785.521484
1041.727295 18814.001953
1047.682983 18842.517578
1053.648804 18871.068359
1059.624634 18899.654297
1065.610596 18928.275391
1071.606689 18956.931641
1077.606934 18985.595703
1083.613281 19014.275391
1089.625732 19042.972656
1095.644287 19071.685547
1101.668945 19100.416016
1107.699707 19129.162109
1113.736694 19157.925781
1119.779785 19186.705078
1125.828979 19215.501953
1131.884277 19244.314453
1137.945679 19273.142578
1144.013306 19301.988281
1150.087036 19330.849609
1156.166870 19359.728516
1162.252808 19388.623047
1168.344849 19417.535156
1174.442993 19446.462891
1180.547363 19475.408203
1186.657837 19504.369141
1192.774414 19533.347656
1198.897095 19562.341797
1205.025879 19591.353516
1211.160767 19620.380859
1217.301880 19649.423828
1223.449097 19678.484375
1229.602417 19707.560547
1235.761841 19736.654297
1241.927368 19765.763672
1248.099121 19794.890625
1254.276978 19824.033203
1260.460938 19853.193359
1266.651001 19882.369141
1272.847168 19911.562500
1279.049438 19940.771484
1285.257935 19969.998047
1291.472534 19999.240234
1297.693237 20028.498047
1303.920044 20057.773438
1310.152954 20087.064453
1316.391968 20116.373047
1322.632935 20145.669922
1328.877197 20174.964844
1335.124756 20204.257812
1341.375610 20233.548828
1347.629761 20262.837891
1353.887207 20292.125000
1360.147949 20321.410156
1366.411987 20350.693359
1372.679321 20379.976562
1378.949951 20409.257812
1385.223877 20438.537109
1391.501099 20467.814453
1397.781616 20497.089844
1404.065430 20526.363281
1410.352539 20555.634766
1416.642944 20584.904297
1422.936768 20614.171875
1429.233887 20643.437500
1435.534302 20672.701172
1441.838013 20701.962891
1448.145020 20731.222656
1454.455322 20760.480469
1460.768921 20789.736328
1467.085815 20818.990234
1473.406006 20848.242188
1479.729492 20877.492188
1486.056274 20906.740234
1492.386353 20935.986328
1498.719727 20965.230469
1505.056396 20994.472656
1511.396362 21023.712891
1517.739624 21052.951172
1524.086182 21082.187500
1530.436035 21111.423828
1536.789185 21140.658203
1543.145630 21169.890625
1549.505371 21199.121094
1555.868408 21228.349609
1562.234741 21257.576172
1568.604370 21286.800781
1574.961548 21316.025391
1581.311523 21345.248047
1587.654297 21374.470703
1593.989746 21403.693359
1600.317993 21432.914062
1606.639038 21462.134766
1612.952881 21491.353516
1619.259521 21520.572266
1625.558960 21549.791016
1631.851074 21579.007812
1638.135986 21608.224609
1644.413696 21637.439453
1650.684204 21666.654297
1656.947510 21695.869141
1663.203491 21725.082031
1669.452271 21754.294922
1675.693848 21783.507812
1681.928223 21812.718750
1688.155396 21841.929688
1694.375244 21871.138672
1700.587891 21900.347656
1706.793335 21929.556641
1712.991577 21958.763672
1719.182617 21987.970703
1725.366455 22017.175781
1731.542969 22046.380859
1737.712280 22075.585938
1743.874390 22104.789062
1750.029297 22133.992188
1756.177002 22163.195312
1762.317383 22192.396484
1768.450562 22221.597656
1774.576538 22250.796875
1780.695312 22279.996094
1786.806885 22309.195312
1792.911133 22338.392578
1799.008179 22367.589844
1805.098022 22396.785156
1811.180664 22425.980469
1817.256104 22455.175781
1823.328125 22484.345703
1829.395386 22513.500000
1835.458008 22542.638672
1841.515869 22571.759766
1847.569092 22600.865234
1853.617554 22629.955078
1859.661377 22659.027344
1865.700439 22688.083984
1871.734863 22717.125000
1877.764526 22746.150391
1883.789551 22775.158203
1889.809814 22804.150391
1895.825317 22833.126953
1901.836182 22862.085938
1907.842285 22891.029297
1913.843750 22919.957031
1919.840454 22948.867188
1925.832520 22977.761719
1931.819824 23006.640625
1937.802490 23035.501953
1943.780396 23064.347656
1949.753662 23093.177734
1955.722168 23121.990234
1961.686035 23150.787109
1967.645142 23179.568359
1973.599609 23208.332031
1979.549316 23237.080078
1985.494385 23265.812500
1991.434692 23294.527344
1997.370361 23323.226562
2003.301270 23351.910156
2009.227539 23380.576172
2015.149048 23409.226562
2021.065918 23437.861328
2026.978027 23466.480469
2032.885498 23495.082031
2038.788208 23523.667969
2044.686279 23552.238281
2050.579590 23580.791016
2056.468262 23609.328125
2062.328369 23637.882812
2068.167969 23666.443359
2073.987061 23695.009766
2079.785645 23723.582031
2085.563721 23752.160156
2091.321045 23780.744141
2097.057861 23809.333984
2102.774170 23837.929688
2108.469971 23866.531250
2114.145264 23895.138672
2119.800049 23923.753906
2125.434082 23952.375000
2131.047607 23981.001953
2136.640625 24009.634766
2142.213135 24038.273438
2147.765137 24066.917969
2153.296631 24095.568359
2158.807373 24124.224609
2164.297607 24152.886719
2169.767334 24181.554688
2175.216553 24210.228516
2180.645264 24238.908203
2186.053467 24267.595703
2191.440918 24296.289062
2196.807861 24324.988281
2202.154297 24353.693359
2207.480225 24382.404297
2212.785645 24411.121094
2218.070312 24439.843750
2223.334473 24468.572266
2228.578125 24497.306641
2233.801270 24526.046875
2239.003906 24554.792969
2244.186035 24583.546875
2249.347412 24612.306641
2254.488281 24641.072266
2259.608643 24669.843750
2264.708496 24698.621094
2269.787842 24727.404297
2274.846680 24756.193359
2279.882324 24784.955078
2284.895752 24813.699219
2289.886963 24842.427734
2294.855957 24871.140625
2299.802734 24899.835938
2304.727295 24928.515625
2309.629639 24957.177734
2314.509766 24985.824219
2319.367676 25014.455078
2324.203369 25043.068359
2329.016846 25071.666016
2333.808105 25100.248047
2338.577148 25128.812500
2343.323975 25157.361328
2348.048584 25185.892578
2352.750977 25214.408203
2357.431152 25242.908203
2362.089111 25271.390625
2366.724854 25299.857422
2371.338379 25328.306641
2375.929443 25356.740234
2380.498291 25385.158203
2385.044922 25413.558594
2389.569336 25441.943359
2394.071533 25470.310547
2398.551514 25498.662109
2403.009277 25526.998047
2407.444824 25555.316406
2411.858154 25583.619141
2416.249268 25611.904297
2420.618164 25640.173828
2424.964844 25668.427734
2429.289307 25696.664062
2433.591553 25724.884766
2437.871582 25753.087891
2442.129395 25781.275391
2446.364990 25809.447266
2450.578369 25837.601562
2454.769531 25865.740234
2458.938477 25893.861328
2463.098145 25921.976562
2467.244385 25950.082031
2471.376953 25978.179688
2475.496094 26006.267578
2479.601562 26034.345703
2483.693604 26062.414062
2487.771973 26090.472656
2491.836914 26118.521484
2495.888184 26146.560547
2499.926025 26174.591797
2503.950195 26202.613281
2507.960938 26230.625000
2511.958008 26258.626953
2515.941650 26286.619141
2519.911621 26314.601562
2523.868164 26342.574219
2527.811035 26370.537109
2531.740479 26398.492188
2535.656250 26426.437500
2539.558594 26454.373047
2543.447266 26482.298828
2547.322510 26510.214844
2551.184082 26538.121094
2555.032227 26566.017578
2558.866699 26593.906250
2562.687744 26621.785156
2566.495117 26649.654297
2570.289062 26677.513672
2574.069336 26705.363281
2577.836182 26733.203125
2581.589355 26761.033203
2585.329102 26788.855469
2589.055176 26816.667969
2592.767822 26844.470703
2596.466797 26872.263672
2600.152344 26900.046875
2603.824219 26927.820312
2607.482666 26955.583984
2611.127441 26983.337891
2614.758789 27011.083984
2618.378906 27038.835938
2621.986816 27066.589844
2625.582764 27094.343750
2629.166748 27122.099609
2632.738770 27149.857422
2636.298828 27177.617188
2639.846924 27205.376953
2643.383057 27233.138672
2646.906982 27260.902344
2650.418945 27288.666016
2653.918945 27316.431641
2657.406982 27344.199219
2660.883057 27371.966797
2664.347168 27399.736328
2667.799072 27427.507812
2671.239014 27455.279297
2674.666992 27483.052734
2678.083008 27510.828125
2681.487061 27538.605469
2684.879150 27566.382812
2688.259277 27594.162109
2691.627197 27621.943359
2694.983154 27649.724609
2698.327148 27677.507812
2701.659180 27705.292969
2704.979248 27733.078125
2708.287354 27760.865234
2711.583252 27788.654297
2714.867188 27816.443359
2718.139160 27844.234375
2721.399170 27872.027344
2724.647217 27899.822266
2727.883301 27927.617188
2731.107422 27955.414062
2734.319336 27983.212891
2737.519287 28011.011719
2740.707275 28038.812500
2743.883301 28066.615234
2747.047363 28094.417969
2750.199463 28122.222656
2753.344727 28150.035156
2756.481445 28177.853516
2759.609619 28205.675781
2762.729492 28233.503906
2765.840820 28261.337891
2768.943604 28289.177734
2772.037842 28317.023438
2775.123535 28344.873047
2778.200684 28372.728516
2781.269531 28400.589844
2784.329834 28428.457031
2787.381592 28456.328125
2790.424805 28484.205078
2793.459473 28512.087891
2796.485840 28539.976562
2799.503662 28567.871094
2802.512939 28595.769531
2805.513672 28623.673828
2808.505859 28651.583984
2811.489746 28679.500000
2814.465088 28707.419922
2817.431885 28735.345703
2820.390137 28763.277344
2823.339844 28791.214844
2826.281006 28819.158203
2829.213867 28847.105469
2832.138184 28875.058594
2835.053955 28903.017578
2837.961182 28930.982422
2840.859863 28958.951172
2843.750244 28986.925781
2846.632080 29014.906250
2849.505371 29042.892578
2852.370117 29070.884766
2855.226318 29098.880859
2858.073975 29126.882812
2860.913330 29154.890625
2863.744141 29182.904297
2866.566406 29210.921875
2869.380127 29238.945312
2872.190186 29266.966797
2874.994873 29294.990234
2877.794434 29323.013672
2880.588623 29351.039062
2883.377441 29379.064453
2886.160889 29407.089844
2888.939209 29435.117188
2891.712158 29463.144531
2894.479736 29491.173828
2897.242188 29519.203125
2899.999268 29547.232422
2902.750977 29575.263672
2905.497559 29603.294922
2908.238770 29631.328125
2910.974609 29659.361328
2913.705078 29687.394531
2916.430420 29715.429688
2919.150391 29743.464844
2921.864990 29771.501953
2924.574463 29799.539062
2927.278564 29827.576172
2929.977295 29855.615234
2932.670654 29883.654297
2935.358887 29911.695312
2938.041748 29939.736328
2940.719238 29967.777344
2943.391602 29995.820312
2946.058594 30023.863281
2948.720215 30051.906250
2951.376465 30079.951172
2954.027588 30107.996094
2956.673340 30136.042969
2959.313721 30164.089844
2961.948975 30192.136719
2964.578857 30220.185547
2967.203369 30248.234375
2969.822754 30276.285156
2972.436768 30304.335938
2975.045410 30332.386719
2977.648682 30360.439453
2980.343262 30388.500000
2983.096924 30416.566406
2985.909424 30444.638672
2988.781006 30472.716797
2991.711670 30500.800781
2994.701416 30528.890625
2997.750000 30556.984375
3000.857666 30585.083984
3004.024414 30613.189453
3007.250244 30641.300781
3010.535156 30669.417969
3013.878906 30697.541016
3017.281738 30725.669922
3020.743652 30753.804688
3024.264648 30781.945312
3027.844482 30810.091797
3031.483398 30838.242188
3035.181396 30866.398438
3038.938477 30894.560547
3042.754395 30922.728516
3046.629395 30950.902344
3050.563477 30979.082031
3054.556641 31007.267578
3058.608887 31035.458984
3062.719971 31063.656250
3066.890137 31091.859375
3071.119385 31120.068359
3075.407715 31148.281250
3079.754883 31176.500000
3084.161133 31204.724609
3088.626465 31232.955078
3093.150879 31261.191406
3097.734131 31289.433594
3102.376465 31317.681641
3107.077881 31345.935547
3111.838379 31374.195312
3116.657715 31402.460938
3121.536133 31430.732422
3126.473633 31459.007812
3131.470215 31487.289062
3136.559814 31515.556641
3141.730957 31543.816406
3146.983887 31572.068359
3152.318359 31600.312500
3157.734619 31628.548828
3163.232422 31656.775391
3168.812012 31684.994141
3174.473145 31713.205078
3180.216064 31741.408203
3186.040771 31769.603516
3191.947021 31797.791016
3197.935059 31825.970703
3204.004639 31854.142578
3210.156006 31882.306641
3216.388916 31910.462891
3222.703613 31938.611328
3229.099854 31966.751953
3235.577881 31994.884766
3242.137451 32023.009766
3248.778809 32051.126953
3255.501953 32079.236328
3262.306641 32107.337891
3269.193115 32135.431641
3276.161133 32163.515625
3283.210938 32191.591797
3290.342285 32219.660156
3297.555420 32247.720703
3304.850098 32275.773438
3312.226562 32303.818359
3319.684570 32331.855469
3327.224365 32359.884766
3334.845703 32387.906250
3342.548828 32415.919922
3350.333740 32443.925781
3358.200195 32471.923828
3366.148438 32499.914062
3374.178223 32527.896484
3382.289795 32555.871094
3390.482910 32583.837891
3398.757812 32611.796875
3407.117920 32639.773438
3415.562012 32667.757812
3424.090088 32695.751953
3432.702148 32723.755859
3441.398193 32751.767578
3450.178223 32779.789062
3459.042236 32807.820312
3467.990234 32835.859375
3477.022217 32863.910156
3486.138184 32891.968750
3495.338135 32920.035156
3504.622070 32948.113281
3513.989990 32976.199219
3523.441895 33004.292969
3532.977783 33032.398438
3542.597900 33060.511719
3552.302002 33088.632812
3562.090088 33116.765625
3571.962158 33144.906250
3581.918213 33173.058594
3591.958252 33201.218750
3602.082275 33229.386719
3612.290283 33257.566406
3622.582275 33285.753906
3632.958252 33313.949219
3643.418213 33342.156250
3653.962158 33370.371094
3664.590088 33398.593750
3675.302002 33426.828125
3686.097900 33455.070312
3696.977783 33483.320312
3707.941895 33511.582031
3718.989990 33539.851562
3730.122070 33568.132812
3741.338135 33596.421875
3752.638184 33624.718750
3764.022217 33653.027344
3775.490234 33681.343750
3787.042236 33709.667969
3798.678223 33738.003906
3810.351807 33766.316406
3822.078613 33794.613281
3833.858398 33822.898438
3845.691406 33851.171875
3857.577393 33879.433594
3869.516602 33907.679688
3881.508789 33935.914062
3893.554199 33964.136719
3905.652588 33992.347656
3917.804199 34020.542969
3930.008789 34048.726562
3942.266602 34076.898438
3954.577393 34105.058594
3966.941406 34133.203125
3979.358398 34161.335938
3991.828613 34189.457031
4004.351807 34217.566406
4016.928223 34245.660156
4029.557617 34273.742188
4042.240234 34301.812500
4054.975830 34329.871094
4067.764648 34357.914062
4080.606445 34385.945312
4093.501465 34413.964844
4106.449707 34441.972656
4119.450684 34469.964844
4132.504883 34497.945312
4145.612305 34525.914062
4158.772949 34553.871094
4171.986328 34581.816406
4185.252930 34609.746094
4198.572754 34637.664062
4211.945801 34665.570312
4225.371582 34693.464844
4238.850586 34721.343750
4252.382812 34749.210938
4265.968262 34777.066406
4279.606445 34804.910156
4293.297852 34832.738281
4307.042480 34860.554688
4320.809570 34888.355469
4334.609375 34916.140625
4348.441895 34943.910156
4362.307129 34971.664062
4376.204590 34999.402344
4390.134766 35027.125000
4404.097656 35054.832031
4418.093262 35082.523438
4432.121582 35110.199219
4446.182617 35137.859375
4460.276367 35165.503906
4474.402832 35193.132812
4488.562012 35220.746094
4502.753906 35248.343750
4516.978516 35275.925781
4531.235840 35303.492188
4545.525391 35331.042969
4559.847656 35358.578125
4574.202637 35386.097656
4588.590332 35413.601562
4603.010742 35441.089844
4617.463867 35468.562500
4631.949707 35496.019531
4646.468262 35523.460938
4661.019531 35550.886719
4675.603516 35578.296875
4690.220215 35605.691406
4704.869629 35633.070312
4719.551758 35660.433594
4734.266113 35687.781250
4749.013184 35715.113281
4763.792969 35742.429688
4778.605469 35769.730469
4793.450684 35797.015625
4808.328613 35824.285156
4823.239258 35851.539062
4838.182617 35878.777344
4853.158691 35906.000000
4868.167480 35933.207031
4883.208984 35960.398438
4898.292969 35987.601562
4913.416016 36014.808594
4928.578613 36042.019531
4943.780273 36069.230469
4959.021484 36096.445312
4974.301758 36123.664062
4989.621582 36150.882812
5004.980469 36178.105469
5020.378906 36205.332031
5035.816406 36232.558594
5051.293457 36259.789062
5066.809570 36287.023438
5082.365234 36314.257812
5097.959961 36341.496094
5113.594238 36368.738281
5129.267578 36395.980469
5144.980469 36423.226562
5160.732422 36450.476562
5176.523926 36477.730469
5192.354492 36504.984375
5208.224609 36532.242188
5224.133789 36559.503906
5240.082520 36586.765625
5256.070312 36614.031250
5272.097656 36641.300781
5288.164062 36668.570312
5304.270020 36695.843750
5320.415039 36723.121094
5336.599609 36750.398438
5352.823242 36777.679688
5369.085938 36804.964844
5385.388184 36832.250000
5401.729492 36859.539062
5418.110352 36886.832031
5434.530273 36914.128906
5450.989746 36941.425781
5467.488281 36968.726562
5484.026367 36996.031250
5500.603516 37023.335938
5517.220215 37050.644531
5533.875977 37077.957031
5550.571289 37105.273438
5567.305664 37132.593750
5584.079102 37159.917969
5600.892090 37187.246094
5617.744141 37214.574219
5634.635742 37241.906250
5651.566406 37269.242188
5668.536133 37296.582031
5685.545410 37323.925781
5702.593750 37351.273438
5719.681152 37378.625000
5736.808105 37405.980469
5753.974121 37433.339844
5771.179688 37460.703125
5788.424316 37488.070312
5805.708008 37515.437500
5823.031250 37542.808594
5840.393555 37570.183594
5857.794922 37597.562500
5875.235840 37624.945312
5892.715820 37652.332031
5910.235352 37679.722656
5927.793945 37707.117188
5945.391602 37734.515625
5963.028809 37761.917969
5980.705078 37789.324219
5998.420898 37816.730469
6016.175781 37844.140625
6033.969727 37871.554688
6051.803223 37898.972656
6069.675781 37926.394531
6087.587402 37953.820312
6105.538574 37981.250000
6123.528809 38008.683594
6141.558594 38036.121094
6159.627441 38063.562500
6177.735352 38091.007812
6195.882812 38118.453125
6214.069336 38145.902344
6232.295410 38173.351562
6250.561035 38200.796875
6268.866211 38228.242188
6287.210938 38255.687500
6305.595215 38283.128906
6324.019043 38310.570312
6342.482422 38338.011719
6360.985352 38365.453125
6379.527832 38392.890625
6398.109863 38420.328125
6416.731445 38447.765625
6435.392578 38475.203125
6454.093262 38502.636719
6472.833496 38530.070312
6491.613281 38557.503906
6510.432617 38584.937500
6529.291504 38612.367188
6548.189941 38639.796875
6567.127930 38667.226562
6586.105469 38694.656250
6605.122559 38722.082031
6624.179199 38749.507812
6643.275391 38776.933594
6662.411133 38804.359375
6681.586426 38831.781250
6700.801270 38859.203125
6720.055664 38886.625000
6739.349609 38914.042969
6758.683105 38941.460938
6778.056152 38968.878906
6797.468750 38996.296875
6816.920898 39023.710938
6836.412598 39051.125000
6855.943848 39078.539062
6875.514648 39105.953125
6895.125000 39133.363281
6914.774902 39160.773438
6934.464355 39188.183594
6954.193359 39215.593750
6973.961914 39243.000000
6993.743164 39270.414062
7013.546387 39297.835938
7033.371094 39325.261719
7053.217285 39352.691406
7073.084961 39380.125000
7092.974121 39407.566406
7112.885254 39435.011719
7132.817871 39462.460938
7152.771973 39489.914062
7172.747559 39517.375000
7192.745117 39544.839844
7212.764160 39572.308594
7232.804688 39599.781250
7252.866699 39627.261719
7272.950684 39654.746094
7293.056152 39682.234375
7313.183105 39709.726562
7333.331543 39737.226562
7353.501953 39764.730469
7373.693848 39792.238281
7393.907227 39819.750000
7414.142090 39847.269531
7434.398926 39874.792969
7454.677246 39902.320312
7474.977051 39929.851562
7495.298340 39957.390625
7515.641113 39984.933594
7536.005859 40012.480469
7556.392090 40040.031250
7576.799805 40067.589844
7597.229004 40095.152344
7617.680176 40122.718750
7638.152832 40150.289062
7658.646973 40177.867188
7679.162598 40205.449219
7699.700195 40233.035156
7720.259277 40260.625000
7740.839844 40288.222656
7761.441895 40315.824219
7782.065918 40343.429688
7802.714844 40371.042969
7823.387695 40398.660156
7844.084473 40426.285156
7864.805176 40453.917969
7885.550293 40481.554688
7906.319336 40509.199219
7927.112305 40536.847656
7947.929199 40564.503906
7968.770020 40592.164062
7989.634766 40619.832031
8010.523438 40647.503906
8031.436035 40675.183594
8052.372559 40702.867188
8073.333008 40730.558594
8094.317871 40758.253906
8115.326660 40785.957031
8136.359375 40813.664062
8157.416016 40841.378906
8178.496582 40869.101562
8199.601562 40896.828125
8220.730469 40924.562500
8241.882812 40952.300781
8263.059570 40980.046875
8284.259766 41007.796875
8305.484375 41035.554688
8326.732422 41063.316406
8348.004883 41091.085938
8369.300781 41118.859375
8390.621094 41146.640625
8411.965820 41174.425781
8433.333984 41202.218750
8454.726562 41230.019531
8476.142578 41257.824219
8497.583008 41285.636719
8519.046875 41313.453125
8540.535156 41341.277344
8562.046875 41369.105469
8583.583008 41396.941406
8605.142578 41424.781250
8626.726562 41452.628906
8648.331055 41480.488281
8669.957031 41508.355469
8691.604492 41536.234375
8713.274414 41564.121094
8734.965820 41592.015625
8756.678711 41619.921875
8778.413086 41647.835938
8800.168945 41675.761719
8821.946289 41703.695312
8843.746094 41731.636719
8865.567383 41759.589844
8887.410156 41787.550781
8909.274414 41815.523438
8931.160156 41843.503906
8953.067383 41871.492188
8974.997070 41899.492188
8996.948242 41927.500000
9018.920898 41955.519531
9040.915039 41983.546875
9062.930664 42011.585938
9084.967773 42039.632812
9107.027344 42067.687500
9129.108398 42095.753906
9151.210938 42123.828125
9173.334961 42151.914062
9195.480469 42180.007812
9217.647461 42208.109375
9239.836914 42236.222656
9262.047852 42264.343750
9284.280273 42292.476562
9306.534180 42320.617188
9328.809570 42348.765625
9351.106445 42376.925781
9373.425781 42405.093750
9395.766602 42433.273438
9418.128906 42461.460938
9440.512695 42489.660156
9462.917969 42517.867188
9485.344727 42546.082031
9507.793945 42574.308594
9530.262695 42602.539062
9552.750977 42630.777344
9575.259766 42659.023438
9597.789062 42687.273438
9620.338867 42715.531250
9642.909180 42743.796875
9665.499023 42772.066406
9688.109375 42800.343750
9710.740234 42828.628906
9733.391602 42856.917969
9756.062500 42885.214844
9778.753906 42913.519531
9801.465820 42941.832031
9824.198242 42970.148438
9846.950195 42998.472656
9869.722656 43026.804688
9892.515625 43055.140625
9915.329102 43083.484375
9938.162109 43111.835938
9961.015625 43140.191406
9983.889648 43168.554688
10006.784180 43196.925781
10029.698242 43225.304688
10052.632812 43253.687500
10075.587891 43282.078125
10098.563477 43310.476562
10121.559570 43338.878906
10144.575195 43367.289062
10167.611328 43395.707031
10190.667969 43424.128906
10213.745117 43452.558594
10236.841797 43480.996094
10259.958984 43509.441406
10283.096680 43537.890625
10306.254883 43566.347656
10329.432617 43594.812500
10352.630859 43623.281250
10375.849609 43651.757812
10399.088867 43680.242188
10422.347656 43708.734375
10445.611328 43737.234375
10468.885742 43765.742188
10492.169922 43794.257812
10515.463867 43822.781250
10538.767578 43851.312500
10562.081055 43879.851562
10585.404297 43908.398438
10608.738281 43936.953125
10632.082031 43965.515625
10655.435547 43994.089844
10678.798828 44022.671875
10702.171875 44051.261719
10725.555664 44079.859375
10748.949219 44108.464844
10772.352539 44137.078125
10795.765625 44165.699219
10819.188477 44194.328125
10842.622070 44222.964844
10866.065430 44251.609375
10889.518555 44280.261719
10912.981445 44308.925781
10936.454102 44337.597656
10959.936523 44366.277344
10983.429688 44394.964844
11006.932617 44423.660156
11030.445312 44452.363281
11053.967773 44481.074219
11077.500000 44509.792969
11101.042969 44538.519531
11124.595703 44567.253906
11148.158203 44595.996094
11171.730469 44624.746094
11195.312500 44653.507812
11218.905273 44682.277344
11242.507812 44711.054688
11266.120117 44739.839844
11289.742188 44768.632812
11313.374023 44797.433594
11337.016602 44826.242188
11360.668945 44855.058594
11384.316406 44883.878906
11407.964844 44912.707031
11431.613281 44941.539062
11455.262695 44970.378906
11478.912109 44999.222656
11502.562500 45028.070312
11526.212891 45056.925781
11549.864258 45085.785156
11573.515625 45114.652344
11597.167969 45143.523438
11620.820312 45172.402344
11644.473633 45201.285156
11668.126953 45230.171875
11691.781250 45259.066406
11715.435547 45287.964844
11739.090820 45316.871094
11762.746094 45345.781250
11786.402344 45374.699219
11810.058594 45403.621094
11833.715820 45432.550781
11857.373047 45461.484375
11881.031250 45490.421875
11904.689453 45519.367188
11928.348633 45548.316406
11952.007812 45577.273438
11975.667969 45606.234375
11999.328125 45635.203125
12022.988281 45664.175781
12046.649414 45693.152344
12070.310547 45722.136719
12093.972656 45751.125000
12117.634766 45780.121094
12141.297852 45809.121094
12164.960938 45838.128906
12188.625000 45867.140625
12212.289062 45896.156250
12235.954102 45925.179688
12259.619141 45954.207031
12283.285156 45983.242188
12306.951172 46012.281250
12330.622070 46041.316406
12354.295898 46070.351562
12377.973633 46099.386719
12401.654297 46128.421875
12425.337891 46157.457031
12449.025391 46186.488281
12472.715820 46215.519531
12496.409180 46244.550781
12520.105469 46273.582031
12543.805664 46302.613281
12567.508789 46331.644531
12591.214844 46360.671875
12614.924805 46389.699219
12638.637695 46418.726562
12662.353516 46447.753906
12686.073242 46476.781250
12709.795898 46505.808594
12733.521484 46534.835938
12757.250000 46563.859375
12780.982422 46592.882812
12804.717773 46621.906250
12828.456055 46650.929688
12852.198242 46679.953125
12875.943359 46708.976562
12899.691406 46737.996094
12923.443359 46767.015625
12947.198242 46796.035156
12970.956055 46825.054688
12994.716797 46854.074219
13018.481445 46883.093750
13042.249023 46912.109375
13066.019531 46941.125000
13089.793945 46970.140625
13113.571289 46999.156250
13137.351562 47028.171875
13161.135742 47057.187500
13184.922852 47086.199219
13208.712891 47115.210938
13232.506836 47144.222656
13256.303711 47173.234375
13280.098633 47202.250000
13303.892578 47231.269531
13327.686523 47260.289062
13351.480469 47289.312500
13375.273438 47318.335938
13399.066406 47347.363281
13422.858398 47376.394531
13446.650391 47405.425781
13470.442383 47434.460938
13494.233398 47463.496094
13518.024414 47492.535156
13541.815430 47521.578125
13565.605469 47550.621094
13589.395508 47579.667969
13613.185547 47608.714844
13636.974609 47637.765625
13660.763672 47666.816406
13684.552734 47695.871094
13708.340820 47724.929688
13732.128906 47753.988281
13755.916016 47783.050781
13779.703125 47812.113281
13803.490234 47841.179688
13827.276367 47870.250000
13851.062500 47899.320312
13874.848633 47928.394531
13898.633789 47957.468750
13922.418945 47986.546875
13946.204102 48015.628906
13969.988281 48044.710938
13993.772461 48073.796875
14017.556641 48102.882812
14041.339844 48131.972656
14065.123047 48161.066406
14088.905273 48190.160156
14112.687500 48219.257812
14136.469727 48248.355469
14160.250977 48277.457031
14184.032227 48306.562500
14207.813477 48335.667969
14231.590820 48364.773438
14255.365234 48393.875000
14279.136719 48422.976562
14302.905273 48452.078125
14326.670898 48481.179688
14350.433594 48510.277344
14374.194336 48539.375000
14397.952148 48568.472656
14421.707031 48597.570312
14445.458984 48626.667969
14469.208008 48655.761719
14492.954102 48684.855469
14516.698242 48713.949219
14540.439453 48743.042969
14564.177734 48772.132812
14587.913086 48801.222656
14611.645508 48830.312500
14635.375000 48859.402344
14659.101562 48888.492188
14682.826172 48917.578125
14706.547852 48946.664062
14730.266602 48975.750000
14753.982422 49004.835938
14777.695312 49033.917969
14801.405273 49063.000000
14825.113281 49092.082031
14848.818359 49121.164062
14872.520508 49150.242188
14896.219727 49179.320312
14919.916016 49208.398438
14943.609375 49237.476562
14967.300781 49266.554688
14990.989258 49295.628906
15014.674805 49324.703125
15038.357422 49353.777344
15062.037109 49382.851562
15085.713867 49411.921875
15109.387695 49440.992188
15133.059570 49470.062500
15156.728516 49499.132812
15180.395508 49528.214844
15204.060547 49557.304688
15227.722656 49586.402344
15251.382812 49615.507812
15275.041016 49644.621094
15298.697266 49673.746094
15322.351562 49702.878906
15346.002930 49732.019531
15369.652344 49761.167969
15393.299805 49790.324219
15416.945312 49819.488281
15440.587891 49848.660156
15464.228516 49877.839844
15487.867188 49907.027344
15511.503906 49936.222656
15535.137695 49965.425781
15558.769531 49994.640625
15582.399414 50023.863281
15606.027344 50053.093750
15629.653320 50082.332031
15653.276367 50111.578125
15676.897461 50140.832031
15700.516602 50170.093750
15724.133789 50199.363281
15747.748047 50228.640625
15771.360352 50257.925781
15794.970703 50287.218750
15818.579102 50316.523438
15842.185547 50345.835938
15865.789062 50375.156250
15889.390625 50404.484375
15912.990234 50433.820312
15936.587891 50463.164062
15960.182617 50492.515625
15983.775391 50521.875000
16007.366211 50551.242188
16030.955078 50580.617188
16054.541016 50610.000000
16078.125000 50639.394531
16101.707031 50668.796875
16125.302734 50698.187500
16148.906250 50727.574219
16172.518555 50756.957031
16196.138672 50786.339844
16219.766602 50815.718750
16243.403320 50845.093750
16267.047852 50874.464844
16290.701172 50903.832031
16314.362305 50933.195312
16338.032227 50962.554688
16361.709961 50991.910156
16385.396484 51021.261719
16409.089844 51050.609375
16432.792969 51079.953125
16456.503906 51109.292969
16480.222656 51138.632812
16503.949219 51167.968750
16527.683594 51197.300781
16551.427734 51226.628906
16575.179688 51255.953125
16598.939453 51285.273438
16622.707031 51314.589844
16646.484375 51343.902344
16670.269531 51373.210938
16694.062500 51402.515625
16717.863281 51431.816406
16741.671875 51461.113281
16765.490234 51490.410156
16789.316406 51519.703125
16813.150391 51548.992188
16836.992188 51578.277344
16860.841797 51607.558594
16884.701172 51636.835938
16908.568359 51666.109375
16932.443359 51695.378906
16956.326172 51724.644531
16980.216797 51753.906250
17004.117188 51783.164062
17028.025391 51812.417969
17051.941406 51841.671875
17075.849609 51870.925781
17099.753906 51900.179688
17123.654297 51929.437500
17147.552734 51958.695312
17171.447266 51987.953125
17195.339844 52017.210938
17219.228516 52046.468750
17243.115234 52075.726562
17266.998047 52104.984375
17290.876953 52134.246094
17314.753906 52163.507812
17338.626953 52192.769531
17362.498047 52222.031250
17386.365234 52251.292969
17410.230469 52280.554688
17434.091797 52309.820312
17457.949219 52339.085938
17481.804688 52368.351562
17505.656250 52397.617188
17529.505859 52426.882812
17553.351562 52456.148438
17577.195312 52485.414062
17601.035156 52514.683594
17624.871094 52543.953125
17648.705078 52573.222656
17672.535156 52602.492188
17696.363281 52631.761719
17720.187500 52661.031250
17744.009766 52690.304688
17767.828125 52719.578125
17791.642578 52748.851562
17815.455078 52778.125000
17839.263672 52807.398438
17863.070312 52836.671875
17886.873047 52865.945312
17910.673828 52895.222656
17934.470703 52924.500000
17958.263672 52953.777344
17982.054688 52983.054688
18005.841797 53012.332031
18029.642578 53041.625000
18053.453125 53070.925781
18077.271484 53100.238281
18101.097656 53129.558594
18124.931641 53158.890625
18148.773438 53188.230469
18172.625000 53217.578125
18196.484375 53246.937500
18220.351562 53276.304688
18244.226562 53305.683594
18268.111328 53335.070312
18292.003906 53364.464844
18315.904297 53393.871094
18339.812500 53423.285156
18363.730469 53452.710938
18387.656250 53482.144531
18411.589844 53511.589844
18435.531250 53541.042969
18459.480469 53570.503906
18483.439453 53599.976562
18507.406250 53629.457031
18531.380859 53658.949219
18555.363281 53688.449219
18579.355469 53717.960938
18603.355469 53747.480469
18627.363281 53777.007812
18651.378906 53806.546875
18675.402344 53836.093750
18699.435547 53865.652344
18723.476562 53895.218750
18747.525391 53924.796875
18771.582031 53954.382812
18795.648438 53983.976562
18819.722656 54013.582031
18843.804688 54043.195312
18867.894531 54072.820312
18891.992188 54102.453125
18916.099609 54132.097656
18940.214844 54161.750000
18964.337891 54191.410156
18988.462891 54221.066406
19012.591797 54250.722656
19036.724609 54280.378906
19060.861328 54310.035156
19085.000000 54339.691406
19109.142578 54369.347656
19133.289062 54399.007812
19157.439453 54428.667969
19181.593750 54458.328125
19205.751953 54487.988281
19229.914062 54517.648438
19254.080078 54547.308594
19278.250000 54576.968750
19302.423828 54606.628906
19326.601562 54636.289062
19350.781250 54665.949219
19374.964844 54695.609375
19399.152344 54725.269531
19423.343750 54754.929688
19447.539062 54784.589844
19471.738281 54814.250000
19495.941406 54843.910156
19520.148438 54873.570312
19544.359375 54903.230469
19568.574219 54932.890625
19592.792969 54962.550781
19617.013672 54992.210938
19641.238281 55021.871094
19665.466797 55051.535156
19689.699219 55081.199219
19713.935547 55110.863281
19738.175781 55140.527344
19762.419922 55170.191406
19786.667969 55199.855469
19810.919922 55229.519531
19835.175781 55259.183594
19859.435547 55288.847656
19883.697266 55318.511719
19907.962891 55348.175781
19932.232422 55377.839844
19956.501953 55407.500000
19980.773438 55437.156250
20005.044922 55466.808594
20029.318359 55496.457031
20053.593750 55526.101562
20077.869141 55555.742188
20102.146484 55585.378906
20126.425781 55615.011719
20150.705078 55644.640625
20174.986328 55674.265625
20199.267578 55703.886719
20223.550781 55733.503906
20247.835938 55763.117188
20272.121094 55792.726562
20296.408203 55822.332031
20320.697266 55851.933594
20344.986328 55881.531250
20369.277344 55911.125000
20393.570312 55940.714844
20417.863281 55970.300781
20442.158203 55999.882812
20466.453125 56029.460938
20490.750000 56059.035156
20515.048828 56088.605469
20539.347656 56118.171875
20563.648438 56147.734375
20587.951172 56177.292969
20612.253906 56206.847656
20636.558594 56236.398438
20660.863281 56265.945312
20685.169922 56295.488281
20709.478516 56325.027344
20733.787109 56354.562500
20758.097656 56384.093750
20782.410156 56413.621094
20806.722656 56443.144531
20831.037109 56472.667969
20855.351562 56502.187500
20879.667969 56531.703125
20903.986328 56561.214844
20928.298828 56590.730469
20952.609375 56620.246094
20976.916016 56649.765625
21001.220703 56679.285156
21025.521484 56708.808594
21049.820312 56738.332031
21074.115234 56767.859375
21098.408203 56797.386719
21122.697266 56826.917969
21146.982422 56856.449219
21171.265625 56885.984375
21195.544922 56915.519531
21219.822266 56945.058594
21244.095703 56974.597656
21268.367188 57004.140625
21292.634766 57033.683594
21316.900391 57063.230469
21341.162109 57092.777344
21365.421875 57122.328125
21389.677734 57151.878906
21413.931641 57181.433594
21438.181641 57210.988281
21462.429688 57240.546875
21486.673828 57270.105469
21510.916016 57299.667969
21535.154297 57329.230469
21559.390625 57358.796875
21583.623047 57388.363281
21607.853516 57417.933594
21632.080078 57447.503906
21656.304688 57477.078125
21680.525391 57506.652344
21704.744141 57536.230469
21728.958984 57565.808594
21753.171875 57595.390625
21777.380859 57624.972656
21801.587891 57654.558594
21825.791016 57684.144531
21849.992188 57713.734375
21874.189453 57743.324219
21898.376953 57772.906250
21922.556641 57802.484375
21946.730469 57832.054688
21970.896484 57861.621094
21995.054688 57891.183594
22019.205078 57920.738281
22043.349609 57950.289062
22067.486328 57979.835938
22091.615234 58009.375000
22115.736328 58038.910156
22139.849609 58068.441406
22163.957031 58097.964844
22188.056641 58127.484375
22212.148438 58157.000000
22236.232422 58186.507812
22260.308594 58216.011719
22284.378906 58245.511719
22308.441406 58275.003906
22332.496094 58304.492188
22356.542969 58333.976562
22380.582031 58363.453125
22404.615234 58392.925781
22428.640625 58422.394531
22452.658203 58451.855469
22476.667969 58481.312500
22500.671875 58510.765625
22524.667969 58540.210938
22548.656250 58569.652344
22572.636719 58599.089844
22596.609375 58628.519531
22620.576172 58657.945312
22644.535156 58687.367188
22668.486328 58716.781250
22692.429688 58746.191406
22716.365234 58775.597656
22740.294922 58804.996094
22764.216797 58834.390625
22788.130859 58863.781250
22812.037109 58893.164062
22835.935547 58922.542969
22859.810547 58951.898438
22883.666016 58981.238281
22907.501953 59010.562500
22931.318359 59039.871094
22955.117188 59069.164062
22978.896484 59098.441406
23002.656250 59127.703125
23026.396484 59156.949219
23050.119141 59186.175781
23073.822266 59215.386719
23097.505859 59244.582031
23121.169922 59273.761719
23144.816406 59302.925781
23168.443359 59332.074219
23192.050781 59361.207031
23215.638672 59390.324219
23239.207031 59419.421875
23262.757812 59448.503906
23286.289062 59477.570312
23309.800781 59506.621094
23333.292969 59535.656250
23356.767578 59564.675781
23380.222656 59593.679688
23403.658203 59622.667969
23427.074219 59651.636719
23450.472656 59680.589844
23473.851562 59709.527344
23497.210938 59738.449219
23520.550781 59767.355469
23543.871094 59796.246094
23567.173828 59825.121094
23590.457031 59853.980469
23613.720703 59882.820312
23636.964844 59911.644531
23660.191406 59940.453125
23683.398438 59969.246094
23706.585938 59998.023438
23729.753906 60026.785156
23752.904297 60055.531250
23776.035156 60084.261719
23799.148438 60112.988281
23822.244141 60141.710938
23845.322266 60170.425781
23868.382812 60199.136719
23891.425781 60227.843750
23914.449219 60256.542969
23937.455078 60285.238281
23960.443359 60313.925781
23983.414062 60342.609375
24006.367188 60371.285156
24029.302734 60399.957031
24052.220703 60428.621094
24075.121094 60457.281250
24098.003906 60485.933594
24120.867188 60514.582031
24143.712891 60543.222656
24166.541016 60571.859375
24189.351562 60600.488281
24212.144531 60629.113281
24234.919922 60657.730469
24257.677734 60686.343750
24280.417969 60714.949219
24303.140625 60743.550781
24325.843750 60772.144531
24348.529297 60800.734375
24371.197266 60829.316406
24393.847656 60857.894531
24416.480469 60886.464844
24439.095703 60915.031250
24461.693359 60943.589844
24484.273438 60972.144531
24506.835938 61000.691406
24529.378906 61029.234375
24551.904297 61057.769531
24574.412109 61086.300781
24596.902344 61114.824219
24619.375000 61143.343750
24641.830078 61171.859375
24664.267578 61200.367188
24686.687500 61228.871094
24709.089844 61257.367188
24731.474609 61285.859375
24753.843750 61314.343750
24776.195312 61342.824219
24798.529297 61371.296875
24820.847656 61399.765625
24843.148438 61428.230469
24865.431641 61456.687500
24887.697266 61485.140625
24909.947266 61513.585938
24932.179688 61542.027344
24954.394531 61570.460938
24976.593750 61598.890625
24998.775391 61627.316406
25020.939453 61655.734375
25043.087891 61684.148438
25065.218750 61712.554688
25087.332031 61740.957031
25109.427734 61769.351562
25131.507812 61797.742188
25153.570312 61826.125000
25175.615234 61854.503906
25197.644531 61882.878906
25219.656250 61911.246094
25241.650391 61939.609375
25263.628906 61967.964844
25285.589844 61996.316406
25307.533203 62024.660156
25329.458984 62053.000000
25351.369141 62081.335938
25373.261719 62109.664062
25395.136719 62137.988281
25416.996094 62166.304688
25438.837891 62194.617188
25460.662109 62222.921875
25482.468750 62251.222656
25504.259766 62279.519531
25526.033203 62307.808594
25547.789062 62336.093750
25569.529297 62364.371094
25591.253906 62392.632812
25612.962891 62420.886719
25634.658203 62449.128906
25656.337891 62477.359375
25678.001953 62505.578125
25699.650391 62533.785156
25721.283203 62561.980469
25742.902344 62590.164062
25764.505859 62618.335938
25786.093750 62646.496094
25807.666016 62674.644531
25829.222656 62702.781250
25850.765625 62730.906250
25872.292969 62759.019531
25893.804688 62787.121094
25915.300781 62815.210938
25936.781250 62843.289062
25958.248047 62871.355469
25979.699219 62899.410156
26001.134766 62927.453125
26022.554688 62955.484375
26043.958984 62983.503906
26065.349609 63011.511719
26086.724609 63039.507812
26108.083984 63067.492188
26129.427734 63095.464844
26150.755859 63123.425781
26172.068359 63151.375000
26193.367188 63179.312500
26214.650391 63207.238281
26235.917969 63235.152344
26257.169922 63263.054688
26278.406250 63290.945312
26299.628906 63318.824219
26320.835938 63346.691406
26342.027344 63374.546875
26363.203125 63402.390625
26384.363281 63430.222656
26405.509766 63458.042969
26426.640625 63485.851562
26447.771484 63513.644531
26468.896484 63541.421875
26490.017578 63569.183594
26511.132812 63596.929688
26532.244141 63624.660156
26553.349609 63652.375000
26574.449219 63680.074219
26595.544922 63707.757812
26616.634766 63735.425781
26637.720703 63763.078125
26658.800781 63790.714844
26679.876953 63818.335938
26700.947266 63845.941406
26722.011719 63873.531250
26743.072266 63901.105469
26764.126953 63928.664062
26785.177734 63956.207031
26806.222656 63983.734375
26827.263672 64011.246094
26848.298828 64038.742188
26869.328125 64066.222656
26890.353516 64093.691406
26911.373047 64121.144531
26932.388672 64148.582031
26953.398438 64176.003906
26974.404297 64203.410156
26995.404297 64230.800781
27016.398438 64258.175781
27037.388672 64285.535156
27058.373047 64312.878906
27079.353516 64340.207031
27100.328125 64367.519531
27121.296875 64394.816406
27142.261719 64422.097656
27163.220703 64449.363281
27184.175781 64476.613281
27205.125000 64503.847656
27226.070312 64531.066406
27247.009766 64558.269531
27267.943359 64585.457031
27288.804688 64612.671875
27309.615234 64639.898438
27330.375000 64667.136719
27351.085938 64694.390625
27371.746094 64721.656250
27392.355469 64748.933594
27412.914062 64776.222656
27433.421875 64803.523438
27453.880859 64830.835938
27474.289062 64858.164062
27494.646484 64885.503906
27514.953125 64912.855469
27535.208984 64940.218750
27555.416016 64967.593750
27575.572266 64994.984375
27595.677734 65022.386719
27615.732422 65049.800781
27635.736328 65077.226562
27655.691406 65104.664062
27675.595703 65132.117188
27695.449219 65159.582031
27715.251953 65187.058594
27735.003906 65214.546875
27754.707031 65242.046875
27774.359375 65269.558594
27793.960938 65297.085938
27813.511719 65324.625000
27833.011719 65352.175781
27852.462891 65379.738281
27871.863281 65407.312500
27891.212891 65434.902344
27910.511719 65462.503906
27929.759766 65490.117188
27948.958984 65517.742188
27968.107422 65545.382812
27987.205078 65573.031250
28006.251953 65600.695312
28025.248047 65628.367188
28044.193359 65656.054688
28063.089844 65683.757812
28082.058594 65711.429688
28101.060547 65739.078125
28120.093750 65766.710938
28139.160156 65794.328125
28158.259766 65821.929688
28177.390625 65849.515625
28196.554688 65877.085938
28215.750000 65904.640625
28234.978516 65932.179688
28254.238281 65959.695312
28273.531250 65987.195312
28292.855469 66014.679688
28312.212891 66042.148438
28331.601562 66069.601562
28351.023438 66097.039062
28370.476562 66124.460938
28389.962891 66151.859375
28409.482422 66179.242188
28429.033203 66206.609375
28448.617188 66233.960938
28468.232422 66261.296875
28487.880859 66288.617188
28507.560547 66315.921875
28527.273438 66343.203125
28547.017578 66370.468750
28566.794922 66397.718750
28586.603516 66424.953125
28606.445312 66452.171875
28626.318359 66479.375000
28646.224609 66506.562500
28666.164062 66533.726562
28686.134766 66560.875000
28706.138672 66588.007812
28726.173828 66615.125000
28746.242188 66642.226562
28766.341797 66669.312500
28786.474609 66696.382812
28806.638672 66723.429688
28826.835938 66750.460938
28847.064453 66777.476562
28867.375000 66804.492188
28887.750000 66831.507812
28908.189453 66858.515625
28928.695312 66885.523438
28949.265625 66912.523438
28969.900391 66939.523438
28990.599609 66966.515625
29011.365234 66993.507812
29032.195312 67020.492188
29053.089844 67047.476562
29074.048828 67074.453125
29095.072266 67101.429688
29116.162109 67128.398438
29137.316406 67155.367188
29158.535156 67182.328125
29179.818359 67209.289062
29201.167969 67236.242188
29222.582031 67263.195312
29244.060547 67290.140625
29265.603516 67317.085938
29287.212891 67344.023438
29308.886719 67370.960938
29330.625000 67397.890625
29352.427734 67424.820312
29374.294922 67451.742188
29396.228516 67478.656250
29418.226562 67505.570312
29440.289062 67532.476562
29462.416016 67559.382812
29484.609375 67586.281250
29506.867188 67613.179688
29529.189453 67640.070312
29551.576172 67666.960938
29574.027344 67693.843750
29596.544922 67720.726562
29619.126953 67747.601562
29641.773438 67774.476562
29664.484375 67801.343750
29687.261719 67828.210938
29710.103516 67855.070312
29732.992188 67881.929688
29755.933594 67908.789062
29778.927734 67935.648438
29801.974609 67962.507812
29825.074219 67989.367188
29848.226562 68016.226562
29871.431641 68043.085938
29894.689453 68069.945312
29918.000000 68096.804688
29941.363281 68123.656250
29964.779297 68150.507812
29988.248047 68177.359375
30011.769531 68204.210938
30035.343750 68231.062500
30058.970703 68257.914062
30082.650391 68284.765625
30106.382812 68311.617188
30130.167969 68338.468750
30154.005859 68365.320312
30177.896484 68392.164062
30201.839844 68419.007812
30225.835938 68445.851562
30249.884766 68472.695312
30273.986328 68499.539062
30298.140625 68526.382812
30322.347656 68553.226562
30346.607422 68580.070312
30370.919922 68606.914062
30395.285156 68633.757812
30419.703125 68660.593750
30444.173828 68687.429688
30468.697266 68714.265625
30493.273438 68741.101562
30517.902344 68767.937500
30542.583984 68794.773438
30567.318359 68821.609375
30592.107422 68848.445312
30616.949219 68875.281250
30641.843750 68902.117188
30666.791016 68928.945312
30691.757812 68955.757812
30716.755859 68982.554688
30741.785156 69009.335938
30766.847656 69036.109375
30791.941406 69062.867188
30817.066406 69089.609375
30842.222656 69116.343750
30867.410156 69143.062500
30892.628906 69169.765625
30917.878906 69196.453125
30943.160156 69223.132812
30968.474609 69249.796875
30993.820312 69276.445312
31019.197266 69303.078125
31044.605469 69329.703125
31070.044922 69356.312500
31095.515625 69382.906250
31121.017578 69409.492188
31146.550781 69436.062500
31172.115234 69462.617188
31197.712891 69489.156250
31223.341797 69515.687500
31249.001953 69542.203125
31274.693359 69568.703125
31300.416016 69595.187500
31326.169922 69621.664062
31351.955078 69648.125000
31377.771484 69674.570312
31403.619141 69701.007812
31429.500000 69727.429688
31455.412109 69753.835938
31481.355469 69780.226562
31507.330078 69806.609375
31533.335938 69832.976562
31559.373047 69859.328125
31585.441406 69885.664062
31611.541016 69911.992188
31637.673828 69938.304688
31663.837891 69964.601562
31690.033203 69990.890625
31716.216797 70017.187500
31742.404297 70043.492188
31768.595703 70069.804688
31794.791016 70096.117188
31820.990234 70122.437500
31847.191406 70148.765625
31873.396484 70175.093750
31899.605469 70201.429688
31925.818359 70227.765625
31952.035156 70254.109375
31978.255859 70280.460938
32004.478516 70306.812500
32030.705078 70333.171875
32056.935547 70359.539062
32083.169922 70385.906250
32109.408203 70412.281250
32135.648438 70438.656250
32161.892578 70465.039062
32188.140625 70491.429688
32214.392578 70517.820312
32240.648438 70544.218750
32266.908203 70570.625000
32293.169922 70597.031250
32319.435547 70623.445312
32345.705078 70649.867188
32371.978516 70676.289062
32398.255859 70702.718750
32424.535156 70729.148438
32450.818359 70755.585938
32477.105469 70782.031250
32503.396484 70808.476562
32529.691406 70834.929688
32555.990234 70861.390625
32582.291016 70887.851562
32608.595703 70914.320312
32634.904297 70940.796875
32661.216797 70967.273438
32687.533203 70993.757812
32713.851562 71020.242188
32740.173828 71046.734375
32766.552734 71073.226562
32792.972656 71099.726562
32819.429688 71126.226562
32845.925781 71152.734375
32872.460938 71179.242188
32899.035156 71205.757812
32925.648438 71232.273438
32952.300781 71258.796875
32978.992188 71285.320312
33005.722656 71311.851562
33032.492188 71338.382812
33059.300781 71364.921875
33086.148438 71391.460938
33113.035156 71418.007812
33139.960938 71444.554688
33166.921875 71471.109375
33193.921875 71497.664062
33220.960938 71524.226562
33248.039062 71550.789062
33275.156250 71577.359375
33302.312500 71603.929688
33329.507812 71630.507812
33356.742188 71657.085938
33384.015625 71683.671875
33411.328125 71710.257812
33438.679688 71736.851562
33466.070312 71763.445312
33493.500000 71790.046875
33520.968750 71816.648438
33548.476562 71843.257812
33576.023438 71869.867188
33603.609375 71896.484375
33631.234375 71923.101562
33658.898438 71949.726562
33686.601562 71976.351562
33714.343750 72002.984375
33742.125000 72029.617188
33769.945312 72056.257812
33797.804688 72082.898438
33825.703125 72109.546875
33853.617188 72136.195312
33881.558594 72162.843750
33909.527344 72189.492188
33937.519531 72216.140625
33965.539062 72242.796875
33993.582031 72269.453125
34021.652344 72296.109375
34049.746094 72322.765625
34077.867188 72349.421875
34106.015625 72376.078125
34134.187500 72402.742188
34162.386719 72429.406250
34190.609375 72456.070312
34218.859375 72482.734375
34247.136719 72509.398438
34275.437500 72536.062500
34303.765625 72562.734375
34332.117188 72589.406250
34360.496094 72616.078125
34388.898438 72642.750000
34417.328125 72669.421875
34445.785156 72696.093750
34474.265625 72722.765625
34502.773438 72749.445312
34531.304688 72776.125000
34559.863281 72802.804688
34588.445312 72829.484375
34617.054688 72856.164062
34645.691406 72882.843750
34674.351562 72909.531250
34703.039062 72936.218750
34731.750000 72962.906250
34760.488281 72989.593750
34789.253906 73016.281250
34818.042969 73042.968750
34846.859375 73069.664062
34875.699219 73096.359375
34904.566406 73123.054688
34933.457031 73149.750000
34962.375000 73176.445312
34991.300781 73203.132812
35020.238281 73229.812500
35049.191406 73256.484375
35078.156250 73283.148438
35107.136719 73309.804688
35136.128906 73336.453125
35165.132812 73363.093750
35194.152344 73389.726562
35223.183594 73416.351562
35252.230469 73442.968750
35281.289062 73469.578125
35310.363281 73496.179688
35339.449219 73522.773438
35368.546875 73549.359375
35397.660156 73575.937500
35426.785156 73602.507812
35455.925781 73629.070312
35485.078125 73655.625000
35514.246094 73682.171875
35543.425781 73708.710938
35572.617188 73735.250000
35601.824219 73761.781250
35631.042969 73788.304688
35660.277344 73814.820312
35689.523438 73841.328125
35718.785156 73867.828125
35748.058594 73894.320312
35777.343750 73920.804688
35806.644531 73947.281250
35835.957031 73973.750000
35865.285156 74000.210938
35894.625000 74026.664062
35923.980469 74053.109375
35953.347656 74079.546875
35982.726562 74105.976562
36012.121094 74132.398438
36041.527344 74158.812500
36070.949219 74185.218750
36100.382812 74211.617188
36129.832031 74238.007812
36159.277344 74264.406250
36188.726562 74290.804688
36218.179688 74317.203125
36247.636719 74343.609375
36277.097656 74370.015625
36306.562500 74396.421875
36336.031250 74422.828125
36365.503906 74449.234375
36394.980469 74475.640625
36424.460938 74502.046875
36453.945312 74528.460938
36483.433594 74554.875000
36512.925781 74581.289062
36542.421875 74607.703125
36571.921875 74634.117188
36601.425781 74660.531250
36630.933594 74686.945312
36660.445312 74713.367188
36689.960938 74739.789062
36719.480469 74766.210938
36749.003906 74792.632812
36778.531250 74819.054688
36808.062500 74845.476562
36837.597656 74871.906250
36867.136719 74898.335938
36896.679688 74924.765625
36926.226562 74951.195312
36955.777344 74977.625000
36985.332031 75004.054688
37014.890625 75030.484375
37044.453125 75056.921875
37074.019531 75083.359375
37103.589844 75109.796875
37133.164062 75136.234375
37162.742188 75162.671875
37192.324219 75189.109375
37221.910156 75215.546875
37251.500000 75241.992188
37281.093750 75268.437500
37310.691406 75294.882812
37340.308594 75321.312500
37369.945312 75347.734375
37399.597656 75374.148438
37429.265625 75400.554688
37458.949219 75426.953125
37488.648438 75453.343750
37518.363281 75479.726562
37548.097656 75506.101562
37577.847656 75532.468750
37607.613281 75558.828125
37637.394531 75585.179688
37667.191406 75611.523438
37697.007812 75637.859375
37726.839844 75664.187500
37756.687500 75690.507812
37786.550781 75716.820312
37816.429688 75743.125000
37846.324219 75769.421875
37876.238281 75795.710938
37906.167969 75821.992188
37936.113281 75848.265625
37966.074219 75874.531250
37996.050781 75900.789062
38026.046875 75927.039062
38056.058594 75953.281250
38086.085938 75979.515625
38116.128906 76005.742188
38146.187500 76031.960938
38176.265625 76058.171875
38206.359375 76084.375000
38236.468750 76110.570312
38266.593750 76136.757812
38296.734375 76162.937500
38326.890625 76189.109375
38357.066406 76215.273438
38387.257812 76241.429688
38417.464844 76267.578125
38447.687500 76293.718750
38477.925781 76319.851562
38508.183594 76345.976562
38538.527344 76372.093750
38568.933594 76398.195312
38599.402344 76424.289062
38629.933594 76450.367188
38660.527344 76476.437500
38691.187500 76502.492188
38721.910156 76528.539062
38752.695312 76554.570312
38783.542969 76580.593750
38814.453125 76606.601562
38845.429688 76632.601562
38876.468750 76658.585938
38907.570312 76684.562500
38938.734375 76710.523438
38969.960938 76736.476562
39001.253906 76762.414062
39032.609375 76788.343750
39064.027344 76814.257812
39095.507812 76840.164062
39127.050781 76866.054688
39158.656250 76891.937500
39190.328125 76917.804688
39222.062500 76943.664062
39253.859375 76969.507812
39285.718750 76995.343750
39317.640625 77021.164062
39349.628906 77046.976562
39381.679688 77072.773438
39413.792969 77098.562500
39445.968750 77124.335938
39478.207031 77150.101562
39510.511719 77175.851562
39542.878906 77201.593750
39575.308594 77227.320312
39607.800781 77253.039062
39640.355469 77278.742188
39672.972656 77304.437500
39705.656250 77330.117188
39738.402344 77355.789062
39771.210938 77381.445312
39804.121094 77407.093750
39837.117188 77432.726562
39870.203125 77458.343750
39903.375000 77483.953125
39936.636719 77509.546875
39969.984375 77535.132812
40003.421875 77560.703125
40036.945312 77586.265625
40070.558594 77611.812500
40104.257812 77637.351562
40138.046875 77662.875000
40171.921875 77688.390625
40205.886719 77713.890625
40239.937500 77739.382812
40274.078125 77764.859375
40308.304688 77790.328125
40342.621094 77815.781250
40377.023438 77841.218750
40411.515625 77866.648438
40446.093750 77892.062500
40480.761719 77917.468750
40515.515625 77942.859375
40550.359375 77968.242188
40585.289062 77993.609375
40620.308594 78018.968750
40655.414062 78044.312500
40690.609375 78069.648438
40725.890625 78094.968750
40761.261719 78120.281250
40796.718750 78145.578125
40832.265625 78170.859375
40867.898438 78196.132812
40903.621094 78221.390625
40939.429688 78246.640625
40975.328125 78271.875000
41011.312500 78297.101562
41047.386719 78322.312500
41083.546875 78347.515625
41119.792969 78372.703125
41156.128906 78397.882812
41192.503906 78423.078125
41228.933594 78448.281250
41265.417969 78473.484375
41301.957031 78498.695312
41338.550781 78523.914062
41375.195312 78549.140625
41411.894531 78574.375000
41448.648438 78599.617188
41485.457031 78624.859375
41522.320312 78650.109375
41559.238281 78675.367188
41596.210938 78700.632812
41633.238281 78725.906250
41670.320312 78751.187500
41707.457031 78776.468750
41744.648438 78801.757812
41781.894531 78827.054688
41819.195312 78852.359375
41856.550781 78877.671875
41893.960938 78902.992188
41931.425781 78928.320312
41968.945312 78953.648438
42006.519531 78978.984375
42044.148438 79004.328125
42081.832031 79029.679688
42119.570312 79055.039062
42157.363281 79080.406250
42195.210938 79105.773438
42233.113281 79131.148438
42271.066406 79156.531250
42309.074219 79181.921875
42347.136719 79207.320312
42385.253906 79232.726562
42423.425781 79258.132812
42461.652344 79283.546875
42499.933594 79308.968750
42538.269531 79334.398438
42576.660156 79359.835938
42615.105469 79385.281250
42653.605469 79410.734375
42692.191406 79436.195312
42730.851562 79461.664062
42769.589844 79487.140625
42808.402344 79512.625000
42847.289062 79538.117188
42886.250000 79563.617188
42925.289062 79589.125000
42964.402344 79614.640625
43003.589844 79640.164062
43042.851562 79665.695312
43082.191406 79691.234375
43121.605469 79716.781250
43161.093750 79742.335938
43200.660156 79767.898438
43240.300781 79793.468750
43280.015625 79819.046875
43319.804688 79844.632812
43359.671875 79870.226562
43399.613281 79895.828125
43439.628906 79921.437500
43479.722656 79947.054688
43519.890625 79972.679688
43560.132812 79998.312500
43600.449219 80023.953125
43640.843750 80049.601562
43681.312500 80075.257812
43721.855469 80100.921875
43762.472656 80126.593750
43803.167969 80152.273438
43843.937500 80177.960938
43884.781250 80203.656250
43925.703125 80229.359375
43966.699219 80255.070312
44007.769531 80280.789062
44048.914062 80306.515625
44090.136719 80332.250000
44131.433594 80357.992188
44172.804688 80383.742188
44214.250000 80409.500000
44255.773438 80435.265625
44297.367188 80461.007812
44339.035156 80486.742188
44380.773438 80512.460938
44422.585938 80538.171875
44464.468750 80563.875000
44506.425781 80589.562500
44548.453125 80615.242188
44590.554688 80640.906250
44632.730469 80666.562500
44674.976562 80692.203125
44717.296875 80717.835938
44759.687500 80743.453125
44802.152344 80769.062500
44844.691406 80794.656250
44887.300781 80820.242188
44929.984375 80845.820312
44972.738281 80871.382812
45015.566406 80896.937500
45058.464844 80922.476562
45101.437500 80948.007812
45144.484375 80973.523438
45187.601562 80999.031250
45230.792969 81024.523438
45274.054688 81050.007812
45317.390625 81075.476562
45360.796875 81100.937500
45404.277344 81126.390625
45447.832031 81151.828125
45491.457031 81177.257812
45535.156250 81202.671875
45578.925781 81228.078125
45622.769531 81253.468750
45666.687500 81278.851562
45710.675781 81304.218750
45754.738281 81329.578125
45798.871094 81354.921875
45843.078125 81380.257812
45887.355469 81405.578125
45931.707031 81430.890625
45976.132812 81456.195312
46020.578125 81481.507812
46065.058594 81506.820312
46109.578125 81532.132812
46154.136719 81557.445312
46198.730469 81582.757812
46243.363281 81608.078125
46288.031250 81633.398438
46332.738281 81658.718750
46377.484375 81684.039062
46422.265625 81709.359375
46467.085938 81734.687500
46511.945312 81760.015625
46556.839844 81785.343750
46601.773438 81810.671875
46646.742188 81836.000000
46691.750000 81861.328125
46736.796875 81886.664062
46781.878906 81912.000000
46827.000000 81937.335938
46872.156250 81962.671875
46917.351562 81988.007812
46962.585938 82013.351562
47007.855469 82038.695312
47053.164062 82064.039062
47098.511719 82089.382812
47143.894531 82114.726562
47189.316406 82140.078125
47234.773438 82165.429688
47280.269531 82190.781250
47325.804688 82216.132812
47371.375000 82241.484375
47416.984375 82266.843750
47462.632812 82292.203125
47508.316406 82317.562500
47554.039062 82342.921875
47599.796875 82368.281250
47645.593750 82393.648438
47691.429688 82419.015625
47737.300781 82444.382812
47783.210938 82469.750000
47829.171875 82495.117188
47875.179688 82520.484375
47921.234375 82545.843750
47967.335938 82571.203125
48013.484375 82596.562500
48059.679688 82621.921875
48105.921875 82647.281250
48152.210938 82672.640625
48198.546875 82698.000000
48244.929688 82723.359375
48291.359375 82748.710938
48337.835938 82774.062500
48384.359375 82799.414062
48430.929688 82824.765625
48477.546875 82850.117188
48524.210938 82875.468750
48570.921875 82900.820312
48617.679688 82926.164062
48664.484375 82951.507812
48711.335938 82976.851562
48758.234375 83002.195312
48805.179688 83027.539062
48852.171875 83052.882812
48899.210938 83078.226562
48946.296875 83103.562500
48993.429688 83128.898438
49040.609375 83154.234375
49087.835938 83179.570312
49135.109375 83204.906250
49182.429688 83230.242188
49229.796875 83255.578125
49277.210938 83280.906250
49324.671875 83306.234375
49372.179688 83331.562500
49419.734375 83356.890625
49467.335938 83382.218750
49514.984375 83407.546875
49562.679688 83432.875000
49610.421875 83458.195312
49658.210938 83483.515625
49706.019531 83508.851562
49753.859375 83534.195312
49801.730469 83559.546875
49849.628906 83584.906250
49897.558594 83610.273438
49945.519531 83635.656250
49993.507812 83661.046875
50041.527344 83686.445312
50089.578125 83711.851562
50137.656250 83737.265625
50185.765625 83762.687500
50233.906250 83788.117188
50282.074219 83813.554688
50330.273438 83839.000000
50378.503906 83864.460938
50426.761719 83889.929688
50475.050781 83915.406250
50523.371094 83940.890625
50571.718750 83966.382812
50620.097656 83991.882812
50668.503906 84017.390625
50716.941406 84042.906250
50765.410156 84068.429688
50813.906250 84093.960938
50862.433594 84119.507812
50910.992188 84145.062500
50959.578125 84170.625000
51008.195312 84196.195312
51056.843750 84221.773438
51105.519531 84247.359375
51154.226562 84272.953125
51202.964844 84298.554688
51251.730469 84324.164062
51300.527344 84349.789062
51349.355469 84375.421875
51398.210938 84401.062500
51447.097656 84426.710938
51496.015625 84452.367188
51544.960938 84478.031250
51593.937500 84503.703125
51642.957031 84529.375000
51692.011719 84555.046875
51741.105469 84580.718750
51790.234375 84606.390625
51839.402344 84632.062500
51888.605469 84657.734375
51937.847656 84683.406250
51987.125000 84709.078125
52036.441406 84734.750000
52085.796875 84760.414062
52135.187500 84786.078125
52184.617188 84811.742188
52234.082031 84837.406250
52283.585938 84863.070312
52333.125000 84888.734375
52382.703125 84914.398438
52432.320312 84940.062500
52481.972656 84965.726562
52531.664062 84991.390625
52581.390625 85017.054688
52631.156250 85042.718750
52680.957031 85068.382812
52730.796875 85094.046875
52780.671875 85119.710938
52830.585938 85145.375000
52880.539062 85171.039062
52930.527344 85196.703125
52980.554688 85222.367188
53030.617188 85248.031250
53080.718750 85273.695312
53130.855469 85299.359375
53181.031250 85325.023438
53231.246094 85350.687500
53281.496094 85376.351562
53331.785156 85402.015625
53382.109375 85427.679688
53432.472656 85453.343750
53482.871094 85479.007812
53533.308594 85504.671875
53583.781250 85530.335938
53634.285156 85556.000000
53684.820312 85581.664062
53735.386719 85607.328125
53785.984375 85632.984375
53836.613281 85658.640625
53887.273438 85684.296875
53937.964844 85709.953125
53988.687500 85735.609375
54039.445312 85761.265625
54090.234375 85786.914062
54141.054688 85812.562500
54191.906250 85838.210938
54242.789062 85863.859375
54293.703125 85889.507812
54344.648438 85915.148438
54395.625000 85940.789062
54446.632812 85966.429688
54497.671875 85992.070312
54548.742188 86017.710938
54599.847656 86043.351562
54650.984375 86068.984375
54702.152344 86094.617188
54753.351562 86120.250000
54804.582031 86145.882812
54855.843750 86171.515625
54907.136719 86197.148438
54958.460938 86222.773438
55009.816406 86248.398438
55061.203125 86274.023438
55112.621094 86299.648438
55164.074219 86325.273438
55215.558594 86350.898438
55267.074219 86376.515625
55318.621094 86402.132812
55370.199219 86427.750000
55421.808594 86453.367188
55473.449219 86478.984375
55525.121094 86504.601562
55576.824219 86530.210938
55628.558594 86555.820312
55680.328125 86581.429688
55732.132812 86607.031250
55783.972656 86632.632812
55835.847656 86658.226562
55887.757812 86683.820312
55939.699219 86709.414062
55991.675781 86735.000000
56043.687500 86760.585938
56095.734375 86786.164062
56147.812500 86811.742188
56199.925781 86837.312500
56252.074219 86862.882812
56304.257812 86888.453125
56356.476562 86914.015625
56408.726562 86939.578125
56461.011719 86965.132812
56513.332031 86990.687500
56565.687500 87016.234375
56618.078125 87041.781250
56670.500000 87067.320312
56722.957031 87092.859375
56775.449219 87118.398438
56827.976562 87143.929688
56880.535156 87169.460938
56933.128906 87194.984375
56985.757812 87220.507812
57038.421875 87246.023438
57091.121094 87271.539062
57143.851562 87297.054688
57196.617188 87322.562500
57249.417969 87348.070312
57302.253906 87373.570312
57355.121094 87399.070312
57408.023438 87424.562500
57460.960938 87450.054688
57513.933594 87475.546875
57566.941406 87501.031250
57619.980469 87526.515625
57673.054688 87551.992188
57726.164062 87577.468750
57779.304688 87602.937500
57832.476562 87628.406250
57885.683594 87653.875000
57938.921875 87679.335938
57992.191406 87704.796875
58045.492188 87730.257812
58098.828125 87755.710938
58152.195312 87781.164062
58205.593750 87806.609375
58259.027344 87832.054688
58312.492188 87857.500000
58365.988281 87882.937500
58419.519531 87908.375000
58473.082031 87933.804688
58526.675781 87959.234375
58580.300781 87984.664062
58633.960938 88010.085938
58687.652344 88035.507812
58741.375000 88060.929688
58795.132812 88086.343750
58848.921875 88111.757812
58902.742188 88137.164062
58956.597656 88162.570312
59010.484375 88187.976562
59064.402344 88213.375000
59118.351562 88238.773438
59172.335938 88264.164062
59226.351562 88289.554688
59280.398438 88314.945312
59334.480469 88340.328125
59388.593750 88365.710938
59442.738281 88391.085938
59496.917969 88416.460938
59551.128906 88441.835938
59605.371094 88467.203125
59659.648438 88492.570312
59713.957031 88517.937500
59768.296875 88543.296875
59822.667969 88568.656250
59877.074219 88594.007812
59931.507812 88619.359375
59985.968750 88644.710938
60040.457031 88670.054688
60094.976562 88695.398438
60149.523438 88720.734375
60204.097656 88746.070312
60258.703125 88771.406250
60313.335938 88796.734375
60367.996094 88822.062500
60422.687500 88847.390625
60477.406250 88872.710938
60532.152344 88898.031250
60586.925781 88923.343750
60641.730469 88948.656250
60696.562500 88973.968750
60751.421875 88999.273438
60806.312500 89024.578125
60861.230469 89049.875000
60916.175781 89075.171875
60971.152344 89100.468750
61026.156250 89125.757812
61081.187500 89151.046875
61136.250000 89176.335938
61191.339844 89201.617188
61246.457031 89226.898438
61301.605469 89252.171875
61356.781250 89277.445312
61411.984375 89302.718750
61467.218750 89327.984375
61522.480469 89353.250000
61577.769531 89378.507812
61633.089844 89403.765625
61688.437500 89429.023438
61743.812500 89454.273438
61799.218750 89479.523438
61854.652344 89504.773438
61910.113281 89530.015625
61965.605469 89555.257812
62021.125000 89580.492188
62076.671875 89605.726562
62132.246094 89630.953125
62187.843750 89656.179688
62243.468750 89681.398438
62299.117188 89706.617188
62354.792969 89731.828125
62410.492188 89757.039062
62466.218750 89782.242188
62521.968750 89807.445312
62577.746094 89832.640625
62633.550781 89857.835938
62689.378906 89883.023438
62745.234375 89908.210938
62801.113281 89933.390625
62857.019531 89958.570312
62912.949219 89983.742188
62968.906250 90008.914062
63024.886719 90034.078125
63080.894531 90059.242188
63136.929688 90084.398438
63192.988281 90109.554688
63249.074219 90134.703125
63305.183594 90159.851562
63361.320312 90184.992188
63417.480469 90210.132812
63473.667969 90235.265625
63529.882812 90260.398438
63586.121094 90285.523438
63642.386719 90310.648438
63698.675781 90335.765625
63754.992188 90360.882812
63811.332031 90385.992188
63867.699219 90411.101562
63924.089844 90436.203125
63980.507812 90461.304688
64036.953125 90486.398438
64093.421875 90511.492188
64149.917969 90536.578125
64206.437500 90561.664062
64262.984375 90586.742188
64319.554688 90611.820312
64376.156250 90636.890625
64432.785156 90661.953125
64489.441406 90687.007812
64546.125000 90712.062500
64602.835938 90737.109375
64659.574219 90762.148438
64716.339844 90787.179688
64773.132812 90812.210938
64829.953125 90837.234375
64886.800781 90862.250000
64943.675781 90887.257812
65000.578125 90912.265625
65057.507812 90937.265625
65114.464844 90962.257812
65171.449219 90987.242188
65228.460938 91012.226562
65285.500000 91037.203125
65342.570312 91062.171875
65399.667969 91087.140625
65456.792969 91112.101562
65513.945312 91137.054688
65571.125000 91162.000000
65628.328125 91186.945312
65685.562500 91211.882812
65742.820312 91236.812500
65800.109375 91261.734375
65857.429688 91286.656250
65914.773438 91311.570312
65972.148438 91336.476562
66029.546875 91361.375000
66086.976562 91386.273438
66144.429688 91411.164062
66201.914062 91436.046875
66259.421875 91460.921875
66316.960938 91485.796875
66374.523438 91510.664062
66432.117188 91535.523438
66489.734375 91560.382812
66547.382812 91585.234375
66605.054688 91610.078125
66662.765625 91634.906250
66720.507812 91659.726562
66778.281250 91684.539062
66836.093750 91709.343750
66893.937500 91734.132812
66951.812500 91758.914062
67009.718750 91783.687500
67067.664062 91808.445312
67125.640625 91833.195312
67183.648438 91857.937500
67241.687500 91882.664062
67299.765625 91907.382812
67357.875000 91932.093750
67416.015625 91956.789062
67474.187500 91981.476562
67532.398438 92006.156250
67590.640625 92030.828125
67648.914062 92055.484375
67707.218750 92080.132812
67765.562500 92104.773438
67823.937500 92129.398438
67882.343750 92154.015625
67940.781250 92178.625000
67999.257812 92203.218750
68057.765625 92227.804688
68116.304688 92252.382812
68174.875000 92276.945312
68233.484375 92301.500000
68292.125000 92326.046875
68350.796875 92350.578125
68409.500000 92375.101562
68468.242188 92399.617188
68527.015625 92424.125000
68585.820312 92448.617188
68644.656250 92473.101562
68703.531250 92497.578125
68762.437500 92522.039062
68821.375000 92546.492188
68880.343750 92570.937500
68939.351562 92595.367188
68998.382812 92619.789062
69057.445312 92644.203125
69116.539062 92668.609375
69175.664062 92693.007812
69234.820312 92717.390625
69294.007812 92741.765625
69353.226562 92766.132812
69412.476562 92790.492188
69471.757812 92814.843750
69531.062500 92839.179688
69590.398438 92863.507812
69649.765625 92887.828125
69709.164062 92912.140625
69768.593750 92936.445312
69828.054688 92960.734375
69887.546875 92985.015625
69947.070312 93009.289062
70006.625000 93033.554688
70066.210938 93057.812500
70125.828125 93082.054688
70185.468750 93106.289062
70245.140625 93130.515625
70304.843750 93154.734375
70364.578125 93178.945312
70424.343750 93203.140625
70484.140625 93227.328125
70543.968750 93251.507812
70603.828125 93275.679688
70663.718750 93299.843750
70723.640625 93323.992188
70783.593750 93348.132812
70843.570312 93372.265625
70903.578125 93396.390625
70963.617188 93420.507812
71023.687500 93444.609375
71083.789062 93468.703125
71143.921875 93492.789062
71204.085938 93516.867188
71264.281250 93540.937500
71324.507812 93564.992188
