-0.041637 0.053675
-0.107700 0.149800
-0.198187 0.288375
-0.313100 0.469400
-0.452437 0.692875
-0.616200 0.958800
-0.804387 1.267175
-1.017000 1.618000
-1.254037 2.011275
-1.515499 2.447000
-1.801387 2.925174
-2.111699 3.445799
-2.446436 4.008874
-2.805599 4.614399
-3.189186 5.262374
-3.597198 5.952799
-4.029636 6.685674
-4.486498 7.460999
-4.967786 8.278774
-5.473498 9.138999
-6.003636 10.041674
-6.558198 10.986799
-7.137185 11.974375
-7.740597 13.004400
-8.368435 14.076876
-9.020697 15.191801
-9.697384 16.349176
-10.398496 17.549002
-11.124033 18.791277
-11.873995 20.076002
-12.648382 21.403177
-13.447194 22.772802
-14.270432 24.184877
-15.118093 25.639402
-15.990180 27.136377
-16.886692 28.675802
-17.807629 30.257677
-18.752991 31.882002
-19.722778 33.548775
-20.716990 35.257999
-21.734652 37.010723
-22.776089 38.806599
-23.841301 40.645622
-24.930288 42.527798
-26.043051 44.453121
-27.179588 46.421597
-28.339901 48.433220
-29.523987 50.487995
-30.731848 52.585918
-31.963484 54.726994
-33.218895 56.911217
-34.498081 59.138592
-35.801044 61.409115
-37.127781 63.722790
-38.478294 66.079613
-39.852581 68.479584
-41.250641 70.922707
-42.672478 73.408981
-44.118088 75.938408
-45.587475 78.510979
-47.080635 81.126701
-48.597572 83.785576
-50.138283 86.487602
-51.702770 89.232773
-53.291031 92.021095
-54.903069 94.852570
-56.538879 97.727196
-58.198467 100.644966
-59.881828 103.605888
-61.588966 106.609962
-63.319878 109.657188
-65.074562 112.747559
-66.853020 115.881081
-68.655258 119.057755
-70.481270 122.277580
-72.331055 125.540550
-74.204613 128.846680
-76.101952 132.195953
-78.023064 135.588379
-79.967949 139.023956
-81.932938 142.506241
-83.919250 146.034058
-85.926888 149.607391
-87.955849 153.226257
-90.006134 156.890640
-92.077744 160.600555
-94.170677 164.355988
-96.284935 168.156952
-98.420517 172.003433
-100.577431 175.895447
-102.755669 179.832977
-104.955231 183.816040
-107.176117 187.844620
-109.418327 191.918732
-111.681862 196.038361
-113.966721 200.203522
-116.272903 204.414215
-118.600410 208.670425
-120.949242 212.972168
-123.319397 217.319427
-125.710884 221.712219
-128.123688 226.150528
-130.557816 230.634369
-133.013275 235.163727
-135.490051 239.738617
-137.988159 244.359024
-140.507599 249.024963
-143.048355 253.736420
-145.610443 258.493408
-148.193848 263.295929
-150.798584 268.143951
-153.424637 273.037506
-156.072021 277.976593
-158.740723 282.961212
-161.430756 287.991364
-164.142105 293.067017
-166.874786 298.188202
-169.628799 303.354919
-172.404129 308.567169
-175.200790 313.824921
-178.006134 319.092316
-180.824371 324.381317
-183.655518 329.691925
-186.499557 335.024139
-189.356506 340.377930
-192.226349 345.753326
-195.109100 351.150330
-198.004745 356.568939
-200.913284 362.009125
-203.834732 367.470917
-206.769073 372.954315
-209.716324 378.459320
-212.676468 383.985931
-215.649521 389.534119
-218.635468 395.103912
-221.634308 400.695312
-224.646057 406.308319
-227.670700 411.942902
-230.708252 417.599091
-233.758698 423.276886
-236.822037 428.976288
-239.898285 434.697296
-242.987427 440.439880
-246.089478 446.204071
-249.204422 451.989868
-252.332275 457.797272
-255.473022 463.626251
-258.626678 469.476837
-261.793213 475.349030
-264.972656 481.242828
-268.165009 487.158234
-271.370270 493.095215
-274.588409 499.053802
-277.819458 505.033997
-281.063416 511.035797
-284.320251 517.059204
-287.589996 523.104187
-290.872650 529.170776
-294.168213 535.258972
-297.476654 541.368774
-300.782501 547.486633
-304.090942 553.617065
-307.401947 559.760071
-310.715546 565.915649
-314.031708 572.083801
-317.350433 578.264526
-320.671753 584.457825
-323.995636 590.663696
-327.322083 596.882141
-330.651123 603.113159
-333.982727 609.356750
-337.316925 615.612915
-340.653687 621.881653
-343.993011 628.162964
-347.334930 634.456848
-350.679413 640.763306
-354.026459 647.082336
-357.376099 653.413940
-360.728302 659.758118
-364.083099 666.114929
-367.440460 672.484314
-370.800385 678.866272
-374.162903 685.260803
-377.527985 691.667908
-380.895630 698.087585
-384.265869 704.519836
-387.638672 710.964661
-391.014069 717.422058
-394.392029 723.892029
-397.772552 730.374573
-401.155670 736.869690
-404.541351 743.377380
-407.929596 749.897644
-411.320435 756.430481
-414.713837 762.975891
-418.109833 769.533875
-421.508392 776.104431
-424.909515 782.687561
-428.313232 789.283264
-431.719513 795.891541
-435.118134 802.560730
-438.512512 809.274719
-441.902618 816.033508
-445.288483 822.837097
-448.670105 829.685486
-452.047485 836.578674
-455.420593 843.516663
-458.789459 850.499451
-462.154083 857.527039
-465.514465 864.599426
-468.870575 871.716614
-472.222443 878.878601
-475.570068 886.085388
-478.913452 893.336975
-482.252563 900.633362
-485.587433 907.974548
-488.918060 915.360535
-492.244415 922.791321
-495.566528 930.266907
-498.884399 937.787292
-502.198029 945.352478
-505.507385 952.962463
-508.812500 960.617249
-512.113342 968.316833
-515.409973 976.061218
-518.702332 983.850403
-521.990479 991.684387
-525.274353 999.563171
-528.553955 1007.486755
-531.829346 1015.455139
-535.100464 1023.468323
-538.367310 1031.526367
-541.629944 1039.629150
-544.888306 1047.776733
-548.142395 1055.969116
-551.392273 1064.206299
-554.637878 1072.488281
-557.879272 1080.815063
-561.116394 1089.186646
-564.349243 1097.603027
-567.556396 1106.064819
-570.744934 1114.571777
-573.914917 1123.123901
-577.066345 1131.721191
-580.199158 1140.363647
-583.313416 1149.051270
-586.409119 1157.784058
-589.486206 1166.562012
-592.544739 1175.385132
-595.584717 1184.253418
-598.606079 1193.166870
-601.608887 1202.125488
-604.593140 1211.129395
-607.558777 1220.178467
-610.505859 1229.272705
-613.434387 1238.412109
-616.344299 1247.596680
-619.235657 1256.826416
-622.108459 1266.101318
-624.962646 1275.421387
-627.798279 1284.786621
-630.615356 1294.197021
-633.413818 1303.652588
-636.193726 1313.153320
-638.955078 1322.699219
-641.697815 1332.290283
-644.421997 1341.926514
-647.127625 1351.608032
-649.814636 1361.334717
-652.483093 1371.106567
-655.132996 1380.923584
-657.764282 1390.785767
-660.377014 1400.693115
-662.971191 1410.645630
-665.546753 1420.643311
-668.103760 1430.686157
-670.642212 1440.774170
-673.162048 1450.907349
-675.663330 1461.085693
-678.146057 1471.309204
-680.625305 1481.598999
-683.096069 1491.947998
-685.558289 1502.356201
-688.012024 1512.823608
-690.457275 1523.350220
-692.894043 1533.936035
-695.322266 1544.581055
-697.742004 1555.285278
-700.153259 1566.048706
-702.556030 1576.871338
-704.950256 1587.753174
-707.335999 1598.694092
-709.713257 1609.694214
-712.082031 1620.753540
-714.442261 1631.872070
-716.794006 1643.049805
-719.137268 1654.286743
-721.471985 1665.582886
-723.798218 1676.938232
-726.115967 1688.352783
-728.425232 1699.826538
-730.725952 1711.359497
-733.018188 1722.951660
-735.301941 1734.603027
-737.577209 1746.313599
-739.843933 1758.083374
-742.102173 1769.912354
-744.351929 1781.800537
-746.593201 1793.747925
-748.825928 1805.754517
-751.050171 1817.820312
-753.265930 1829.945312
-755.473145 1842.129517
-757.671875 1854.372925
-759.862122 1866.675537
-762.043884 1879.037354
-764.217102 1891.458374
-766.381836 1903.938599
-768.538086 1916.478027
-770.685852 1929.076660
-772.817566 1941.747192
-774.935730 1954.485352
-777.040405 1967.291138
-779.131531 1980.164673
-781.209106 1993.105835
-783.273193 2006.114746
-785.323730 2019.191284
-787.360779 2032.335449
-789.384277 2045.547363
-791.394226 2058.826904
-793.390686 2072.174072
-795.373596 2085.589111
-797.343018 2099.071777
-799.298889 2112.622070
-801.241272 2126.239990
-803.170105 2139.925537
-805.085388 2153.678711
-806.987183 2167.499756
-808.875427 2181.388428
-810.750183 2195.344727
-812.611389 2209.368652
-814.459045 2223.460205
-816.293213 2237.619629
-818.113831 2251.846680
-819.920959 2266.141357
-821.714539 2280.503662
-823.494568 2294.933594
-825.261108 2309.431396
-827.014099 2323.996826
-828.753601 2338.629883
-830.479553 2353.330566
-832.191956 2368.098877
-833.890869 2382.935059
-835.576233 2397.838867
-837.248108 2412.810303
-838.906433 2427.849365
-840.551208 2442.956055
-842.182495 2458.130615
-843.800232 2473.372803
-845.404480 2488.682617
-846.985107 2504.015137
-848.545532 2519.385498
-850.085754 2534.793457
-851.605713 2550.239258
-853.105469 2565.722656
-854.585022 2581.243896
-856.044312 2596.802734
-857.483398 2612.399414
-858.902222 2628.033691
-860.300842 2643.705811
-861.679260 2659.415527
-863.037415 2675.163086
-864.375366 2690.948242
-865.693115 2706.771240
-866.990601 2722.631836
-868.267883 2738.530273
-869.524963 2754.466553
-870.761780 2770.440430
-871.978394 2786.452148
-873.174744 2802.501465
-874.350891 2818.588623
-875.506836 2834.713379
-876.642517 2850.875977
-877.757996 2867.076172
-878.853271 2883.314209
-879.928284 2899.589844
-880.983093 2915.903320
-882.017700 2932.254395
-883.032043 2948.643311
-884.026184 2965.069824
-885.000061 2981.534180
-885.953735 2998.036133
-886.887207 3014.575928
-887.800415 3031.153320
-888.693420 3047.768555
-889.566223 3064.421387
-890.418762 3081.112061
-891.251099 3097.840576
-892.063171 3114.606689
-892.855042 3131.410645
-893.656921 3148.242188
-894.458740 3165.104736
-895.260437 3181.998291
-896.062073 3198.922852
-896.863647 3215.878418
-897.665161 3232.864990
-898.466614 3249.882568
-899.267944 3266.931152
-900.069214 3284.010742
-900.870422 3301.121338
-901.671570 3318.262939
-902.472595 3335.435547
-903.273560 3352.639160
-904.074463 3369.873535
-904.875305 3387.138916
-905.676086 3404.435303
-906.476746 3421.762695
-907.277344 3439.121094
-908.077881 3456.510498
-908.878357 3473.930908
-909.678711 3491.382324
-910.479004 3508.864746
-911.279236 3526.378174
-912.079407 3543.922607
-912.879456 3561.498047
-913.679443 3579.104492
-914.479370 3596.741943
-915.279236 3614.410400
-916.079041 3632.109863
-916.878723 3649.840332
-917.678345 3667.601807
-918.477905 3685.394287
-919.277405 3703.217773
-920.076782 3721.072266
-920.876099 3738.957764
-921.675354 3756.874268
-922.474548 3774.821777
-923.273621 3792.800293
-924.072632 3810.809814
-924.871582 3828.850342
-925.675232 3846.947754
-926.482056 3865.093506
-927.291992 3883.287842
-928.105042 3901.530518
-928.921204 3919.821533
-929.740479 3938.160889
-930.562927 3956.548584
-931.388489 3974.984619
-932.217163 3993.468994
-933.048950 4012.001709
-933.883850 4030.582764
-934.721924 4049.212158
-935.563110 4067.889893
-936.407410 4086.615967
-937.254822 4105.390137
-938.105347 4124.212891
-938.959045 4143.083984
-939.815857 4162.003418
-940.675781 4180.971191
-941.538818 4199.987305
-942.404968 4219.051758
-943.274292 4238.164551
-944.146729 4257.325684
-945.022278 4276.535156
-945.900940 4295.792969
-946.782715 4315.099121
-947.667664 4334.453613
-948.555725 4353.856445
-949.446899 4373.307617
-950.341187 4392.807129
-951.238586 4412.354980
-952.139160 4431.951172
-953.042847 4451.595703
-953.949646 4471.288574
-954.859558 4491.029785
-955.772583 4510.819336
-956.688782 4530.657227
-957.608093 4550.543457
-958.530518 4570.478027
-959.456055 4590.460938
-960.353333 4610.477539
-961.232788 4630.532715
-962.094482 4650.626465
-962.938354 4670.758301
-963.764465 4690.928711
-964.572754 4711.137695
-965.363220 4731.385254
-966.135925 4751.670898
-966.890808 4771.995117
-967.627869 4792.357910
-968.347168 4812.759277
-969.048645 4833.198730
-969.732361 4853.676758
-970.398254 4874.193359
-971.046326 4894.748535
-971.676636 4915.341797
-972.289124 4935.973633
-972.883789 4956.644043
-973.460693 4977.353027
-974.019775 4998.100098
-974.561035 5018.885742
-975.084534 5039.709961
-975.590210 5060.572754
-976.078125 5081.473633
-976.548218 5102.413086
-977.000488 5123.391113
-977.434998 5144.407227
-977.851685 5165.461914
-978.250549 5186.555176
-978.631653 5207.687012
-978.994934 5228.856934
-979.340393 5250.065430
-979.668091 5271.312500
-979.977966 5292.598145
-980.270081 5313.921875
-980.544373 5335.284180
-980.800842 5356.685059
-981.039551 5378.124512
-981.260437 5399.602051
-981.463501 5421.118164
-981.657532 5442.652832
-981.839661 5464.212402
-982.009827 5485.796875
-982.168030 5507.406250
-982.314270 5529.040527
-982.448608 5550.700195
-982.570984 5572.384766
-982.681396 5594.094238
-982.779846 5615.828613
-982.866333 5637.587891
-982.940918 5659.372559
-983.003540 5681.182129
-983.054199 5703.016602
-983.092896 5724.875977
-983.119629 5746.760254
-983.134460 5768.669922
-983.137329 5790.604492
-983.128235 5812.563965
-983.107178 5834.548340
-983.074158 5856.557617
-983.029236 5878.592285
-982.972351 5900.651855
-982.903503 5922.736328
-982.822693 5944.845703
-982.729980 5966.979980
-982.625305 5989.139648
-982.508667 6011.324219
-982.380066 6033.533691
-982.239502 6055.768066
-982.087036 6078.027344
-981.922607 6100.312012
-981.746216 6122.621582
-981.557861 6144.956055
-981.357544 6167.315430
-981.145325 6189.699707
-980.921143 6212.109375
-980.684998 6234.543945
-980.436890 6257.003418
-980.176819 6279.487793
-979.904846 6301.997070
-979.635315 6324.546875
-979.363403 6347.131836
-979.089172 6369.751953
-978.812561 6392.407227
-978.533630 6415.097656
-978.252319 6437.823242
-977.968689 6460.583984
-977.682678 6483.379883
-977.394348 6506.210938
-977.103638 6529.077148
-976.810608 6551.978516
-976.515198 6574.915039
-976.217468 6597.886719
-975.917358 6620.893555
-975.614929 6643.935547
-975.310120 6667.012695
-975.002991 6690.125000
-974.693481 6713.272461
-974.381653 6736.455078
-974.067444 6759.672852
-973.750916 6782.925781
-973.432007 6806.213867
-973.110779 6829.537109
-972.787170 6852.895020
-972.461243 6876.288086
-972.132935 6899.716309
-971.802307 6923.179688
-971.469299 6946.678223
-971.133972 6970.211914
-970.796265 6993.780762
-970.456238 7017.384766
-970.113831 7041.023926
-969.769104 7064.698242
-969.421997 7088.407715
-969.072571 7112.152344
-968.720764 7135.932129
-968.366638 7159.747070
-968.010132 7183.597168
-967.651306 7207.482422
-967.290100 7231.402832
-966.906433 7255.336426
-966.506958 7279.291016
-966.091736 7303.266113
-965.660706 7327.261719
-965.213928 7351.277832
-964.751404 7375.314453
-964.273071 7399.371582
-963.778992 7423.449219
-963.269104 7447.547363
-962.743469 7471.666016
-962.202026 7495.805176
-961.644836 7519.964844
-961.071838 7544.145020
-960.483093 7568.346191
-959.878540 7592.567871
-959.258240 7616.810059
-958.622192 7641.072754
-957.970337 7665.355957
-957.302734 7689.659668
-956.619324 7713.983887
-955.920166 7738.328613
-955.205200 7762.693848
-954.474487 7787.079590
-953.727966 7811.485840
-952.965698 7835.913086
-952.187622 7860.360840
-951.393799 7884.829102
-950.584167 7909.317871
-949.758789 7933.827148
-948.917664 7958.356934
-948.060730 7982.907227
-947.188049 8007.478027
-946.299561 8032.069336
-945.395325 8056.681152
-944.475281 8081.313477
-943.539490 8105.966309
-942.587891 8130.640137
-941.620544 8155.334473
-940.637390 8180.049316
-939.638489 8204.784180
-938.630432 8229.504883
-937.611023 8254.222656
-936.580261 8278.937500
-935.538147 8303.649414
-934.484680 8328.358398
-933.419861 8353.064453
-932.343750 8377.767578
-931.256287 8402.466797
-930.157471 8427.163086
-929.047302 8451.856445
-927.925781 8476.546875
-926.792908 8501.234375
-925.648682 8525.918945
-924.493103 8550.600586
-923.326172 8575.279297
-922.147888 8599.955078
-920.958252 8624.627930
-919.757263 8649.297852
-918.544922 8673.964844
-917.321228 8698.628906
-916.086182 8723.290039
-914.839783 8747.948242
-913.582031 8772.603516
-912.312927 8797.255859
-911.032471 8821.905273
-909.740662 8846.551758
-908.437500 8871.195312
-907.122986 8895.835938
-905.797119 8920.472656
-904.459900 8945.106445
-903.111389 8969.737305
-901.751526 8994.365234
-900.380310 9018.990234
-898.997742 9043.612305
-897.603821 9068.231445
-896.198547 9092.847656
-894.781921 9117.460938
-893.353943 9142.071289
-891.914612 9166.678711
-890.463928 9191.283203
-889.015381 9215.932617
-887.564514 9240.611328
-886.111267 9265.319336
-884.655701 9290.055664
-883.197754 9314.821289
-881.737488 9339.616211
-880.274841 9364.440430
-878.809875 9389.293945
-877.342529 9414.175781
-875.872864 9439.086914
-874.400818 9464.027344
-872.926453 9488.997070
-871.449707 9513.995117
-869.970642 9539.022461
-868.489197 9564.079102
-867.005432 9589.165039
-865.519287 9614.280273
-864.030823 9639.423828
-862.539978 9664.596680
-861.046814 9689.798828
-859.551270 9715.030273
-858.053406 9740.290039
-856.553162 9765.579102
-855.050598 9790.897461
-853.545654 9816.245117
-852.038391 9841.621094
-850.528748 9867.026367
-849.016785 9892.460938
-847.502441 9917.924805
-845.985779 9943.417969
-844.466736 9968.939453
-842.945374 9994.490234
-841.421631 10020.070312
-839.895569 10045.679688
-838.367126 10071.317383
-836.836365 10096.984375
-835.303223 10122.680664
-833.767761 10148.406250
-832.229919 10174.161133
-830.689758 10199.944336
-829.122559 10225.750977
-827.536621 10251.583008
-825.931885 10277.440430
-824.308411 10303.322266
-822.666138 10329.229492
-821.005066 10355.162109
-819.325256 10381.120117
-817.626648 10407.103516
-815.909241 10433.111328
-814.173096 10459.144531
-812.418152 10485.203125
-810.644470 10511.287109
-808.851990 10537.395508
-807.040710 10563.529297
-805.210693 10589.688477
-803.361877 10615.873047
-801.494324 10642.083008
-799.607971 10668.317383
-797.702820 10694.577148
-795.778931 10720.862305
-793.836243 10747.172852
-791.874817 10773.507812
-789.894592 10799.868164
-787.895569 10826.253906
-785.877808 10852.665039
-783.841248 10879.101562
-781.785950 10905.562500
-779.711853 10932.048828
-777.618958 10958.560547
-775.507324 10985.097656
-773.376892 11011.659180
-771.227661 11038.246094
-769.059692 11064.858398
-766.872925 11091.496094
-764.667419 11118.159180
-762.443115 11144.846680
-760.200012 11171.559570
-757.938171 11198.297852
-755.657532 11225.061523
-753.358154 11251.849609
-751.056335 11278.666016
-748.746704 11305.509766
-746.429199 11332.380859
-744.103882 11359.279297
-741.770691 11386.205078
-739.429626 11413.158203
-737.080750 11440.138672
-734.723999 11467.146484
-732.359436 11494.181641
-729.987000 11521.244141
-727.606689 11548.333984
-725.218567 11575.450195
-722.822571 11602.593750
-720.418762 11629.764648
-718.007080 11656.962891
-715.587524 11684.188477
-713.160156 11711.441406
-710.724915 11738.721680
-708.281799 11766.029297
-705.830872 11793.364258
-703.372070 11820.726562
-700.905457 11848.115234
-698.430969 11875.531250
-695.948608 11902.974609
-693.458435 11930.445312
-690.960388 11957.943359
-688.454529 11985.468750
-685.940796 12013.021484
-683.419189 12040.601562
-680.889771 12068.208984
-678.352478 12095.843750
-675.807312 12123.505859
-673.254333 12151.194336
-670.693481 12178.910156
-668.124817 12206.653320
-665.548279 12234.423828
-662.963867 12262.221680
-660.371643 12290.046875
-657.771545 12317.899414
-655.163635 12345.779297
-652.523376 12373.704102
-649.858948 12401.666992
-647.170349 12429.668945
-644.457520 12457.709961
-641.720520 12485.790039
-638.959351 12513.909180
-636.174011 12542.067383
-633.364502 12570.263672
-630.530823 12598.499023
-627.672974 12626.773438
-624.790955 12655.086914
-621.884766 12683.439453
-618.954407 12711.831055
-615.999878 12740.260742
-613.021179 12768.729492
-610.018311 12797.237305
-606.991211 12825.784180
-603.939941 12854.370117
-600.864502 12882.995117
-597.764893 12911.658203
-594.641113 12940.360352
-591.493164 12969.101562
-588.321045 12997.881836
-585.124756 13026.701172
-581.904297 13055.559570
-578.659668 13084.456055
-575.390869 13113.391602
-572.097900 13142.366211
-568.780701 13171.379883
-565.439331 13200.432617
-562.073792 13229.524414
-558.684082 13258.654297
-555.270203 13287.823242
-551.832153 13317.031250
-548.369934 13346.278320
-544.883545 13375.564453
-541.372986 13404.889648
-537.838257 13434.252930
-534.279358 13463.655273
-530.696289 13493.096680
-527.103027 13522.577148
-523.494934 13552.096680
-519.872009 13581.656250
-516.234314 13611.254883
-512.581787 13640.892578
-508.914429 13670.569336
-505.232239 13700.285156
-501.535217 13730.040039
-497.823364 13759.833984
-494.096680 13789.667969
-490.355194 13819.541016
-486.598877 13849.453125
-482.827728 13879.404297
-479.041748 13909.394531
-475.240936 13939.423828
-471.425323 13969.492188
-467.594879 13999.600586
-463.749603 14029.748047
-459.889496 14059.934570
-456.014557 14090.160156
-452.124817 14120.424805
-448.220245 14150.728516
-444.300842 14181.071289
-440.366608 14211.454102
-436.417572 14241.875977
-432.453705 14272.336914
-428.475006 14302.836914
-424.481476 14333.375977
-420.473114 14363.954102
-416.449951 14394.571289
-412.411957 14425.228516
-408.359131 14455.924805
-404.291473 14486.660156
-400.208984 14517.434570
-396.111694 14548.248047
-391.999573 14579.100586
-387.872620 14609.992188
-383.730835 14640.923828
-379.574249 14671.894531
-375.402832 14702.904297
-371.237244 14733.955078
-367.070618 14765.045898
-362.902924 14796.177734
-358.734192 14827.349609
-354.564392 14858.562500
-350.393555 14889.815430
-346.221680 14921.109375
-342.048737 14952.443359
-337.874756 14983.818359
-333.699707 15015.233398
-329.523621 15046.688477
-325.346497 15078.184570
-321.168304 15109.720703
-316.989075 15141.297852
-312.808777 15172.915039
-308.627441 15204.573242
-304.445068 15236.271484
-300.261627 15268.010742
-296.077148 15299.790039
-291.891602 15331.609375
-287.705017 15363.469727
-283.517395 15395.370117
-279.328705 15427.311523
-275.138977 15459.292969
-270.948181 15491.315430
-266.756348 15523.377930
-262.563477 15555.481445
-258.369537 15587.625000
-254.174545 15619.808594
-249.978516 15652.033203
-245.781433 15684.297852
-241.583298 15716.603516
-237.384109 15748.949219
-233.183868 15781.335938
-228.982590 15813.762695
-224.780258 15846.230469
-220.576874 15878.738281
-216.372437 15911.286133
-212.166946 15943.875000
-207.960419 15976.503906
-203.744507 16009.166016
-199.522003 16041.863281
-195.292892 16074.595703
-191.057190 16107.364258
-186.814880 16140.167969
-182.565964 16173.006836
-178.310455 16205.880859
-174.048340 16238.790039
-169.779633 16271.735352
-165.504318 16304.715820
-161.222412 16337.731445
-156.933899 16370.782227
-152.638794 16403.869141
-148.337082 16436.990234
-144.028778 16470.146484
-139.713867 16503.337891
-135.392365 16536.566406
-131.064255 16569.830078
-126.729546 16603.128906
-122.388237 16636.462891
-118.040329 16669.832031
-113.685822 16703.236328
-109.324715 16736.675781
-104.957008 16770.150391
-100.582703 16803.660156
-96.201797 16837.205078
-91.814293 16870.787109
-87.420181 16904.404297
-83.019470 16938.056641
-78.612160 16971.744141
-74.198250 17005.466797
-69.777740 17039.224609
-65.350632 17073.017578
-60.916924 17106.845703
-56.476616 17140.708984
-52.029709 17174.607422
-47.576202 17208.542969
-43.116096 17242.513672
-38.649391 17276.519531
-34.176086 17310.560547
-29.709492 17344.621094
-25.245173 17378.707031
-20.783129 17412.820312
-16.323360 17446.958984
-11.865866 17481.123047
-7.410646 17515.312500
-2.957702 17549.527344
1.492967 17583.767578
5.941361 17618.033203
10.387481 17652.324219
14.831326 17686.640625
19.272896 17720.982422
23.712191 17755.349609
28.149210 17789.742188
32.583954 17824.160156
37.016422 17858.603516
41.446617 17893.072266
45.874535 17927.568359
50.300179 17962.089844
54.723549 17996.636719
59.144642 18031.208984
63.563461 18065.806641
67.980003 18100.429688
72.394272 18135.078125
76.806267 18169.751953
81.215988 18204.451172
85.623436 18239.175781
90.028603 18273.925781
94.431496 18308.701172
98.832115 18343.501953
103.230461 18378.328125
107.626534 18413.181641
112.020325 18448.060547
116.411842 18482.964844
120.801086 18517.894531
125.188057 18552.849609
129.572754 18587.830078
133.955170 18622.835938
138.335312 18657.867188
142.713181 18692.923828
147.077072 18727.984375
151.430893 18763.054688
155.774643 18798.134766
160.108307 18833.226562
164.431900 18868.328125
168.745422 18903.439453
173.048859 18938.562500
177.342224 18973.695312
181.625519 19008.837891
185.898743 19043.992188
190.161880 19079.156250
194.414948 19114.332031
198.657944 19149.517578
202.890869 19184.712891
207.113708 19219.919922
211.326477 19255.136719
215.529175 19290.363281
219.721786 19325.601562
223.904327 19360.849609
228.076797 19396.107422
232.239197 19431.376953
236.391510 19466.656250
240.533752 19501.947266
244.665924 19537.248047
248.788010 19572.558594
252.900024 19607.880859
257.001953 19643.212891
261.093811 19678.554688
265.175598 19713.908203
269.247314 19749.271484
273.308960 19784.644531
277.360535 19820.029297
281.402039 19855.423828
285.433441 19890.830078
289.454773 19926.246094
293.466034 19961.671875
297.467224 19997.109375
301.458344 20032.556641
305.439392 20068.013672
309.410370 20103.482422
313.381073 20138.990234
317.348267 20174.529297
321.311920 20210.099609
325.272064 20245.699219
329.228668 20281.330078
333.181763 20316.990234
337.131317 20352.681641
341.077362 20388.404297
345.019867 20424.156250
348.958862 20459.939453
352.894318 20495.751953
356.826263 20531.595703
360.754669 20567.470703
364.679565 20603.375000
368.600922 20639.310547
372.518768 20675.275391
376.433075 20711.271484
380.343872 20747.296875
384.251129 20783.353516
388.154877 20819.441406
392.055084 20855.558594
395.951782 20891.707031
399.844940 20927.884766
403.734589 20964.093750
407.620697 21000.333984
411.503296 21036.603516
415.382355 21072.904297
419.257904 21109.234375
423.129913 21145.595703
426.998413 21181.988281
430.863373 21218.410156
434.724823 21254.863281
438.582733 21291.345703
442.437134 21327.859375
446.287994 21364.404297
450.135345 21400.978516
453.979156 21437.583984
457.819458 21474.218750
461.656219 21510.884766
465.489471 21547.580078
469.353119 21584.302734
473.235870 21621.054688
477.137726 21657.833984
481.058685 21694.642578
484.998749 21731.478516
488.957886 21768.343750
492.936127 21805.236328
496.933472 21842.156250
500.949921 21879.105469
504.985474 21916.082031
509.040131 21953.087891
513.113892 21990.121094
517.206726 22027.183594
521.318665 22064.273438
525.449707 22101.390625
529.599854 22138.537109
533.769104 22175.710938
537.957458 22212.914062
542.164917 22250.144531
546.391479 22287.404297
550.637146 22324.691406
554.901917 22362.007812
559.185791 22399.351562
563.488770 22436.722656
567.810852 22474.123047
572.151978 22511.550781
576.512207 22549.007812
580.891541 22586.492188
585.289978 22624.005859
589.707520 22661.546875
594.144165 22699.115234
598.599915 22736.712891
603.074768 22774.337891
607.568726 22811.992188
612.081787 22849.673828
616.613953 22887.384766
621.165222 22925.123047
625.735596 22962.890625
630.325073 23000.685547
634.933655 23038.507812
639.569702 23076.355469
644.230469 23114.226562
648.915955 23152.123047
653.626099 23190.044922
658.360962 23227.992188
663.120544 23265.964844
667.904785 23303.962891
672.713745 23341.986328
677.547424 23380.035156
682.405762 23418.109375
687.288818 23456.208984
692.196594 23494.333984
697.129028 23532.484375
702.086182 23570.658203
707.068054 23608.857422
712.074585 23647.082031
717.105835 23685.332031
722.161804 23723.607422
727.242493 23761.908203
732.347839 23800.234375
737.477905 23838.585938
742.632690 23876.962891
747.812134 23915.365234
753.016296 23953.792969
758.245178 23992.246094
763.498718 24030.722656
768.776978 24069.224609
774.079956 24107.751953
779.407593 24146.304688
784.759949 24184.882812
790.137024 24223.486328
795.538757 24262.115234
800.965210 24300.769531
806.416382 24339.449219
811.892273 24378.154297
817.392822 24416.884766
822.918091 24455.640625
828.468079 24494.419922
834.042725 24533.224609
839.642090 24572.054688
845.244263 24610.941406
850.856506 24649.873047
856.478882 24688.849609
862.111328 24727.871094
867.753906 24766.939453
873.406555 24806.052734
879.069336 24845.210938
884.742188 24884.414062
890.425171 24923.664062
896.118225 24962.958984
901.821411 25002.298828
907.534668 25041.683594
913.258057 25081.115234
918.991516 25120.591797
924.735107 25160.113281
930.488770 25199.679688
936.252502 25239.292969
942.026367 25278.951172
947.810303 25318.654297
953.604370 25358.402344
959.408508 25398.197266
965.222778 25438.037109
971.047119 25477.921875
976.881592 25517.851562
982.726135 25557.828125
988.580811 25597.849609
994.445557 25637.916016
1000.320435 25678.027344
1006.205383 25718.183594
1012.100464 25758.386719
1018.005615 25798.634766
1023.920898 25838.927734
1029.846313 25879.265625
1035.781738 25919.650391
1041.727295 25960.080078
1047.682983 26000.554688
1053.648804 26041.074219
1059.624634 26081.640625
1065.610596 26122.251953
1071.606689 26162.908203
1077.606934 26203.582031
1083.613281 26244.283203
1089.625732 26285.009766
1095.644287 26325.763672
1101.668945 26366.542969
1107.699707 26407.349609
1113.736694 26448.181641
1119.779785 26489.041016
1125.828979 26529.927734
1131.884277 26570.839844
1137.945679 26611.779297
1144.013306 26652.744141
1150.087036 26693.736328
1156.166870 26734.753906
1162.252808 26775.798828
1168.344849 26816.871094
1174.442993 26857.968750
1180.547363 26899.093750
1186.657837 26940.244141
1192.774414 26981.421875
1198.897095 27022.626953
1205.025879 27063.857422
1211.160767 27105.115234
1217.301880 27146.398438
1223.449097 27187.708984
1229.602417 27229.044922
1235.761841 27270.408203
1241.927368 27311.798828
1248.099121 27353.214844
1254.276978 27394.658203
1260.460938 27436.126953
1266.651001 27477.623047
1272.847168 27519.144531
1279.049438 27560.693359
1285.257935 27602.269531
1291.472534 27643.871094
1297.693237 27685.500000
1303.920044 27727.154297
1310.152954 27768.835938
1316.391968 27810.544922
1322.632935 27852.251953
1328.877197 27893.966797
1335.124756 27935.689453
1341.375610 27977.419922
1347.629761 28019.160156
1353.887207 28060.908203
1360.147949 28102.664062
1366.411987 28144.427734
1372.679321 28186.199219
1378.949951 28227.978516
1385.223877 28269.767578
1391.501099 28311.564453
1397.781616 28353.369141
1404.065430 28395.181641
1410.352539 28437.001953
1416.642944 28478.830078
1422.936768 28520.667969
1429.233887 28562.513672
1435.534302 28604.367188
1441.838013 28646.228516
1448.145020 28688.097656
1454.455322 28729.974609
1460.768921 28771.861328
1467.085815 28813.755859
1473.406006 28855.658203
1479.729492 28897.568359
1486.056274 28939.486328
1492.386353 28981.412109
1498.719727 29023.345703
1505.056396 29065.289062
1511.396362 29107.240234
1517.739624 29149.199219
1524.086182 29191.166016
1530.436035 29233.140625
1536.789185 29275.123047
1543.145630 29317.115234
1549.505371 29359.115234
1555.868408 29401.123047
1562.234741 29443.138672
1568.604370 29485.162109
1574.961548 29527.195312
1581.311523 29569.238281
1587.654297 29611.291016
1593.989746 29653.351562
1600.317993 29695.421875
1606.639038 29737.501953
1612.952881 29779.591797
1619.259521 29821.689453
1625.558960 29863.796875
1631.851074 29905.914062
1638.135986 29948.041016
1644.413696 29990.175781
1650.684204 30032.320312
1656.947510 30074.474609
1663.203491 30116.638672
1669.452271 30158.810547
1675.693848 30200.992188
1681.928223 30243.183594
1688.155396 30285.384766
1694.375244 30327.593750
1700.587891 30369.812500
1706.793335 30412.041016
1712.991577 30454.277344
1719.182617 30496.523438
1725.366455 30538.779297
1731.542969 30581.044922
1737.712280 30623.318359
1743.874390 30665.601562
1750.029297 30707.894531
1756.177002 30750.197266
1762.317383 30792.507812
1768.450562 30834.828125
1774.576538 30877.158203
1780.695312 30919.498047
1786.806885 30961.845703
1792.911133 31004.203125
1799.008179 31046.570312
1805.098022 31088.947266
1811.180664 31131.332031
1817.256104 31173.726562
1823.328125 31216.107422
1829.395386 31258.482422
1835.458008 31300.849609
1841.515869 31343.210938
1847.569092 31385.566406
1853.617554 31427.916016
1859.661377 31470.259766
1865.700439 31512.595703
1871.734863 31554.925781
1877.764526 31597.250000
1883.789551 31639.568359
1889.809814 31681.880859
1895.825317 31724.185547
1901.836182 31766.484375
1907.842285 31808.777344
1913.843750 31851.064453
1919.840454 31893.345703
1925.832520 31935.619141
1931.819824 31977.886719
1937.802490 32020.148438
1943.780396 32062.404297
1949.753662 32104.654297
1955.722168 32146.896484
1961.686035 32189.132812
1967.645142 32231.363281
1973.599609 32273.587891
1979.549316 32315.806641
1985.494385 32358.017578
1991.434692 32400.222656
1997.370361 32442.421875
2003.301270 32484.615234
2009.227539 32526.802734
2015.149048 32568.982422
2021.065918 32611.156250
2026.978027 32653.324219
2032.885498 32695.486328
2038.788208 32737.642578
2044.686279 32779.792969
2050.579590 32821.937500
2056.468262 32864.074219
2062.328369 32906.238281
2068.167969 32948.417969
2073.987061 32990.613281
2079.785645 33032.824219
2085.563721 33075.050781
2091.321045 33117.292969
2097.057861 33159.554688
2102.774170 33201.832031
2108.469971 33244.125000
2114.145264 33286.433594
2119.800049 33328.757812
2125.434082 33371.097656
2131.047607 33413.453125
2136.640625 33455.824219
2142.213135 33498.210938
2147.765137 33540.617188
2153.296631 33583.039062
2158.807373 33625.476562
2164.297607 33667.929688
2169.767334 33710.398438
2175.216553 33752.882812
2180.645264 33795.382812
2186.053467 33837.898438
2191.440918 33880.429688
2196.807861 33922.976562
2202.154297 33965.542969
2207.480225 34008.125000
2212.785645 34050.722656
2218.070312 34093.335938
2223.334473 34135.964844
2228.578125 34178.609375
2233.801270 34221.269531
2239.003906 34263.945312
2244.186035 34306.636719
2249.347412 34349.343750
2254.488281 34392.070312
2259.608643 34434.812500
2264.708496 34477.570312
2269.787842 34520.343750
2274.846680 34563.132812
2279.882324 34605.902344
2284.895752 34648.667969
2289.886963 34691.425781
2294.855957 34734.179688
2299.802734 34776.925781
2304.727295 34819.664062
2309.629639 34862.398438
2314.509766 34905.125000
2319.367676 34947.843750
2324.203369 34990.558594
2329.016846 35033.265625
2333.808105 35075.964844
2338.577148 35118.660156
2343.323975 35161.347656
2348.048584 35204.031250
2352.750977 35246.707031
2357.431152 35289.375000
2362.089111 35332.039062
2366.724854 35374.695312
2371.338379 35417.343750
2375.929443 35459.988281
2380.498291 35502.625000
2385.044922 35545.253906
2389.569336 35587.878906
2394.071533 35630.496094
2398.551514 35673.109375
2403.009277 35715.714844
2407.444824 35758.312500
2411.858154 35800.906250
2416.249268 35843.492188
2420.618164 35886.070312
2424.964844 35928.644531
2429.289307 35971.210938
2433.591553 36013.769531
2437.871582 36056.324219
2442.129395 36098.871094
2446.364990 36141.410156
2450.578369 36183.945312
2454.769531 36226.472656
2458.938477 36268.996094
2463.098145 36311.523438
2467.244385 36354.050781
2471.376953 36396.578125
2475.496094 36439.105469
2479.601562 36481.632812
2483.693604 36524.160156
2487.771973 36566.687500
2491.836914 36609.214844
2495.888184 36651.746094
2499.926025 36694.277344
2503.950195 36736.808594
2507.960938 36779.339844
2511.958008 36821.871094
2515.941650 36864.402344
2519.911621 36906.933594
2523.868164 36949.464844
2527.811035 36992.000000
2531.740479 37034.535156
2535.656250 37077.070312
2539.558594 37119.605469
2543.447266 37162.140625
2547.322510 37204.675781
2551.184082 37247.210938
2555.032227 37289.750000
2558.866699 37332.289062
2562.687744 37374.828125
2566.495117 37417.367188
2570.289062 37459.906250
2574.069336 37502.445312
2577.836182 37544.984375
2581.589355 37587.523438
2585.329102 37630.066406
2589.055176 37672.609375
2592.767822 37715.152344
2596.466797 37757.695312
2600.152344 37800.238281
2603.824219 37842.781250
2607.482666 37885.324219
2611.127441 37927.867188
2614.758789 37970.414062
2618.378906 38012.976562
2621.986816 38055.550781
2625.582764 38098.136719
2629.166748 38140.734375
2632.738770 38183.339844
2636.298828 38225.957031
2639.846924 38268.585938
2643.383057 38311.226562
2646.906982 38353.878906
2650.418945 38396.542969
2653.918945 38439.218750
2657.406982 38481.906250
2660.883057 38524.605469
2664.347168 38567.316406
2667.799072 38610.039062
2671.239014 38652.769531
2674.666992 38695.511719
2678.083008 38738.265625
2681.487061 38781.031250
2684.879150 38823.808594
2688.259277 38866.597656
2691.627197 38909.398438
2694.983154 38952.210938
2698.327148 38995.035156
2701.659180 39037.871094
2704.979248 39080.714844
2708.287354 39123.570312
2711.583252 39166.437500
2714.867188 39209.316406
2718.139160 39252.207031
2721.399170 39295.109375
2724.647217 39338.023438
2727.883301 39380.949219
2731.107422 39423.886719
2734.319336 39466.835938
2737.519287 39509.796875
2740.707275 39552.765625
2743.883301 39595.746094
2747.047363 39638.738281
2750.199463 39681.742188
2753.344727 39724.765625
2756.481445 39767.804688
2759.609619 39810.859375
2762.729492 39853.925781
2765.840820 39897.007812
2768.943604 39940.105469
2772.037842 39983.218750
2775.123535 40026.347656
2778.200684 40069.492188
2781.269531 40112.652344
2784.329834 40155.828125
2787.381592 40199.019531
2790.424805 40242.226562
2793.459473 40285.449219
2796.485840 40328.687500
2799.503662 40371.941406
2802.512939 40415.210938
2805.513672 40458.496094
2808.505859 40501.796875
2811.489746 40545.113281
2814.465088 40588.445312
2817.431885 40631.792969
2820.390137 40675.156250
2823.339844 40718.531250
2826.281006 40761.921875
2829.213867 40805.328125
2832.138184 40848.750000
2835.053955 40892.187500
2837.961182 40935.640625
2840.859863 40979.109375
2843.750244 41022.593750
2846.632080 41066.093750
2849.505371 41109.609375
2852.370117 41153.140625
2855.226318 41196.687500
2858.073975 41240.250000
2860.913330 41283.828125
2863.744141 41327.421875
2866.566406 41371.031250
2869.380127 41414.656250
2872.190186 41458.289062
2874.994873 41501.933594
2877.794434 41545.585938
2880.588623 41589.250000
2883.377441 41632.925781
2886.160889 41676.613281
2888.939209 41720.308594
2891.712158 41764.015625
2894.479736 41807.734375
2897.242188 41851.464844
2899.999268 41895.203125
2902.750977 41938.953125
2905.497559 41982.714844
2908.238770 42026.488281
2910.974609 42070.269531
2913.705078 42114.062500
2916.430420 42157.867188
2919.150391 42201.683594
2921.864990 42245.507812
2924.574463 42289.343750
2927.278564 42333.191406
2929.977295 42377.050781
2932.670654 42420.921875
2935.358887 42464.800781
2938.041748 42508.691406
2940.719238 42552.593750
2943.391602 42596.507812
2946.058594 42640.429688
2948.720215 42684.363281
2951.376465 42728.308594
2954.027588 42772.265625
2956.673340 42816.230469
2959.313721 42860.207031
2961.948975 42904.195312
2964.578857 42948.195312
2967.203369 42992.203125
2969.822754 43036.222656
2972.436768 43080.253906
2975.045410 43124.296875
2977.648682 43168.347656
2980.343262 43212.417969
2983.096924 43256.503906
2985.909424 43300.605469
2988.781006 43344.722656
2991.711670 43388.855469
2994.701416 43433.003906
2997.750000 43477.167969
3000.857666 43521.347656
3004.024414 43565.542969
3007.250244 43609.753906
3010.535156 43653.980469
3013.878906 43698.222656
3017.281738 43742.480469
3020.743652 43786.753906
3024.264648 43831.042969
3027.844482 43875.347656
3031.483398 43919.667969
3035.181396 43964.003906
3038.938477 44008.355469
3042.754395 44052.722656
3046.629395 44097.105469
3050.563477 44141.503906
3054.556641 44185.917969
3058.608887 44230.347656
3062.719971 44274.792969
3066.890137 44319.253906
3071.119385 44363.730469
3075.407715 44408.222656
3079.754883 44452.730469
3084.161133 44497.253906
3088.626465 44541.792969
3093.150879 44586.347656
3097.734131 44630.917969
3102.376465 44675.503906
3107.077881 44720.105469
3111.838379 44764.722656
3116.657715 44809.359375
3121.536133 44854.011719
3126.473633 44898.679688
3131.470215 44943.363281
3136.559814 44988.039062
3141.730957 45032.718750
3146.983887 45077.398438
3152.318359 45122.082031
3157.734619 45166.765625
3163.232422 45211.453125
3168.812012 45256.144531
3174.473145 45300.835938
3180.216064 45345.531250
3186.040771 45390.226562
3191.947021 45434.925781
3197.935059 45479.625000
3204.004639 45524.328125
3210.156006 45569.031250
3216.388916 45613.738281
3222.703613 45658.445312
3229.099854 45703.156250
3235.577881 45747.867188
3242.137451 45792.582031
3248.778809 45837.296875
3255.501953 45882.015625
3262.306641 45926.734375
3269.193115 45971.457031
3276.161133 46016.183594
3283.210938 46060.910156
3290.342285 46105.640625
3297.555420 46150.371094
3304.850098 46195.105469
3312.226562 46239.839844
3319.684570 46284.578125
3327.224365 46329.316406
3334.845703 46374.058594
3342.548828 46418.800781
3350.333740 46463.546875
3358.200195 46508.292969
3366.148438 46553.042969
3374.178223 46597.792969
3382.289795 46642.546875
3390.482910 46687.304688
3398.757812 46732.062500
3407.117920 46776.847656
3415.562012 46821.652344
3424.090088 46866.476562
3432.702148 46911.320312
3441.398193 46956.183594
3450.178223 47001.066406
3459.042236 47045.968750
3467.990234 47090.890625
3477.022217 47135.828125
3486.138184 47180.785156
3495.338135 47225.761719
3504.622070 47270.757812
3513.989990 47315.773438
3523.441895 47360.808594
3532.977783 47405.863281
3542.597900 47450.937500
3552.302002 47496.031250
3562.090088 47541.144531
3571.962158 47586.277344
3581.918213 47631.429688
3591.958252 47676.597656
3602.082275 47721.785156
3612.290283 47766.992188
3622.582275 47812.218750
3632.958252 47857.464844
3643.418213 47902.730469
3653.962158 47948.015625
3664.590088 47993.320312
3675.302002 48038.644531
3686.097900 48083.988281
3696.977783 48129.351562
3707.941895 48174.734375
3718.989990 48220.132812
3730.122070 48265.550781
3741.338135 48310.988281
3752.638184 48356.445312
3764.022217 48401.921875
3775.490234 48447.417969
3787.042236 48492.933594
3798.678223 48538.468750
3810.351807 48583.988281
3822.078613 48629.507812
3833.858398 48675.023438
3845.691406 48720.535156
3857.577393 48766.046875
3869.516602 48811.554688
3881.508789 48857.058594
3893.554199 48902.562500
3905.652588 48948.062500
3917.804199 48993.558594
3930.008789 49039.054688
3942.266602 49084.546875
3954.577393 49130.035156
3966.941406 49175.519531
3979.358398 49221.003906
3991.828613 49266.484375
4004.351807 49311.960938
4016.928223 49357.437500
4029.557617 49402.910156
4042.240234 49448.378906
4054.975830 49493.847656
4067.764648 49539.312500
4080.606445 49584.773438
4093.501465 49630.234375
4106.449707 49675.691406
4119.450684 49721.144531
4132.504883 49766.597656
4145.612305 49812.046875
4158.772949 49857.492188
4171.986328 49902.937500
4185.252930 49948.378906
4198.572754 49993.816406
4211.945801 50039.250000
4225.371582 50084.683594
4238.850586 50130.113281
4252.382812 50175.539062
4265.968262 50220.964844
4279.606445 50266.386719
4293.297852 50311.804688
4307.042480 50357.222656
4320.809570 50402.632812
4334.609375 50448.035156
4348.441895 50493.433594
4362.307129 50538.828125
4376.204590 50584.214844
4390.134766 50629.597656
4404.097656 50674.972656
4418.093262 50720.343750
4432.121582 50765.707031
4446.182617 50811.066406
4460.276367 50856.421875
4474.402832 50901.769531
4488.562012 50947.113281
4502.753906 50992.449219
4516.978516 51037.781250
4531.235840 51083.105469
4545.525391 51128.425781
4559.847656 51173.742188
4574.202637 51219.050781
4588.590332 51264.355469
4603.010742 51309.652344
4617.463867 51354.945312
4631.949707 51400.230469
4646.468262 51445.511719
4661.019531 51490.789062
4675.603516 51536.058594
4690.220215 51581.324219
4704.869629 51626.582031
4719.551758 51671.835938
4734.266113 51717.082031
4749.013184 51762.324219
4763.792969 51807.562500
4778.605469 51852.792969
4793.450684 51898.019531
4808.328613 51943.238281
4823.239258 51988.453125
4838.182617 52033.664062
4853.158691 52078.867188
4868.167480 52124.066406
4883.208984 52169.257812
4898.292969 52214.472656
4913.416016 52259.699219
4928.578613 52304.937500
4943.780273 52350.191406
4959.021484 52395.457031
4974.301758 52440.734375
4989.621582 52486.023438
5004.980469 52531.328125
5020.378906 52576.644531
5035.816406 52621.972656
5051.293457 52667.312500
5066.809570 52712.667969
5082.365234 52758.035156
5097.959961 52803.414062
5113.594238 52848.804688
5129.267578 52894.207031
5144.980469 52939.625000
5160.732422 52985.054688
5176.523926 53030.496094
5192.354492 53075.949219
5208.224609 53121.417969
5224.133789 53166.898438
5240.082520 53212.390625
5256.070312 53257.894531
5272.097656 53303.414062
5288.164062 53348.945312
5304.270020 53394.488281
5320.415039 53440.042969
5336.599609 53485.613281
5352.823242 53531.195312
5369.085938 53576.789062
5385.388184 53622.394531
5401.729492 53668.015625
5418.110352 53713.648438
5434.530273 53759.292969
5450.989746 53804.949219
5467.488281 53850.621094
5484.026367 53896.304688
5500.603516 53942.000000
5517.220215 53987.707031
5533.875977 54033.429688
5550.571289 54079.164062
5567.305664 54124.914062
5584.079102 54170.675781
5600.892090 54216.453125
5617.744141 54262.242188
5634.635742 54308.046875
5651.566406 54353.863281
5668.536133 54399.695312
5685.545410 54445.539062
5702.593750 54491.398438
5719.681152 54537.269531
5736.808105 54583.156250
5753.974121 54629.054688
5771.179688 54674.968750
5788.424316 54720.894531
5805.708008 54766.832031
5823.031250 54812.785156
5840.393555 54858.750000
5857.794922 54904.730469
5875.235840 54950.722656
5892.715820 54996.730469
5910.235352 55042.750000
5927.793945 55088.785156
5945.391602 55134.832031
5963.028809 55180.894531
5980.705078 55226.968750
5998.420898 55273.058594
6016.175781 55319.160156
6033.969727 55365.277344
6051.803223 55411.406250
6069.675781 55457.546875
6087.587402 55503.703125
6105.538574 55549.871094
6123.528809 55596.054688
6141.558594 55642.250000
6159.627441 55688.460938
6177.735352 55734.683594
6195.882812 55780.921875
6214.069336 55827.171875
6232.295410 55873.429688
6250.561035 55919.695312
6268.866211 55965.972656
6287.210938 56012.257812
6305.595215 56058.550781
6324.019043 56104.851562
6342.482422 56151.164062
6360.985352 56197.484375
6379.527832 56243.812500
6398.109863 56290.152344
6416.731445 56336.500000
6435.392578 56382.855469
6454.093262 56429.222656
6472.833496 56475.597656
6491.613281 56521.980469
6510.432617 56568.371094
6529.291504 56614.773438
6548.189941 56661.183594
6567.127930 56707.601562
6586.105469 56754.031250
6605.122559 56800.468750
6624.179199 56846.914062
6643.275391 56893.367188
6662.411133 56939.832031
6681.586426 56986.304688
6700.801270 57032.785156
6720.055664 57079.277344
6739.349609 57125.777344
6758.683105 57172.285156
6778.056152 57218.804688
6797.468750 57265.332031
6816.920898 57311.867188
6836.412598 57358.410156
6855.943848 57404.964844
6875.514648 57451.527344
6895.125000 57498.097656
6914.774902 57544.679688
6934.464355 57591.269531
6954.193359 57637.867188
6973.961914 57684.476562
6993.743164 57731.101562
7013.546387 57777.742188
7033.371094 57824.398438
7053.217285 57871.070312
7073.084961 57917.753906
7092.974121 57964.453125
7112.885254 58011.167969
7132.817871 58057.898438
7152.771973 58104.644531
7172.747559 58151.402344
7192.745117 58198.175781
7212.764160 58244.964844
7232.804688 58291.769531
7252.866699 58338.589844
7272.950684 58385.425781
7293.056152 58432.273438
7313.183105 58479.136719
7333.331543 58526.015625
7353.501953 58572.910156
7373.693848 58619.820312
7393.907227 58666.742188
7414.142090 58713.679688
7434.398926 58760.632812
7454.677246 58807.601562
7474.977051 58854.585938
7495.298340 58901.582031
7515.641113 58948.593750
7536.005859 58995.621094
7556.392090 59042.664062
7576.799805 59089.722656
7597.229004 59136.796875
7617.680176 59183.882812
7638.152832 59230.984375
7658.646973 59278.101562
7679.162598 59325.234375
7699.700195 59372.382812
7720.259277 59419.542969
7740.839844 59466.718750
7761.441895 59513.910156
7782.065918 59561.117188
7802.714844 59608.339844
7823.387695 59655.578125
7844.084473 59702.832031
7864.805176 59750.101562
7885.550293 59797.390625
7906.319336 59844.695312
7927.112305 59892.015625
7947.929199 59939.351562
7968.770020 59986.703125
7989.634766 60034.070312
8010.523438 60081.453125
8031.436035 60128.851562
8052.372559 60176.265625
8073.333008 60223.695312
8094.317871 60271.140625
8115.326660 60318.605469
8136.359375 60366.085938
8157.416016 60413.582031
8178.496582 60461.093750
8199.601562 60508.621094
8220.730469 60556.164062
8241.882812 60603.722656
8263.059570 60651.296875
8284.259766 60698.886719
8305.484375 60746.492188
8326.732422 60794.117188
8348.004883 60841.757812
8369.300781 60889.414062
8390.621094 60937.085938
8411.965820 60984.773438
8433.333984 61032.476562
8454.726562 61080.195312
8476.142578 61127.929688
8497.583008 61175.679688
8519.046875 61223.445312
8540.535156 61271.226562
8562.046875 61319.027344
8583.583008 61366.843750
8605.142578 61414.675781
8626.726562 61462.523438
8648.331055 61510.390625
8669.957031 61558.277344
8691.604492 61606.183594
8713.274414 61654.109375
8734.965820 61702.054688
8756.678711 61750.019531
8778.413086 61798.003906
8800.168945 61846.007812
8821.946289 61894.031250
8843.746094 61942.074219
8865.567383 61990.136719
8887.410156 62038.218750
8909.274414 62086.320312
8931.160156 62134.441406
8953.067383 62182.582031
8974.997070 62230.742188
8996.948242 62278.921875
9018.920898 62327.121094
9040.915039 62375.339844
9062.930664 62423.578125
9084.967773 62471.835938
9107.027344 62520.113281
9129.108398 62568.410156
9151.210938 62616.726562
9173.334961 62665.062500
9195.480469 62713.417969
9217.647461 62761.792969
9239.836914 62810.187500
9262.047852 62858.601562
9284.280273 62907.031250
9306.534180 62955.480469
9328.809570 63003.949219
9351.106445 63052.437500
9373.425781 63100.945312
9395.766602 63149.472656
9418.128906 63198.019531
9440.512695 63246.585938
9462.917969 63295.171875
9485.344727 63343.777344
9507.793945 63392.402344
9530.262695 63441.042969
9552.750977 63489.699219
9575.259766 63538.375000
9597.789062 63587.066406
9620.338867 63635.773438
9642.909180 63684.496094
9665.499023 63733.238281
9688.109375 63781.996094
9710.740234 63830.769531
9733.391602 63879.558594
9756.062500 63928.367188
9778.753906 63977.191406
9801.465820 64026.031250
9824.198242 64074.890625
9846.950195 64123.765625
9869.722656 64172.656250
9892.515625 64221.562500
9915.329102 64270.488281
9938.162109 64319.429688
9961.015625 64368.386719
9983.889648 64417.359375
10006.784180 64466.351562
10029.698242 64515.359375
10052.632812 64564.382812
10075.587891 64613.421875
10098.563477 64662.480469
10121.559570 64711.554688
10144.575195 64760.644531
10167.611328 64809.750000
10190.667969 64858.875000
10213.745117 64908.015625
10236.841797 64957.171875
10259.958984 65006.347656
10283.096680 65055.539062
10306.254883 65104.746094
10329.432617 65153.968750
10352.630859 65203.210938
10375.849609 65252.468750
10399.088867 65301.742188
10422.347656 65351.031250
10445.611328 65400.339844
10468.885742 65449.667969
10492.169922 65499.011719
10515.463867 65548.375000
10538.767578 65597.757812
10562.081055 65647.156250
10585.404297 65696.578125
10608.738281 65746.015625
10632.082031 65795.468750
10655.435547 65844.945312
10678.798828 65894.437500
10702.171875 65943.945312
10725.555664 65993.468750
10748.949219 66043.015625
10772.352539 66092.578125
10795.765625 66142.156250
10819.188477 66191.757812
10842.622070 66241.375000
10866.065430 66291.007812
10889.518555 66340.664062
10912.981445 66390.335938
10936.454102 66440.023438
10959.936523 66489.734375
10983.429688 66539.460938
11006.932617 66589.203125
11030.445312 66638.968750
11053.967773 66688.750000
11077.500000 66738.546875
11101.042969 66788.367188
11124.595703 66838.203125
11148.158203 66888.054688
11171.730469 66937.929688
11195.312500 66987.820312
11218.905273 67037.726562
11242.507812 67087.656250
11266.120117 67137.601562
11289.742188 67187.562500
11313.374023 67237.546875
11337.016602 67287.546875
11360.668945 67337.562500
11384.316406 67387.593750
11407.964844 67437.640625
11431.613281 67487.703125
11455.262695 67537.781250
11478.912109 67587.875000
11502.562500 67637.984375
11526.212891 67688.109375
11549.864258 67738.250000
11573.515625 67788.406250
11597.167969 67838.578125
11620.820312 67888.765625
11644.473633 67938.968750
11668.126953 67989.187500
11691.781250 68039.421875
11715.435547 68089.671875
11739.090820 68139.937500
11762.746094 68190.218750
11786.402344 68240.515625
11810.058594 68290.828125
11833.715820 68341.156250
11857.373047 68391.500000
11881.031250 68441.859375
11904.689453 68492.234375
11928.348633 68542.625000
11952.007812 68593.031250
11975.667969 68643.453125
11999.328125 68693.890625
12022.988281 68744.343750
12046.649414 68794.812500
12070.310547 68845.296875
12093.972656 68895.796875
12117.634766 68946.312500
12141.297852 68996.843750
12164.960938 69047.390625
12188.625000 69097.953125
12212.289062 69148.531250
12235.954102 69199.125000
12259.619141 69249.734375
12283.285156 69300.359375
12306.951172 69351.000000
12330.622070 69401.648438
12354.295898 69452.304688
12377.973633 69502.968750
12401.654297 69553.640625
12425.337891 69604.328125
12449.025391 69655.023438
12472.715820 69705.726562
12496.409180 69756.437500
12520.105469 69807.156250
12543.805664 69857.890625
12567.508789 69908.632812
12591.214844 69959.382812
12614.924805 70010.140625
12638.637695 70060.906250
12662.353516 70111.687500
12686.073242 70162.476562
12709.795898 70213.273438
12733.521484 70264.078125
12757.250000 70314.890625
12780.982422 70365.718750
12804.717773 70416.554688
12828.456055 70467.398438
12852.198242 70518.250000
12875.943359 70569.109375
12899.691406 70619.984375
12923.443359 70670.867188
12947.198242 70721.757812
12970.956055 70772.656250
12994.716797 70823.562500
13018.481445 70874.484375
13042.249023 70925.414062
13066.019531 70976.351562
13089.793945 71027.296875
13113.571289 71078.250000
13137.351562 71129.218750
13161.135742 71180.195312
13184.922852 71231.179688
13208.712891 71282.171875
13232.506836 71333.171875
13256.303711 71384.187500
13280.098633 71435.210938
13303.892578 71486.250000
13327.686523 71537.296875
13351.480469 71588.359375
13375.273438 71639.437500
13399.066406 71690.523438
13422.858398 71741.625000
13446.650391 71792.734375
13470.442383 71843.859375
13494.233398 71894.992188
13518.024414 71946.140625
13541.815430 71997.304688
13565.605469 72048.476562
13589.395508 72099.664062
13613.185547 72150.859375
13636.974609 72202.070312
13660.763672 72253.296875
13684.552734 72304.531250
13708.340820 72355.781250
13732.128906 72407.039062
13755.916016 72458.312500
13779.703125 72509.593750
13803.490234 72560.890625
13827.276367 72612.203125
13851.062500 72663.523438
13874.848633 72714.859375
13898.633789 72766.203125
13922.418945 72817.562500
13946.204102 72868.929688
13969.988281 72920.312500
13993.772461 72971.710938
14017.556641 73023.117188
14041.339844 73074.539062
14065.123047 73125.968750
14088.905273 73177.414062
14112.687500 73228.867188
14136.469727 73280.335938
14160.250977 73331.820312
14184.032227 73383.312500
14207.813477 73434.820312
14231.590820 73486.335938
14255.365234 73537.859375
14279.136719 73589.390625
14302.905273 73640.929688
14326.670898 73692.476562
14350.433594 73744.039062
14374.194336 73795.609375
14397.952148 73847.187500
14421.707031 73898.773438
14445.458984 73950.367188
14469.208008 74001.968750
14492.954102 74053.585938
14516.698242 74105.210938
14540.439453 74156.843750
14564.177734 74208.484375
14587.913086 74260.132812
14611.645508 74311.789062
14635.375000 74363.460938
14659.101562 74415.140625
14682.826172 74466.828125
14706.547852 74518.523438
14730.266602 74570.226562
14753.982422 74621.937500
14777.695312 74673.664062
14801.405273 74725.398438
14825.113281 74777.140625
14848.818359 74828.890625
14872.520508 74880.648438
14896.219727 74932.414062
14919.916016 74984.195312
14943.609375 75035.984375
14967.300781 75087.781250
14990.989258 75139.585938
15014.674805 75191.398438
15038.357422 75243.218750
15062.037109 75295.054688
15085.713867 75346.898438
15109.387695 75398.750000
15133.059570 75450.609375
15156.728516 75502.476562
15180.395508 75554.367188
15204.060547 75606.281250
15227.722656 75658.210938
15251.382812 75710.156250
15275.041016 75762.125000
15298.697266 75814.109375
15322.351562 75866.109375
15346.002930 75918.132812
15369.652344 75970.171875
15393.299805 76022.226562
15416.945312 76074.296875
15440.587891 76126.390625
15464.228516 76178.500000
15487.867188 76230.625000
15511.503906 76282.773438
15535.137695 76334.937500
15558.769531 76387.117188
15582.399414 76439.320312
15606.027344 76491.539062
15629.653320 76543.773438
15653.276367 76596.031250
15676.897461 76648.304688
15700.516602 76700.593750
15724.133789 76752.906250
15747.748047 76805.234375
15771.360352 76857.578125
15794.970703 76909.945312
15818.579102 76962.328125
15842.185547 77014.726562
15865.789062 77067.148438
15889.390625 77119.585938
15912.990234 77172.039062
15936.587891 77224.515625
15960.182617 77277.007812
15983.775391 77329.515625
16007.366211 77382.046875
16030.955078 77434.593750
16054.541016 77487.156250
16078.125000 77539.742188
16101.707031 77592.343750
16125.302734 77644.945312
16148.906250 77697.554688
16172.518555 77750.171875
16196.138672 77802.789062
16219.766602 77855.414062
16243.403320 77908.046875
16267.047852 77960.687500
16290.701172 78013.335938
16314.362305 78065.992188
16338.032227 78118.648438
16361.709961 78171.312500
16385.396484 78223.984375
16409.089844 78276.664062
16432.792969 78329.351562
16456.503906 78382.046875
16480.222656 78434.742188
16503.949219 78487.445312
16527.683594 78540.156250
16551.427734 78592.875000
16575.179688 78645.601562
16598.939453 78698.328125
16622.707031 78751.062500
16646.484375 78803.804688
16670.269531 78856.554688
16694.062500 78909.312500
16717.863281 78962.078125
16741.671875 79014.843750
16765.490234 79067.617188
16789.316406 79120.398438
16813.150391 79173.187500
16836.992188 79225.984375
16860.841797 79278.789062
16884.701172 79331.593750
16908.568359 79384.406250
16932.443359 79437.226562
16956.326172 79490.054688
16980.216797 79542.890625
17004.117188 79595.726562
17028.025391 79648.570312
17051.941406 79701.421875
17075.849609 79754.289062
17099.753906 79807.164062
17123.654297 79860.046875
17147.552734 79912.945312
17171.447266 79965.851562
17195.339844 80018.765625
17219.228516 80071.695312
17243.115234 80124.632812
17266.998047 80177.585938
17290.876953 80230.546875
17314.753906 80283.515625
17338.626953 80336.500000
17362.498047 80389.492188
17386.365234 80442.492188
17410.230469 80495.507812
17434.091797 80548.531250
17457.949219 80601.562500
17481.804688 80654.609375
17505.656250 80707.664062
17529.505859 80760.726562
17553.351562 80813.804688
17577.195312 80866.890625
17601.035156 80919.992188
17624.871094 80973.101562
17648.705078 81026.218750
17672.535156 81079.351562
17696.363281 81132.492188
17720.187500 81185.640625
17744.009766 81238.804688
17767.828125 81291.976562
17791.642578 81345.156250
17815.455078 81398.351562
17839.263672 81451.554688
17863.070312 81504.765625
17886.873047 81557.992188
17910.673828 81611.226562
17934.470703 81664.476562
17958.263672 81717.734375
17982.054688 81771.000000
18005.841797 81824.281250
18029.642578 81877.585938
18053.453125 81930.906250
18077.271484 81984.250000
18101.097656 82037.609375
18124.931641 82090.992188
18148.773438 82144.390625
18172.625000 82197.812500
18196.484375 82251.250000
18220.351562 82304.710938
18244.226562 82358.187500
18268.111328 82411.687500
18292.003906 82465.203125
18315.904297 82518.742188
18339.812500 82572.296875
18363.730469 82625.875000
18387.656250 82679.468750
18411.589844 82733.085938
18435.531250 82786.718750
18459.480469 82840.375000
18483.439453 82894.046875
18507.406250 82947.742188
18531.380859 83001.453125
18555.363281 83055.187500
18579.355469 83108.937500
18603.355469 83162.710938
18627.363281 83216.500000
18651.378906 83270.312500
18675.402344 83324.140625
18699.435547 83377.984375
18723.476562 83431.851562
18747.525391 83485.734375
18771.582031 83539.640625
18795.648438 83593.562500
18819.722656 83647.507812
18843.804688 83701.468750
18867.894531 83755.453125
18891.992188 83809.453125
18916.099609 83863.476562
18940.214844 83917.515625
18964.337891 83971.578125
18988.462891 84025.648438
19012.591797 84079.726562
19036.724609 84133.812500
19060.861328 84187.914062
19085.000000 84242.023438
19109.142578 84296.140625
19133.289062 84350.265625
19157.439453 84404.406250
19181.593750 84458.554688
19205.751953 84512.710938
19229.914062 84566.882812
19254.080078 84621.062500
19278.250000 84675.250000
19302.423828 84729.453125
19326.601562 84783.664062
19350.781250 84837.882812
19374.964844 84892.109375
19399.152344 84946.351562
19423.343750 85000.601562
19447.539062 85054.859375
19471.738281 85109.132812
19495.941406 85163.414062
19520.148438 85217.703125
19544.359375 85272.007812
19568.574219 85326.320312
19592.792969 85380.640625
19617.013672 85434.968750
19641.238281 85489.312500
19665.466797 85543.664062
19689.699219 85598.023438
19713.935547 85652.398438
19738.175781 85706.781250
19762.419922 85761.171875
19786.667969 85815.578125
19810.919922 85869.992188
19835.175781 85924.414062
19859.435547 85978.843750
19883.697266 86033.289062
19907.962891 86087.742188
19932.232422 86142.203125
19956.501953 86196.671875
19980.773438 86251.148438
20005.044922 86305.632812
20029.318359 86360.117188
20053.593750 86414.609375
20077.869141 86469.109375
20102.146484 86523.617188
20126.425781 86578.125000
20150.705078 86632.640625
20174.986328 86687.164062
20199.267578 86741.695312
20223.550781 86796.234375
20247.835938 86850.773438
20272.121094 86905.320312
20296.408203 86959.875000
20320.697266 87014.437500
20344.986328 87069.007812
20369.277344 87123.578125
20393.570312 87178.156250
20417.863281 87232.742188
20442.158203 87287.335938
20466.453125 87341.937500
20490.750000 87396.539062
20515.048828 87451.148438
20539.347656 87505.765625
20563.648438 87560.390625
20587.951172 87615.023438
20612.253906 87669.656250
20636.558594 87724.296875
20660.863281 87778.945312
20685.169922 87833.601562
20709.478516 87888.265625
20733.787109 87942.929688
20758.097656 87997.601562
20782.410156 88052.281250
20806.722656 88106.968750
20831.037109 88161.664062
20855.351562 88216.359375
20879.667969 88271.062500
20903.986328 88325.773438
20928.298828 88380.500000
20952.609375 88435.234375
20976.916016 88489.984375
21001.220703 88544.742188
21025.521484 88599.515625
21049.820312 88654.296875
21074.115234 88709.093750
21098.408203 88763.898438
21122.697266 88818.718750
21146.982422 88873.554688
21171.265625 88928.398438
21195.544922 88983.257812
21219.822266 89038.125000
21244.095703 89093.007812
21268.367188 89147.898438
21292.634766 89202.804688
21316.900391 89257.718750
21341.162109 89312.648438
21365.421875 89367.585938
21389.677734 89422.539062
21413.931641 89477.500000
21438.181641 89532.476562
21462.429688 89587.460938
21486.673828 89642.460938
21510.916016 89697.468750
21535.154297 89752.492188
21559.390625 89807.531250
21583.623047 89862.578125
21607.853516 89917.640625
21632.080078 89972.710938
21656.304688 90027.796875
21680.525391 90082.890625
21704.744141 90138.000000
21728.958984 90193.117188
21753.171875 90248.250000
21777.380859 90303.390625
21801.587891 90358.546875
21825.791016 90413.710938
21849.992188 90468.890625
21874.189453 90524.078125
21898.376953 90579.273438
21922.556641 90634.468750
21946.730469 90689.671875
21970.896484 90744.875000
21995.054688 90800.085938
22019.205078 90855.304688
22043.349609 90910.523438
22067.486328 90965.750000
22091.615234 91020.976562
22115.736328 91076.210938
22139.849609 91131.453125
22163.957031 91186.695312
22188.056641 91241.945312
22212.148438 91297.203125
22236.232422 91352.460938
22260.308594 91407.726562
22284.378906 91462.992188
22308.441406 91518.265625
22332.496094 91573.546875
22356.542969 91628.828125
22380.582031 91684.117188
22404.615234 91739.406250
22428.640625 91794.703125
22452.658203 91850.007812
22476.667969 91905.312500
22500.671875 91960.625000
22524.667969 92015.937500
22548.656250 92071.257812
22572.636719 92126.585938
22596.609375 92181.914062
22620.576172 92237.250000
22644.535156 92292.593750
22668.486328 92347.937500
22692.429688 92403.289062
22716.365234 92458.640625
22740.294922 92514.000000
22764.216797 92569.367188
22788.130859 92624.734375
22812.037109 92680.109375
22835.935547 92735.484375
22859.810547 92790.851562
22883.666016 92846.210938
22907.501953 92901.562500
22931.318359 92956.914062
22955.117188 93012.257812
22978.896484 93067.593750
23002.656250 93122.921875
23026.396484 93178.242188
23050.119141 93233.562500
23073.822266 93288.875000
23097.505859 93344.179688
23121.169922 93399.476562
23144.816406 93454.773438
23168.443359 93510.062500
23192.050781 93565.343750
23215.638672 93620.617188
23239.207031 93675.882812
23262.757812 93731.148438
23286.289062 93786.406250
23309.800781 93841.656250
23333.292969 93896.898438
23356.767578 93952.140625
23380.222656 94007.375000
23403.658203 94062.601562
23427.074219 94117.820312
23450.472656 94173.031250
23473.851562 94228.242188
23497.210938 94283.445312
23520.550781 94338.640625
23543.871094 94393.828125
23567.173828 94449.015625
23590.457031 94504.195312
23613.720703 94559.367188
23636.964844 94614.531250
23660.191406 94669.687500
23683.398438 94724.843750
23706.585938 94779.992188
23729.753906 94835.132812
23752.904297 94890.265625
23776.035156 94945.398438
23799.148438 95000.539062
23822.244141 95055.679688
23845.322266 95110.828125
23868.382812 95165.976562
23891.425781 95221.132812
23914.449219 95276.289062
23937.455078 95331.453125
23960.443359 95386.617188
23983.414062 95441.789062
24006.367188 95496.968750
24029.302734 95552.148438
24052.220703 95607.335938
24075.121094 95662.523438
24098.003906 95717.718750
24120.867188 95772.914062
24143.712891 95828.117188
24166.541016 95883.320312
24189.351562 95938.531250
24212.144531 95993.742188
24234.919922 96048.960938
24257.677734 96104.179688
24280.417969 96159.406250
24303.140625 96214.640625
24325.843750 96269.875000
24348.529297 96325.117188
24371.197266 96380.359375
24393.847656 96435.609375
24416.480469 96490.859375
24439.095703 96546.117188
24461.693359 96601.375000
24484.273438 96656.640625
24506.835938 96711.906250
24529.378906 96767.179688
24551.904297 96822.453125
24574.412109 96877.734375
24596.902344 96933.023438
24619.375000 96988.312500
24641.830078 97043.609375
24664.267578 97098.906250
24686.687500 97154.210938
24709.089844 97209.515625
24731.474609 97264.828125
24753.843750 97320.140625
24776.195312 97375.460938
24798.529297 97430.789062
24820.847656 97486.117188
24843.148438 97541.453125
24865.431641 97596.789062
24887.697266 97652.132812
24909.947266 97707.476562
24932.179688 97762.828125
24954.394531 97818.179688
24976.593750 97873.539062
24998.775391 97928.906250
25020.939453 97984.273438
25043.087891 98039.648438
25065.218750 98095.023438
25087.332031 98150.406250
25109.427734 98205.789062
25131.507812 98261.179688
25153.570312 98316.578125
25175.615234 98371.976562
25197.644531 98427.382812
25219.656250 98482.789062
25241.650391 98538.203125
25263.628906 98593.617188
25285.589844 98649.039062
25307.533203 98704.460938
25329.458984 98759.890625
25351.369141 98815.328125
25373.261719 98870.765625
25395.136719 98926.210938
25416.996094 98981.656250
25438.837891 99037.109375
25460.662109 99092.562500
25482.468750 99148.023438
25504.259766 99203.492188
25526.033203 99258.960938
25547.789062 99314.437500
25569.529297 99369.914062
25591.253906 99425.390625
25612.962891 99480.859375
25634.658203 99536.328125
25656.337891 99591.796875
25678.001953 99647.265625
25699.650391 99702.734375
25721.283203 99758.195312
25742.902344 99813.656250
25764.505859 99869.117188
25786.093750 99924.578125
25807.666016 99980.031250
25829.222656 100035.484375
25850.765625 100090.937500
25872.292969 100146.390625
25893.804688 100201.843750
25915.300781 100257.289062
25936.781250 100312.734375
25958.248047 100368.179688
25979.699219 100423.625000
26001.134766 100479.070312
26022.554688 100534.507812
26043.958984 100589.945312
26065.349609 100645.382812
26086.724609 100700.820312
26108.083984 100756.257812
26129.427734 100811.687500
26150.755859 100867.117188
26172.068359 100922.546875
26193.367188 100977.976562
26214.650391 101033.398438
26235.917969 101088.820312
26257.169922 101144.242188
26278.406250 101199.664062
26299.628906 101255.085938
26320.835938 101310.500000
26342.027344 101365.914062
26363.203125 101421.328125
26384.363281 101476.742188
26405.509766 101532.156250
26426.640625 101587.562500
26447.771484 101642.960938
26468.896484 101698.359375
26490.017578 101753.750000
26511.132812 101809.132812
26532.244141 101864.515625
26553.349609 101919.890625
26574.449219 101975.257812
26595.544922 102030.625000
26616.634766 102085.984375
26637.720703 102141.335938
26658.800781 102196.679688
26679.876953 102252.023438
26700.947266 102307.359375
26722.011719 102362.687500
26743.072266 102418.015625
26764.126953 102473.335938
26785.177734 102528.648438
26806.222656 102583.960938
26827.263672 102639.265625
26848.298828 102694.562500
26869.328125 102749.851562
26890.353516 102805.140625
26911.373047 102860.421875
26932.388672 102915.695312
26953.398438 102970.968750
26974.404297 103026.234375
26995.404297 103081.492188
27016.398438 103136.742188
27037.388672 103191.992188
27058.373047 103247.234375
27079.353516 103302.468750
27100.328125 103357.703125
27121.296875 103412.929688
27142.261719 103468.148438
27163.220703 103523.367188
27184.175781 103578.578125
27205.125000 103633.781250
27226.070312 103688.976562
27247.009766 103744.171875
27267.943359 103799.359375
27288.804688 103854.585938
27309.615234 103909.835938
27330.375000 103965.101562
27351.085938 104020.390625
27371.746094 104075.703125
27392.355469 104131.039062
27412.914062 104186.398438
27433.421875 104241.781250
27453.880859 104297.187500
27474.289062 104352.617188
27494.646484 104408.062500
27514.953125 104463.531250
27535.208984 104519.023438
27555.416016 104574.539062
27575.572266 104630.078125
27595.677734 104685.640625
27615.732422 104741.226562
27635.736328 104796.835938
27655.691406 104852.460938
27675.595703 104908.109375
27695.449219 104963.781250
27715.251953 105019.476562
27735.003906 105075.195312
27754.707031 105130.937500
27774.359375 105186.703125
27793.960938 105242.492188
27813.511719 105298.296875
27833.011719 105354.125000
27852.462891 105409.976562
27871.863281 105465.851562
27891.212891 105521.750000
27910.511719 105577.671875
27929.759766 105633.617188
27948.958984 105689.585938
27968.107422 105745.570312
27987.205078 105801.578125
28006.251953 105857.609375
28025.248047 105913.664062
28044.193359 105969.742188
28063.089844 106025.843750
28082.058594 106081.921875
28101.060547 106137.992188
28120.093750 106194.054688
28139.160156 106250.117188
28158.259766 106306.171875
28177.390625 106362.218750
28196.554688 106418.257812
28215.750000 106474.289062
28234.978516 106530.312500
28254.238281 106586.328125
28273.531250 106642.335938
28292.855469 106698.343750
28312.212891 106754.343750
28331.601562 106810.335938
28351.023438 106866.320312
28370.476562 106922.296875
28389.962891 106978.265625
28409.482422 107034.226562
28429.033203 107090.187500
28448.617188 107146.140625
28468.232422 107202.085938
28487.880859 107258.023438
28507.560547 107313.953125
28527.273438 107369.875000
28547.017578 107425.789062
28566.794922 107481.703125
28586.603516 107537.609375
28606.445312 107593.507812
28626.318359 107649.398438
28646.224609 107705.281250
28666.164062 107761.156250
28686.134766 107817.023438
28706.138672 107872.890625
28726.173828 107928.750000
28746.242188 107984.601562
28766.341797 108040.445312
28786.474609 108096.281250
28806.638672 108152.109375
28826.835938 108207.929688
28847.064453 108263.750000
28867.375000 108319.578125
28887.750000 108375.414062
28908.189453 108431.257812
28928.695312 108487.101562
28949.265625 108542.953125
28969.900391 108598.812500
28990.599609 108654.679688
29011.365234 108710.546875
29032.195312 108766.421875
29053.089844 108822.304688
29074.048828 108878.195312
29095.072266 108934.085938
29116.162109 108989.984375
29137.316406 109045.890625
29158.535156 109101.804688
29179.818359 109157.726562
29201.167969 109213.648438
29222.582031 109269.578125
29244.060547 109325.515625
29265.603516 109381.460938
29287.212891 109437.406250
29308.886719 109493.359375
29330.625000 109549.320312
29352.427734 109605.289062
29374.294922 109661.257812
29396.228516 109717.234375
29418.226562 109773.218750
29440.289062 109829.210938
29462.416016 109885.203125
29484.609375 109941.203125
29506.867188 109997.210938
29529.189453 110053.226562
29551.576172 110109.242188
29574.027344 110165.265625
29596.544922 110221.296875
29619.126953 110277.335938
29641.773438 110333.382812
29664.484375 110389.429688
29687.261719 110445.484375
29710.103516 110501.546875
29732.992188 110557.617188
29755.933594 110613.695312
29778.927734 110669.789062
29801.974609 110725.890625
29825.074219 110782.000000
29848.226562 110838.117188
29871.431641 110894.242188
29894.689453 110950.375000
29918.000000 111006.523438
29941.363281 111062.679688
29964.779297 111118.843750
29988.248047 111175.015625
30011.769531 111231.195312
30035.343750 111287.390625
30058.970703 111343.593750
30082.650391 111399.804688
30106.382812 111456.023438
30130.167969 111512.250000
30154.005859 111568.484375
30177.896484 111624.734375
30201.839844 111680.992188
30225.835938 111737.257812
30249.884766 111793.531250
30273.986328 111849.812500
30298.140625 111906.109375
30322.347656 111962.414062
30346.607422 112018.726562
30370.919922 112075.046875
30395.285156 112131.375000
30419.703125 112187.710938
30444.173828 112244.062500
30468.697266 112300.421875
30493.273438 112356.789062
30517.902344 112413.164062
30542.583984 112469.546875
30567.318359 112525.945312
30592.107422 112582.351562
30616.949219 112638.765625
30641.843750 112695.187500
30666.791016 112751.617188
30691.757812 112808.039062
30716.755859 112864.460938
30741.785156 112920.875000
30766.847656 112977.289062
30791.941406 113033.695312
30817.066406 113090.101562
30842.222656 113146.500000
30867.410156 113202.898438
30892.628906 113259.289062
30917.878906 113315.679688
30943.160156 113372.062500
30968.474609 113428.445312
30993.820312 113484.828125
31019.197266 113541.203125
31044.605469 113597.578125
31070.044922 113653.945312
31095.515625 113710.312500
31121.017578 113766.671875
31146.550781 113823.031250
31172.115234 113879.382812
31197.712891 113935.734375
31223.341797 113992.085938
31249.001953 114048.429688
31274.693359 114104.773438
31300.416016 114161.109375
31326.169922 114217.445312
31351.955078 114273.773438
31377.771484 114330.101562
31403.619141 114386.421875
31429.500000 114442.742188
31455.412109 114499.062500
31481.355469 114555.375000
31507.330078 114611.687500
31533.335938 114667.992188
31559.373047 114724.296875
31585.441406 114780.593750
31611.541016 114836.890625
31637.673828 114893.179688
31663.837891 114949.468750
31690.033203 115005.750000
31716.216797 115062.062500
31742.404297 115118.382812
31768.595703 115174.718750
31794.791016 115231.070312
31820.990234 115287.437500
31847.191406 115343.820312
31873.396484 115400.218750
31899.605469 115456.632812
31925.818359 115513.062500
31952.035156 115569.507812
31978.255859 115625.968750
32004.478516 115682.445312
32030.705078 115738.937500
32056.935547 115795.437500
32083.169922 115851.953125
32109.408203 115908.484375
32135.648438 115965.031250
32161.892578 116021.593750
32188.140625 116078.171875
32214.392578 116134.765625
32240.648438 116191.375000
32266.908203 116248.000000
32293.169922 116304.640625
32319.435547 116361.296875
32345.705078 116417.968750
32371.978516 116474.648438
32398.255859 116531.343750
32424.535156 116588.054688
32450.818359 116644.781250
32477.105469 116701.523438
32503.396484 116758.281250
32529.691406 116815.054688
32555.990234 116871.843750
32582.291016 116928.648438
32608.595703 116985.468750
32634.904297 117042.304688
32661.216797 117099.148438
32687.533203 117156.007812
32713.851562 117212.882812
32740.173828 117269.773438
32766.552734 117326.679688
32792.972656 117383.601562
32819.429688 117440.531250
32845.925781 117497.476562
32872.460938 117554.437500
32899.035156 117611.414062
32925.648438 117668.406250
32952.300781 117725.406250
32978.992188 117782.421875
33005.722656 117839.453125
33032.492188 117896.500000
33059.300781 117953.554688
33086.148438 118010.625000
33113.035156 118067.710938
33139.960938 118124.812500
33166.921875 118181.929688
33193.921875 118239.054688
33220.960938 118296.195312
33248.039062 118353.351562
33275.156250 118410.523438
33302.312500 118467.710938
33329.507812 118524.906250
33356.742188 118582.117188
33384.015625 118639.343750
33411.328125 118696.585938
33438.679688 118753.835938
33466.070312 118811.101562
33493.500000 118868.382812
33520.968750 118925.679688
33548.476562 118982.992188
33576.023438 119040.312500
33603.609375 119097.648438
33631.234375 119155.000000
33658.898438 119212.367188
33686.601562 119269.742188
33714.343750 119327.132812
33742.125000 119384.539062
33769.945312 119441.960938
33797.804688 119499.398438
33825.703125 119556.843750
33853.617188 119614.304688
33881.558594 119671.773438
33909.527344 119729.250000
33937.519531 119786.742188
33965.539062 119844.242188
33993.582031 119901.757812
34021.652344 119959.281250
34049.746094 120016.820312
34077.867188 120074.367188
34106.015625 120131.929688
34134.187500 120189.500000
34162.386719 120247.078125
34190.609375 120304.671875
34218.859375 120362.273438
34247.136719 120419.890625
34275.437500 120477.515625
34303.765625 120535.156250
34332.117188 120592.804688
34360.496094 120650.468750
34388.898438 120708.140625
34417.328125 120765.820312
34445.785156 120823.515625
34474.265625 120881.218750
34502.773438 120938.937500
34531.304688 120996.664062
34559.863281 121054.406250
34588.445312 121112.156250
34617.054688 121169.914062
34645.691406 121227.687500
34674.351562 121285.468750
34703.039062 121343.265625
34731.750000 121401.070312
34760.488281 121458.890625
34789.253906 121516.718750
34818.042969 121574.562500
34846.859375 121632.414062
34875.699219 121690.273438
34904.566406 121748.148438
34933.457031 121806.031250
34962.375000 121863.929688
34991.300781 121921.828125
35020.238281 121979.726562
35049.191406 122037.625000
35078.156250 122095.523438
35107.136719 122153.429688
35136.128906 122211.335938
35165.132812 122269.242188
35194.152344 122327.156250
35223.183594 122385.070312
35252.230469 122442.984375
35281.289062 122500.906250
35310.363281 122558.828125
35339.449219 122616.750000
35368.546875 122674.679688
35397.660156 122732.609375
35426.785156 122790.539062
35455.925781 122848.476562
35485.078125 122906.414062
35514.246094 122964.351562
35543.425781 123022.296875
35572.617188 123080.242188
35601.824219 123138.187500
35631.042969 123196.140625
35660.277344 123254.093750
35689.523438 123312.046875
35718.785156 123370.007812
35748.058594 123427.968750
35777.343750 123485.929688
35806.644531 123543.898438
35835.957031 123601.867188
35865.285156 123659.835938
35894.625000 123717.812500
35923.980469 123775.789062
35953.347656 123833.765625
35982.726562 123891.750000
36012.121094 123949.734375
36041.527344 124007.718750
36070.949219 124065.703125
36100.382812 124123.695312
36129.832031 124181.687500
36159.277344 124239.695312
36188.726562 124297.718750
36218.179688 124355.750000
36247.636719 124413.789062
36277.097656 124471.843750
36306.562500 124529.906250
36336.031250 124587.984375
36365.503906 124646.070312
36394.980469 124704.171875
36424.460938 124762.281250
36453.945312 124820.398438
36483.433594 124878.531250
36512.925781 124936.671875
36542.421875 124994.828125
36571.921875 125052.992188
36601.425781 125111.171875
36630.933594 125169.359375
36660.445312 125227.554688
36689.960938 125285.765625
36719.480469 125343.984375
36749.003906 125402.218750
36778.531250 125460.460938
36808.062500 125518.718750
36837.597656 125576.984375
36867.136719 125635.257812
36896.679688 125693.546875
36926.226562 125751.843750
36955.777344 125810.156250
36985.332031 125868.476562
37014.890625 125926.812500
37044.453125 125985.156250
37074.019531 126043.507812
37103.589844 126101.875000
37133.164062 126160.250000
37162.742188 126218.640625
37192.324219 126277.039062
37221.910156 126335.453125
37251.500000 126393.875000
37281.093750 126452.304688
37310.691406 126510.750000
37340.308594 126569.195312
37369.945312 126627.640625
37399.597656 126686.085938
37429.265625 126744.531250
37458.949219 126802.984375
37488.648438 126861.437500
37518.363281 126919.890625
37548.097656 126978.351562
37577.847656 127036.812500
37607.613281 127095.273438
37637.394531 127153.734375
37667.191406 127212.203125
37697.007812 127270.671875
37726.839844 127329.140625
37756.687500 127387.609375
37786.550781 127446.085938
37816.429688 127504.562500
37846.324219 127563.039062
37876.238281 127621.523438
37906.167969 127680.007812
37936.113281 127738.492188
37966.074219 127796.976562
37996.050781 127855.468750
38026.046875 127913.960938
38056.058594 127972.453125
38086.085938 128030.953125
38116.128906 128089.453125
38146.187500 128147.953125
38176.265625 128206.453125
38206.359375 128264.960938
38236.468750 128323.468750
38266.593750 128381.976562
38296.734375 128440.484375
38326.890625 128499.000000
38357.066406 128557.515625
38387.257812 128616.031250
38417.464844 128674.554688
38447.687500 128733.078125
38477.925781 128791.601562
38508.183594 128850.125000
38538.527344 128908.648438
38568.933594 128967.171875
38599.402344 129025.695312
38629.933594 129084.210938
38660.527344 129142.726562
38691.187500 129201.242188
38721.910156 129259.757812
38752.695312 129318.265625
38783.542969 129376.773438
38814.453125 129435.281250
38845.429688 129493.789062
38876.468750 129552.296875
38907.570312 129610.796875
38938.734375 129669.296875
38969.960938 129727.796875
39001.253906 129786.296875
39032.609375 129844.789062
39064.027344 129903.281250
39095.507812 129961.773438
39127.050781 130020.265625
39158.656250 130078.757812
39190.328125 130137.242188
39222.062500 130195.726562
39253.859375 130254.210938
39285.718750 130312.695312
39317.640625 130371.179688
39349.628906 130429.656250
39381.679688 130488.132812
39413.792969 130546.609375
39445.968750 130605.085938
39478.207031 130663.554688
39510.511719 130722.023438
39542.878906 130780.492188
39575.308594 130838.960938
39607.800781 130897.429688
39640.355469 130955.890625
39672.972656 131014.351562
39705.656250 131072.812500
39738.402344 131131.265625
39771.210938 131189.718750
39804.121094 131248.171875
39837.117188 131306.625000
39870.203125 131365.078125
39903.375000 131423.531250
39936.636719 131481.984375
39969.984375 131540.421875
40003.421875 131598.859375
40036.945312 131657.296875
40070.558594 131715.734375
40104.257812 131774.171875
40138.046875 131832.609375
40171.921875 131891.046875
40205.886719 131949.484375
40239.937500 132007.906250
40274.078125 132066.328125
40308.304688 132124.750000
40342.621094 132183.171875
40377.023438 132241.593750
40411.515625 132300.015625
40446.093750 132358.437500
40480.761719 132416.859375
40515.515625 132475.265625
40550.359375 132533.671875
40585.289062 132592.078125
40620.308594 132650.484375
40655.414062 132708.890625
40690.609375 132767.296875
40725.890625 132825.703125
40761.261719 132884.109375
40796.718750 132942.500000
40832.265625 133000.890625
40867.898438 133059.281250
40903.621094 133117.671875
40939.429688 133176.062500
40975.328125 133234.453125
41011.312500 133292.843750
41047.386719 133351.218750
41083.546875 133409.593750
41119.792969 133467.968750
41156.128906 133526.343750
41192.503906 133584.750000
41228.933594 133643.171875
41265.417969 133701.609375
41301.957031 133760.062500
41338.550781 133818.531250
41375.195312 133877.015625
41411.894531 133935.515625
41448.648438 133994.031250
41485.457031 134052.562500
41522.320312 134111.109375
41559.238281 134169.671875
41596.210938 134228.250000
41633.238281 134286.843750
41670.320312 134345.468750
41707.457031 134404.109375
41744.648438 134462.765625
41781.894531 134521.437500
41819.195312 134580.125000
41856.550781 134638.828125
41893.960938 134697.546875
41931.425781 134756.281250
41968.945312 134815.031250
42006.519531 134873.796875
42044.148438 134932.578125
42081.832031 134991.375000
42119.570312 135050.187500
42157.363281 135109.015625
42195.210938 135167.859375
42233.113281 135226.718750
42271.066406 135285.609375
42309.074219 135344.515625
42347.136719 135403.437500
42385.253906 135462.375000
42423.425781 135521.328125
42461.652344 135580.296875
42499.933594 135639.281250
42538.269531 135698.281250
42576.660156 135757.296875
42615.105469 135816.328125
42653.605469 135875.375000
42692.191406 135934.437500
42730.851562 135993.515625
42769.589844 136052.625000
42808.402344 136111.750000
42847.289062 136170.890625
42886.250000 136230.046875
42925.289062 136289.218750
42964.402344 136348.406250
43003.589844 136407.609375
43042.851562 136466.843750
43082.191406 136526.093750
43121.605469 136585.359375
43161.093750 136644.640625
43200.660156 136703.937500
43240.300781 136763.250000
43280.015625 136822.593750
43319.804688 136881.953125
43359.671875 136941.328125
43399.613281 137000.718750
43439.628906 137060.125000
43479.722656 137119.546875
43519.890625 137178.984375
43560.132812 137238.453125
43600.449219 137297.937500
43640.843750 137357.437500
43681.312500 137416.953125
43721.855469 137476.484375
43762.472656 137536.031250
43803.167969 137595.593750
43843.937500 137655.187500
43884.781250 137714.796875
43925.703125 137774.421875
43966.699219 137834.062500
44007.769531 137893.718750
44048.914062 137953.390625
44090.136719 138013.078125
44131.433594 138072.796875
44172.804688 138132.531250
44214.250000 138192.281250
44255.773438 138252.046875
44297.367188 138311.796875
44339.035156 138371.546875
44380.773438 138431.296875
44422.585938 138491.046875
44464.468750 138550.796875
44506.425781 138610.546875
44548.453125 138670.296875
44590.554688 138730.046875
44632.730469 138789.796875
44674.976562 138849.546875
44717.296875 138909.281250
44759.687500 138969.015625
44802.152344 139028.750000
44844.691406 139088.484375
44887.300781 139148.218750
44929.984375 139207.953125
44972.738281 139267.687500
45015.566406 139327.421875
45058.464844 139387.156250
45101.437500 139446.890625
45144.484375 139506.625000
45187.601562 139566.343750
45230.792969 139626.062500
45274.054688 139685.781250
45317.390625 139745.500000
45360.796875 139805.218750
45404.277344 139864.937500
45447.832031 139924.656250
45491.457031 139984.375000
45535.156250 140044.093750
45578.925781 140103.812500
45622.769531 140163.531250
45666.687500 140223.234375
45710.675781 140282.937500
45754.738281 140342.640625
45798.871094 140402.343750
45843.078125 140462.046875
45887.355469 140521.750000
45931.707031 140581.453125
45976.132812 140641.156250
46020.578125 140700.875000
46065.058594 140760.609375
46109.578125 140820.343750
46154.136719 140880.093750
46198.730469 140939.859375
46243.363281 140999.640625
46288.031250 141059.421875
46332.738281 141119.218750
46377.484375 141179.031250
46422.265625 141238.859375
46467.085938 141298.687500
46511.945312 141358.531250
46556.839844 141418.390625
46601.773438 141478.265625
46646.742188 141538.140625
46691.750000 141598.031250
46736.796875 141657.937500
46781.878906 141717.859375
46827.000000 141777.781250
46872.156250 141837.718750
46917.351562 141897.671875
46962.585938 141957.625000
47007.855469 142017.593750
47053.164062 142077.578125
47098.511719 142137.578125
47143.894531 142197.578125
47189.316406 142257.593750
47234.773438 142317.625000
47280.269531 142377.671875
47325.804688 142437.718750
47371.375000 142497.781250
47416.984375 142557.859375
47462.632812 142617.953125
47508.316406 142678.046875
47554.039062 142738.156250
47599.796875 142798.281250
47645.593750 142858.421875
47691.429688 142918.562500
47737.300781 142978.718750
47783.210938 143038.890625
47829.171875 143099.062500
47875.179688 143159.250000
47921.234375 143219.437500
47967.335938 143279.640625
48013.484375 143339.843750
48059.679688 143400.062500
48105.921875 143460.296875
48152.210938 143520.531250
48198.546875 143580.781250
48244.929688 143641.031250
48291.359375 143701.296875
48337.835938 143761.562500
48384.359375 143821.843750
48430.929688 143882.140625
48477.546875 143942.437500
48524.210938 144002.750000
48570.921875 144063.062500
48617.679688 144123.390625
48664.484375 144183.718750
48711.335938 144244.062500
48758.234375 144304.421875
48805.179688 144364.781250
48852.171875 144425.156250
48899.210938 144485.531250
48946.296875 144545.921875
48993.429688 144606.312500
49040.609375 144666.718750
49087.835938 144727.140625
49135.109375 144787.562500
49182.429688 144848.000000
49229.796875 144908.437500
49277.210938 144968.890625
49324.671875 145029.343750
49372.179688 145089.812500
49419.734375 145150.296875
49467.335938 145210.781250
49514.984375 145271.281250
49562.679688 145331.781250
49610.421875 145392.296875
49658.210938 145452.812500
49706.019531 145513.359375
49753.859375 145573.921875
49801.730469 145634.500000
49849.628906 145695.109375
49897.558594 145755.734375
49945.519531 145816.375000
49993.507812 145877.031250
50041.527344 145937.703125
50089.578125 145998.390625
50137.656250 146059.109375
50185.765625 146119.843750
50233.906250 146180.593750
50282.074219 146241.359375
50330.273438 146302.140625
50378.503906 146362.953125
50426.761719 146423.781250
50475.050781 146484.625000
50523.371094 146545.484375
50571.718750 146606.359375
50620.097656 146667.265625
50668.503906 146728.187500
50716.941406 146789.125000
50765.410156 146850.078125
50813.906250 146911.046875
50862.433594 146972.046875
50910.992188 147033.062500
50959.578125 147094.093750
51008.195312 147155.140625
51056.843750 147216.203125
51105.519531 147277.296875
51154.226562 147338.406250
51202.964844 147399.531250
51251.730469 147460.671875
51300.527344 147521.828125
51349.355469 147583.015625
51398.210938 147644.218750
51447.097656 147705.437500
51496.015625 147766.671875
51544.960938 147827.921875
51593.937500 147889.187500
51642.957031 147950.468750
51692.011719 148011.750000
51741.105469 148073.046875
51790.234375 148134.359375
51839.402344 148195.671875
51888.605469 148257.000000
51937.847656 148318.343750
51987.125000 148379.687500
52036.441406 148441.046875
52085.796875 148502.421875
52135.187500 148563.796875
52184.617188 148625.187500
52234.082031 148686.578125
52283.585938 148747.984375
52333.125000 148809.406250
52382.703125 148870.828125
52432.320312 148932.265625
52481.972656 148993.718750
52531.664062 149055.171875
52581.390625 149116.640625
52631.156250 149178.125000
52680.957031 149239.609375
52730.796875 149301.109375
52780.671875 149362.609375
52830.585938 149424.125000
52880.539062 149485.656250
52930.527344 149547.187500
52980.554688 149608.734375
53030.617188 149670.296875
53080.718750 149731.859375
53130.855469 149793.437500
53181.031250 149855.015625
53231.246094 149916.609375
53281.496094 149978.218750
53331.785156 150039.828125
53382.109375 150101.453125
53432.472656 150163.093750
53482.871094 150224.734375
53533.308594 150286.390625
53583.781250 150348.062500
53634.285156 150409.734375
53684.820312 150471.421875
53735.386719 150533.109375
53785.984375 150594.812500
53836.613281 150656.515625
53887.273438 150718.234375
53937.964844 150779.953125
53988.687500 150841.687500
54039.445312 150903.421875
54090.234375 150965.171875
54141.054688 151026.937500
54191.906250 151088.703125
54242.789062 151150.484375
54293.703125 151212.265625
54344.648438 151274.062500
54395.625000 151335.859375
54446.632812 151397.671875
54497.671875 151459.484375
54548.742188 151521.312500
54599.847656 151583.156250
54650.984375 151645.000000
54702.152344 151706.859375
54753.351562 151768.718750
54804.582031 151830.593750
54855.843750 151892.468750
54907.136719 151954.359375
54958.460938 152016.250000
55009.816406 152078.156250
55061.203125 152140.078125
55112.621094 152202.000000
55164.074219 152263.937500
55215.558594 152325.875000
55267.074219 152387.828125
55318.621094 152449.781250
55370.199219 152511.750000
55421.808594 152573.718750
55473.449219 152635.703125
55525.121094 152697.703125
55576.824219 152759.703125
55628.558594 152821.718750
55680.328125 152883.734375
55732.132812 152945.750000
55783.972656 153007.781250
55835.847656 153069.812500
55887.757812 153131.859375
55939.699219 153193.906250
55991.675781 153255.968750
56043.687500 153318.031250
56095.734375 153380.093750
56147.812500 153442.171875
56199.925781 153504.250000
56252.074219 153566.343750
56304.257812 153628.437500
56356.476562 153690.546875
56408.726562 153752.656250
56461.011719 153814.765625
56513.332031 153876.890625
56565.687500 153939.015625
56618.078125 154001.156250
56670.500000 154063.296875
56722.957031 154125.453125
56775.449219 154187.609375
56827.976562 154249.765625
56880.535156 154311.937500
56933.128906 154374.109375
56985.757812 154436.296875
57038.421875 154498.484375
57091.121094 154560.687500
57143.851562 154622.890625
57196.617188 154685.093750
57249.417969 154747.312500
57302.253906 154809.531250
57355.121094 154871.765625
57408.023438 154934.000000
57460.960938 154996.234375
57513.933594 155058.484375
57566.941406 155120.734375
57619.980469 155183.000000
57673.054688 155245.265625
57726.164062 155307.546875
57779.304688 155369.828125
57832.476562 155432.125000
57885.683594 155494.421875
57938.921875 155556.718750
57992.191406 155619.031250
58045.492188 155681.343750
58098.828125 155743.671875
58152.195312 155806.000000
58205.593750 155868.343750
58259.027344 155930.687500
58312.492188 155993.046875
58365.988281 156055.406250
58419.519531 156117.765625
58473.082031 156180.140625
58526.675781 156242.515625
58580.300781 156304.906250
58633.960938 156367.296875
58687.652344 156429.703125
58741.375000 156492.109375
58795.132812 156554.531250
58848.921875 156616.953125
58902.742188 156679.375000
58956.597656 156741.812500
59010.484375 156804.250000
59064.402344 156866.703125
59118.351562 156929.156250
59172.335938 156991.625000
59226.351562 157054.093750
59280.398438 157116.578125
59334.480469 157179.062500
59388.593750 157241.546875
59442.738281 157304.046875
59496.917969 157366.546875
59551.128906 157429.062500
59605.371094 157491.578125
59659.648438 157554.109375
59713.957031 157616.640625
59768.296875 157679.187500
59822.667969 157741.734375
59877.074219 157804.281250
59931.507812 157866.843750
59985.968750 157929.406250
60040.457031 157991.984375
60094.976562 158054.562500
60149.523438 158117.156250
60204.097656 158179.750000
60258.703125 158242.359375
60313.335938 158304.968750
60367.996094 158367.593750
60422.687500 158430.218750
60477.406250 158492.843750
60532.152344 158555.484375
60586.925781 158618.125000
60641.730469 158680.781250
60696.562500 158743.437500
60751.421875 158806.109375
60806.312500 158868.781250
60861.230469 158931.468750
60916.175781 158994.156250
60971.152344 159056.843750
61026.156250 159119.546875
61081.187500 159182.250000
61136.250000 159244.968750
61191.339844 159307.687500
61246.457031 159370.421875
61301.605469 159433.156250
61356.781250 159495.906250
61411.984375 159558.656250
61467.218750 159621.406250
61522.480469 159684.171875
61577.769531 159746.937500
61633.089844 159809.718750
61688.437500 159872.500000
61743.812500 159935.296875
61799.218750 159998.093750
61854.652344 160060.906250
61910.113281 160123.718750
61965.605469 160186.531250
62021.125000 160249.359375
62076.671875 160312.187500
62132.246094 160375.031250
62187.843750 160437.875000
62243.468750 160500.734375
62299.117188 160563.593750
62354.792969 160626.453125
62410.492188 160689.328125
62466.218750 160752.203125
62521.968750 160815.078125
62577.746094 160877.968750
62633.550781 160940.859375
62689.378906 161003.765625
62745.234375 161066.671875
62801.113281 161129.578125
62857.019531 161192.500000
62912.949219 161255.421875
62968.906250 161318.359375
63024.886719 161381.296875
63080.894531 161444.234375
63136.929688 161507.187500
63192.988281 161570.140625
63249.074219 161633.093750
63305.183594 161696.062500
63361.320312 161759.031250
63417.480469 161822.015625
63473.667969 161885.000000
63529.882812 161947.984375
63586.121094 162010.984375
63642.386719 162073.984375
63698.675781 162137.000000
63754.992188 162200.015625
63811.332031 162263.031250
63867.699219 162326.062500
63924.089844 162389.093750
63980.507812 162452.125000
64036.953125 162515.171875
64093.421875 162578.218750
64149.917969 162641.281250
64206.437500 162704.343750
64262.984375 162767.406250
64319.554688 162830.484375
64376.156250 162893.562500
64432.785156 162956.640625
64489.441406 163019.734375
64546.125000 163082.828125
64602.835938 163145.921875
64659.574219 163209.015625
64716.339844 163272.125000
64773.132812 163335.234375
64829.953125 163398.343750
64886.800781 163461.453125
64943.675781 163524.578125
65000.578125 163587.703125
65057.507812 163650.828125
65114.464844 163713.968750
65171.449219 163777.109375
65228.460938 163840.250000
65285.500000 163903.390625
65342.570312 163966.546875
65399.667969 164029.703125
65456.792969 164092.859375
65513.945312 164156.015625
65571.125000 164219.187500
65628.328125 164282.359375
65685.562500 164345.531250
65742.820312 164408.718750
65800.109375 164471.906250
65857.429688 164535.093750
65914.773438 164598.281250
65972.148438 164661.484375
66029.546875 164724.687500
66086.976562 164787.890625
66144.429688 164851.093750
66201.914062 164914.312500
66259.421875 164977.531250
66316.960938 165040.750000
66374.523438 165103.984375
66432.117188 165167.218750
66489.734375 165230.453125
66547.382812 165293.687500
66605.054688 165356.937500
66662.765625 165420.171875
66720.507812 165483.406250
66778.281250 165546.640625
66836.093750 165609.875000
66893.937500 165673.109375
66951.812500 165736.343750
67009.718750 165799.578125
67067.664062 165862.812500
67125.640625 165926.046875
67183.648438 165989.281250
67241.687500 166052.515625
67299.765625 166115.750000
67357.875000 166178.984375
67416.015625 166242.218750
67474.187500 166305.453125
67532.398438 166368.687500
67590.640625 166431.921875
67648.914062 166495.156250
67707.218750 166558.390625
67765.562500 166621.625000
67823.937500 166684.859375
67882.343750 166748.093750
67940.781250 166811.328125
67999.257812 166874.562500
68057.765625 166937.796875
68116.304688 167001.031250
68174.875000 167064.265625
68233.484375 167127.500000
68292.125000 167190.734375
68350.796875 167253.968750
68409.500000 167317.203125
68468.242188 167380.437500
68527.015625 167443.671875
68585.820312 167506.906250
68644.656250 167570.140625
68703.531250 167633.375000
68762.437500 167696.609375
68821.375000 167759.843750
68880.343750 167823.078125
68939.351562 167886.312500
68998.382812 167949.546875
69057.445312 168012.781250
69116.539062 168076.015625
69175.664062 168139.250000
69234.820312 168202.484375
69294.007812 168265.718750
69353.226562 168328.953125
69412.476562 168392.187500
69471.757812 168455.421875
69531.062500 168518.656250
69590.398438 168581.890625
69649.765625 168645.125000
69709.164062 168708.359375
69768.593750 168771.593750
69828.054688 168834.828125
69887.546875 168898.078125
69947.070312 168961.328125
70006.625000 169024.578125
70066.210938 169087.828125
70125.828125 169151.078125
70185.468750 169214.328125
70245.140625 169277.578125
70304.843750 169340.828125
70364.578125 169404.078125
70424.343750 169467.328125
70484.140625 169530.578125
70543.968750 169593.828125
70603.828125 169657.078125
70663.718750 169720.328125
70723.640625 169783.578125
70783.593750 169846.828125
70843.570312 169910.078125
70903.578125 169973.328125
70963.617188 170036.578125
71023.687500 170099.828125
71083.789062 170163.078125
71143.921875 170226.328125
71204.085938 170289.578125
71264.281250 170352.828125
71324.507812 170416.078125
