-0.041637 0.033675
-0.107700 0.089800
-0.198187 0.168375
-0.313100 0.269400
-0.452437 0.392875
-0.616200 0.538800
-0.804387 0.707175
-1.017000 0.898000
-1.254037 1.111275
-1.515499 1.347000
-1.801387 1.605175
-2.111699 1.885800
-2.446436 2.188875
-2.805599 2.514400
-3.189186 2.862375
-3.597198 3.232800
-4.029636 3.625675
-4.486498 4.041000
-4.967786 4.478775
-5.473498 4.939000
-6.003636 5.421675
-6.558198 5.926800
-7.137185 6.454375
-7.740597 7.004400
-8.368435 7.576875
-9.020697 8.171800
-9.697384 8.789174
-10.398496 9.428999
-11.124033 10.091273
-11.873995 10.775998
-12.648382 11.483172
-13.447194 12.212797
-14.270432 12.964871
-15.118093 13.739396
-15.990180 14.536370
-16.886692 15.355795
-17.807629 16.197670
-18.752991 17.061995
-19.722778 17.948769
-20.716990 18.857992
-21.734652 19.790716
-22.776089 20.746592
-23.841301 21.725616
-24.930288 22.727791
-26.043051 23.753115
-27.179588 24.801590
-28.339901 25.873215
-29.523987 26.967989
-30.731848 28.085913
-31.963484 29.226988
-33.218895 30.391212
-34.498081 31.578587
-35.801044 32.789112
-37.127781 34.022785
-38.478294 35.279610
-39.852581 36.559586
-41.250641 37.862709
-42.672478 39.188984
-44.118088 40.538406
-45.587475 41.910980
-47.080635 43.306705
-48.597572 44.725578
-50.138283 46.167603
-51.702770 47.632778
-53.291031 49.121101
-54.903069 50.632576
-56.538879 52.167198
-58.198467 53.724972
-59.881828 55.305897
-61.588966 56.909969
-63.319878 58.537193
-65.074562 60.187569
-66.853020 61.861092
-68.655258 63.557766
-70.481270 65.277588
-72.331055 67.020561
-74.204613 68.786682
-76.101952 70.575958
-78.023064 72.388382
-79.967949 74.223953
-81.932938 76.086243
-83.919250 77.974052
-85.926888 79.887390
-87.955849 81.826248
-90.006134 83.790634
-92.077744 85.780548
-94.170677 87.795982
-96.284935 89.836945
-98.420517 91.903427
-100.577431 93.995438
-102.755669 96.112976
-104.955231 98.256035
-107.176117 100.424622
-109.418327 102.618736
-111.681862 104.838371
-113.966721 107.083534
-116.272903 109.354218
-118.600410 111.650429
-120.949242 113.972168
-123.319397 116.319427
-125.710884 118.692215
-128.123688 121.090530
-130.557816 123.514366
-133.013275 125.963730
-135.490051 128.438614
-137.988159 130.939026
-140.507599 133.464966
-143.048355 136.016434
-145.610443 138.593414
-148.193848 141.195923
-150.798584 143.823959
-153.424637 146.477524
-156.072021 149.156616
-158.740723 151.861237
-161.430756 154.591370
-164.142105 157.347031
-166.874786 160.128220
-169.628799 162.934937
-172.404129 165.767181
-175.200790 168.624939
-178.006134 171.472336
-180.824371 174.321335
-183.655518 177.171936
-186.499557 180.024139
-189.356506 182.877945
-192.226349 185.733353
-195.109100 188.590347
-198.004745 191.448944
-200.913284 194.309143
-203.834732 197.170944
-206.769073 200.034348
-209.716324 202.899353
-212.676468 205.765961
-215.649521 208.634155
-218.635468 211.503952
-221.634308 214.375351
-224.646057 217.248352
-227.670700 220.122955
-230.708252 222.999161
-233.758698 225.876968
-236.822037 228.756363
-239.898285 231.637360
-242.987427 234.519958
-246.089478 237.404160
-249.204422 240.289963
-252.332275 243.177368
-255.473022 246.066376
-258.626678 248.956970
-261.793213 251.849167
-264.972656 254.742966
-268.165009 257.638367
-271.370270 260.535370
-274.588409 263.433960
-277.819458 266.334167
-281.063416 269.235962
-284.320251 272.139374
-287.589996 275.044373
-290.872650 277.950989
-294.168213 280.859192
-297.476654 283.768982
-300.782501 286.666840
-304.090942 289.557281
-307.401947 292.440308
-310.715546 295.315887
-314.031708 298.184052
-317.350433 301.044800
-320.671753 303.898102
-323.995636 306.743988
-327.322083 309.582458
-330.651123 312.413513
-333.982727 315.237122
-337.316925 318.053314
-340.653687 320.862091
-343.993011 323.663422
-347.334930 326.457336
-350.679413 329.243835
-354.026459 332.022888
-357.376099 334.794525
-360.728302 337.558746
-364.083099 340.315521
-367.440460 343.064880
-370.800385 345.806824
-374.162903 348.541351
-377.527985 351.268433
-380.895630 353.988098
-384.265869 356.700348
-387.638672 359.405151
-391.014069 362.102539
-394.392029 364.792511
-397.772552 367.475037
-401.155670 370.150146
-404.541351 372.817841
-407.929596 375.478088
-411.320435 378.130920
-414.713837 380.776337
-418.109833 383.414337
-421.508392 386.044891
-424.909515 388.668030
-428.313232 391.283752
-431.719513 393.892029
-435.118134 396.541229
-438.512512 399.215240
-441.902618 401.914032
-445.288483 404.637634
-448.670105 407.386047
-452.047485 410.159241
-455.420593 412.957245
-458.789459 415.780060
-462.154083 418.627655
-465.514465 421.500061
-468.870575 424.397247
-472.222443 427.319244
-475.570068 430.266052
-478.913452 433.237640
-482.252563 436.234039
-485.587433 439.255249
-488.918060 442.301239
-492.244415 445.372040
-495.566528 448.467651
-498.884399 451.588043
-502.198029 454.733246
-505.507385 457.903259
-508.812500 461.098053
-512.113342 464.317657
-515.409973 467.562073
-518.702332 470.831268
-521.990479 474.125275
-525.274353 477.444061
-528.553955 480.787659
-531.829346 484.156067
-535.100464 487.549255
-538.367310 490.967255
-541.629944 494.410065
-544.888306 497.877655
-548.142395 501.370056
-551.392273 504.887268
-554.637878 508.429260
-557.879272 511.996063
-561.116394 515.587646
-564.349243 519.204041
-567.556396 522.845825
-570.744934 526.512756
-573.914917 530.204895
-577.066345 533.922180
-580.199158 537.664673
-583.313416 541.432312
-586.409119 545.225098
-589.486206 549.043091
-592.544739 552.886230
-595.584717 556.754578
-598.606079 560.648071
-601.608887 564.566772
-604.593140 568.510620
-607.558777 572.479675
-610.505859 576.473877
-613.434387 580.493286
-616.344299 584.537842
-619.235657 588.607605
-622.108459 592.702515
-624.962646 596.822632
-627.798279 600.967896
-630.615356 605.138367
-633.413818 609.333984
-636.193726 613.554749
-638.955078 617.800720
-641.697815 622.071838
-644.421997 626.368164
-647.127625 630.689636
-649.814636 635.036316
-652.483093 639.408142
-655.132996 643.805176
-657.764282 648.227356
-660.377014 652.674744
-662.971191 657.147278
-665.546753 661.645020
-668.103760 666.167908
-670.642212 670.716003
-673.162048 675.289246
-675.663330 679.887634
-678.146057 684.511230
-680.625305 689.181030
-683.096069 693.890015
-685.558289 698.638245
-688.012024 703.425659
-690.457275 708.252258
-692.894043 713.118042
-695.322266 718.023071
-697.742004 722.967285
-700.153259 727.950684
-702.556030 732.973267
-704.950256 738.035095
-707.335999 743.136108
-709.713257 748.276306
-712.082031 753.455688
-714.442261 758.674316
-716.794006 763.932129
-719.137268 769.229126
-721.471985 774.565308
-723.798218 779.940735
-726.115967 785.355347
-728.425232 790.809143
-730.725952 796.302124
-733.018188 801.834351
-735.301941 807.405762
-737.577209 813.016357
-739.843933 818.666138
-742.102173 824.355164
-744.351929 830.083374
-746.593201 835.850769
-748.825928 841.657349
-751.050171 847.503174
-753.265930 853.388184
-755.473145 859.312378
-757.671875 865.275757
-759.862122 871.278381
-762.043884 877.320190
-764.217102 883.401184
-766.381836 889.521362
-768.538086 895.680786
-770.685852 901.879395
-772.817566 908.129883
-774.935730 914.428040
-777.040405 920.773926
-779.131531 927.167480
-781.209106 933.608704
-783.273193 940.097595
-785.323730 946.634155
-787.360779 953.218384
-789.384277 959.850281
-791.394226 966.529846
-793.390686 973.257080
-795.373596 980.032043
-797.343018 986.854675
-799.298889 993.724976
-801.241272 1000.642944
-803.170105 1007.608582
-805.085388 1014.621887
-806.987183 1021.682861
-808.875427 1028.791504
-810.750183 1035.947876
-812.611389 1043.151855
-814.459045 1050.403564
-816.293213 1057.702881
-818.113831 1065.049927
-819.920959 1072.444702
-821.714539 1079.887085
-823.494568 1087.377197
-825.261108 1094.914917
-827.014099 1102.500366
-828.753601 1110.133423
-830.479553 1117.814209
-832.191956 1125.542603
-833.890869 1133.318726
-835.576233 1141.142456
-837.248108 1149.013916
-838.906433 1156.933105
-840.551208 1164.899902
-842.182495 1172.914429
-843.800232 1180.976562
-845.404480 1189.086426
-846.985107 1197.198975
-848.545532 1205.329346
-850.085754 1213.477417
-851.605713 1221.643188
-853.105469 1229.826660
-854.585022 1238.027832
-856.044312 1246.246826
-857.483398 1254.483521
-858.902222 1262.737915
-860.300842 1271.010010
-861.679260 1279.299805
-863.037415 1287.607422
-864.375366 1295.932739
-865.693115 1304.275757
-866.990601 1312.636475
-868.267883 1321.014893
-869.524963 1329.411133
-870.761780 1337.825073
-871.978394 1346.256714
-873.174744 1354.706055
-874.350891 1363.173096
-875.506836 1371.657959
-876.642517 1380.160522
-877.757996 1388.680786
-878.853271 1397.218750
-879.928284 1405.774414
-880.983093 1414.347900
-882.017700 1422.939087
-883.032043 1431.547974
-884.026184 1440.174561
-885.000061 1448.818848
-885.953735 1457.480957
-886.887207 1466.160767
-887.800415 1474.858276
-888.693420 1483.573486
-889.566223 1492.306396
-890.418762 1501.057129
-891.251099 1509.825562
-892.063171 1518.611694
-892.855042 1527.415527
-893.656921 1536.227051
-894.458740 1545.049561
-895.260437 1553.883057
-896.062073 1562.727539
-896.863647 1571.583008
-897.665161 1580.449463
-898.466614 1589.326904
-899.267944 1598.215454
-900.069214 1607.114990
-900.870422 1616.025513
-901.671570 1624.947021
-902.472595 1633.879517
-903.273560 1642.822998
-904.074463 1651.777466
-904.875305 1660.742920
-905.676086 1669.719360
-906.476746 1678.706909
-907.277344 1687.705444
-908.077881 1696.714966
-908.878357 1705.735474
-909.678711 1714.766968
-910.479004 1723.809448
-911.279236 1732.862915
-912.079407 1741.927368
-912.879456 1751.002808
-913.679443 1760.089355
-914.479370 1769.186890
-915.279236 1778.295410
-916.079041 1787.414917
-916.878723 1796.545410
-917.678345 1805.686890
-918.477905 1814.839355
-919.277405 1824.002808
-920.076782 1833.177246
-920.876099 1842.362793
-921.675354 1851.559326
-922.474548 1860.766846
-923.273621 1869.985352
-924.072632 1879.214844
-924.871582 1888.455322
-925.675232 1897.732788
-926.482056 1907.038696
-927.291992 1916.372925
-928.105042 1925.735474
-928.921204 1935.126343
-929.740479 1944.545654
-930.562927 1953.993286
-931.388489 1963.469238
-932.217163 1972.973511
-933.048950 1982.506226
-933.883850 1992.067261
-934.721924 2001.656616
-935.563110 2011.274292
-936.407410 2020.920410
-937.254822 2030.594849
-938.105347 2040.297607
-938.959045 2050.028809
-939.815857 2059.788330
-940.675781 2069.576172
-941.538818 2079.392334
-942.404968 2089.236816
-943.274292 2099.109619
-944.146729 2109.010742
-945.022278 2118.940186
-945.900940 2128.898193
-946.782715 2138.884521
-947.667664 2148.899170
-948.555725 2158.942139
-949.446899 2169.013428
-950.341187 2179.113037
-951.238586 2189.240967
-952.139160 2199.397217
-953.042847 2209.582031
-953.949646 2219.795166
-954.859558 2230.036621
-955.772583 2240.306396
-956.688782 2250.604492
-957.608093 2260.930908
-958.530518 2271.285645
-959.456055 2281.668701
-960.353333 2292.065430
-961.232788 2302.480469
-962.094482 2312.914062
-962.938354 2323.365967
-963.764465 2333.836426
-964.572754 2344.325439
-965.363220 2354.832764
-966.135925 2365.358643
-966.890808 2375.902832
-967.627869 2386.465576
-968.347168 2397.046631
-969.048645 2407.646240
-969.732361 2418.264404
-970.398254 2428.900879
-971.046326 2439.555908
-971.676636 2450.229248
-972.289124 2460.921143
-972.883789 2471.631348
-973.460693 2482.360107
-974.019775 2493.107422
-974.561035 2503.873047
-975.084534 2514.657227
-975.590210 2525.459717
-976.078125 2536.280762
-976.548218 2547.120117
-977.000488 2557.978027
-977.434998 2568.854492
-977.851685 2579.749268
-978.250549 2590.662598
-978.631653 2601.594238
-978.994934 2612.544434
-979.340393 2623.512939
-979.668091 2634.500000
-979.977966 2645.505615
-980.270081 2656.529541
-980.544373 2667.572021
-980.800842 2678.632812
-981.039551 2689.712158
-981.260437 2700.809814
-981.463501 2711.926025
-981.657532 2723.040527
-981.839661 2734.159912
-982.009827 2745.284424
-982.168030 2756.413818
-982.314270 2767.548340
-982.448608 2778.687744
-982.570984 2789.832275
-982.681396 2800.981689
-982.779846 2812.136230
-982.866333 2823.295654
-982.940918 2834.460205
-983.003540 2845.629639
-983.054199 2856.804199
-983.092896 2867.983643
-983.119629 2879.168213
-983.134460 2890.357666
-983.137329 2901.552246
-983.128235 2912.751709
-983.107178 2923.956299
-983.074158 2935.165771
-983.029236 2946.380371
-982.972351 2957.599854
-982.903503 2968.824219
-982.822693 2980.053711
-982.729980 2991.288086
-982.625305 3002.527588
-982.508667 3013.771973
-982.380066 3025.021484
-982.239502 3036.275879
-982.087036 3047.535400
-981.922607 3058.799805
-981.746216 3070.069336
-981.557861 3081.343750
-981.357544 3092.623291
-981.145325 3103.907715
-980.921143 3115.197266
-980.684998 3126.491699
-980.436890 3137.791260
-980.176819 3149.095703
-979.904846 3160.405273
-979.635315 3171.734863
-979.363403 3183.079834
-979.089172 3194.439941
-978.812561 3205.815186
-978.533630 3217.205566
-978.252319 3228.611084
-977.968689 3240.031738
-977.682678 3251.467529
-977.394348 3262.918457
-977.103638 3274.384521
-976.810608 3285.865723
-976.515198 3297.362061
-976.217468 3308.873535
-975.917358 3320.400146
-975.614929 3331.941895
-975.310120 3343.498779
-975.002991 3355.070801
-974.693481 3366.657959
-974.381653 3378.260254
-974.067444 3389.877930
-973.750916 3401.510742
-973.432007 3413.158691
-973.110779 3424.821777
-972.787170 3436.500000
-972.461243 3448.193359
-972.132935 3459.901855
-971.802307 3471.625488
-971.469299 3483.364258
-971.133972 3495.118164
-970.796265 3506.887207
-970.456238 3518.671387
-970.113831 3530.470703
-969.769104 3542.285156
-969.421997 3554.114746
-969.072571 3565.959473
-968.720764 3577.819336
-968.366638 3589.694336
-968.010132 3601.584717
-967.651306 3613.490234
-967.290100 3625.410889
-966.906433 3637.324707
-966.506958 3649.239014
-966.091736 3661.153809
-965.660706 3673.069336
-965.213928 3684.985352
-964.751404 3696.901855
-964.273071 3708.818848
-963.778992 3720.736572
-963.269104 3732.654785
-962.743469 3744.573486
-962.202026 3756.492920
-961.644836 3768.412842
-961.071838 3780.333252
-960.483093 3792.254150
-959.878540 3804.175781
-959.258240 3816.097900
-958.622192 3828.020508
-957.970337 3839.943604
-957.302734 3851.867432
-956.619324 3863.791748
-955.920166 3875.716553
-955.205200 3887.641846
-954.474487 3899.567871
-953.727966 3911.494385
-952.965698 3923.421387
-952.187622 3935.348877
-951.393799 3947.277100
-950.584167 3959.205811
-949.758789 3971.135010
-948.917664 3983.064697
-948.060730 3994.995117
-947.188049 4006.926025
-946.299561 4018.857422
-945.395325 4030.789307
-944.475281 4042.721924
-943.539490 4054.655029
-942.587891 4066.588623
-941.620544 4078.522705
-940.637390 4090.457520
-939.638489 4102.392578
-938.630432 4114.292969
-937.611023 4126.170410
-936.580261 4138.024902
-935.538147 4149.856445
-934.484680 4161.665039
-933.419861 4173.450684
-932.343750 4185.213379
-931.256287 4196.953125
-930.157471 4208.669922
-929.047302 4220.363770
-927.925781 4232.034668
-926.792908 4243.682617
-925.648682 4255.307617
-924.493103 4266.909668
-923.326172 4278.488770
-922.147888 4290.044922
-920.958252 4301.577637
-919.757263 4313.087402
-918.544922 4324.574219
-917.321228 4336.038086
-916.086182 4347.479004
-914.839783 4358.896973
-913.582031 4370.291992
-912.312927 4381.664062
-911.032471 4393.013184
-909.740662 4404.339355
-908.437500 4415.642578
-907.122986 4426.922852
-905.797119 4438.180176
-904.459900 4449.414551
-903.111389 4460.625977
-901.751526 4471.814453
-900.380310 4482.979980
-898.997742 4494.122559
-897.603821 4505.241699
-896.198547 4516.337891
-894.781921 4527.411133
-893.353943 4538.461426
-891.914612 4549.488770
-890.463928 4560.493164
-889.015381 4571.522949
-887.564514 4582.561523
-886.111267 4593.609375
-884.655701 4604.666016
-883.197754 4615.731934
-881.737488 4626.807129
-880.274841 4637.891113
-878.809875 4648.984375
-877.342529 4660.086426
-875.872864 4671.197754
-874.400818 4682.318359
-872.926453 4693.447754
-871.449707 4704.586426
-869.970642 4715.733887
-868.489197 4726.890625
-867.005432 4738.056152
-865.519287 4749.230957
-864.030823 4760.415039
-862.539978 4771.607910
-861.046814 4782.810059
-859.551270 4794.020996
-858.053406 4805.241211
-856.553162 4816.470703
-855.050598 4827.708984
-853.545654 4838.956543
-852.038391 4850.212891
-850.528748 4861.478516
-849.016785 4872.752930
-847.502441 4884.036621
-845.985779 4895.329590
-844.466736 4906.631348
-842.945374 4917.942383
-841.421631 4929.262207
-839.895569 4940.591309
-838.367126 4951.929688
-836.836365 4963.276855
-835.303223 4974.633301
-833.767761 4985.998535
-832.229919 4997.373047
-830.689758 5008.756348
-829.122559 5020.143066
-827.536621 5031.535156
-825.931885 5042.932129
-824.308411 5054.334473
-822.666138 5065.741699
-821.005066 5077.154297
-819.325256 5088.572266
-817.626648 5099.995117
-815.909241 5111.423340
-814.173096 5122.856445
-812.418152 5134.294922
-810.644470 5145.738770
-808.851990 5157.187500
-807.040710 5168.641602
-805.210693 5180.100586
-803.361877 5191.564941
-801.494324 5203.034668
-799.607971 5214.509277
-797.702820 5225.989258
-795.778931 5237.474121
-793.836243 5248.964355
-791.874817 5260.459961
-789.894592 5271.960449
-787.895569 5283.466309
-785.877808 5294.977051
-783.841248 5306.493164
-781.785950 5318.014648
-779.711853 5329.541016
-777.618958 5341.072754
-775.507324 5352.609375
-773.376892 5364.151367
-771.227661 5375.698730
-769.059692 5387.250977
-766.872925 5398.808594
-764.667419 5410.371094
-762.443115 5421.938965
-760.200012 5433.512207
-757.938171 5445.090332
-755.657532 5456.673828
-753.358154 5468.262207
-751.056335 5479.858887
-748.746704 5491.462891
-746.429199 5503.074219
-744.103882 5514.692871
-741.770691 5526.318848
-739.429626 5537.952148
-737.080750 5549.592285
-734.723999 5561.239746
-732.359436 5572.894531
-729.987000 5584.556641
-727.606689 5596.226074
-725.218567 5607.902832
-722.822571 5619.586914
-720.418762 5631.277832
-718.007080 5642.976074
-715.587524 5654.681641
-713.160156 5666.394531
-710.724915 5678.114746
-708.281799 5689.842285
-705.830872 5701.576660
-703.372070 5713.318359
-700.905457 5725.067383
-698.430969 5736.823730
-695.948608 5748.587402
-693.458435 5760.358398
-690.960388 5772.136719
-688.454529 5783.921875
-685.940796 5795.714355
-683.419189 5807.514160
-680.889771 5819.321289
-678.352478 5831.135742
-675.807312 5842.957520
-673.254333 5854.786621
-670.693481 5866.622559
-668.124817 5878.465820
-665.548279 5890.316406
-662.963867 5902.174316
-660.371643 5914.039551
-657.771545 5925.912109
-655.163635 5937.791504
-652.523376 5949.695801
-649.858948 5961.619141
-647.170349 5973.561035
-644.457520 5985.521973
-641.720520 5997.501953
-638.959351 6009.500977
-636.174011 6021.518555
-633.364502 6033.555176
-630.530823 6045.610840
-627.672974 6057.685059
-624.790955 6069.778320
-621.884766 6081.890625
-618.954407 6094.021973
-615.999878 6106.171875
-613.021179 6118.340820
-610.018311 6130.528809
-606.991211 6142.735352
-603.939941 6154.960938
-600.864502 6167.205566
-597.764893 6179.469238
-594.641113 6191.751465
-591.493164 6204.052734
-588.321045 6216.373047
-585.124756 6228.711914
-581.904297 6241.069824
-578.659668 6253.446777
-575.390869 6265.842285
-572.097900 6278.256836
-568.780701 6290.690430
-565.439331 6303.143066
-562.073792 6315.614258
-558.684082 6328.104492
-555.270203 6340.613770
-551.832153 6353.141602
-548.369934 6365.688477
-544.883545 6378.254395
-541.372986 6390.839355
-537.838257 6403.442871
-534.279358 6416.065430
-530.696289 6428.707031
-527.103027 6441.367676
-523.494934 6454.047852
-519.872009 6466.747070
-516.234314 6479.465332
-512.581787 6492.203125
-508.914429 6504.959961
-505.232239 6517.735840
-501.535217 6530.531250
-497.823364 6543.345703
-494.096680 6556.179199
-490.355194 6569.031738
-486.598877 6581.903809
-482.827728 6594.794922
-479.041748 6607.705078
-475.240936 6620.634766
-471.425323 6633.583496
-467.594879 6646.551270
-463.749603 6659.538574
-459.889496 6672.544922
-456.014557 6685.570312
-452.124817 6698.615234
-448.220245 6711.679199
-444.300842 6724.762207
-440.366608 6737.864746
-436.417572 6750.986328
-432.453705 6764.126953
-428.475006 6777.287109
-424.481476 6790.466309
-420.473114 6803.664551
-416.449951 6816.882324
-412.411957 6830.119141
-408.359131 6843.375000
-404.291473 6856.650391
-400.208984 6869.944824
-396.111694 6883.258301
-391.999573 6896.591309
-387.872620 6909.943359
-383.730835 6923.314453
-379.574249 6936.705078
-375.402832 6950.114746
-371.237244 6963.545410
-367.070618 6976.996582
-362.902924 6990.468262
-358.734192 7003.960449
-354.564392 7017.473145
-350.393555 7031.006348
-346.221680 7044.560059
-342.048737 7058.134277
-337.874756 7071.729004
-333.699707 7085.343750
-329.523621 7098.979004
-325.346497 7112.634766
-321.168304 7126.311035
-316.989075 7140.007812
-312.808777 7153.725098
-308.627441 7167.462891
-304.445068 7181.221191
-300.261627 7195.000000
-296.077148 7208.799316
-291.891602 7222.619141
-287.705017 7236.459473
-283.517395 7250.320312
-279.328705 7264.201660
-275.138977 7278.103516
-270.948181 7292.025391
-266.756348 7305.967773
-262.563477 7319.930664
-258.369537 7333.914062
-254.174545 7347.917969
-249.978516 7361.942383
-245.781433 7375.987305
-241.583298 7390.052734
-237.384109 7404.138672
-233.183868 7418.245117
-228.982590 7432.372070
-224.780258 7446.519531
-220.576874 7460.687500
-216.372437 7474.875977
-212.166946 7489.084961
-207.960419 7503.313965
-203.744507 7517.556152
-199.522003 7531.813477
-195.292892 7546.086426
-191.057190 7560.374512
-186.814880 7574.677734
-182.565964 7588.996582
-178.310455 7603.330566
-174.048340 7617.680176
-169.779633 7632.044922
-165.504318 7646.425293
-161.222412 7660.820801
-156.933899 7675.231445
-152.638794 7689.657715
-148.337082 7704.099121
-144.028778 7718.556152
-139.713867 7733.028320
-135.392365 7747.516113
-131.064255 7762.019043
-126.729546 7776.537598
-122.388237 7791.071289
-118.040329 7805.620117
-113.685822 7820.184570
-109.324715 7834.764160
-104.957008 7849.359375
-100.582703 7863.969727
-96.201797 7878.595703
-91.814293 7893.236816
-87.420181 7907.893066
-83.019470 7922.564941
-78.612160 7937.251953
-74.198250 7951.954590
-69.777740 7966.672363
-65.350632 7981.405762
-60.916924 7996.154297
-56.476616 8010.918457
-52.029709 8025.697754
-47.576202 8040.492188
-43.116096 8055.302246
-38.649391 8070.127441
-34.176086 8084.968262
-29.709492 8099.809570
-25.245173 8114.656250
-20.783129 8129.508789
-16.323360 8144.366699
-11.865866 8159.229980
-7.410646 8174.099121
-2.957702 8188.973633
1.492967 8203.853516
5.941361 8218.739258
10.387481 8233.629883
14.831326 8248.526367
19.272896 8263.428711
23.712191 8278.335938
28.149210 8293.249023
32.583954 8308.167969
37.016422 8323.091797
41.446617 8338.021484
45.874535 8352.957031
50.300179 8367.897461
54.723549 8382.843750
59.144642 8397.795898
63.563461 8412.752930
67.980003 8427.715820
72.394272 8442.684570
76.806267 8457.658203
81.215988 8472.637695
85.623436 8487.623047
90.028603 8502.613281
94.431496 8517.609375
98.832115 8532.611328
103.230461 8547.618164
107.626534 8562.630859
112.020325 8577.649414
116.411842 8592.672852
120.801086 8607.702148
125.188057 8622.737305
129.572754 8637.777344
133.955170 8652.823242
138.335312 8667.874023
142.713181 8682.930664
147.077072 8697.970703
151.430893 8713.000977
155.774643 8728.021484
160.108307 8743.032227
164.431900 8758.034180
168.745422 8773.026367
173.048859 8788.008789
177.342224 8802.981445
181.625519 8817.945312
185.898743 8832.899414
190.161880 8847.843750
194.414948 8862.778320
198.657944 8877.704102
202.890869 8892.620117
207.113708 8907.526367
211.326477 8922.422852
215.529175 8937.310547
219.721786 8952.188477
223.904327 8967.056641
228.076797 8981.915039
232.239197 8996.764648
236.391510 9011.604492
240.533752 9026.434570
244.665924 9041.254883
248.788010 9056.066406
252.900024 9070.868164
257.001953 9085.660156
261.093811 9100.442383
265.175598 9115.215820
269.247314 9129.979492
273.308960 9144.733398
277.360535 9159.477539
281.402039 9174.212891
285.433441 9188.938477
289.454773 9203.654297
293.466034 9218.360352
297.467224 9233.057617
301.458344 9247.745117
305.439392 9262.422852
309.410370 9277.090820
313.381073 9291.779297
317.348267 9306.478516
321.311920 9321.188477
325.272064 9335.908203
329.228668 9350.638672
333.181763 9365.379883
337.131317 9380.130859
341.077362 9394.892578
345.019867 9409.665039
348.958862 9424.448242
352.894318 9439.241211
356.826263 9454.044922
360.754669 9468.859375
364.679565 9483.683594
368.600922 9498.518555
372.518768 9513.364258
376.433075 9528.219727
380.343872 9543.085938
384.251129 9557.962891
388.154877 9572.850586
392.055084 9587.748047
395.951782 9602.656250
399.844940 9617.575195
403.734589 9632.503906
407.620697 9647.443359
411.503296 9662.393555
415.382355 9677.353516
419.257904 9692.324219
423.129913 9707.305664
426.998413 9722.297852
430.863373 9737.299805
434.724823 9752.312500
438.582733 9767.335938
442.437134 9782.369141
446.287994 9797.413086
450.135345 9812.467773
453.979156 9827.532227
457.819458 9842.607422
461.656219 9857.693359
465.489471 9872.790039
469.353119 9887.893555
473.235870 9903.004883
477.137726 9918.125000
481.058685 9933.252930
484.998749 9948.388672
488.957886 9963.533203
492.936127 9978.685547
496.933472 9993.846680
500.949921 10009.015625
504.985474 10024.192383
509.040131 10039.377930
513.113892 10054.571289
517.206726 10069.773438
521.318665 10084.983398
525.449707 10100.201172
529.599854 10115.427734
533.769104 10130.662109
537.957458 10145.905273
542.164917 10161.156250
546.391479 10176.415039
550.637146 10191.682617
554.901917 10206.958008
559.185791 10222.242188
563.488770 10237.534180
567.810852 10252.833984
572.151978 10268.142578
576.512207 10283.458984
580.891541 10298.783203
585.289978 10314.116211
589.707520 10329.457031
594.144165 10344.806641
598.599915 10360.164062
603.074768 10375.529297
607.568726 10390.903320
612.081787 10406.285156
616.613953 10421.675781
621.165222 10437.074219
625.735596 10452.480469
630.325073 10467.895508
634.933655 10483.318359
639.569702 10498.745117
644.230469 10514.176758
648.915955 10529.614258
653.626099 10545.056641
658.360962 10560.503906
663.120544 10575.957031
667.904785 10591.415039
672.713745 10606.878906
677.547424 10622.347656
682.405762 10637.821289
687.288818 10653.300781
692.196594 10668.785156
697.129028 10684.274414
702.086182 10699.769531
707.068054 10715.269531
712.074585 10730.774414
717.105835 10746.285156
722.161804 10761.800781
727.242493 10777.321289
732.347839 10792.847656
737.477905 10808.378906
742.632690 10823.915039
747.812134 10839.457031
753.016296 10855.003906
758.245178 10870.555664
763.498718 10886.113281
768.776978 10901.675781
774.079956 10917.244141
779.407593 10932.817383
784.759949 10948.395508
790.137024 10963.979492
795.538757 10979.568359
800.965210 10995.162109
806.416382 11010.761719
811.892273 11026.366211
817.392822 11041.975586
822.918091 11057.590820
828.468079 11073.210938
834.042725 11088.835938
839.642090 11104.466797
845.244263 11120.132812
850.856506 11135.824219
856.478882 11151.541016
862.111328 11167.283203
867.753906 11183.050781
873.406555 11198.843750
879.069336 11214.662109
884.742188 11230.505859
890.425171 11246.375000
896.118225 11262.269531
901.821411 11278.189453
907.534668 11294.134766
913.258057 11310.105469
918.991516 11326.101562
924.735107 11342.123047
930.488770 11358.169922
936.252502 11374.242188
942.026367 11390.339844
947.810303 11406.462891
953.604370 11422.611328
959.408508 11438.785156
965.222778 11454.984375
971.047119 11471.208984
976.881592 11487.458984
982.726135 11503.734375
988.580811 11520.035156
994.445557 11536.361328
1000.320435 11552.712891
1006.205383 11569.089844
1012.100464 11585.492188
1018.005615 11601.919922
1023.920898 11618.373047
1029.846313 11634.851562
1035.781738 11651.355469
1041.727295 11667.884766
1047.682983 11684.439453
1053.648804 11701.019531
1059.624634 11717.625000
1065.610596 11734.255859
1071.606689 11750.912109
1077.606934 11767.565430
1083.613281 11784.225586
1089.625732 11800.892578
1095.644287 11817.566406
1101.668945 11834.246094
1107.699707 11850.932617
1113.736694 11867.625977
1119.779785 11884.325195
1125.828979 11901.031250
1131.884277 11917.744141
1137.945679 11934.462891
1144.013306 11951.188477
1150.087036 11967.920898
1156.166870 11984.659180
1162.252808 12001.404297
1168.344849 12018.156250
1174.442993 12034.914062
1180.547363 12051.678711
1186.657837 12068.450195
1192.774414 12085.227539
1198.897095 12102.011719
1205.025879 12118.802734
1211.160767 12135.599609
1217.301880 12152.403320
1223.449097 12169.213867
1229.602417 12186.031250
1235.761841 12202.854492
1241.927368 12219.684570
1248.099121 12236.521484
1254.276978 12253.364258
1260.460938 12270.213867
1266.651001 12287.070312
1272.847168 12303.932617
1279.049438 12320.801758
1285.257935 12337.677734
1291.472534 12354.559570
1297.693237 12371.448242
1303.920044 12388.343750
1310.152954 12405.245117
1316.391968 12422.153320
1322.632935 12439.040039
1328.877197 12455.915039
1335.124756 12472.778320
1341.375610 12489.629883
1347.629761 12506.469727
1353.887207 12523.297852
1360.147949 12540.114258
1366.411987 12556.917969
1372.679321 12573.709961
1378.949951 12590.490234
1385.223877 12607.258789
1391.501099 12624.015625
1397.781616 12640.760742
1404.065430 12657.493164
1410.352539 12674.213867
1416.642944 12690.922852
1422.936768 12707.620117
1429.233887 12724.305664
1435.534302 12740.979492
1441.838013 12757.640625
1448.145020 12774.290039
1454.455322 12790.927734
1460.768921 12807.553711
1467.085815 12824.167969
1473.406006 12840.770508
1479.729492 12857.360352
1486.056274 12873.938477
1492.386353 12890.504883
1498.719727 12907.059570
1505.056396 12923.602539
1511.396362 12940.133789
1517.739624 12956.653320
1524.086182 12973.160156
1530.436035 12989.655273
1536.789185 13006.138672
1543.145630 13022.610352
1549.505371 13039.070312
1555.868408 13055.518555
1562.234741 13071.954102
1568.604370 13088.377930
1574.961548 13104.791992
1581.311523 13121.195312
1587.654297 13137.587891
1593.989746 13153.969727
1600.317993 13170.340820
1606.639038 13186.701172
1612.952881 13203.050781
1619.259521 13219.389648
1625.558960 13235.717773
1631.851074 13252.035156
1638.135986 13268.341797
1644.413696 13284.637695
1650.684204 13300.922852
1656.947510 13317.197266
1663.203491 13333.460938
1669.452271 13349.713867
1675.693848 13365.956055
1681.928223 13382.187500
1688.155396 13398.408203
1694.375244 13414.618164
1700.587891 13430.817383
1706.793335 13447.005859
1712.991577 13463.183594
1719.182617 13479.350586
1725.366455 13495.506836
1731.542969 13511.652344
1737.712280 13527.787109
1743.874390 13543.911133
1750.029297 13560.024414
1756.177002 13576.126953
1762.317383 13592.218750
1768.450562 13608.299805
1774.576538 13624.370117
1780.695312 13640.429688
1786.806885 13656.478516
1792.911133 13672.516602
1799.008179 13688.543945
1805.098022 13704.560547
1811.180664 13720.566406
1817.256104 13736.561523
1823.328125 13752.522461
1829.395386 13768.457031
1835.458008 13784.365234
1841.515869 13800.247070
1847.569092 13816.102539
1853.617554 13831.931641
1859.661377 13847.734375
1865.700439 13863.511719
1871.734863 13879.262695
1877.764526 13894.987305
1883.789551 13910.685547
1889.809814 13926.357422
1895.825317 13942.002930
1901.836182 13957.622070
1907.842285 13973.214844
1913.843750 13988.781250
1919.840454 14004.322266
1925.832520 14019.836914
1931.819824 14035.325195
1937.802490 14050.787109
1943.780396 14066.222656
1949.753662 14081.631836
1955.722168 14097.014648
1961.686035 14112.371094
1967.645142 14127.702148
1973.599609 14143.006836
1979.549316 14158.285156
1985.494385 14173.537109
1991.434692 14188.762695
1997.370361 14203.961914
2003.301270 14219.134766
2009.227539 14234.281250
2015.149048 14249.402344
2021.065918 14264.497070
2026.978027 14279.565430
2032.885498 14294.607422
2038.788208 14309.623047
2044.686279 14324.612305
2050.579590 14339.575195
2056.468262 14354.511719
2062.328369 14369.456055
2068.167969 14384.396484
2073.987061 14399.333008
2079.785645 14414.265625
2085.563721 14429.193359
2091.321045 14444.117188
2097.057861 14459.037109
2102.774170 14473.953125
2108.469971 14488.865234
2114.145264 14503.773438
2119.800049 14518.677734
2125.434082 14533.578125
2131.047607 14548.474609
2136.640625 14563.367188
2142.213135 14578.255859
2147.765137 14593.140625
2153.296631 14608.021484
2158.807373 14622.898438
2164.297607 14637.770508
2169.767334 14652.638672
2175.216553 14667.502930
2180.645264 14682.363281
2186.053467 14697.219727
2191.440918 14712.072266
2196.807861 14726.920898
2202.154297 14741.765625
2207.480225 14756.606445
2212.785645 14771.443359
2218.070312 14786.276367
2223.334473 14801.105469
2228.578125 14815.930664
2233.801270 14830.751953
2239.003906 14845.568359
2244.186035 14860.380859
2249.347412 14875.189453
2254.488281 14889.994141
2259.608643 14904.794922
2264.708496 14919.591797
2269.787842 14934.384766
2274.846680 14949.173828
2279.882324 14963.924805
2284.895752 14978.649414
2289.886963 14993.347656
2294.855957 15008.019531
2299.802734 15022.665039
2304.727295 15037.284180
2309.629639 15051.876953
2314.509766 15066.443359
2319.367676 15080.983398
2324.203369 15095.497070
2329.016846 15109.984375
2333.808105 15124.445312
2338.577148 15138.879883
2343.323975 15153.288086
2348.048584 15167.669922
2352.750977 15182.025391
2357.431152 15196.354492
2362.089111 15210.657227
2366.724854 15224.933594
2371.338379 15239.183594
2375.929443 15253.407227
2380.498291 15267.604492
2385.044922 15281.775391
2389.569336 15295.919922
2394.071533 15310.038086
2398.551514 15324.129883
2403.009277 15338.195312
2407.444824 15352.234375
2411.858154 15366.247070
2416.249268 15380.232422
2420.618164 15394.191406
2424.964844 15408.124023
2429.289307 15422.030273
2433.591553 15435.910156
2437.871582 15449.763672
2442.129395 15463.590820
2446.364990 15477.391602
2450.578369 15491.166016
2454.769531 15504.914062
2458.938477 15518.635742
2463.098145 15532.341797
2467.244385 15546.028320
2471.376953 15559.695312
2475.496094 15573.342773
2479.601562 15586.970703
2483.693604 15600.579102
2487.771973 15614.167969
2491.836914 15627.737305
2495.888184 15641.287109
2499.926025 15654.817383
2503.950195 15668.328125
2507.960938 15681.819336
2511.958008 15695.291016
2515.941650 15708.743164
2519.911621 15722.175781
2523.868164 15735.588867
2527.811035 15748.982422
2531.740479 15762.356445
2535.656250 15775.710938
2539.558594 15789.045898
2543.447266 15802.361328
2547.322510 15815.657227
2551.184082 15828.933594
2555.032227 15842.190430
2558.866699 15855.427734
2562.687744 15868.646484
2566.495117 15881.845703
2570.289062 15895.025391
2574.069336 15908.185547
2577.836182 15921.326172
2581.589355 15934.447266
2585.329102 15947.548828
2589.055176 15960.630859
2592.767822 15973.693359
2596.466797 15986.736328
2600.152344 15999.759766
2603.824219 16012.763672
2607.482666 16025.748047
2611.127441 16038.712891
2614.758789 16051.658203
2618.378906 16064.600586
2621.986816 16077.534180
2625.582764 16090.458984
2629.166748 16103.375000
2632.738770 16116.282227
2636.298828 16129.180664
2639.846924 16142.071289
2643.383057 16154.953125
2646.906982 16167.826172
2650.418945 16180.690430
2653.918945 16193.545898
2657.406982 16206.392578
2660.883057 16219.230469
2664.347168 16232.060547
2667.799072 16244.881836
2671.239014 16257.694336
2674.666992 16270.498047
2678.083008 16283.292969
2681.487061 16296.079102
2684.879150 16308.856445
2688.259277 16321.625977
2691.627197 16334.386719
2694.983154 16347.138672
2698.327148 16359.881836
2701.659180 16372.616211
2704.979248 16385.341797
2708.287354 16398.058594
2711.583252 16410.767578
2714.867188 16423.466797
2718.139160 16436.158203
2721.399170 16448.839844
2724.647217 16461.513672
2727.883301 16474.179688
2731.107422 16486.835938
2734.319336 16499.484375
2737.519287 16512.123047
2740.707275 16524.753906
2743.883301 16537.375000
2747.047363 16549.988281
2750.199463 16562.593750
2753.344727 16575.195312
2756.481445 16587.792969
2759.609619 16600.386719
2762.729492 16612.974609
2765.840820 16625.558594
2768.943604 16638.138672
2772.037842 16650.712891
2775.123535 16663.283203
2778.200684 16675.849609
2781.269531 16688.410156
2784.329834 16700.966797
2787.381592 16713.519531
2790.424805 16726.066406
2793.459473 16738.609375
2796.485840 16751.148438
2799.503662 16763.681641
2802.512939 16776.210938
2805.513672 16788.736328
2808.505859 16801.255859
2811.489746 16813.771484
2814.465088 16826.281250
2817.431885 16838.787109
2820.390137 16851.289062
2823.339844 16863.785156
2826.281006 16876.277344
2829.213867 16888.765625
2832.138184 16901.248047
2835.053955 16913.726562
2837.961182 16926.201172
2840.859863 16938.669922
2843.750244 16951.134766
2846.632080 16963.595703
2849.505371 16976.050781
2852.370117 16988.501953
2855.226318 17000.949219
2858.073975 17013.390625
2860.913330 17025.828125
2863.744141 17038.261719
2866.566406 17050.689453
2869.380127 17063.113281
2872.190186 17075.525391
2874.994873 17087.927734
2877.794434 17100.322266
2880.588623 17112.707031
2883.377441 17125.082031
2886.160889 17137.447266
2888.939209 17149.804688
2891.712158 17162.152344
2894.479736 17174.490234
2897.242188 17186.820312
2899.999268 17199.140625
2902.750977 17211.451172
2905.497559 17223.751953
2908.238770 17236.044922
2910.974609 17248.328125
2913.705078 17260.601562
2916.430420 17272.865234
2919.150391 17285.121094
2921.864990 17297.367188
2924.574463 17309.603516
2927.278564 17321.832031
2929.977295 17334.050781
2932.670654 17346.259766
2935.358887 17358.458984
2938.041748 17370.650391
2940.719238 17382.832031
2943.391602 17395.003906
2946.058594 17407.167969
2948.720215 17419.322266
2951.376465 17431.466797
2954.027588 17443.601562
2956.673340 17455.728516
2959.313721 17467.845703
2961.948975 17479.953125
2964.578857 17492.050781
2967.203369 17504.140625
2969.822754 17516.220703
2972.436768 17528.291016
2975.045410 17540.353516
2977.648682 17552.406250
2980.343262 17564.457031
2983.096924 17576.503906
2985.909424 17588.544922
2988.781006 17600.582031
2991.711670 17612.615234
2994.701416 17624.644531
2997.750000 17636.669922
3000.857666 17648.689453
3004.024414 17660.705078
3007.250244 17672.716797
3010.535156 17684.724609
3013.878906 17696.728516
3017.281738 17708.726562
3020.743652 17720.720703
3024.264648 17732.710938
3027.844482 17744.697266
3031.483398 17756.677734
3035.181396 17768.654297
3038.938477 17780.626953
3042.754395 17792.595703
3046.629395 17804.560547
3050.563477 17816.519531
3054.556641 17828.474609
3058.608887 17840.425781
3062.719971 17852.373047
3066.890137 17864.316406
3071.119385 17876.253906
3075.407715 17888.187500
3079.754883 17900.117188
3084.161133 17912.042969
3088.626465 17923.962891
3093.150879 17935.878906
3097.734131 17947.791016
3102.376465 17959.699219
3107.077881 17971.603516
3111.838379 17983.501953
3116.657715 17995.396484
3121.536133 18007.287109
3126.473633 18019.173828
3131.470215 18031.056641
3136.559814 18042.914062
3141.730957 18054.753906
3146.983887 18066.576172
3152.318359 18078.378906
3157.734619 18090.164062
3163.232422 18101.931641
3168.812012 18113.681641
3174.473145 18125.414062
3180.216064 18137.126953
3186.040771 18148.822266
3191.947021 18160.500000
3197.935059 18172.160156
3204.004639 18183.802734
3210.156006 18195.427734
3216.388916 18207.033203
3222.703613 18218.621094
3229.099854 18230.191406
3235.577881 18241.744141
3242.137451 18253.279297
3248.778809 18264.796875
3255.501953 18276.294922
3262.306641 18287.775391
3269.193115 18299.238281
3276.161133 18310.683594
3283.210938 18322.111328
3290.342285 18333.519531
3297.555420 18344.910156
3304.850098 18356.283203
3312.226562 18367.638672
3319.684570 18378.976562
3327.224365 18390.296875
3334.845703 18401.597656
3342.548828 18412.880859
3350.333740 18424.146484
3358.200195 18435.394531
3366.148438 18446.625000
3374.178223 18457.835938
3382.289795 18469.029297
3390.482910 18480.205078
3398.757812 18491.363281
3407.117920 18502.529297
3415.562012 18513.695312
3424.090088 18524.859375
3432.702148 18536.023438
3441.398193 18547.185547
3450.178223 18558.347656
3459.042236 18569.507812
3467.990234 18580.667969
3477.022217 18591.828125
3486.138184 18602.986328
3495.338135 18614.144531
3504.622070 18625.300781
3513.989990 18636.457031
3523.441895 18647.613281
3532.977783 18658.767578
3542.597900 18669.921875
3552.302002 18681.074219
3562.090088 18692.226562
3571.962158 18703.378906
3581.918213 18714.529297
3591.958252 18725.679688
3602.082275 18736.828125
3612.290283 18747.976562
3622.582275 18759.123047
3632.958252 18770.269531
3643.418213 18781.416016
3653.962158 18792.560547
3664.590088 18803.705078
3675.302002 18814.847656
3686.097900 18825.990234
3696.977783 18837.132812
3707.941895 18848.273438
3718.989990 18859.414062
3730.122070 18870.552734
3741.338135 18881.691406
3752.638184 18892.830078
3764.022217 18903.966797
3775.490234 18915.103516
3787.042236 18926.238281
3798.678223 18937.373047
3810.351807 18948.474609
3822.078613 18959.552734
3833.858398 18970.609375
3845.691406 18981.642578
3857.577393 18992.652344
3869.516602 19003.640625
3881.508789 19014.605469
3893.554199 19025.546875
3905.652588 19036.466797
3917.804199 19047.363281
3930.008789 19058.238281
3942.266602 19069.089844
3954.577393 19079.917969
3966.941406 19090.724609
3979.358398 19101.507812
3991.828613 19112.269531
4004.351807 19123.007812
4016.928223 19133.722656
4029.557617 19144.416016
4042.240234 19155.085938
4054.975830 19165.734375
4067.764648 19176.359375
4080.606445 19186.960938
4093.501465 19197.541016
4106.449707 19208.097656
4119.450684 19218.630859
4132.504883 19229.142578
4145.612305 19239.630859
4158.772949 19250.097656
4171.986328 19260.541016
4185.252930 19270.960938
4198.572754 19281.359375
4211.945801 19291.734375
4225.371582 19302.087891
4238.850586 19312.417969
4252.382812 19322.724609
4265.968262 19333.009766
4279.606445 19343.271484
4293.297852 19353.511719
4307.042480 19363.728516
4320.809570 19373.917969
4334.609375 19384.082031
4348.441895 19394.220703
4362.307129 19404.333984
4376.204590 19414.421875
4390.134766 19424.484375
4404.097656 19434.521484
4418.093262 19444.531250
4432.121582 19454.515625
4446.182617 19464.474609
4460.276367 19474.408203
4474.402832 19484.316406
4488.562012 19494.199219
4502.753906 19504.056641
4516.978516 19513.888672
4531.235840 19523.695312
4545.525391 19533.476562
4559.847656 19543.232422
4574.202637 19552.960938
4588.590332 19562.664062
4603.010742 19572.341797
4617.463867 19581.994141
4631.949707 19591.621094
4646.468262 19601.222656
4661.019531 19610.798828
4675.603516 19620.349609
4690.220215 19629.875000
4704.869629 19639.375000
4719.551758 19648.847656
4734.266113 19658.294922
4749.013184 19667.716797
4763.792969 19677.113281
4778.605469 19686.484375
4793.450684 19695.830078
4808.328613 19705.150391
4823.239258 19714.445312
4838.182617 19723.714844
4853.158691 19732.958984
4868.167480 19742.177734
4883.208984 19751.369141
4898.292969 19760.562500
4913.416016 19769.750000
4928.578613 19778.929688
4943.780273 19788.101562
4959.021484 19797.265625
4974.301758 19806.423828
4989.621582 19815.574219
5004.980469 19824.716797
5020.378906 19833.851562
5035.816406 19842.980469
5051.293457 19852.101562
5066.809570 19861.214844
5082.365234 19870.320312
5097.959961 19879.419922
5113.594238 19888.511719
5129.267578 19897.595703
5144.980469 19906.671875
5160.732422 19915.742188
5176.523926 19924.804688
5192.354492 19933.859375
5208.224609 19942.906250
5224.133789 19951.947266
5240.082520 19960.980469
5256.070312 19970.005859
5272.097656 19979.023438
5288.164062 19988.035156
5304.270020 19997.039062
5320.415039 20006.035156
5336.599609 20015.023438
5352.823242 20024.005859
5369.085938 20032.980469
5385.388184 20041.947266
5401.729492 20050.906250
5418.110352 20059.859375
5434.530273 20068.804688
5450.989746 20077.742188
5467.488281 20086.671875
5484.026367 20095.595703
5500.603516 20104.511719
5517.220215 20113.419922
5533.875977 20122.322266
5550.571289 20131.218750
5567.305664 20140.107422
5584.079102 20148.990234
5600.892090 20157.867188
5617.744141 20166.738281
5634.635742 20175.601562
5651.566406 20184.458984
5668.536133 20193.310547
5685.545410 20202.154297
5702.593750 20210.992188
5719.681152 20219.824219
5736.808105 20228.648438
5753.974121 20237.466797
5771.179688 20246.279297
5788.424316 20255.083984
5805.708008 20263.882812
5823.031250 20272.675781
5840.393555 20281.462891
5857.794922 20290.242188
5875.235840 20299.015625
5892.715820 20307.783203
5910.235352 20316.542969
5927.793945 20325.296875
5945.391602 20334.044922
5963.028809 20342.785156
5980.705078 20351.519531
5998.420898 20360.248047
6016.175781 20368.970703
6033.969727 20377.685547
6051.803223 20386.394531
6069.675781 20395.097656
6087.587402 20403.792969
6105.538574 20412.482422
6123.528809 20421.166016
6141.558594 20429.841797
6159.627441 20438.511719
6177.735352 20447.175781
6195.882812 20455.833984
6214.069336 20464.484375
6232.295410 20473.121094
6250.561035 20481.748047
6268.866211 20490.363281
6287.210938 20498.966797
6305.595215 20507.560547
6324.019043 20516.142578
6342.482422 20524.714844
6360.985352 20533.275391
6379.527832 20541.824219
6398.109863 20550.363281
6416.731445 20558.890625
6435.392578 20567.406250
6454.093262 20575.912109
6472.833496 20584.406250
6491.613281 20592.888672
6510.432617 20601.361328
6529.291504 20609.822266
6548.189941 20618.271484
6567.127930 20626.710938
6586.105469 20635.138672
6605.122559 20643.556641
6624.179199 20651.962891
6643.275391 20660.357422
6662.411133 20668.742188
6681.586426 20677.115234
6700.801270 20685.476562
6720.055664 20693.828125
6739.349609 20702.167969
6758.683105 20710.496094
6778.056152 20718.814453
6797.468750 20727.121094
6816.920898 20735.416016
6836.412598 20743.701172
6855.943848 20751.974609
6875.514648 20760.236328
6895.125000 20768.488281
6914.774902 20776.728516
6934.464355 20784.958984
6954.193359 20793.177734
6973.961914 20801.384766
6993.743164 20809.589844
7013.546387 20817.791016
7033.371094 20825.986328
7053.217285 20834.175781
7073.084961 20842.361328
7092.974121 20850.541016
7112.885254 20858.716797
7132.817871 20866.886719
7152.771973 20875.050781
7172.747559 20883.210938
7192.745117 20891.365234
7212.764160 20899.513672
7232.804688 20907.658203
7252.866699 20915.796875
7272.950684 20923.931641
7293.056152 20932.060547
7313.183105 20940.183594
7333.331543 20948.302734
7353.501953 20956.416016
7373.693848 20964.525391
7393.907227 20972.628906
7414.142090 20980.726562
7434.398926 20988.820312
7454.677246 20996.908203
7474.977051 21004.992188
7495.298340 21013.070312
7515.641113 21021.142578
7536.005859 21029.210938
7556.392090 21037.273438
7576.799805 21045.330078
7597.229004 21053.382812
7617.680176 21061.429688
7638.152832 21069.472656
7658.646973 21077.509766
7679.162598 21085.541016
7699.700195 21093.568359
7720.259277 21101.589844
7740.839844 21109.607422
7761.441895 21117.619141
7782.065918 21125.625000
7802.714844 21133.628906
7823.387695 21141.628906
7844.084473 21149.623047
7864.805176 21157.613281
7885.550293 21165.599609
7906.319336 21173.582031
7927.112305 21181.560547
7947.929199 21189.535156
7968.770020 21197.505859
7989.634766 21205.472656
8010.523438 21213.435547
8031.436035 21221.394531
8052.372559 21229.349609
8073.333008 21237.300781
8094.317871 21245.248047
8115.326660 21253.191406
8136.359375 21261.130859
8157.416016 21269.066406
8178.496582 21276.998047
8199.601562 21284.925781
8220.730469 21292.849609
8241.882812 21300.769531
8263.059570 21308.685547
8284.259766 21316.595703
8305.484375 21324.501953
8326.732422 21332.404297
8348.004883 21340.302734
8369.300781 21348.197266
8390.621094 21356.087891
8411.965820 21363.974609
8433.333984 21371.857422
8454.726562 21379.736328
8476.142578 21387.611328
8497.583008 21395.482422
8519.046875 21403.349609
8540.535156 21411.212891
8562.046875 21419.072266
8583.583008 21426.927734
8605.142578 21434.779297
8626.726562 21442.626953
8648.331055 21450.474609
8669.957031 21458.322266
8691.604492 21466.169922
8713.274414 21474.015625
8734.965820 21481.861328
8756.678711 21489.707031
8778.413086 21497.552734
8800.168945 21505.396484
8821.946289 21513.240234
8843.746094 21521.083984
8865.567383 21528.925781
8887.410156 21536.767578
8909.274414 21544.609375
8931.160156 21552.449219
8953.067383 21560.289062
8974.997070 21568.128906
8996.948242 21575.968750
9018.920898 21583.806641
9040.915039 21591.644531
9062.930664 21599.482422
9084.967773 21607.318359
9107.027344 21615.154297
9129.108398 21622.990234
9151.210938 21630.826172
9173.334961 21638.660156
9195.480469 21646.494141
9217.647461 21654.328125
9239.836914 21662.160156
9262.047852 21669.992188
9284.280273 21677.824219
9306.534180 21685.654297
9328.809570 21693.484375
9351.106445 21701.314453
9373.425781 21709.144531
9395.766602 21716.972656
9418.128906 21724.800781
9440.512695 21732.628906
9462.917969 21740.455078
9485.344727 21748.281250
9507.793945 21756.107422
9530.262695 21763.927734
9552.750977 21771.746094
9575.259766 21779.560547
9597.789062 21787.371094
9620.338867 21795.179688
9642.909180 21802.984375
9665.499023 21810.785156
9688.109375 21818.582031
9710.740234 21826.376953
9733.391602 21834.167969
9756.062500 21841.955078
9778.753906 21849.740234
9801.465820 21857.521484
9824.198242 21865.298828
9846.950195 21873.072266
9869.722656 21880.843750
9892.515625 21888.611328
9915.329102 21896.375000
9938.162109 21904.134766
9961.015625 21911.892578
9983.889648 21919.646484
10006.784180 21927.396484
10029.698242 21935.144531
10052.632812 21942.888672
10075.587891 21950.628906
10098.563477 21958.365234
10121.559570 21966.099609
10144.575195 21973.830078
10167.611328 21981.556641
10190.667969 21989.281250
10213.745117 21997.001953
10236.841797 22004.718750
10259.958984 22012.431641
10283.096680 22020.142578
10306.254883 22027.849609
10329.432617 22035.552734
10352.630859 22043.253906
10375.849609 22050.951172
10399.088867 22058.644531
10422.347656 22066.333984
10445.611328 22074.023438
10468.885742 22081.710938
10492.169922 22089.396484
10515.463867 22097.080078
10538.767578 22104.761719
10562.081055 22112.441406
10585.404297 22120.119141
10608.738281 22127.794922
10632.082031 22135.468750
10655.435547 22143.140625
10678.798828 22150.810547
10702.171875 22158.478516
10725.555664 22166.146484
10748.949219 22173.812500
10772.352539 22181.476562
10795.765625 22189.138672
10819.188477 22196.798828
10842.622070 22204.457031
10866.065430 22212.113281
10889.518555 22219.767578
10912.981445 22227.419922
10936.454102 22235.070312
10959.936523 22242.718750
10983.429688 22250.365234
11006.932617 22258.009766
11030.445312 22265.652344
11053.967773 22273.292969
11077.500000 22280.931641
11101.042969 22288.568359
11124.595703 22296.203125
11148.158203 22303.835938
11171.730469 22311.468750
11195.312500 22319.099609
11218.905273 22326.728516
11242.507812 22334.355469
11266.120117 22341.980469
11289.742188 22349.603516
11313.374023 22357.224609
11337.016602 22364.843750
11360.668945 22372.460938
11384.316406 22380.072266
11407.964844 22387.679688
11431.613281 22395.283203
11455.262695 22402.880859
11478.912109 22410.474609
11502.562500 22418.064453
11526.212891 22425.650391
11549.864258 22433.230469
11573.515625 22440.806641
11597.167969 22448.378906
11620.820312 22455.947266
11644.473633 22463.509766
11668.126953 22471.068359
11691.781250 22478.623047
11715.435547 22486.173828
11739.090820 22493.718750
11762.746094 22501.259766
11786.402344 22508.796875
11810.058594 22516.330078
11833.715820 22523.857422
11857.373047 22531.380859
11881.031250 22538.900391
11904.689453 22546.416016
11928.348633 22553.925781
11952.007812 22561.431641
11975.667969 22568.933594
11999.328125 22576.429688
12022.988281 22583.921875
12046.649414 22591.410156
12070.310547 22598.894531
12093.972656 22606.373047
12117.634766 22613.847656
12141.297852 22621.318359
12164.960938 22628.785156
12188.625000 22636.246094
12212.289062 22643.703125
12235.954102 22651.156250
12259.619141 22658.605469
12283.285156 22666.048828
12306.951172 22673.488281
12330.622070 22680.914062
12354.295898 22688.330078
12377.973633 22695.734375
12401.654297 22703.128906
12425.337891 22710.511719
12449.025391 22717.884766
12472.715820 22725.248047
12496.409180 22732.599609
12520.105469 22739.941406
12543.805664 22747.271484
12567.508789 22754.591797
12591.214844 22761.900391
12614.924805 22769.199219
12638.637695 22776.486328
12662.353516 22783.763672
12686.073242 22791.031250
12709.795898 22798.287109
12733.521484 22805.533203
12757.250000 22812.767578
12780.982422 22819.992188
12804.717773 22827.205078
12828.456055 22834.408203
12852.198242 22841.599609
12875.943359 22848.781250
12899.691406 22855.953125
12923.443359 22863.113281
12947.198242 22870.263672
12970.956055 22877.402344
12994.716797 22884.531250
13018.481445 22891.648438
13042.249023 22898.755859
13066.019531 22905.853516
13089.793945 22912.939453
13113.571289 22920.015625
13137.351562 22927.080078
13161.135742 22934.134766
13184.922852 22941.177734
13208.712891 22948.210938
13232.506836 22955.232422
13256.303711 22962.244141
13280.098633 22969.250000
13303.892578 22976.248047
13327.686523 22983.238281
13351.480469 22990.220703
13375.273438 22997.195312
13399.066406 23004.162109
13422.858398 23011.121094
13446.650391 23018.072266
13470.442383 23025.015625
13494.233398 23031.951172
13518.024414 23038.880859
13541.815430 23045.802734
13565.605469 23052.716797
13589.395508 23059.623047
13613.185547 23066.521484
13636.974609 23073.412109
13660.763672 23080.294922
13684.552734 23087.169922
13708.340820 23094.037109
13732.128906 23100.896484
13755.916016 23107.748047
13779.703125 23114.591797
13803.490234 23121.427734
13827.276367 23128.255859
13851.062500 23135.078125
13874.848633 23141.892578
13898.633789 23148.699219
13922.418945 23155.498047
13946.204102 23162.289062
13969.988281 23169.072266
13993.772461 23175.847656
14017.556641 23182.615234
14041.339844 23189.375000
14065.123047 23196.126953
14088.905273 23202.871094
14112.687500 23209.607422
14136.469727 23216.335938
14160.250977 23223.056641
14184.032227 23229.771484
14207.813477 23236.478516
14231.590820 23243.171875
14255.365234 23249.855469
14279.136719 23256.527344
14302.905273 23263.187500
14326.670898 23269.837891
14350.433594 23276.476562
14374.194336 23283.105469
14397.952148 23289.722656
14421.707031 23296.330078
14445.458984 23302.925781
14469.208008 23309.511719
14492.954102 23316.085938
14516.698242 23322.648438
14540.439453 23329.201172
14564.177734 23335.742188
14587.913086 23342.273438
14611.645508 23348.792969
14635.375000 23355.302734
14659.101562 23361.800781
14682.826172 23368.287109
14706.547852 23374.763672
14730.266602 23381.228516
14753.982422 23387.683594
14777.695312 23394.126953
14801.405273 23400.560547
14825.113281 23406.982422
14848.818359 23413.392578
14872.520508 23419.792969
14896.219727 23426.181641
14919.916016 23432.560547
14943.609375 23438.927734
14967.300781 23445.285156
14990.989258 23451.630859
15014.674805 23457.964844
15038.357422 23464.289062
15062.037109 23470.601562
15085.713867 23476.904297
15109.387695 23483.195312
15133.059570 23489.476562
15156.728516 23495.746094
15180.395508 23502.017578
15204.060547 23508.289062
15227.722656 23514.558594
15251.382812 23520.826172
15275.041016 23527.091797
15298.697266 23533.355469
15322.351562 23539.617188
15346.002930 23545.876953
15369.652344 23552.134766
15393.299805 23558.390625
15416.945312 23564.644531
15440.587891 23570.896484
15464.228516 23577.146484
15487.867188 23583.394531
15511.503906 23589.640625
15535.137695 23595.884766
15558.769531 23602.126953
15582.399414 23608.369141
15606.027344 23614.609375
15629.653320 23620.847656
15653.276367 23627.083984
15676.897461 23633.318359
15700.516602 23639.550781
15724.133789 23645.781250
15747.748047 23652.009766
15771.360352 23658.236328
15794.970703 23664.460938
15818.579102 23670.683594
15842.185547 23676.904297
15865.789062 23683.123047
15889.390625 23689.339844
15912.990234 23695.554688
15936.587891 23701.769531
15960.182617 23707.982422
15983.775391 23714.193359
16007.366211 23720.402344
16030.955078 23726.609375
16054.541016 23732.814453
16078.125000 23739.017578
16101.707031 23745.218750
16125.302734 23751.400391
16148.906250 23757.568359
16172.518555 23763.722656
16196.138672 23769.863281
16219.766602 23775.990234
16243.403320 23782.103516
16267.047852 23788.203125
16290.701172 23794.289062
16314.362305 23800.361328
16338.032227 23806.419922
16361.709961 23812.466797
16385.396484 23818.500000
16409.089844 23824.519531
16432.792969 23830.525391
16456.503906 23836.517578
16480.222656 23842.496094
16503.949219 23848.460938
16527.683594 23854.412109
16551.427734 23860.349609
16575.179688 23866.273438
16598.939453 23872.183594
16622.707031 23878.080078
16646.484375 23883.962891
16670.269531 23889.832031
16694.062500 23895.687500
16717.863281 23901.529297
16741.671875 23907.357422
16765.490234 23913.171875
16789.316406 23918.972656
16813.150391 23924.759766
16836.992188 23930.535156
16860.841797 23936.296875
16884.701172 23942.044922
16908.568359 23947.779297
16932.443359 23953.500000
16956.326172 23959.207031
16980.216797 23964.900391
17004.117188 23970.580078
17028.025391 23976.246094
17051.941406 23981.898438
17075.849609 23987.542969
17099.753906 23993.177734
17123.654297 23998.804688
17147.552734 24004.421875
17171.447266 24010.029297
17195.339844 24015.626953
17219.228516 24021.214844
17243.115234 24026.794922
17266.998047 24032.365234
17290.876953 24037.925781
17314.753906 24043.476562
17338.626953 24049.017578
17362.498047 24054.548828
17386.365234 24060.072266
17410.230469 24065.585938
17434.091797 24071.089844
17457.949219 24076.583984
17481.804688 24082.068359
17505.656250 24087.544922
17529.505859 24093.011719
17553.351562 24098.468750
17577.195312 24103.916016
17601.035156 24109.353516
17624.871094 24114.783203
17648.705078 24120.203125
17672.535156 24125.613281
17696.363281 24131.013672
17720.187500 24136.404297
17744.009766 24141.785156
17767.828125 24147.158203
17791.642578 24152.521484
17815.455078 24157.875000
17839.263672 24163.218750
17863.070312 24168.552734
17886.873047 24173.878906
17910.673828 24179.195312
17934.470703 24184.501953
17958.263672 24189.798828
17982.054688 24195.085938
18005.841797 24200.365234
18029.642578 24205.648438
18053.453125 24210.929688
18077.271484 24216.210938
18101.097656 24221.492188
18124.931641 24226.771484
18148.773438 24232.050781
18172.625000 24237.330078
18196.484375 24242.609375
18220.351562 24247.886719
18244.226562 24253.164062
18268.111328 24258.441406
18292.003906 24263.718750
18315.904297 24268.994141
18339.812500 24274.269531
18363.730469 24279.544922
18387.656250 24284.820312
18411.589844 24290.093750
18435.531250 24295.367188
18459.480469 24300.640625
18483.439453 24305.912109
18507.406250 24311.183594
18531.380859 24316.455078
18555.363281 24321.726562
18579.355469 24326.996094
18603.355469 24332.265625
18627.363281 24337.535156
18651.378906 24342.804688
18675.402344 24348.072266
18699.435547 24353.339844
18723.476562 24358.607422
18747.525391 24363.873047
18771.582031 24369.138672
18795.648438 24374.404297
18819.722656 24379.669922
18843.804688 24384.933594
18867.894531 24390.197266
18891.992188 24395.460938
18916.099609 24400.724609
18940.214844 24405.986328
18964.337891 24411.248047
18988.462891 24416.496094
19012.591797 24421.734375
19036.724609 24426.962891
19060.861328 24432.181641
19085.000000 24437.390625
19109.142578 24442.587891
19133.289062 24447.775391
19157.439453 24452.953125
19181.593750 24458.121094
19205.751953 24463.279297
19229.914062 24468.427734
19254.080078 24473.566406
19278.250000 24478.695312
19302.423828 24483.814453
19326.601562 24488.923828
19350.781250 24494.023438
19374.964844 24499.113281
19399.152344 24504.193359
19423.343750 24509.263672
19447.539062 24514.324219
19471.738281 24519.375000
19495.941406 24524.416016
19520.148438 24529.447266
19544.359375 24534.468750
19568.574219 24539.480469
19592.792969 24544.482422
19617.013672 24549.474609
19641.238281 24554.457031
19665.466797 24559.429688
19689.699219 24564.392578
19713.935547 24569.345703
19738.175781 24574.289062
19762.419922 24579.222656
19786.667969 24584.146484
19810.919922 24589.060547
19835.175781 24593.964844
19859.435547 24598.859375
19883.697266 24603.744141
19907.962891 24608.617188
19932.232422 24613.480469
19956.501953 24618.328125
19980.773438 24623.162109
20005.044922 24627.982422
20029.318359 24632.789062
20053.593750 24637.582031
20077.869141 24642.361328
20102.146484 24647.126953
20126.425781 24651.878906
20150.705078 24656.617188
20174.986328 24661.341797
20199.267578 24666.052734
20223.550781 24670.750000
20247.835938 24675.433594
20272.121094 24680.103516
20296.408203 24684.757812
20320.697266 24689.398438
20344.986328 24694.025391
20369.277344 24698.638672
20393.570312 24703.238281
20417.863281 24707.824219
20442.158203 24712.396484
20466.453125 24716.955078
20490.750000 24721.500000
20515.048828 24726.031250
20539.347656 24730.548828
20563.648438 24735.052734
20587.951172 24739.542969
20612.253906 24744.019531
20636.558594 24748.482422
20660.863281 24752.929688
20685.169922 24757.363281
20709.478516 24761.783203
20733.787109 24766.189453
20758.097656 24770.582031
20782.410156 24774.960938
20806.722656 24779.326172
20831.037109 24783.677734
20855.351562 24788.015625
20879.667969 24792.339844
20903.986328 24796.650391
20928.298828 24800.955078
20952.609375 24805.251953
20976.916016 24809.541016
21001.220703 24813.822266
21025.521484 24818.095703
21049.820312 24822.361328
21074.115234 24826.617188
21098.408203 24830.865234
21122.697266 24835.105469
21146.982422 24839.337891
21171.265625 24843.562500
21195.544922 24847.779297
21219.822266 24851.988281
21244.095703 24856.189453
21268.367188 24860.380859
21292.634766 24864.564453
21316.900391 24868.740234
21341.162109 24872.908203
21365.421875 24877.068359
21389.677734 24881.220703
21413.931641 24885.365234
21438.181641 24889.501953
21462.429688 24893.628906
21486.673828 24897.748047
21510.916016 24901.859375
21535.154297 24905.962891
21559.390625 24910.058594
21583.623047 24914.146484
21607.853516 24918.226562
21632.080078 24922.298828
21656.304688 24926.363281
21680.525391 24930.417969
21704.744141 24934.464844
21728.958984 24938.503906
21753.171875 24942.535156
21777.380859 24946.558594
21801.587891 24950.574219
21825.791016 24954.582031
21849.992188 24958.582031
21874.189453 24962.572266
21898.376953 24966.544922
21922.556641 24970.501953
21946.730469 24974.443359
21970.896484 24978.369141
21995.054688 24982.281250
22019.205078 24986.177734
22043.349609 24990.058594
22067.486328 24993.923828
22091.615234 24997.773438
22115.736328 25001.609375
22139.849609 25005.429688
22163.957031 25009.234375
22188.056641 25013.023438
22212.148438 25016.796875
22236.232422 25020.556641
22260.308594 25024.300781
22284.378906 25028.029297
22308.441406 25031.742188
22332.496094 25035.439453
22356.542969 25039.123047
22380.582031 25042.791016
22404.615234 25046.443359
22428.640625 25050.080078
22452.658203 25053.701172
22476.667969 25057.308594
22500.671875 25060.900391
22524.667969 25064.476562
22548.656250 25068.037109
22572.636719 25071.583984
22596.609375 25075.115234
22620.576172 25078.630859
22644.535156 25082.130859
22668.486328 25085.615234
22692.429688 25089.085938
22716.365234 25092.541016
22740.294922 25095.980469
22764.216797 25099.404297
22788.130859 25102.812500
22812.037109 25106.207031
22835.935547 25109.585938
22859.810547 25112.933594
22883.666016 25116.253906
22907.501953 25119.548828
22931.318359 25122.818359
22955.117188 25126.060547
22978.896484 25129.277344
23002.656250 25132.466797
23026.396484 25135.630859
23050.119141 25138.769531
23073.822266 25141.880859
23097.505859 25144.966797
23121.169922 25148.027344
23144.816406 25151.060547
23168.443359 25154.068359
23192.050781 25157.050781
23215.638672 25160.005859
23239.207031 25162.935547
23262.757812 25165.837891
23286.289062 25168.714844
23309.800781 25171.566406
23333.292969 25174.390625
23356.767578 25177.189453
23380.222656 25179.962891
23403.658203 25182.708984
23427.074219 25185.429688
23450.472656 25188.125000
23473.851562 25190.792969
23497.210938 25193.435547
23520.550781 25196.050781
23543.871094 25198.640625
23567.173828 25201.205078
23590.457031 25203.742188
23613.720703 25206.253906
23636.964844 25208.740234
23660.191406 25211.199219
23683.398438 25213.632812
23706.585938 25216.041016
23729.753906 25218.421875
23752.904297 25220.777344
23776.035156 25223.105469
23799.148438 25225.423828
23822.244141 25227.726562
23845.322266 25230.013672
23868.382812 25232.285156
23891.425781 25234.541016
23914.449219 25236.781250
23937.455078 25239.003906
23960.443359 25241.210938
23983.414062 25243.402344
24006.367188 25245.578125
24029.302734 25247.738281
24052.220703 25249.882812
24075.121094 25252.011719
24098.003906 25254.125000
24120.867188 25256.222656
24143.712891 25258.304688
24166.541016 25260.371094
24189.351562 25262.419922
24212.144531 25264.453125
24234.919922 25266.470703
24257.677734 25268.472656
24280.417969 25270.458984
24303.140625 25272.429688
24325.843750 25274.384766
24348.529297 25276.324219
24371.197266 25278.248047
24393.847656 25280.156250
24416.480469 25282.048828
24439.095703 25283.923828
24461.693359 25285.783203
24484.273438 25287.626953
24506.835938 25289.455078
24529.378906 25291.267578
24551.904297 25293.064453
24574.412109 25294.845703
24596.902344 25296.611328
24619.375000 25298.361328
24641.830078 25300.095703
24664.267578 25301.814453
24686.687500 25303.517578
24709.089844 25305.205078
24731.474609 25306.876953
24753.843750 25308.533203
24776.195312 25310.173828
24798.529297 25311.798828
24820.847656 25313.408203
24843.148438 25315.001953
24865.431641 25316.580078
24887.697266 25318.142578
24909.947266 25319.689453
24932.179688 25321.220703
24954.394531 25322.736328
24976.593750 25324.236328
24998.775391 25325.720703
25020.939453 25327.189453
25043.087891 25328.642578
25065.218750 25330.080078
25087.332031 25331.501953
25109.427734 25332.908203
25131.507812 25334.298828
25153.570312 25335.673828
25175.615234 25337.033203
25197.644531 25338.376953
25219.656250 25339.705078
25241.650391 25341.017578
25263.628906 25342.314453
25285.589844 25343.595703
25307.533203 25344.861328
25329.458984 25346.111328
25351.369141 25347.345703
25373.261719 25348.564453
25395.136719 25349.767578
25416.996094 25350.955078
25438.837891 25352.126953
25460.662109 25353.283203
25482.468750 25354.423828
25504.259766 25355.548828
25526.033203 25356.658203
25547.789062 25357.751953
25569.529297 25358.830078
25591.253906 25359.882812
25612.962891 25360.914062
25634.658203 25361.923828
25656.337891 25362.912109
25678.001953 25363.878906
25699.650391 25364.824219
25721.283203 25365.748047
25742.902344 25366.650391
25764.505859 25367.531250
25786.093750 25368.390625
25807.666016 25369.228516
25829.222656 25370.044922
25850.765625 25370.837891
25872.292969 25371.609375
25893.804688 25372.359375
25915.300781 25373.087891
25936.781250 25373.794922
25958.248047 25374.480469
25979.699219 25375.144531
26001.134766 25375.787109
26022.554688 25376.408203
26043.958984 25377.007812
26065.349609 25377.585938
26086.724609 25378.140625
26108.083984 25378.673828
26129.427734 25379.185547
26150.755859 25379.675781
26172.068359 25380.144531
26193.367188 25380.591797
26214.650391 25381.017578
26235.917969 25381.421875
26257.169922 25381.804688
26278.406250 25382.166016
26299.628906 25382.505859
26320.835938 25382.824219
26342.027344 25383.119141
26363.203125 25383.392578
26384.363281 25383.644531
26405.509766 25383.875000
26426.640625 25384.083984
26447.771484 25384.265625
26468.896484 25384.421875
26490.017578 25384.552734
26511.132812 25384.658203
26532.244141 25384.738281
26553.349609 25384.792969
26574.449219 25384.822266
26595.544922 25384.826172
26616.634766 25384.804688
26637.720703 25384.757812
26658.800781 25384.685547
26679.876953 25384.587891
26700.947266 25384.464844
26722.011719 25384.316406
26743.072266 25384.142578
26764.126953 25383.941406
26785.177734 25383.714844
26806.222656 25383.462891
26827.263672 25383.185547
26848.298828 25382.882812
26869.328125 25382.554688
26890.353516 25382.201172
26911.373047 25381.822266
26932.388672 25381.417969
26953.398438 25380.988281
26974.404297 25380.533203
26995.404297 25380.052734
27016.398438 25379.546875
27037.388672 25379.015625
27058.373047 25378.458984
27079.353516 25377.876953
27100.328125 25377.269531
27121.296875 25376.636719
27142.261719 25375.978516
27163.220703 25375.294922
27184.175781 25374.585938
27205.125000 25373.851562
27226.070312 25373.091797
27247.009766 25372.304688
27267.943359 25371.492188
27288.804688 25370.697266
27309.615234 25369.904297
27330.375000 25369.113281
27351.085938 25368.326172
27371.746094 25367.541016
27392.355469 25366.757812
27412.914062 25365.976562
27433.421875 25365.199219
27453.880859 25364.423828
27474.289062 25363.650391
27494.646484 25362.878906
27514.953125 25362.111328
27535.208984 25361.345703
27555.416016 25360.582031
27575.572266 25359.820312
27595.677734 25359.062500
27615.732422 25358.306641
27635.736328 25357.552734
27655.691406 25356.800781
27675.595703 25356.052734
27695.449219 25355.306641
27715.251953 25354.562500
27735.003906 25353.820312
27754.707031 25353.082031
27774.359375 25352.345703
27793.960938 25351.611328
27813.511719 25350.878906
27833.011719 25350.150391
27852.462891 25349.423828
27871.863281 25348.699219
27891.212891 25347.976562
27910.511719 25347.257812
27929.759766 25346.541016
27948.958984 25345.826172
27968.107422 25345.113281
27987.205078 25344.404297
28006.251953 25343.697266
28025.248047 25342.992188
28044.193359 25342.289062
28063.089844 25341.589844
28082.058594 25340.849609
28101.060547 25340.082031
28120.093750 25339.287109
28139.160156 25338.466797
28158.259766 25337.619141
28177.390625 25336.744141
28196.554688 25335.843750
28215.750000 25334.916016
28234.978516 25333.960938
28254.238281 25332.978516
28273.531250 25331.970703
28292.855469 25330.935547
28312.212891 25329.873047
28331.601562 25328.785156
28351.023438 25327.669922
28370.476562 25326.527344
28389.962891 25325.359375
28409.482422 25324.164062
28429.033203 25322.941406
28448.617188 25321.693359
28468.232422 25320.417969
28487.880859 25319.115234
28507.560547 25317.787109
28527.273438 25316.431641
28547.017578 25315.048828
28566.794922 25313.640625
28586.603516 25312.205078
28606.445312 25310.742188
28626.318359 25309.251953
28646.224609 25307.736328
28666.164062 25306.193359
28686.134766 25304.623047
28706.138672 25303.027344
28726.173828 25301.404297
28746.242188 25299.753906
28766.341797 25298.078125
28786.474609 25296.375000
28806.638672 25294.644531
28826.835938 25292.888672
28847.064453 25291.105469
28867.375000 25289.314453
28887.750000 25287.509766
28908.189453 25285.691406
28928.695312 25283.857422
28949.265625 25282.009766
28969.900391 25280.148438
28990.599609 25278.273438
29011.365234 25276.384766
29032.195312 25274.480469
29053.089844 25272.562500
29074.048828 25270.630859
29095.072266 25268.685547
29116.162109 25266.726562
29137.316406 25264.751953
29158.535156 25262.763672
29179.818359 25260.761719
29201.167969 25258.746094
29222.582031 25256.716797
29244.060547 25254.673828
29265.603516 25252.615234
29287.212891 25250.542969
29308.886719 25248.457031
29330.625000 25246.357422
29352.427734 25244.244141
29374.294922 25242.115234
29396.228516 25239.972656
29418.226562 25237.816406
29440.289062 25235.646484
29462.416016 25233.462891
29484.609375 25231.263672
29506.867188 25229.050781
29529.189453 25226.824219
29551.576172 25224.583984
29574.027344 25222.330078
29596.544922 25220.060547
29619.126953 25217.777344
29641.773438 25215.480469
29664.484375 25213.169922
29687.261719 25210.845703
29710.103516 25208.505859
29732.992188 25206.158203
29755.933594 25203.798828
29778.927734 25201.429688
29801.974609 25199.048828
29825.074219 25196.658203
29848.226562 25194.255859
29871.431641 25191.843750
29894.689453 25189.419922
29918.000000 25186.986328
29941.363281 25184.541016
29964.779297 25182.085938
29988.248047 25179.619141
30011.769531 25177.142578
30035.343750 25174.654297
30058.970703 25172.156250
30082.650391 25169.646484
30106.382812 25167.126953
30130.167969 25164.595703
30154.005859 25162.052734
30177.896484 25159.500000
30201.839844 25156.935547
30225.835938 25154.361328
30249.884766 25151.775391
30273.986328 25149.179688
30298.140625 25146.572266
30322.347656 25143.955078
30346.607422 25141.326172
30370.919922 25138.687500
30395.285156 25136.037109
30419.703125 25133.376953
30444.173828 25130.705078
30468.697266 25128.023438
30493.273438 25125.330078
30517.902344 25122.626953
30542.583984 25119.912109
30567.318359 25117.187500
30592.107422 25114.451172
30616.949219 25111.705078
30641.843750 25108.947266
30666.791016 25106.179688
30691.757812 25103.380859
30716.755859 25100.558594
30741.785156 25097.712891
30766.847656 25094.843750
30791.941406 25091.951172
30817.066406 25089.035156
30842.222656 25086.095703
30867.410156 25083.132812
30892.628906 25080.146484
30917.878906 25077.136719
30943.160156 25074.103516
30968.474609 25071.046875
30993.820312 25067.966797
31019.197266 25064.863281
31044.605469 25061.736328
31070.044922 25058.585938
31095.515625 25055.412109
31121.017578 25052.214844
31146.550781 25048.994141
31172.115234 25045.750000
31197.712891 25042.482422
31223.341797 25039.191406
31249.001953 25035.876953
31274.693359 25032.539062
31300.416016 25029.177734
31326.169922 25025.792969
31351.955078 25022.382812
31377.771484 25018.949219
31403.619141 25015.492188
31429.500000 25012.011719
31455.412109 25008.507812
31481.355469 25004.980469
31507.330078 25001.429688
31533.335938 24997.855469
31559.373047 24994.257812
31585.441406 24990.636719
31611.541016 24986.992188
31637.673828 24983.324219
31663.837891 24979.632812
31690.033203 24975.917969
31716.216797 24972.207031
31742.404297 24968.492188
31768.595703 24964.771484
31794.791016 24961.044922
31820.990234 24957.314453
31847.191406 24953.578125
31873.396484 24949.837891
31899.605469 24946.091797
31925.818359 24942.341797
31952.035156 24938.585938
31978.255859 24934.824219
32004.478516 24931.058594
32030.705078 24927.287109
32056.935547 24923.511719
32083.169922 24919.730469
32109.408203 24915.943359
32135.648438 24912.152344
32161.892578 24908.355469
32188.140625 24904.554688
32214.392578 24900.748047
32240.648438 24896.937500
32266.908203 24893.121094
32293.169922 24889.298828
32319.435547 24885.472656
32345.705078 24881.640625
32371.978516 24877.804688
32398.255859 24873.962891
32424.535156 24870.115234
32450.818359 24866.263672
32477.105469 24862.406250
32503.396484 24858.544922
32529.691406 24854.677734
32555.990234 24850.804688
32582.291016 24846.927734
32608.595703 24843.044922
32634.904297 24839.158203
32661.216797 24835.265625
32687.533203 24831.369141
32713.851562 24827.466797
32740.173828 24823.558594
32766.552734 24819.644531
32792.972656 24815.724609
32819.429688 24811.798828
32845.925781 24807.867188
32872.460938 24803.927734
32899.035156 24799.982422
32925.648438 24796.031250
32952.300781 24792.074219
32978.992188 24788.111328
33005.722656 24784.142578
33032.492188 24780.167969
33059.300781 24776.187500
33086.148438 24772.201172
33113.035156 24768.207031
33139.960938 24764.207031
33166.921875 24760.201172
33193.921875 24756.189453
33220.960938 24752.171875
33248.039062 24748.148438
33275.156250 24744.119141
33302.312500 24740.083984
33329.507812 24736.041016
33356.742188 24731.992188
33384.015625 24727.937500
33411.328125 24723.876953
33438.679688 24719.810547
33466.070312 24715.738281
33493.500000 24711.660156
33520.968750 24707.576172
33548.476562 24703.484375
33576.023438 24699.386719
33603.609375 24695.283203
33631.234375 24691.173828
33658.898438 24687.058594
33686.601562 24682.937500
33714.343750 24678.810547
33742.125000 24674.677734
33769.945312 24670.537109
33797.804688 24666.390625
33825.703125 24662.238281
33853.617188 24658.076172
33881.558594 24653.906250
33909.527344 24649.726562
33937.519531 24645.539062
33965.539062 24641.341797
33993.582031 24637.136719
34021.652344 24632.921875
34049.746094 24628.699219
34077.867188 24624.466797
34106.015625 24620.226562
34134.187500 24615.976562
34162.386719 24611.718750
34190.609375 24607.451172
34218.859375 24603.175781
34247.136719 24598.890625
34275.437500 24594.597656
34303.765625 24590.294922
34332.117188 24585.984375
34360.496094 24581.664062
34388.898438 24577.335938
34417.328125 24572.998047
34445.785156 24568.652344
34474.265625 24564.296875
34502.773438 24559.933594
34531.304688 24555.562500
34559.863281 24551.181641
34588.445312 24546.792969
34617.054688 24542.394531
34645.691406 24537.988281
34674.351562 24533.572266
34703.039062 24529.148438
34731.750000 24524.714844
34760.488281 24520.273438
34789.253906 24515.822266
34818.042969 24511.363281
34846.859375 24506.894531
34875.699219 24502.417969
34904.566406 24497.931641
34933.457031 24493.437500
34962.375000 24488.933594
34991.300781 24484.408203
35020.238281 24479.865234
35049.191406 24475.304688
35078.156250 24470.726562
35107.136719 24466.130859
35136.128906 24461.517578
35165.132812 24456.886719
35194.152344 24452.238281
35223.183594 24447.574219
35252.230469 24442.892578
35281.289062 24438.193359
35310.363281 24433.476562
35339.449219 24428.742188
35368.546875 24423.990234
35397.660156 24419.220703
35426.785156 24414.433594
35455.925781 24409.628906
35485.078125 24404.806641
35514.246094 24399.966797
35543.425781 24395.109375
35572.617188 24390.234375
35601.824219 24385.341797
35631.042969 24380.431641
35660.277344 24375.503906
35689.523438 24370.558594
35718.785156 24365.595703
35748.058594 24360.615234
35777.343750 24355.619141
35806.644531 24350.605469
35835.957031 24345.574219
35865.285156 24340.525391
35894.625000 24335.458984
35923.980469 24330.375000
35953.347656 24325.273438
35982.726562 24320.154297
36012.121094 24315.017578
36041.527344 24309.863281
36070.949219 24304.691406
36100.382812 24299.501953
36129.832031 24294.294922
36159.277344 24289.083984
36188.726562 24283.863281
36218.179688 24278.634766
36247.636719 24273.396484
36277.097656 24268.150391
36306.562500 24262.894531
36336.031250 24257.630859
36365.503906 24252.357422
36394.980469 24247.076172
36424.460938 24241.785156
36453.945312 24236.486328
36483.433594 24231.177734
36512.925781 24225.861328
36542.421875 24220.535156
36571.921875 24215.201172
36601.425781 24209.857422
36630.933594 24204.505859
36660.445312 24199.144531
36689.960938 24193.775391
36719.480469 24188.396484
36749.003906 24183.009766
36778.531250 24177.613281
36808.062500 24172.207031
36837.597656 24166.792969
36867.136719 24161.369141
36896.679688 24155.937500
36926.226562 24150.496094
36955.777344 24145.046875
36985.332031 24139.587891
37014.890625 24134.121094
37044.453125 24128.644531
37074.019531 24123.160156
37103.589844 24117.666016
37133.164062 24112.164062
37162.742188 24106.652344
37192.324219 24101.132812
37221.910156 24095.603516
37251.500000 24090.066406
37281.093750 24084.519531
37310.691406 24078.964844
37340.308594 24073.386719
37369.945312 24067.791016
37399.597656 24062.177734
37429.265625 24056.546875
37458.949219 24050.898438
37488.648438 24045.232422
37518.363281 24039.546875
37548.097656 24033.843750
37577.847656 24028.123047
37607.613281 24022.384766
37637.394531 24016.628906
37667.191406 24010.855469
37697.007812 24005.064453
37726.839844 23999.255859
37756.687500 23993.427734
37786.550781 23987.582031
37816.429688 23981.718750
37846.324219 23975.837891
37876.238281 23969.939453
37906.167969 23964.023438
37936.113281 23958.089844
37966.074219 23952.138672
37996.050781 23946.167969
38026.046875 23940.179688
38056.058594 23934.173828
38086.085938 23928.150391
38116.128906 23922.109375
38146.187500 23916.050781
38176.265625 23909.974609
38206.359375 23903.880859
38236.468750 23897.767578
38266.593750 23891.636719
38296.734375 23885.488281
38326.890625 23879.322266
38357.066406 23873.138672
38387.257812 23866.937500
38417.464844 23860.718750
38447.687500 23854.482422
38477.925781 23848.226562
38508.183594 23841.953125
38538.527344 23835.656250
38568.933594 23829.337891
38599.402344 23822.998047
38629.933594 23816.636719
38660.527344 23810.253906
38691.187500 23803.849609
38721.910156 23797.423828
38752.695312 23790.974609
38783.542969 23784.503906
38814.453125 23778.011719
38845.429688 23771.498047
38876.468750 23764.962891
38907.570312 23758.406250
38938.734375 23751.828125
38969.960938 23745.228516
39001.253906 23738.607422
39032.609375 23731.962891
39064.027344 23725.296875
39095.507812 23718.609375
39127.050781 23711.900391
39158.656250 23705.169922
39190.328125 23698.417969
39222.062500 23691.644531
39253.859375 23684.849609
39285.718750 23678.033203
39317.640625 23671.193359
39349.628906 23664.332031
39381.679688 23657.449219
39413.792969 23650.544922
39445.968750 23643.619141
39478.207031 23636.671875
39510.511719 23629.703125
39542.878906 23622.712891
39575.308594 23615.701172
39607.800781 23608.666016
39640.355469 23601.609375
39672.972656 23594.531250
39705.656250 23587.431641
39738.402344 23580.310547
39771.210938 23573.167969
39804.121094 23566.003906
39837.117188 23558.816406
39870.203125 23551.607422
39903.375000 23544.376953
39936.636719 23537.123047
39969.984375 23529.847656
40003.421875 23522.550781
40036.945312 23515.232422
40070.558594 23507.890625
40104.257812 23500.527344
40138.046875 23493.142578
40171.921875 23485.736328
40205.886719 23478.306641
40239.937500 23470.855469
40274.078125 23463.382812
40308.304688 23455.888672
40342.621094 23448.371094
40377.023438 23440.832031
40411.515625 23433.271484
40446.093750 23425.689453
40480.761719 23418.083984
40515.515625 23410.457031
40550.359375 23402.808594
40585.289062 23395.136719
40620.308594 23387.443359
40655.414062 23379.728516
40690.609375 23371.992188
40725.890625 23364.232422
40761.261719 23356.451172
40796.718750 23348.648438
40832.265625 23340.824219
40867.898438 23332.976562
40903.621094 23325.107422
40939.429688 23317.216797
40975.328125 23309.304688
41011.312500 23301.369141
41047.386719 23293.412109
41083.546875 23285.433594
41119.792969 23277.433594
41156.128906 23269.410156
41192.503906 23261.392578
41228.933594 23253.373047
41265.417969 23245.349609
41301.957031 23237.322266
41338.550781 23229.291016
41375.195312 23221.255859
41411.894531 23213.218750
41448.648438 23205.177734
41485.457031 23197.132812
41522.320312 23189.083984
41559.238281 23181.033203
41596.210938 23172.978516
41633.238281 23164.919922
41670.320312 23156.857422
41707.457031 23148.792969
41744.648438 23140.724609
41781.894531 23132.652344
41819.195312 23124.576172
41856.550781 23116.498047
41893.960938 23108.416016
41931.425781 23100.330078
41968.945312 23092.240234
42006.519531 23084.148438
42044.148438 23076.052734
42081.832031 23067.953125
42119.570312 23059.849609
42157.363281 23051.744141
42195.210938 23043.634766
42233.113281 23035.521484
42271.066406 23027.404297
42309.074219 23019.285156
42347.136719 23011.162109
42385.253906 23003.035156
42423.425781 22994.904297
42461.652344 22986.771484
42499.933594 22978.634766
42538.269531 22970.494141
42576.660156 22962.349609
42615.105469 22954.203125
42653.605469 22946.052734
42692.191406 22937.900391
42730.851562 22929.746094
42769.589844 22921.589844
42808.402344 22913.431641
42847.289062 22905.271484
42886.250000 22897.109375
42925.289062 22888.945312
42964.402344 22880.779297
43003.589844 22872.611328
43042.851562 22864.439453
43082.191406 22856.265625
43121.605469 22848.089844
43161.093750 22839.912109
43200.660156 22831.732422
43240.300781 22823.550781
43280.015625 22815.367188
43319.804688 22807.181641
43359.671875 22798.994141
43399.613281 22790.804688
43439.628906 22782.613281
43479.722656 22774.419922
43519.890625 22766.224609
43560.132812 22758.025391
43600.449219 22749.824219
43640.843750 22741.621094
43681.312500 22733.416016
43721.855469 22725.208984
43762.472656 22717.000000
43803.167969 22708.789062
43843.937500 22700.576172
43884.781250 22692.361328
43925.703125 22684.144531
43966.699219 22675.925781
44007.769531 22667.705078
44048.914062 22659.482422
44090.136719 22651.257812
44131.433594 22643.029297
44172.804688 22634.798828
44214.250000 22626.566406
44255.773438 22618.332031
44297.367188 22610.066406
44339.035156 22601.779297
44380.773438 22593.470703
44422.585938 22585.142578
44464.468750 22576.792969
44506.425781 22568.421875
44548.453125 22560.029297
44590.554688 22551.615234
44632.730469 22543.179688
44674.976562 22534.722656
44717.296875 22526.244141
44759.687500 22517.744141
44802.152344 22509.222656
44844.691406 22500.679688
44887.300781 22492.115234
44929.984375 22483.529297
44972.738281 22474.921875
45015.566406 22466.292969
45058.464844 22457.642578
45101.437500 22448.970703
45144.484375 22440.277344
45187.601562 22431.564453
45230.792969 22422.830078
45274.054688 22414.074219
45317.390625 22405.296875
45360.796875 22396.498047
45404.277344 22387.677734
45447.832031 22378.835938
45491.457031 22369.972656
45535.156250 22361.087891
45578.925781 22352.181641
45622.769531 22343.253906
45666.687500 22334.304688
45710.675781 22325.333984
45754.738281 22316.341797
45798.871094 22307.328125
45843.078125 22298.292969
45887.355469 22289.236328
45931.707031 22280.158203
45976.132812 22271.060547
46020.578125 22261.958984
46065.058594 22252.849609
46109.578125 22243.732422
46154.136719 22234.605469
46198.730469 22225.470703
46243.363281 22216.328125
46288.031250 22207.175781
46332.738281 22198.015625
46377.484375 22188.847656
46422.265625 22179.669922
46467.085938 22170.484375
46511.945312 22161.291016
46556.839844 22152.087891
46601.773438 22142.876953
46646.742188 22133.658203
46691.750000 22124.429688
46736.796875 22115.193359
46781.878906 22105.947266
46827.000000 22096.693359
46872.156250 22087.431641
46917.351562 22078.160156
46962.585938 22068.880859
47007.855469 22059.593750
47053.164062 22050.296875
47098.511719 22040.992188
47143.894531 22031.679688
47189.316406 22022.357422
47234.773438 22013.027344
47280.269531 22003.689453
47325.804688 21994.341797
47371.375000 21984.986328
47416.984375 21975.623047
47462.632812 21966.250000
47508.316406 21956.869141
47554.039062 21947.478516
47599.796875 21938.080078
47645.593750 21928.673828
47691.429688 21919.257812
47737.300781 21909.833984
47783.210938 21900.402344
47829.171875 21890.957031
47875.179688 21881.501953
47921.234375 21872.035156
47967.335938 21862.556641
48013.484375 21853.068359
48059.679688 21843.568359
48105.921875 21834.056641
48152.210938 21824.535156
48198.546875 21815.001953
48244.929688 21805.457031
48291.359375 21795.902344
48337.835938 21786.335938
48384.359375 21776.757812
48430.929688 21767.169922
48477.546875 21757.570312
48524.210938 21747.958984
48570.921875 21738.335938
48617.679688 21728.703125
48664.484375 21719.058594
48711.335938 21709.402344
48758.234375 21699.736328
48805.179688 21690.058594
48852.171875 21680.369141
48899.210938 21670.669922
48946.296875 21660.958984
48993.429688 21651.236328
49040.609375 21641.503906
49087.835938 21631.759766
49135.109375 21622.003906
49182.429688 21612.238281
49229.796875 21602.460938
49277.210938 21592.671875
49324.671875 21582.873047
49372.179688 21573.062500
49419.734375 21563.240234
49467.335938 21553.406250
49514.984375 21543.562500
49562.679688 21533.707031
49610.421875 21523.839844
49658.210938 21513.962891
49706.019531 21504.089844
49753.859375 21494.214844
49801.730469 21484.337891
49849.628906 21474.458984
49897.558594 21464.580078
49945.519531 21454.699219
49993.507812 21444.816406
50041.527344 21434.933594
50089.578125 21425.048828
50137.656250 21415.162109
50185.765625 21405.275391
50233.906250 21395.386719
50282.074219 21385.496094
50330.273438 21375.605469
50378.503906 21365.712891
50426.761719 21355.818359
50475.050781 21345.921875
50523.371094 21336.025391
50571.718750 21326.126953
50620.097656 21316.226562
50668.503906 21306.326172
50716.941406 21296.423828
50765.410156 21286.519531
50813.906250 21276.615234
50862.433594 21266.708984
50910.992188 21256.800781
50959.578125 21246.892578
51008.195312 21236.982422
51056.843750 21227.070312
51105.519531 21217.158203
51154.226562 21207.244141
51202.964844 21197.328125
51251.730469 21187.410156
51300.527344 21177.492188
51349.355469 21167.572266
51398.210938 21157.650391
51447.097656 21147.728516
51496.015625 21137.804688
51544.960938 21127.878906
51593.937500 21117.953125
51642.957031 21108.011719
51692.011719 21098.060547
51741.105469 21088.099609
51790.234375 21078.128906
51839.402344 21068.146484
51888.605469 21058.154297
51937.847656 21048.152344
51987.125000 21038.140625
52036.441406 21028.119141
52085.796875 21018.087891
52135.187500 21008.044922
52184.617188 20997.992188
52234.082031 20987.929688
52283.585938 20977.857422
52333.125000 20967.775391
52382.703125 20957.683594
52432.320312 20947.580078
52481.972656 20937.466797
52531.664062 20927.343750
52581.390625 20917.210938
52631.156250 20907.068359
52680.957031 20896.916016
52730.796875 20886.751953
52780.671875 20876.578125
52830.585938 20866.394531
52880.539062 20856.201172
52930.527344 20845.998047
52980.554688 20835.785156
53030.617188 20825.560547
53080.718750 20815.326172
53130.855469 20805.082031
53181.031250 20794.828125
53231.246094 20784.564453
53281.496094 20774.291016
53331.785156 20764.005859
53382.109375 20753.710938
53432.472656 20743.406250
53482.871094 20733.091797
53533.308594 20722.767578
53583.781250 20712.431641
53634.285156 20702.083984
53684.820312 20691.726562
53735.386719 20681.357422
53785.984375 20670.976562
53836.613281 20660.583984
53887.273438 20650.179688
53937.964844 20639.765625
53988.687500 20629.339844
54039.445312 20618.902344
54090.234375 20608.453125
54141.054688 20597.992188
54191.906250 20587.521484
54242.789062 20577.039062
54293.703125 20566.544922
54344.648438 20556.039062
54395.625000 20545.521484
54446.632812 20534.994141
54497.671875 20524.455078
54548.742188 20513.904297
54599.847656 20503.341797
54650.984375 20492.767578
54702.152344 20482.183594
54753.351562 20471.587891
54804.582031 20460.980469
54855.843750 20450.361328
54907.136719 20439.730469
54958.460938 20429.089844
55009.816406 20418.437500
55061.203125 20407.773438
55112.621094 20397.097656
55164.074219 20386.410156
55215.558594 20375.712891
55267.074219 20365.003906
55318.621094 20354.283203
55370.199219 20343.550781
55421.808594 20332.806641
55473.449219 20322.052734
55525.121094 20311.287109
55576.824219 20300.509766
55628.558594 20289.720703
55680.328125 20278.917969
55732.132812 20268.101562
55783.972656 20257.271484
55835.847656 20246.427734
55887.757812 20235.570312
55939.699219 20224.701172
55991.675781 20213.818359
56043.687500 20202.921875
56095.734375 20192.011719
56147.812500 20181.087891
56199.925781 20170.150391
56252.074219 20159.201172
56304.257812 20148.238281
56356.476562 20137.261719
56408.726562 20126.271484
56461.011719 20115.267578
56513.332031 20104.250000
56565.687500 20093.218750
56618.078125 20082.175781
56670.500000 20071.119141
56722.957031 20060.048828
56775.449219 20048.964844
56827.976562 20037.867188
56880.535156 20026.755859
56933.128906 20015.632812
56985.757812 20004.496094
57038.421875 19993.345703
57091.121094 19982.181641
57143.851562 19971.003906
57196.617188 19959.812500
57249.417969 19948.607422
57302.253906 19937.390625
57355.121094 19926.160156
57408.023438 19914.916016
57460.960938 19903.658203
57513.933594 19892.386719
57566.941406 19881.101562
57619.980469 19869.802734
57673.054688 19858.492188
57726.164062 19847.167969
57779.304688 19835.830078
57832.476562 19824.480469
57885.683594 19813.117188
57938.921875 19801.740234
57992.191406 19790.351562
58045.492188 19778.949219
58098.828125 19767.533203
58152.195312 19756.105469
58205.593750 19744.664062
58259.027344 19733.208984
58312.492188 19721.742188
58365.988281 19710.261719
58419.519531 19698.767578
58473.082031 19687.261719
58526.675781 19675.742188
58580.300781 19664.208984
58633.960938 19652.664062
58687.652344 19641.105469
58741.375000 19629.533203
58795.132812 19617.949219
58848.921875 19606.351562
58902.742188 19594.740234
58956.597656 19583.115234
59010.484375 19571.478516
59064.402344 19559.828125
59118.351562 19548.164062
59172.335938 19536.488281
59226.351562 19524.798828
59280.398438 19513.095703
59334.480469 19501.380859
59388.593750 19489.652344
59442.738281 19477.910156
59496.917969 19466.156250
59551.128906 19454.388672
59605.371094 19442.607422
59659.648438 19430.814453
59713.957031 19419.007812
59768.296875 19407.187500
59822.667969 19395.355469
59877.074219 19383.509766
59931.507812 19371.650391
59985.968750 19359.779297
60040.457031 19347.894531
60094.976562 19335.998047
60149.523438 19324.087891
60204.097656 19312.164062
60258.703125 19300.228516
60313.335938 19288.279297
60367.996094 19276.316406
60422.687500 19264.341797
60477.406250 19252.353516
60532.152344 19240.351562
60586.925781 19228.337891
60641.730469 19216.310547
60696.562500 19204.269531
60751.421875 19192.216797
60806.312500 19180.150391
60861.230469 19168.070312
60916.175781 19155.978516
60971.152344 19143.873047
61026.156250 19131.753906
61081.187500 19119.623047
61136.250000 19107.478516
61191.339844 19095.320312
61246.457031 19083.150391
61301.605469 19070.966797
61356.781250 19058.769531
61411.984375 19046.560547
61467.218750 19034.337891
61522.480469 19022.101562
61577.769531 19009.853516
61633.089844 18997.591797
61688.437500 18985.316406
61743.812500 18973.029297
61799.218750 18960.728516
61854.652344 18948.416016
61910.113281 18936.089844
61965.605469 18923.750000
62021.125000 18911.398438
62076.671875 18899.033203
62132.246094 18886.652344
62187.843750 18874.257812
62243.468750 18861.849609
62299.117188 18849.427734
62354.792969 18836.992188
62410.492188 18824.542969
62466.218750 18812.080078
62521.968750 18799.601562
62577.746094 18787.109375
62633.550781 18774.603516
62689.378906 18762.083984
62745.234375 18749.550781
62801.113281 18737.003906
62857.019531 18724.441406
62912.949219 18711.865234
62968.906250 18699.275391
63024.886719 18686.671875
63080.894531 18674.054688
63136.929688 18661.423828
63192.988281 18648.779297
63249.074219 18636.119141
63305.183594 18623.445312
63361.320312 18610.757812
63417.480469 18598.056641
63473.667969 18585.341797
63529.882812 18572.613281
63586.121094 18559.869141
63642.386719 18547.111328
63698.675781 18534.339844
63754.992188 18521.554688
63811.332031 18508.755859
63867.699219 18495.943359
63924.089844 18483.117188
63980.507812 18470.275391
64036.953125 18457.419922
64093.421875 18444.550781
64149.917969 18431.667969
64206.437500 18418.771484
64262.984375 18405.861328
64319.554688 18392.935547
64376.156250 18379.994141
64432.785156 18367.037109
64489.441406 18354.064453
64546.125000 18341.076172
64602.835938 18328.072266
64659.574219 18315.052734
64716.339844 18302.017578
64773.132812 18288.964844
64829.953125 18275.896484
64886.800781 18262.812500
64943.675781 18249.712891
65000.578125 18236.597656
65057.507812 18223.466797
65114.464844 18210.320312
65171.449219 18197.158203
65228.460938 18183.980469
65285.500000 18170.787109
65342.570312 18157.578125
65399.667969 18144.353516
65456.792969 18131.113281
65513.945312 18117.857422
65571.125000 18104.585938
65628.328125 18091.296875
65685.562500 18077.992188
65742.820312 18064.671875
65800.109375 18051.335938
65857.429688 18037.984375
65914.773438 18024.617188
65972.148438 18011.234375
66029.546875 17997.835938
66086.976562 17984.421875
66144.429688 17970.992188
66201.914062 17957.546875
66259.421875 17944.085938
66316.960938 17930.609375
66374.523438 17917.117188
66432.117188 17903.609375
66489.734375 17890.085938
66547.382812 17876.544922
66605.054688 17862.988281
66662.765625 17849.410156
66720.507812 17835.812500
66778.281250 17822.193359
66836.093750 17808.554688
66893.937500 17794.894531
66951.812500 17781.214844
67009.718750 17767.515625
67067.664062 17753.794922
67125.640625 17740.054688
67183.648438 17726.294922
67241.687500 17712.513672
67299.765625 17698.712891
67357.875000 17684.892578
67416.015625 17671.050781
67474.187500 17657.189453
67532.398438 17643.308594
67590.640625 17629.406250
67648.914062 17615.484375
67707.218750 17601.542969
67765.562500 17587.580078
67823.937500 17573.597656
67882.343750 17559.593750
67940.781250 17545.570312
67999.257812 17531.527344
68057.765625 17517.462891
68116.304688 17503.378906
68174.875000 17489.275391
68233.484375 17475.150391
68292.125000 17461.005859
68350.796875 17446.841797
68409.500000 17432.656250
68468.242188 17418.451172
68527.015625 17404.226562
68585.820312 17389.980469
68644.656250 17375.714844
68703.531250 17361.427734
68762.437500 17347.121094
68821.375000 17332.794922
68880.343750 17318.447266
68939.351562 17304.080078
68998.382812 17289.693359
69057.445312 17275.287109
69116.539062 17260.861328
69175.664062 17246.417969
69234.820312 17231.955078
69294.007812 17217.472656
69353.226562 17202.970703
69412.476562 17188.449219
69471.757812 17173.908203
69531.062500 17159.347656
69590.398438 17144.767578
69649.765625 17130.167969
69709.164062 17115.548828
69768.593750 17100.910156
69828.054688 17086.251953
69887.546875 17071.574219
69947.070312 17056.876953
70006.625000 17042.160156
70066.210938 17027.425781
70125.828125 17012.671875
70185.468750 16997.898438
70245.140625 16983.105469
70304.843750 16968.292969
70364.578125 16953.460938
70424.343750 16938.609375
70484.140625 16923.738281
70543.968750 16908.847656
70603.828125 16893.937500
70663.718750 16879.007812
70723.640625 16864.058594
70783.593750 16849.089844
70843.570312 16834.101562
70903.578125 16819.093750
70963.617188 16804.068359
71023.687500 16789.023438
71083.789062 16773.958984
71143.921875 16758.875000
71204.085938 16743.771484
71264.281250 16728.648438
71324.507812 16713.505859
