-0.017075 0.011270
-0.034012 0.022585
-0.050811 0.033944
-0.067473 0.045349
-0.083997 0.056798
-0.100383 0.068293
-0.116632 0.079832
-0.132743 0.091416
-0.148716 0.103045
-0.164551 0.114719
-0.180249 0.126438
-0.195809 0.138202
-0.211232 0.150011
-0.226516 0.161864
-0.241663 0.173763
-0.256673 0.185706
-0.271544 0.197695
-0.286278 0.209728
-0.300874 0.221806
-0.315333 0.233929
-0.329654 0.246097
-0.343837 0.258310
-0.357882 0.270567
-0.371790 0.282870
-0.385560 0.295217
-0.399192 0.307610
-0.412687 0.320047
-0.426044 0.332529
-0.439263 0.345056
-0.452344 0.357628
-0.465288 0.370245
-0.478094 0.382907
-0.490763 0.395614
-0.503293 0.408365
-0.515686 0.421162
-0.527942 0.434003
-0.540059 0.446890
-0.552039 0.459821
-0.563881 0.472797
-0.575586 0.485818
-0.586830 0.499235
-0.597940 0.512699
-0.608914 0.526209
-0.619753 0.539765
-0.630457 0.553367
-0.641026 0.567016
-0.651460 0.580711
-0.661758 0.594453
-0.671922 0.608240
-0.681950 0.622074
-0.691844 0.635955
-0.701602 0.649881
-0.711225 0.663854
-0.720713 0.677873
-0.730066 0.691939
-0.739284 0.706051
-0.748367 0.720209
-0.757315 0.734413
-0.766127 0.748664
-0.774805 0.762961
-0.783347 0.777304
-0.791755 0.791694
-0.800027 0.806130
-0.808164 0.820612
-0.816166 0.835140
-0.824033 0.849715
-0.831765 0.864336
-0.839361 0.879004
-0.846823 0.893717
-0.854149 0.908477
-0.861341 0.923284
-0.868397 0.938136
-0.875318 0.953035
-0.882104 0.967981
-0.888755 0.982972
-0.895271 0.998010
-0.901652 1.013094
-0.907898 1.028224
-0.914008 1.043401
-0.919984 1.058624
-0.924609 1.075086
-0.929109 1.091598
-0.933484 1.108162
-0.937733 1.124776
-0.941857 1.141442
-0.945855 1.158159
-0.949729 1.174927
-0.953477 1.191746
-0.957100 1.208616
-0.960597 1.225537
-0.963969 1.242509
-0.967216 1.259532
-0.970338 1.276606
-0.973334 1.293731
-0.976205 1.310907
-0.978951 1.328135
-0.981571 1.345413
-0.984066 1.362742
-0.986436 1.380123
-0.988680 1.397554
-0.990800 1.415037
-0.992794 1.432570
-0.994662 1.450155
-0.996405 1.467791
-0.998023 1.485478
-0.999516 1.503215
-1.000883 1.521004
-1.002125 1.538844
-1.003242 1.556735
-1.004234 1.574677
-1.005100 1.592670
-1.005841 1.610714
-1.006456 1.628809
-1.006947 1.646955
-1.007312 1.665153
-1.007551 1.683401
-1.007666 1.701700
-1.007655 1.720051
-1.007518 1.738452
-1.007257 1.756905
-1.002691 1.763398
-0.998034 1.769894
-0.993285 1.776394
-0.988445 1.782897
-0.983513 1.789403
-0.978489 1.795912
-0.973374 1.802424
-0.968167 1.808940
-0.962869 1.815459
-0.957479 1.821981
-0.951997 1.828506
-0.946424 1.835034
-0.940759 1.841566
-0.935003 1.848101
-0.929155 1.854639
-0.923215 1.861180
-0.917184 1.867724
-0.911061 1.874272
-0.904847 1.880823
-0.898541 1.887377
-0.892143 1.893934
-0.885654 1.900494
-0.879074 1.907058
-0.872401 1.913625
-0.865637 1.920195
-0.858782 1.926768
-0.851834 1.933344
-0.844796 1.939924
-0.837665 1.946507
-0.830443 1.953092
-0.823130 1.959682
-0.815725 1.966274
-0.808228 1.972870
-0.800639 1.979468
-0.792959 1.986071
-0.785188 1.992676
-0.777325 1.999284
-0.769370 2.005896
-0.761324 2.012510
-0.753186 2.019128
-0.739835 2.021219
-0.726434 2.023295
-0.712982 2.025356
-0.699481 2.027402
-0.685929 2.029433
-0.672326 2.031450
-0.658674 2.033451
-0.644971 2.035438
-0.631218 2.037410
-0.617414 2.039367
-0.603560 2.041309
-0.589656 2.043236
-0.575702 2.045149
-0.561697 2.047046
-0.547642 2.048929
-0.533537 2.050797
-0.519381 2.052650
-0.505176 2.054488
-0.490919 2.056312
-0.476613 2.058120
-0.462256 2.059914
-0.447849 2.061692
-0.433392 2.063457
-0.418884 2.065206
-0.404326 2.066940
-0.389718 2.068659
-0.375059 2.070364
-0.360350 2.072053
-0.345591 2.073728
-0.330781 2.075388
-0.315922 2.077034
-0.301012 2.078664
-0.286051 2.080279
-0.271040 2.081880
-0.255979 2.083466
-0.240868 2.085037
-0.225706 2.086593
-0.210495 2.088134
-0.195232 2.089660
-0.179920 2.091172
-0.161172 2.108845
-0.142401 2.126568
-0.123607 2.144341
-0.104790 2.162164
-0.085950 2.180036
-0.067087 2.197958
-0.048201 2.215929
-0.029292 2.233950
-0.010360 2.252020
0.008595 2.270140
0.027573 2.288310
0.046574 2.306529
0.065598 2.324798
0.084645 2.343116
0.103715 2.361484
0.122808 2.379902
0.141924 2.398369
0.161063 2.416886
0.180225 2.435452
0.199410 2.454068
0.218618 2.472734
0.237849 2.491449
0.257103 2.510214
0.276380 2.529028
0.295680 2.547892
0.315003 2.566805
0.334349 2.585768
0.353718 2.604781
0.373110 2.623843
0.392525 2.642956
0.411963 2.662117
0.431424 2.681329
0.450908 2.700589
0.470415 2.719900
0.489945 2.739260
0.509498 2.758670
0.529074 2.778129
0.548673 2.797638
0.568295 2.817196
0.587940 2.836804
0.614714 2.856650
0.641452 2.876546
0.668157 2.896493
0.694827 2.916490
0.721463 2.936537
0.748065 2.956634
0.774633 2.976782
0.801166 2.996981
0.827664 3.017229
0.854129 3.037528
0.880559 3.057878
0.906955 3.078277
0.933317 3.098727
0.959644 3.119228
0.985937 3.139779
1.012196 3.160380
1.038420 3.181031
1.064610 3.201733
1.090766 3.222485
1.116888 3.243288
1.142975 3.264140
1.169028 3.285043
1.195046 3.305997
1.221031 3.327001
1.246981 3.348055
1.272896 3.369160
1.298778 3.390315
1.324625 3.411520
1.350438 3.432776
1.376216 3.454082
1.401960 3.475438
1.427670 3.496845
1.453346 3.518302
1.478987 3.539809
1.504594 3.561367
1.530167 3.582975
1.555705 3.604634
1.581209 3.626342
1.606679 3.648101
1.632115 3.669911
1.652519 3.698811
1.672929 3.727790
1.693345 3.756847
1.713767 3.785983
1.734195 3.815197
1.754629 3.844489
1.775069 3.873860
1.795514 3.903309
1.815966 3.932837
1.836424 3.962443
1.856888 3.992127
1.877358 4.021890
1.897834 4.051732
1.918316 4.081651
1.938804 4.111649
1.959298 4.141726
1.979798 4.171880
2.000304 4.202114
2.020816 4.232425
2.041334 4.262815
2.061858 4.293283
2.082388 4.323830
2.102924 4.354455
2.123466 4.385159
2.144014 4.415941
2.164568 4.446801
2.185128 4.477740
2.205694 4.508757
2.226266 4.539853
2.246844 4.571027
2.267428 4.602279
2.288018 4.633610
2.308614 4.665019
2.329216 4.696507
2.349824 4.728073
2.370438 4.759717
2.391057 4.791440
2.411684 4.823241
2.432316 4.855120
2.452954 4.887078
2.476090 4.923369
2.499212 4.959755
2.522321 4.996236
2.545414 5.032813
2.568494 5.069485
2.591560 5.106253
2.614612 5.143116
2.637650 5.180074
2.660673 5.217127
2.683683 5.254276
2.706678 5.291521
2.729659 5.328860
2.752626 5.366295
2.775579 5.403826
2.798518 5.441452
2.821443 5.479173
2.844354 5.516989
2.867250 5.554901
2.890133 5.592908
2.913001 5.631011
2.935856 5.669209
2.958696 5.707502
2.981522 5.745891
3.004334 5.784375
3.027132 5.822955
3.049916 5.861629
3.072686 5.900399
3.095441 5.939264
3.118183 5.978224
3.140910 6.017280
3.163624 6.056431
3.186323 6.095678
3.209008 6.135020
3.231679 6.174457
3.254336 6.213990
3.276979 6.253618
3.299608 6.293341
3.322222 6.333160
3.344823 6.373074
3.367409 6.413084
3.393305 6.438153
3.419160 6.463259
3.444973 6.488400
3.470746 6.513576
3.496478 6.538787
3.522169 6.564034
3.547820 6.589317
3.573429 6.614635
3.598997 6.639989
3.624525 6.665378
3.650011 6.690803
3.675457 6.716262
3.700861 6.741758
3.726225 6.767289
3.751548 6.792855
3.776830 6.818457
3.802072 6.844094
3.827272 6.869766
3.852431 6.895474
3.877550 6.921218
3.902627 6.946997
3.927664 6.972811
3.952660 6.998661
3.977614 7.024546
4.002528 7.050467
4.027401 7.076423
4.052234 7.102415
4.077025 7.128442
4.101775 7.154504
4.126484 7.180602
4.151153 7.206736
4.175781 7.232904
4.200367 7.259109
4.224913 7.285348
4.249418 7.311624
4.273882 7.337934
4.298306 7.364280
4.322688 7.390662
4.347029 7.417079
4.371330 7.443532
4.385595 7.466643
4.399899 7.489777
4.414244 7.512933
4.428628 7.536111
4.443052 7.559311
4.457516 7.582533
4.472020 7.605777
4.486563 7.629043
4.501145 7.652331
4.515768 7.675641
4.530430 7.698973
4.545132 7.722327
4.559874 7.745703
4.574655 7.769101
4.589476 7.792521
4.604337 7.815963
4.619237 7.839427
4.634177 7.862913
4.649157 7.886421
4.664176 7.909951
4.679235 7.933503
4.694335 7.957077
4.709473 7.980673
4.724651 8.004291
4.739869 8.027930
4.755127 8.051592
4.770424 8.075275
4.785761 8.098982
4.801138 8.122710
4.816555 8.146461
4.832011 8.170233
4.847507 8.194027
4.863042 8.217843
4.878617 8.241681
4.894232 8.265541
4.909887 8.289423
4.925581 8.313327
4.941316 8.337253
4.957089 8.361200
4.972903 8.385170
4.987169 8.417871
5.001487 8.450630
5.015858 8.483445
5.030282 8.516317
5.044757 8.549246
5.059286 8.582231
5.073867 8.615273
5.088500 8.648371
5.103187 8.681526
5.117925 8.714738
5.132716 8.748007
5.147560 8.781332
5.162456 8.814714
5.177404 8.848153
5.192405 8.881649
5.207458 8.915201
5.222564 8.948810
5.237723 8.982475
5.252934 9.016197
5.268198 9.049976
5.283514 9.083812
5.298882 9.117704
5.314303 9.151653
5.329776 9.185659
5.345302 9.219722
5.360880 9.253841
5.376512 9.288017
5.392195 9.322249
5.407931 9.356539
5.423720 9.390884
5.439561 9.425287
5.455454 9.459746
5.471400 9.494263
5.487399 9.528835
5.503449 9.563465
5.519553 9.598151
5.535709 9.632895
5.551918 9.667694
5.568179 9.702550
5.584493 9.737463
5.611238 9.767463
5.637951 9.797500
5.664634 9.827574
5.691285 9.857684
5.717905 9.887832
5.744494 9.918016
5.771051 9.948237
5.797578 9.978496
5.824073 10.008791
5.850537 10.039123
5.876970 10.069491
5.903371 10.099897
5.929742 10.130340
5.956081 10.160819
5.982389 10.191336
6.008666 10.221889
6.034911 10.252480
6.061126 10.283107
6.087309 10.313771
6.113461 10.344472
6.139582 10.375210
6.165671 10.405985
6.191730 10.436796
6.217757 10.467645
6.243753 10.498530
6.269718 10.529453
6.295651 10.560412
6.321554 10.591409
6.347425 10.622442
6.373265 10.653512
6.399074 10.684619
6.424851 10.715763
6.450598 10.746943
6.476313 10.778161
6.501997 10.809416
6.527650 10.840707
6.553271 10.872035
6.578862 10.903400
6.604421 10.934803
6.629949 10.966242
6.652544 10.990966
6.675132 11.015700
6.697711 11.040444
6.720284 11.065198
6.742847 11.089962
6.765404 11.114736
6.787952 11.139520
6.810493 11.164313
6.833025 11.189117
6.855550 11.213931
6.878067 11.238755
6.900577 11.263589
6.923079 11.288433
6.945572 11.313287
6.968059 11.338151
6.990537 11.363025
7.013007 11.387909
7.035470 11.412803
7.057925 11.437707
7.080372 11.462621
7.102811 11.487545
7.125242 11.512479
7.147666 11.537423
7.170082 11.562377
7.192490 11.587341
7.214890 11.612315
7.237282 11.637300
7.259667 11.662293
7.282044 11.687298
7.304413 11.712312
7.326774 11.737336
7.349127 11.762370
7.371473 11.787415
7.393811 11.812469
7.416141 11.837533
7.438463 11.862607
7.460777 11.887691
7.483084 11.912786
7.505383 11.937889
7.527674 11.963003
7.545195 11.993222
7.562747 12.023472
7.580330 12.053752
7.597944 12.084063
7.615588 12.114403
7.633262 12.144773
7.650967 12.175175
7.668703 12.205606
7.686470 12.236068
7.704267 12.266560
7.722094 12.297082
7.739952 12.327635
7.757841 12.358218
7.775760 12.388831
7.793710 12.419475
7.811691 12.450149
7.829702 12.480853
7.847744 12.511587
7.865816 12.542352
7.883919 12.573147
7.902053 12.603972
7.920217 12.634828
7.938412 12.665713
7.956637 12.696630
7.974893 12.727576
7.993180 12.758554
8.011497 12.789560
8.029844 12.820598
8.048223 12.851665
8.066631 12.882764
8.085071 12.913892
8.103540 12.945050
8.122041 12.976239
8.140573 13.007459
8.159135 13.038709
8.177728 13.069988
8.196351 13.101298
8.215005 13.132639
8.233689 13.164010
8.252404 13.195411
8.277808 13.219513
8.303189 13.243616
8.328547 13.267720
8.353883 13.291825
8.379195 13.315932
8.404484 13.340040
8.429749 13.364149
8.454992 13.388259
8.480212 13.412370
8.505408 13.436481
8.530581 13.460594
8.555732 13.484709
8.580859 13.508824
8.605964 13.532941
8.631044 13.557058
8.656102 13.581177
8.681137 13.605296
8.706149 13.629417
8.731137 13.653540
8.756103 13.677663
8.781045 13.701787
8.805964 13.725912
8.830861 13.750038
8.855734 13.774165
8.880584 13.798294
8.905411 13.822424
8.930215 13.846555
8.954995 13.870687
8.979753 13.894819
9.004487 13.918953
9.029199 13.943089
9.053887 13.967225
9.078552 13.991363
9.103194 14.015501
9.127813 14.039640
9.152410 14.063781
9.176982 14.087922
9.201531 14.112065
9.226058 14.136209
9.250562 14.160355
9.272847 14.172691
9.295127 14.184982
9.317402 14.197227
9.339671 14.209426
9.361935 14.221579
9.384193 14.233685
9.406446 14.245747
9.428694 14.257762
9.450936 14.269731
9.473173 14.281653
9.495404 14.293530
9.517631 14.305362
9.539851 14.317147
9.562066 14.328887
9.584276 14.340580
9.606481 14.352227
9.628679 14.363829
9.650873 14.375384
9.673061 14.386894
9.695245 14.398357
9.717422 14.409775
9.739594 14.421146
9.761762 14.432472
9.783923 14.443752
9.806079 14.454987
9.828230 14.466174
9.850375 14.477316
9.872515 14.488412
9.894650 14.499462
9.916779 14.510467
9.938902 14.521424
9.961020 14.532336
9.983133 14.543202
10.005240 14.554023
10.027343 14.564797
10.049439 14.575526
10.071530 14.586208
10.093616 14.596845
10.115697 14.607435
10.137772 14.617980
10.155377 14.644567
10.173014 14.671173
10.190681 14.697797
10.208378 14.724439
10.226106 14.751099
10.243864 14.777777
10.261653 14.804473
10.279472 14.831187
10.297322 14.857921
10.315204 14.884672
10.333116 14.911442
10.351058 14.938230
10.369031 14.965035
10.387034 14.991859
10.405068 15.018702
10.423133 15.045562
10.441228 15.072440
10.459353 15.099337
10.477509 15.126251
10.495696 15.153184
10.513913 15.180135
10.532162 15.207104
10.550441 15.234091
10.568750 15.261096
10.587090 15.288119
10.605461 15.315161
10.623862 15.342220
10.642294 15.369298
10.660756 15.396394
10.679249 15.423508
10.697772 15.450640
10.716326 15.477790
10.734911 15.504958
10.753527 15.532145
10.772173 15.559349
10.790850 15.586572
10.809557 15.613812
10.828295 15.641071
10.847063 15.668348
10.865862 15.695643
10.892838 15.721000
10.919780 15.746366
10.946686 15.771742
10.973557 15.797129
11.000393 15.822526
11.027194 15.847934
11.053960 15.873352
11.080690 15.898781
11.107386 15.924219
11.134047 15.949668
11.160672 15.975127
11.187263 16.000597
11.213818 16.026077
11.240337 16.051567
11.266822 16.077068
11.293272 16.102579
11.319687 16.128101
11.346066 16.153633
11.372411 16.179174
11.398720 16.204727
11.424994 16.230289
11.451234 16.255863
11.477438 16.281446
11.503607 16.307041
11.529740 16.332645
11.555840 16.358259
11.581903 16.383884
11.607932 16.409519
11.633925 16.435165
11.659883 16.460821
11.685807 16.486488
11.711696 16.512165
11.737549 16.537851
11.763367 16.563549
11.789149 16.589256
11.814898 16.614975
11.840611 16.640703
11.866288 16.666443
11.891931 16.692192
11.917538 16.717951
11.937692 16.744762
11.957854 16.771589
11.978025 16.798429
11.998205 16.825285
12.018394 16.852154
12.038590 16.879038
12.058796 16.905937
12.079010 16.932850
12.099233 16.959778
12.119464 16.986719
12.139704 17.013676
12.159952 17.040648
12.180209 17.067633
12.200475 17.094633
12.220749 17.121647
12.241032 17.148676
12.261323 17.175720
12.281623 17.202778
12.301931 17.229851
12.322248 17.256937
12.342574 17.284039
12.362908 17.311155
12.383251 17.338285
12.403603 17.365431
12.423963 17.392590
12.444331 17.419764
12.464708 17.446953
12.485094 17.474155
12.505488 17.501373
12.525891 17.528605
12.546303 17.555851
12.566723 17.583113
12.587152 17.610388
12.607589 17.637678
12.628035 17.664982
12.648489 17.692301
12.668952 17.719635
12.689424 17.746983
12.709904 17.774345
12.730392 17.801722
12.758987 17.834961
12.787525 17.868238
12.816007 17.901554
12.844431 17.934908
12.872799 17.968300
12.901111 18.001728
12.929365 18.035194
12.957563 18.068699
12.985704 18.102242
13.013789 18.135822
13.041817 18.169439
13.069788 18.203094
13.097702 18.236788
13.125560 18.270519
13.153360 18.304289
13.181105 18.338097
13.208792 18.371941
13.236423 18.405823
13.263997 18.439743
13.291514 18.473701
13.318975 18.507698
13.346379 18.541731
13.373727 18.575802
13.401017 18.609911
13.428251 18.644058
13.455428 18.678244
13.482549 18.712467
13.509612 18.746727
13.536619 18.781025
13.563570 18.815361
13.590464 18.849735
13.617301 18.884148
13.644081 18.918596
13.670805 18.953083
13.697472 18.987608
13.724082 19.022171
13.750635 19.056772
13.777132 19.091412
13.803572 19.126087
13.829955 19.160801
13.851645 19.195704
13.873314 19.230644
13.894964 19.265623
13.916595 19.300640
13.938208 19.335697
13.959801 19.370792
13.981374 19.405926
14.002928 19.441097
14.024463 19.476307
14.045979 19.511555
14.067474 19.546841
14.088951 19.582165
14.110409 19.617529
14.131847 19.652931
14.153266 19.688372
14.174665 19.723850
14.196046 19.759367
14.217407 19.794922
14.238749 19.830515
14.260071 19.866148
14.281374 19.901819
14.302658 19.937529
14.323922 19.973276
14.345167 20.009062
14.366393 20.044886
14.387600 20.080748
14.408787 20.116648
14.429955 20.152588
14.451103 20.188566
14.472233 20.224583
14.493343 20.260637
14.514434 20.296730
14.535505 20.332861
14.556558 20.369030
14.577591 20.405239
14.598604 20.441486
14.619598 20.477772
14.640574 20.514095
14.661530 20.550457
14.682466 20.586857
14.696550 20.623936
14.710670 20.661055
14.724827 20.698215
14.739018 20.735416
14.753246 20.772659
14.767510 20.809942
14.781810 20.847267
14.796145 20.884632
14.810516 20.922039
14.824924 20.959486
14.839366 20.996975
14.853845 21.034504
14.868359 21.072075
14.882909 21.109686
14.897494 21.147337
14.912116 21.185030
14.926773 21.222763
14.941466 21.260538
14.956196 21.298353
14.970961 21.336210
14.985762 21.374107
15.000598 21.412046
15.015471 21.450026
15.030378 21.488047
15.045322 21.526108
15.060302 21.564211
15.075317 21.602354
15.090368 21.640539
15.105455 21.678764
15.120578 21.717030
15.135736 21.755337
15.150931 21.793684
15.166162 21.832073
15.181428 21.870502
15.196730 21.908974
15.212068 21.947485
15.227441 21.986038
15.242850 22.024632
15.258295 22.063267
15.273776 22.101942
15.292046 22.138086
15.310328 22.174261
15.328625 22.210466
15.346935 22.246702
15.365259 22.282969
15.383596 22.319265
15.401948 22.355593
15.420313 22.391951
15.438691 22.428341
15.457083 22.464762
15.475489 22.501213
15.493908 22.537695
15.512341 22.574207
15.530787 22.610750
15.549247 22.647324
15.567720 22.683928
15.586207 22.720562
15.604708 22.757227
15.623222 22.793924
15.641750 22.830652
15.660292 22.867411
15.678846 22.904200
15.697415 22.941019
15.715998 22.977869
15.734593 23.014750
15.753202 23.051661
15.771826 23.088602
15.790462 23.125574
15.809113 23.162577
15.827777 23.199612
15.846455 23.236677
15.865146 23.273773
15.883850 23.310900
15.902569 23.348057
15.921301 23.385244
15.940046 23.422462
15.958805 23.459711
15.977578 23.496990
15.996365 23.534300
16.015165 23.571642
16.029577 23.604082
16.044039 23.636534
16.058548 23.668995
16.073107 23.701468
16.087715 23.733952
16.102373 23.766447
16.117079 23.798954
16.131834 23.831470
16.146639 23.863998
16.161491 23.896538
16.176394 23.929089
16.191345 23.961649
16.206347 23.994221
16.221395 24.026804
16.236494 24.059399
16.251642 24.092005
16.266840 24.124620
16.282085 24.157248
16.297380 24.189886
16.312725 24.222536
16.328119 24.255198
16.343561 24.287868
16.359053 24.320551
16.374594 24.353245
16.390184 24.385950
16.405823 24.418667
16.421511 24.451393
16.437248 24.484131
16.453035 24.516880
16.468870 24.549641
16.484755 24.582413
16.500689 24.615194
16.516672 24.647987
16.532703 24.680792
16.548784 24.713608
16.564915 24.746435
16.581095 24.779272
16.597322 24.812120
16.613600 24.844980
16.629927 24.877851
16.642433 24.903177
16.655020 24.928484
16.667686 24.953772
16.680433 24.979040
16.693262 25.004290
16.706171 25.029522
16.719160 25.054735
16.732229 25.079929
16.745378 25.105104
16.758608 25.130260
16.771917 25.155397
16.785307 25.180515
16.798777 25.205614
16.812326 25.230694
16.825958 25.255754
16.839670 25.280796
16.853462 25.305819
16.867334 25.330822
16.881287 25.355806
16.895319 25.380772
16.909431 25.405718
16.923624 25.430645
16.937897 25.455553
16.952250 25.480442
16.966684 25.505312
16.981199 25.530163
16.995794 25.554995
17.010469 25.579807
17.025225 25.604601
17.040060 25.629375
17.054976 25.654131
17.069971 25.678867
17.085047 25.703585
17.100203 25.728283
17.115440 25.752962
17.130758 25.777622
17.146156 25.802263
17.161634 25.826885
17.177193 25.851488
17.192831 25.876072
17.211798 25.910664
17.230820 25.945276
17.249895 25.979910
17.269026 26.014565
17.288210 26.049240
17.307447 26.083937
17.326740 26.118654
17.346087 26.153393
17.365486 26.188152
17.384941 26.222933
17.404449 26.257734
17.424011 26.292557
17.443628 26.327400
17.463299 26.362265
17.483025 26.397150
17.502804 26.432056
17.522636 26.466984
17.542524 26.501930
17.562466 26.536898
17.582460 26.571886
17.602510 26.606895
17.622614 26.641926
17.642771 26.676977
17.662983 26.712049
17.683249 26.747143
17.703569 26.782257
17.723944 26.817392
17.744371 26.852549
17.764854 26.887726
17.785391 26.922924
17.805981 26.958143
17.826626 26.993383
17.847324 27.028645
17.868076 27.063927
17.888884 27.099230
17.909744 27.134554
17.930660 27.169899
17.951630 27.205265
17.972652 27.240652
17.993731 27.276060
18.026085 27.310358
18.058401 27.344673
18.090681 27.379005
18.122925 27.413353
18.155132 27.447718
18.187304 27.482098
18.219439 27.516495
18.251537 27.550909
18.283600 27.585339
18.315626 27.619785
18.347616 27.654247
18.379570 27.688726
18.411488 27.723223
18.443367 27.757734
18.475210 27.792263
18.507017 27.826807
18.538788 27.861368
18.570522 27.895947
18.602221 27.930540
18.633883 27.965151
18.665508 27.999777
18.697098 28.034420
18.728651 28.069080
18.760168 28.103756
18.791649 28.138449
18.823092 28.173157
18.854498 28.207882
18.885868 28.242624
18.917202 28.277382
18.948500 28.312157
18.979761 28.346947
19.010986 28.381754
19.042175 28.416578
19.073328 28.451418
19.104445 28.486275
19.135525 28.521147
19.166569 28.556036
19.197575 28.590940
19.228544 28.625862
19.259478 28.660801
19.293152 28.694262
19.326769 28.727734
19.360327 28.761215
19.393826 28.794708
19.427265 28.828211
19.460646 28.861725
19.493969 28.895248
19.527233 28.928783
19.560438 28.962328
19.593584 28.995884
19.626671 29.029449
19.659698 29.063026
19.692669 29.096613
19.725580 29.130211
19.758432 29.163818
19.791225 29.197435
19.823959 29.231064
19.856634 29.264702
19.889252 29.298351
19.921810 29.332010
19.954309 29.365681
19.986750 29.399361
20.019131 29.433052
20.051453 29.466753
20.083717 29.500465
20.115923 29.534187
20.148069 29.567921
20.180157 29.601664
20.212185 29.635418
20.244154 29.669182
20.276066 29.702957
20.307919 29.736742
20.339712 29.770538
20.371447 29.804344
20.403122 29.838161
20.434738 29.871988
20.466297 29.905827
20.497797 29.939674
20.529238 29.973532
20.560619 30.007401
20.584702 30.051407
20.608782 30.095465
20.632862 30.139574
20.656942 30.183733
20.681023 30.227943
20.705103 30.272205
20.729181 30.316517
20.753260 30.360880
20.777338 30.405293
20.801416 30.449757
20.825495 30.494272
20.849571 30.538837
20.873648 30.583454
20.897724 30.628122
20.921801 30.672840
20.945877 30.717609
20.969952 30.762430
20.994026 30.807301
21.018101 30.852222
21.042175 30.897194
21.066248 30.942217
21.090321 30.987291
21.114393 31.032415
21.138466 31.077591
21.162539 31.122818
21.186609 31.168095
21.210680 31.213423
21.234751 31.258801
21.258821 31.304230
21.282892 31.349710
21.306961 31.395241
21.331030 31.440823
21.355099 31.486456
21.379168 31.532139
21.403236 31.577873
21.427303 31.623659
21.451370 31.669495
21.475437 31.715382
21.499504 31.761318
21.523569 31.807306
21.545664 31.843870
21.567774 31.880447
21.589899 31.917038
21.612040 31.953640
21.634195 31.990255
21.656366 32.026886
21.678553 32.063530
21.700754 32.100185
21.722973 32.136852
21.745207 32.173534
21.767456 32.210228
21.789721 32.246937
21.812000 32.283657
21.834295 32.320389
21.856606 32.357136
21.878931 32.393894
21.901274 32.430668
21.923632 32.467453
21.946005 32.504253
21.968393 32.541065
21.990797 32.577888
22.013216 32.614727
22.035650 32.651577
22.058100 32.688442
22.080566 32.725319
22.103048 32.762211
22.125546 32.799114
22.148058 32.836029
22.170586 32.872959
22.193129 32.909901
22.215687 32.946857
22.238260 32.983826
22.260851 33.020805
22.283457 33.057800
22.306078 33.094807
22.328714 33.131828
22.351366 33.168861
22.374033 33.205910
22.396715 33.242970
22.419415 33.280041
22.440727 33.307888
22.462067 33.335712
22.483433 33.363514
22.504826 33.391293
22.526245 33.419048
22.547691 33.446777
22.569164 33.474483
22.590664 33.502167
22.612190 33.529827
22.633743 33.557461
22.655325 33.585072
22.676933 33.612659
22.698568 33.640224
22.720230 33.667767
22.741919 33.695282
22.763634 33.722775
22.785376 33.750244
22.807144 33.777691
22.828939 33.805111
22.850761 33.832508
22.872610 33.859882
22.894485 33.887234
22.916388 33.914558
22.938316 33.941860
22.960272 33.969139
22.982254 33.996395
23.004263 34.023628
23.026299 34.050835
23.048361 34.078018
23.070450 34.105179
23.092567 34.132317
23.114712 34.159428
23.136883 34.186516
23.159081 34.213581
23.181305 34.240623
23.203556 34.267643
23.225834 34.294636
23.248138 34.321606
23.270470 34.348553
23.292828 34.375477
23.309992 34.402939
23.327225 34.430382
23.344526 34.457802
23.361897 34.485203
23.379337 34.512581
23.396847 34.539936
23.414425 34.567272
23.432072 34.594585
23.449787 34.621876
23.467571 34.649147
23.485424 34.676395
23.503345 34.703621
23.521338 34.730827
23.539398 34.758011
23.557528 34.785175
23.575726 34.812317
23.593992 34.839436
23.612328 34.866535
23.630732 34.893612
23.649204 34.920666
23.667746 34.947701
23.686357 34.974712
23.705038 35.001701
23.723787 35.028671
23.742605 35.055618
23.761492 35.082546
23.780447 35.109451
23.799471 35.136333
23.818563 35.163197
23.837727 35.190037
23.856958 35.216854
23.876259 35.243652
23.895628 35.270428
23.915066 35.297180
23.934572 35.323914
23.954147 35.350624
23.973791 35.377316
23.993505 35.403984
24.013288 35.430630
24.033140 35.457256
24.054314 35.476078
24.075544 35.494850
24.096834 35.513569
24.118183 35.532234
24.139591 35.550846
24.161058 35.569405
24.182585 35.587914
24.204168 35.606369
24.225811 35.624771
24.247513 35.643120
24.269274 35.661419
24.291094 35.679665
24.312973 35.697857
24.334909 35.715996
24.356905 35.734085
24.378960 35.752121
24.401073 35.770103
24.423246 35.788033
24.445477 35.805912
24.467766 35.823738
24.490114 35.841511
24.512522 35.859230
24.534988 35.876900
24.557514 35.894516
24.580097 35.912079
24.602739 35.929588
24.625441 35.947044
24.648201 35.964451
24.671021 35.981804
24.693899 35.999104
24.716835 36.016350
24.739830 36.033546
24.762884 36.050690
24.785997 36.067780
24.809170 36.084816
24.832401 36.101803
24.855690 36.118736
24.879038 36.135616
24.902445 36.152443
24.925911 36.169220
24.941574 36.197124
24.957359 36.225021
24.973267 36.252911
24.989296 36.280792
25.005447 36.308666
25.021721 36.336533
25.038116 36.364391
25.054634 36.392242
25.071276 36.420082
25.088039 36.447914
25.104925 36.475739
25.121933 36.503555
25.139063 36.531364
25.156315 36.559166
25.173689 36.586960
25.191185 36.614746
25.208803 36.642525
25.226543 36.670296
25.244406 36.698059
25.262390 36.725815
25.280497 36.753559
25.298725 36.781296
25.317076 36.809025
25.335550 36.836746
25.354147 36.864460
25.372866 36.892166
25.391706 36.919865
25.410669 36.947556
25.429754 36.975239
25.448961 37.002914
25.468290 37.030582
25.487741 37.058239
25.507315 37.085888
25.527010 37.113529
25.546827 37.141163
25.566767 37.168789
25.586828 37.196407
25.607012 37.224018
25.627319 37.251621
25.647749 37.279217
25.667469 37.295547
25.687319 37.311825
25.707296 37.328049
25.727404 37.344219
25.747639 37.360336
25.768003 37.376400
25.788498 37.392414
25.809120 37.408375
25.829872 37.424282
25.850752 37.440136
25.871761 37.455936
25.892899 37.471684
25.914165 37.487381
25.935562 37.503025
25.957087 37.518616
25.978741 37.534153
26.000523 37.549637
26.022434 37.565067
26.044476 37.580448
26.066645 37.595776
26.088943 37.611050
26.111370 37.626270
26.133926 37.641438
26.156610 37.656551
26.179424 37.671616
26.202368 37.686626
26.225439 37.701584
26.248640 37.716488
26.271969 37.731339
26.295427 37.746136
26.319016 37.760880
26.342731 37.775574
26.366577 37.790215
26.390551 37.804802
26.414654 37.819336
26.438885 37.833817
26.463245 37.848244
26.487736 37.862621
26.512354 37.876945
26.537102 37.891216
26.566280 37.908897
26.595554 37.926540
26.624922 37.944145
26.654383 37.961708
26.683939 37.979233
26.713589 37.996719
26.743334 38.014168
26.773172 38.031574
26.803104 38.048943
26.833132 38.066273
26.863253 38.083565
26.893469 38.100819
26.923779 38.118031
26.954182 38.135204
26.984680 38.152340
27.015272 38.169437
27.045958 38.186493
27.076738 38.203510
27.107613 38.220490
27.138582 38.237431
27.169645 38.254333
27.200802 38.271194
27.232054 38.288017
27.263399 38.304802
27.294840 38.321548
27.326374 38.338253
27.358002 38.354919
27.389725 38.371548
27.421541 38.388138
27.453451 38.404690
27.485456 38.421200
27.517555 38.437672
27.549749 38.454105
27.582037 38.470501
27.614418 38.486855
27.646894 38.503170
27.679464 38.519447
27.712130 38.535686
27.744888 38.551888
27.777740 38.568047
27.811457 38.589615
27.845261 38.611164
27.879152 38.632698
27.913132 38.654213
27.947199 38.675713
27.981356 38.697193
28.015600 38.718658
28.049932 38.740105
28.084352 38.761536
28.118860 38.782948
28.153456 38.804344
28.188139 38.825722
28.222910 38.847084
28.257771 38.868427
28.292719 38.889751
28.327755 38.911060
28.362879 38.932350
28.398090 38.953625
28.433390 38.974880
28.468777 38.996120
28.504253 39.017342
28.539818 39.038548
28.575470 39.059734
28.611210 39.080906
28.647038 39.102058
28.682953 39.123196
28.718956 39.144314
28.755049 39.165413
28.791229 39.186497
28.827497 39.207561
28.863853 39.228611
28.900297 39.249641
28.936829 39.270657
28.973448 39.291653
29.010155 39.312634
29.046951 39.333595
29.083836 39.354542
29.120808 39.375469
29.157867 39.396381
29.195015 39.417274
29.233986 39.440197
29.273031 39.463108
29.312151 39.486012
29.351345 39.508907
29.390614 39.531792
29.429955 39.554668
29.469370 39.577534
29.508860 39.600391
29.548424 39.623241
29.588062 39.646080
29.627773 39.668911
29.667559 39.691730
29.707418 39.714542
29.747353 39.737347
29.787361 39.760139
29.827442 39.782925
29.867598 39.805698
29.907827 39.828465
29.948132 39.851223
29.988510 39.873970
30.028961 39.896709
30.069487 39.919437
30.110086 39.942158
30.150761 39.964870
30.191509 39.987572
30.232330 40.010265
30.273226 40.032948
30.314196 40.055622
30.355240 40.078289
30.396358 40.100945
30.437550 40.123592
30.478815 40.146229
30.520155 40.168858
30.561569 40.191479
30.603058 40.214088
30.644619 40.236691
30.686255 40.259281
30.727964 40.281864
30.769749 40.304440
30.811607 40.327003
30.855125 40.347225
30.898706 40.367428
30.942348 40.387611
30.986052 40.407776
31.029816 40.427925
31.073641 40.448055
31.117527 40.468166
31.161474 40.488258
31.205482 40.508331
31.249552 40.528385
31.293682 40.548424
31.337873 40.568443
31.382128 40.588444
31.426443 40.608425
31.470819 40.628387
31.515257 40.648331
31.559755 40.668259
31.604315 40.688168
31.648935 40.708057
31.693617 40.727928
31.738359 40.747780
31.783163 40.767612
31.828028 40.787430
31.872953 40.807228
31.917942 40.827007
31.962992 40.846767
32.008102 40.866508
32.053272 40.886230
32.098503 40.905937
32.143795 40.925625
32.189152 40.945293
32.234570 40.964943
32.280048 40.984573
32.325588 41.004185
32.371189 41.023777
32.416851 41.043354
32.462574 41.062912
32.508358 41.082451
32.554203 41.101971
32.600109 41.121471
32.677982 41.143414
32.755657 41.165348
32.833138 41.187275
32.910423 41.209190
32.987511 41.231098
33.064404 41.252998
33.141098 41.274891
33.217598 41.296772
33.293900 41.318645
33.370007 41.340511
33.445919 41.362370
33.521633 41.384216
33.597153 41.406055
33.672474 41.427887
33.747601 41.449711
33.822533 41.471523
33.897266 41.493328
33.971806 41.515125
34.046146 41.536911
34.120293 41.558689
34.194244 41.580460
34.267998 41.602222
34.341557 41.623974
34.414917 41.645718
34.488083 41.667454
34.561054 41.689182
34.633827 41.710899
34.706406 41.732609
34.778786 41.754311
34.850971 41.776005
34.922962 41.797688
34.994755 41.819363
35.066353 41.841030
35.137753 41.862686
35.208958 41.884335
35.279968 41.905975
35.350780 41.927608
35.421398 41.949230
35.491817 41.970844
35.562042 41.992451
35.643307 42.007221
35.724281 42.021954
35.804970 42.036652
35.885372 42.051315
35.965488 42.065941
36.045319 42.080532
36.124863 42.095085
36.204117 42.109604
36.283085 42.124088
36.361767 42.138535
36.440163 42.152946
36.518272 42.167320
36.596096 42.181660
36.673630 42.195965
36.750877 42.210232
36.827839 42.224464
36.904514 42.238663
36.980904 42.252823
37.057007 42.266949
37.132824 42.281036
37.208351 42.295090
37.283592 42.309109
37.358547 42.323090
37.433216 42.337036
37.507599 42.350945
37.581696 42.364819
37.655502 42.378658
37.729023 42.392460
37.802258 42.406227
37.875206 42.419956
37.947868 42.433651
38.020245 42.447311
38.092335 42.460934
38.164135 42.474522
38.235649 42.488071
38.306877 42.501587
38.377819 42.515068
38.448475 42.528511
38.518845 42.541920
38.588924 42.555290
38.659874 42.577225
38.730526 42.599155
38.800880 42.621086
38.870941 42.643013
38.940704 42.664940
39.010174 42.686863
39.079346 42.708786
39.148220 42.730709
39.216801 42.752628
39.285084 42.774548
39.353073 42.796463
39.420765 42.818378
39.488159 42.840294
39.555260 42.862206
39.622063 42.884117
39.688572 42.906025
39.754784 42.927933
39.820698 42.949837
39.886318 42.971741
39.951641 42.993645
40.016670 43.015545
40.081402 43.037445
40.145836 43.059341
40.209976 43.081238
40.273819 43.103130
40.337368 43.125023
40.400620 43.146915
40.463577 43.168804
40.526237 43.190693
40.588600 43.212578
40.650669 43.234463
40.712440 43.256348
40.773918 43.278229
40.835098 43.300110
40.895981 43.321987
40.956570 43.343864
41.016861 43.365738
41.076859 43.387611
41.136559 43.409485
41.195961 43.431355
41.239742 43.442242
41.283352 43.453083
41.326790 43.463879
41.370052 43.474628
41.413143 43.485336
41.456062 43.495998
41.498810 43.506615
41.541386 43.517185
41.583786 43.527710
41.626015 43.538189
41.668072 43.548622
41.709957 43.559010
41.751671 43.569351
41.793213 43.579651
41.834579 43.589905
41.875774 43.600113
41.916798 43.610275
41.957649 43.620392
41.998329 43.630463
42.038834 43.640488
42.079166 43.650467
42.119328 43.660400
42.159317 43.670292
42.199135 43.680138
42.238777 43.689938
42.278248 43.699692
42.317547 43.709400
42.356674 43.719063
42.395630 43.728680
42.434410 43.738251
42.473019 43.747776
42.511456 43.757259
42.549721 43.766697
42.587814 43.776089
42.625732 43.785435
42.663479 43.794735
42.701054 43.803989
42.738457 43.813198
42.775688 43.822361
42.812744 43.831478
42.839500 43.839096
42.866165 43.846664
42.892738 43.854179
42.919220 43.861645
42.945610 43.869057
42.971912 43.876419
42.998123 43.883728
43.024242 43.890987
43.050270 43.898197
43.076210 43.905354
43.102058 43.912460
43.127815 43.919514
43.153481 43.926517
43.179054 43.933472
43.204540 43.940372
43.229935 43.947224
43.255238 43.954021
43.280449 43.960770
43.305573 43.967468
43.330605 43.974113
43.355545 43.980709
43.380394 43.987251
43.405151 43.993744
43.429821 44.000187
43.454399 44.006577
43.478886 44.012917
43.503281 44.019203
43.527588 44.025440
43.551804 44.031624
43.575928 44.037758
43.599960 44.043842
43.623901 44.049873
43.647755 44.055855
43.671516 44.061783
43.695187 44.067661
43.718765 44.073490
43.742256 44.079266
43.765656 44.084991
43.788963 44.090664
43.812180 44.096287
43.838593 44.111019
43.864887 44.125736
43.891064 44.140442
43.917126 44.155132
43.943069 44.169807
43.968895 44.184467
43.994606 44.199112
44.020199 44.213741
44.045673 44.228359
44.071030 44.242962
44.096272 44.257549
44.121395 44.272121
44.146400 44.286678
44.171291 44.301220
44.196064 44.315746
44.220718 44.330261
44.245255 44.344761
44.269676 44.359245
44.293980 44.373714
44.318165 44.388168
44.342232 44.402607
44.366184 44.417034
44.390018 44.431446
44.413734 44.445843
44.437336 44.460224
44.460819 44.474590
44.484184 44.488941
44.507431 44.503281
44.530563 44.517605
44.553577 44.531914
44.576473 44.546207
44.599251 44.560486
44.621914 44.574749
44.644459 44.588997
44.666885 44.603233
44.689198 44.617455
44.711391 44.631660
44.733467 44.645851
44.755424 44.660027
44.777267 44.674187
44.798965 44.688774
44.820549 44.703346
44.842014 44.717907
44.863361 44.732456
44.884594 44.746990
44.905708 44.761513
44.926704 44.776020
44.947586 44.790516
44.968349 44.805000
44.988995 44.819469
45.009525 44.833927
45.029938 44.848373
45.050232 44.862804
45.070412 44.877224
45.090473 44.891628
45.110416 44.906021
45.130245 44.920403
45.149956 44.934769
45.169548 44.949123
45.189026 44.963467
45.208385 44.977795
45.227627 44.992111
45.246754 45.006413
45.265762 45.020702
45.284653 45.034981
45.303429 45.049244
45.322086 45.063496
45.340626 45.077732
45.359051 45.091957
45.377357 45.106171
45.395546 45.120369
45.413620 45.134556
45.431576 45.148731
45.449413 45.162891
45.467136 45.177040
45.484741 45.191174
45.502228 45.205296
45.519600 45.219406
45.536854 45.233501
45.553989 45.247585
45.571159 45.259357
45.588211 45.271111
45.605145 45.282841
45.621960 45.294548
45.638657 45.306232
45.655235 45.317898
45.671696 45.329540
45.688038 45.341160
45.704262 45.352757
45.720367 45.364330
45.736355 45.375885
45.752224 45.387417
45.767975 45.398926
45.783607 45.410412
45.799122 45.421879
45.814518 45.433323
45.829796 45.444744
45.844955 45.456142
45.859997 45.467518
45.874920 45.478874
45.889725 45.490208
45.904411 45.501518
45.918980 45.512806
45.933430 45.524071
45.947762 45.535316
45.961975 45.546539
45.976070 45.557739
45.990047 45.568916
46.003906 45.580074
46.017647 45.591209
46.031269 45.602322
46.044773 45.613411
46.058159 45.624477
46.071426 45.635525
46.084576 45.646549
46.097607 45.657551
46.110519 45.668530
46.123314 45.679489
46.135990 45.690426
46.148548 45.701340
46.152084 45.715206
46.155575 45.729061
46.159019 45.742908
46.162418 45.756744
46.165771 45.770569
46.169075 45.784386
46.172333 45.798191
46.175545 45.811985
46.178711 45.825771
46.181831 45.839546
46.184906 45.853310
46.187935 45.867065
46.190914 45.880810
46.193848 45.894543
46.196735 45.908264
46.199577 45.921978
46.202374 45.935680
46.205124 45.949371
46.207825 45.963055
46.210480 45.976727
46.213089 45.990387
46.215652 46.004040
46.218170 46.017681
46.220642 46.031311
46.223064 46.044933
46.225441 46.058544
46.227772 46.072144
46.230057 46.085735
46.232296 46.099316
46.234489 46.112885
46.236633 46.126446
46.238731 46.139996
46.240784 46.153534
46.242790 46.167065
46.244751 46.180584
46.246666 46.194092
46.248531 46.207592
46.250351 46.221081
46.252125 46.234558
46.253853 46.248028
46.256714 46.262039
46.259518 46.276043
46.262264 46.290039
46.264957 46.304024
46.267593 46.318001
46.270172 46.331970
46.272697 46.345932
46.275166 46.359886
46.277576 46.373833
46.279934 46.387772
46.282234 46.401703
46.284477 46.415627
46.286667 46.429543
46.288799 46.443447
46.290874 46.457344
46.292896 46.471233
46.294861 46.485115
46.296768 46.498989
46.298622 46.512856
46.300419 46.526714
46.302162 46.540565
46.303848 46.554409
46.305477 46.568245
46.307053 46.582069
46.308571 46.595886
46.310032 46.609695
46.311440 46.623497
46.312790 46.637291
46.314083 46.651077
46.315323 46.664856
46.316505 46.678627
46.317631 46.692390
46.318703 46.706146
46.319717 46.719894
46.320675 46.733631
46.321579 46.747360
46.322426 46.761082
46.323215 46.774796
46.323952 46.788502
46.324631 46.802200
46.324100 46.817612
46.323524 46.833019
46.322903 46.848427
46.322231 46.863834
46.321514 46.879238
46.320751 46.894642
46.319942 46.910046
46.319088 46.925446
46.318184 46.940845
46.317234 46.956245
46.316238 46.971645
46.315197 46.987041
46.314110 47.002438
46.312973 47.017834
46.311790 47.033226
46.310562 47.048618
46.309288 47.064011
46.307964 47.079399
46.306595 47.094788
46.305180 47.110176
46.303719 47.125565
46.302212 47.140949
46.300655 47.156334
46.299053 47.171719
46.297405 47.187099
46.295712 47.202480
46.293972 47.217861
46.292183 47.233238
46.290348 47.248615
46.288467 47.263992
46.286541 47.279369
46.284565 47.294743
46.282543 47.310116
46.280476 47.325489
46.278362 47.340858
46.276203 47.356228
46.273994 47.371597
46.271740 47.386963
46.269440 47.402328
46.267094 47.417694
46.264019 47.431664
46.260902 47.445629
46.257744 47.459587
46.254543 47.473537
46.251305 47.487480
46.248024 47.501419
46.244701 47.515350
46.241337 47.529274
46.237934 47.543190
46.234489 47.557102
46.231003 47.571007
46.227474 47.584904
46.223904 47.598793
46.220295 47.612679
46.216644 47.626556
46.212952 47.640427
46.209217 47.654289
46.205444 47.668144
46.201630 47.681995
46.197773 47.695839
46.193874 47.709675
46.189934 47.723503
46.185955 47.737328
46.181934 47.751144
46.177872 47.764954
46.173767 47.778755
46.169624 47.792553
46.165440 47.806343
46.161213 47.820126
46.156944 47.833900
46.152634 47.847672
46.148285 47.861435
46.143894 47.875191
46.139462 47.888939
46.134987 47.902683
46.130474 47.916420
46.125919 47.930149
46.121323 47.943871
46.116684 47.957588
46.112007 47.971298
46.102165 47.985752
46.092323 48.000202
46.082481 48.014652
46.072639 48.029099
46.062798 48.043541
46.052959 48.057980
46.043121 48.072414
46.033283 48.086845
46.023445 48.101273
46.013607 48.115696
46.003769 48.130116
45.993931 48.144531
45.984093 48.158943
45.974255 48.173351
45.964417 48.187756
45.954578 48.202156
45.944740 48.216553
45.934902 48.230946
45.925064 48.245335
45.915226 48.259720
45.905388 48.274101
45.895550 48.288479
45.885712 48.302853
45.875874 48.317223
45.866039 48.331589
45.856205 48.345951
45.846371 48.360310
45.836536 48.374664
45.826702 48.389015
45.816868 48.403362
45.807034 48.417706
45.797199 48.432045
45.787365 48.446381
45.777531 48.460712
45.767696 48.475040
45.757862 48.489368
45.748028 48.503693
45.738194 48.518013
45.728359 48.532330
45.718525 48.546642
45.703991 48.559669
45.689495 48.572689
45.675037 48.585697
45.660618 48.598698
45.646236 48.611691
45.631893 48.624676
45.617588 48.637650
45.603321 48.650616
45.589092 48.663574
45.574902 48.676521
45.560749 48.689461
45.546635 48.702393
45.532558 48.715313
45.518520 48.728226
45.504520 48.741131
45.490559 48.754025
45.476635 48.766911
45.462749 48.779789
45.448902 48.792660
45.435093 48.805519
45.421322 48.818371
45.407589 48.831215
45.393894 48.844048
45.380238 48.856873
45.366619 48.869690
45.353039 48.882496
45.339497 48.895294
45.325993 48.908085
45.312527 48.920868
45.299099 48.933640
45.285709 48.946404
45.272358 48.959160
45.259045 48.971905
45.245770 48.984642
45.232533 48.997372
45.219334 49.010090
45.206173 49.022800
45.193050 49.035503
45.179966 49.048195
45.166920 49.060879
45.155273 49.070431
45.143658 49.079960
45.132069 49.089470
45.120506 49.098957
45.108971 49.108421
45.097462 49.117867
45.085979 49.127289
45.074524 49.136692
45.063095 49.146072
45.051693 49.155434
45.040318 49.164772
45.028973 49.174088
45.017654 49.183384
45.006363 49.192657
44.995098 49.201912
44.983860 49.211143
44.972649 49.220356
44.961464 49.229546
44.950306 49.238712
44.939175 49.247860
44.928074 49.256985
44.917000 49.266090
44.905952 49.275173
44.894932 49.284237
44.883938 49.293278
44.872971 49.302296
44.862030 49.311295
44.851116 49.320271
44.840229 49.329227
44.829369 49.338161
44.818539 49.347076
44.807735 49.355968
44.796959 49.364838
44.786209 49.373688
44.775486 49.382515
44.764790 49.391323
44.754120 49.400108
44.743477 49.408875
44.732861 49.417618
44.722275 49.426338
44.709942 49.436520
44.697651 49.446686
44.685398 49.456837
44.673187 49.466972
44.661018 49.477093
44.648891 49.487198
44.636806 49.497288
44.624763 49.507362
44.612762 49.517422
44.600800 49.527466
44.588879 49.537495
44.577000 49.547508
44.565163 49.557507
44.553368 49.567490
44.541615 49.577457
44.529903 49.587410
44.518230 49.597347
44.506599 49.607269
44.495010 49.617176
44.483463 49.627068
44.471958 49.636944
44.460495 49.646805
44.449074 49.656647
44.437691 49.666473
44.426350 49.676285
44.415051 49.686081
44.403793 49.695862
44.392578 49.705627
44.381405 49.715378
44.370274 49.725113
44.359180 49.734833
44.348129 49.744537
44.337120 49.754227
44.326153 49.763901
44.315228 49.773560
44.304344 49.783203
44.293499 49.792831
44.282696 49.802444
44.271935 49.812042
44.261215 49.821625
44.249336 49.829586
44.237507 49.837524
44.225727 49.845444
44.214001 49.853340
44.202324 49.861214
44.190701 49.869064
44.179127 49.876896
44.167603 49.884705
44.156132 49.892490
44.144711 49.900257
44.133343 49.908001
44.122025 49.915722
44.110756 49.923424
44.099541 49.931103
44.088375 49.938759
44.077263 49.946392
44.066200 49.954006
44.055187 49.961597
44.044228 49.969166
44.033318 49.976715
44.022457 49.984241
44.011650 49.991745
44.000893 49.999229
43.990189 50.006691
43.979534 50.014130
43.968929 50.021545
43.958378 50.028942
43.947876 50.036316
43.937428 50.043667
43.927029 50.050999
43.916679 50.058308
43.906384 50.065594
43.896137 50.072861
43.885944 50.080105
43.875801 50.087326
43.865707 50.094524
43.855667 50.101704
43.845676 50.108860
43.835739 50.115993
43.825851 50.123108
43.816311 50.134743
43.806820 50.146374
43.797379 50.158001
43.787987 50.169624
43.778641 50.181244
43.769344 50.192860
43.760098 50.204472
43.750900 50.216080
43.741753 50.227684
43.732651 50.239285
43.723598 50.250881
43.714596 50.262474
43.705643 50.274063
43.696735 50.285648
43.687878 50.297230
43.679070 50.308807
43.670311 50.320385
43.661598 50.331959
43.652935 50.343529
43.644321 50.355095
43.635757 50.366657
43.627243 50.378216
43.618774 50.389771
43.610355 50.401321
43.601986 50.412868
43.593666 50.424412
43.585392 50.435951
43.577168 50.447487
43.568993 50.459019
43.560867 50.470547
43.552788 50.482071
43.544758 50.493591
43.536777 50.505108
43.528847 50.516621
43.520962 50.528130
43.513126 50.539635
43.505341 50.551136
43.497604 50.562634
43.489918 50.574127
43.482277 50.585621
43.479843 50.591209
43.477417 50.596771
43.474998 50.602306
43.472588 50.607815
43.470184 50.613297
43.467789 50.618752
43.465397 50.624180
43.463013 50.629578
43.460636 50.634949
43.458267 50.640293
43.455906 50.645611
43.453552 50.650902
43.451206 50.656166
43.448868 50.661404
43.446533 50.666615
43.444206 50.671799
43.441887 50.676952
43.439575 50.682079
43.437271 50.687180
43.434975 50.692253
43.432686 50.697300
43.430401 50.702320
43.428123 50.707314
43.425854 50.712280
43.423592 50.717220
43.421337 50.722130
43.419090 50.727013
43.416851 50.731869
43.414616 50.736698
43.412388 50.741501
43.410168 50.746277
43.407955 50.751026
43.405750 50.755749
43.403553 50.760441
43.401363 50.765106
43.399178 50.769745
43.396999 50.774357
43.394829 50.778942
43.392666 50.783501
43.390511 50.788033
43.382759 50.794632
43.375057 50.801212
43.367409 50.807774
43.359814 50.814316
43.352268 50.820839
43.344776 50.827343
43.337337 50.833828
43.329948 50.840298
43.322613 50.846748
43.315331 50.853180
43.308102 50.859592
43.300922 50.865986
43.293797 50.872360
43.286724 50.878716
43.279701 50.885052
43.272732 50.891369
43.265816 50.897667
43.258953 50.903946
43.252140 50.910206
43.245380 50.916447
43.238674 50.922668
43.232018 50.928875
43.225414 50.935062
43.218864 50.941231
43.212368 50.947380
43.205921 50.953510
43.199528 50.959621
43.193188 50.965714
43.186897 50.971786
43.180660 50.977840
43.174477 50.983875
43.168346 50.989891
43.162266 50.995888
43.156239 51.001865
43.150265 51.007824
43.144341 51.013767
43.138470 51.019691
43.132652 51.025597
43.126884 51.031483
43.121170 51.037350
43.121124 51.047653
43.121086 51.057957
43.121056 51.068256
43.121033 51.078556
43.121017 51.088856
43.121010 51.099152
43.121006 51.109447
43.121010 51.119743
43.121021 51.130039
43.121040 51.140331
43.121067 51.150623
43.121101 51.160915
43.121140 51.171207
43.121185 51.181496
43.121239 51.191784
43.121300 51.202072
43.121368 51.212357
43.121445 51.222641
43.121525 51.232925
43.121613 51.243210
43.121708 51.253490
43.121811 51.263771
43.121922 51.274052
43.122040 51.284328
43.122162 51.294605
43.122292 51.304882
43.122429 51.315159
43.122574 51.325432
43.122726 51.335705
43.122887 51.345978
43.123051 51.356251
43.123222 51.366520
43.123402 51.376789
43.123589 51.387058
43.123783 51.397324
43.123985 51.407589
43.124191 51.417854
43.124405 51.428120
43.124626 51.438381
43.124855 51.448643
43.122845 51.454235
43.120861 51.459808
43.118904 51.465363
43.116970 51.470898
43.115063 51.476410
43.113178 51.481903
43.111320 51.487377
43.109489 51.492832
43.107681 51.498268
43.105900 51.503685
43.104141 51.509079
43.102409 51.514454
43.100700 51.519810
43.099018 51.525146
43.097363 51.530464
43.095730 51.535763
43.094124 51.541042
43.092541 51.546299
43.090984 51.551537
43.089451 51.556755
43.087944 51.561954
43.086464 51.567135
43.085007 51.572296
43.083576 51.577435
43.082169 51.582554
43.080788 51.587654
43.079433 51.592735
43.078102 51.597797
43.076797 51.602840
43.075516 51.607864
43.074261 51.612865
43.073029 51.617847
43.071823 51.622810
43.070644 51.627754
43.069489 51.632679
43.068359 51.637585
43.067253 51.642471
43.066174 51.647335
43.065121 51.652180
43.064091 51.657005
43.061848 51.659817
43.059639 51.662601
43.057465 51.665356
43.055325 51.668083
43.053219 51.670784
43.051151 51.673458
43.049118 51.676102
43.047119 51.678719
43.045155 51.681309
43.043224 51.683872
43.041332 51.686405
43.039474 51.688911
43.037651 51.691391
43.035862 51.693844
43.034107 51.696270
43.032391 51.698666
43.030708 51.701035
43.029060 51.703377
43.027447 51.705692
43.025867 51.707977
43.024326 51.710236
43.022820 51.712467
43.021347 51.714672
43.019909 51.716846
43.018505 51.718994
43.017139 51.721115
43.015808 51.723209
43.014511 51.725273
43.013248 51.727310
43.012020 51.729321
43.010830 51.731304
43.009674 51.733261
43.008553 51.735188
43.007465 51.737087
43.006413 51.738960
43.005398 51.740807
43.004417 51.742622
43.003471 51.744411
43.002560 51.746174
43.001682 51.747910
42.998772 51.752502
42.995911 51.757080
42.993103 51.761642
42.990349 51.766186
42.987644 51.770714
42.984993 51.775227
42.982391 51.779724
42.979843 51.784206
42.977345 51.788670
42.974899 51.793118
42.972507 51.797550
42.970165 51.801968
42.967876 51.806366
42.965637 51.810749
42.963451 51.815117
42.961315 51.819469
42.959232 51.823807
42.957203 51.828125
42.955223 51.832428
42.953297 51.836716
42.951420 51.840988
42.949596 51.845242
42.947826 51.849480
42.946106 51.853703
42.944439 51.857910
42.942822 51.862103
42.941257 51.866276
42.939743 51.870434
42.938282 51.874577
42.936874 51.878704
42.935516 51.882812
42.934212 51.886906
42.932957 51.890984
42.931755 51.895046
42.930603 51.899094
42.929504 51.903122
42.928459 51.907135
42.927464 51.911133
42.926521 51.915115
42.925629 51.919083
42.922581 51.919430
42.919605 51.919746
42.916698 51.920033
42.913860 51.920288
42.911091 51.920513
42.908394 51.920708
42.905766 51.920872
42.903206 51.921005
42.900715 51.921108
42.898296 51.921181
42.895947 51.921223
42.893665 51.921234
42.891453 51.921215
42.889313 51.921165
42.887241 51.921085
42.885239 51.920975
42.883305 51.920834
42.881443 51.920662
42.879650 51.920460
42.877926 51.920227
42.876270 51.919964
42.874687 51.919670
42.873173 51.919346
42.871727 51.918991
42.870350 51.918610
42.869041 51.918198
42.867805 51.917755
42.866638 51.917282
42.865540 51.916779
42.864510 51.916245
42.863552 51.915680
42.862663 51.915085
42.861843 51.914459
42.861092 51.913803
42.860413 51.913116
42.859802 51.912399
42.859261 51.911652
42.858788 51.910873
42.858387 51.910065
42.858055 51.909225
42.852001 51.902897
42.846066 51.896515
42.840244 51.890079
42.834541 51.883595
42.828953 51.877056
42.823483 51.870464
42.818127 51.863823
42.812889 51.857128
42.807766 51.850380
42.802761 51.843582
42.797871 51.836731
42.793098 51.829826
42.788441 51.822868
42.783897 51.815861
42.779472 51.808800
42.775162 51.801685
42.770969 51.794521
42.766891 51.787304
42.762932 51.780033
42.759087 51.772713
42.755360 51.765339
42.751747 51.757912
42.748253 51.750435
42.744873 51.742905
42.741611 51.735321
42.738464 51.727688
42.735435 51.720001
42.732521 51.712261
42.729725 51.704472
42.727043 51.696629
42.724480 51.688732
42.722031 51.680782
42.719700 51.672783
42.717484 51.664730
42.715385 51.656624
42.713402 51.648468
42.711536 51.640259
42.709785 51.631996
42.708153 51.623684
42.706635 51.615318
42.705864 51.612072
42.705208 51.608791
42.704662 51.605480
42.704227 51.602139
42.703903 51.598766
42.703690 51.595360
42.703587 51.591923
42.703594 51.588455
42.703716 51.584953
42.703949 51.581421
42.704292 51.577858
42.704746 51.574265
42.705311 51.570637
42.705986 51.566978
42.706776 51.563290
42.707676 51.559570
42.708687 51.555817
42.709808 51.552032
42.711040 51.548218
42.712383 51.544369
42.713837 51.540489
42.715405 51.536579
42.717083 51.532639
42.718872 51.528664
42.720772 51.524658
42.722782 51.520622
42.724903 51.516552
42.727135 51.512451
42.729481 51.508320
42.731937 51.504158
42.734505 51.499962
42.737183 51.495735
42.739971 51.491478
42.742870 51.487186
42.745884 51.482864
42.749008 51.478512
42.752243 51.474129
42.755589 51.469711
42.759045 51.465263
42.762611 51.460785
42.766685 51.456375
42.770870 51.451935
42.775162 51.447460
42.779560 51.442955
42.784069 51.438419
42.788685 51.433853
42.793407 51.429256
42.798241 51.424625
42.803181 51.419964
42.808228 51.415272
42.813385 51.410549
42.818649 51.405796
42.824020 51.401012
42.829502 51.396194
42.835091 51.391346
42.840786 51.386467
42.846588 51.381557
42.852501 51.376617
42.858521 51.371647
42.864647 51.366642
42.870884 51.361607
42.877228 51.356541
42.883678 51.351444
42.890240 51.346317
42.896908 51.341156
42.903683 51.335964
42.910568 51.330742
42.917561 51.325489
42.924660 51.320206
42.931866 51.314892
42.939182 51.309544
42.946606 51.304165
42.954136 51.298756
42.961777 51.293316
42.969524 51.287846
42.977379 51.282341
42.985344 51.276806
42.993416 51.271240
43.001595 51.265644
43.009884 51.260017
43.019146 51.251320
43.028511 51.242580
43.037975 51.233799
43.047543 51.224972
43.057209 51.216103
43.066978 51.207191
43.076847 51.198235
43.086819 51.189236
43.096889 51.180195
43.107063 51.171108
43.117336 51.161980
43.127712 51.152809
43.138187 51.143593
43.148766 51.134335
43.159443 51.125034
43.170223 51.115688
43.181103 51.106300
43.192085 51.096867
43.203167 51.087391
43.214352 51.077873
43.225636 51.068310
43.237019 51.058704
43.248505 51.049057
43.260090 51.039364
43.271778 51.029629
43.283566 51.019852
43.295456 51.010029
43.307446 51.000164
43.319538 50.990257
43.331730 50.980305
43.344025 50.970310
43.356419 50.960274
43.368916 50.950191
43.381512 50.940067
43.394211 50.929897
43.407009 50.919685
43.419910 50.909431
43.432911 50.899132
43.446014 50.888790
43.459217 50.878407
43.477592 50.866058
43.496029 50.853661
43.514526 50.841209
43.533081 50.828709
43.551697 50.816158
43.570374 50.803555
43.589111 50.790901
43.607906 50.778198
43.626762 50.765442
43.645679 50.752636
43.664658 50.739777
43.683693 50.726868
43.702789 50.713909
43.721947 50.700897
43.741165 50.687836
43.760441 50.674725
43.779778 50.661560
43.799175 50.648346
43.818634 50.635082
43.838150 50.621765
43.857727 50.608398
43.877365 50.594982
43.897064 50.581512
43.916821 50.567993
43.936638 50.554420
43.956516 50.540798
43.976456 50.527126
43.996452 50.513401
44.016510 50.499626
44.036629 50.485802
44.056808 50.471924
44.077045 50.457996
44.097343 50.444019
44.117702 50.429989
44.138123 50.415909
44.158600 50.401779
44.179138 50.387596
44.199738 50.373363
44.220398 50.359077
44.241116 50.344742
44.239388 50.344376
44.237904 50.344013
44.236660 50.343655
44.235657 50.343300
44.234898 50.342953
44.234379 50.342609
44.234100 50.342270
44.234066 50.341938
44.234272 50.341610
44.234718 50.341286
44.235409 50.340965
44.236340 50.340652
44.237511 50.340343
44.238926 50.340038
44.240582 50.339741
44.242477 50.339447
44.244617 50.339157
44.246998 50.338871
44.249619 50.338593
44.252483 50.338318
44.255589 50.338047
44.258934 50.337784
44.262524 50.337524
44.266354 50.337269
44.270424 50.337017
44.274738 50.336773
44.279293 50.336533
44.284088 50.336296
44.289127 50.336067
44.294407 50.335842
44.299927 50.335621
44.305691 50.335403
44.311695 50.335194
44.317940 50.334988
44.324429 50.334785
44.331158 50.334591
44.338127 50.334400
44.345341 50.334213
44.352795 50.334030
44.360489 50.333855
44.409447 50.319038
44.458313 50.304169
44.507092 50.289246
44.555782 50.274269
44.604382 50.259239
44.652893 50.244156
44.701313 50.229019
44.749645 50.213829
44.797890 50.198586
44.846043 50.183289
44.894108 50.167938
44.942081 50.152534
44.989967 50.137077
45.037766 50.121567
45.085472 50.106003
45.133091 50.090382
45.180622 50.074707
45.228062 50.058979
45.275414 50.043198
45.322674 50.027363
45.369846 50.011475
45.416931 49.995533
45.463924 49.979538
45.510830 49.963490
45.557648 49.947388
45.604374 49.931232
45.651012 49.915024
45.697559 49.898762
45.744019 49.882446
45.790390 49.866077
45.836670 49.849655
45.882862 49.833179
45.928963 49.816650
45.974976 49.800068
46.020901 49.783432
46.066734 49.766743
46.112480 49.750000
46.158138 49.733204
46.203705 49.716354
46.249184 49.699451
46.310741 49.688858
46.372082 49.678238
46.433201 49.667587
46.494099 49.656910
46.554779 49.646206
46.615238 49.635471
46.675480 49.624710
46.735500 49.613922
46.795303 49.603104
46.854885 49.592258
46.914246 49.581387
46.973389 49.570484
47.032310 49.559555
47.091015 49.548595
47.149498 49.537609
47.207764 49.526596
47.265808 49.515553
47.323635 49.504482
47.381241 49.493385
47.438625 49.482258
47.495792 49.471104
47.552738 49.459919
47.609467 49.448708
47.665974 49.437469
47.722263 49.426201
47.778332 49.414906
47.834179 49.403584
47.889809 49.392231
47.945217 49.380852
48.000408 49.369446
48.055378 49.358009
48.110130 49.346546
48.164661 49.335052
48.218971 49.323532
48.273064 49.311985
48.326935 49.300407
48.380589 49.288803
48.434021 49.277172
48.487236 49.265511
48.540230 49.253822
48.586990 49.243752
48.633579 49.233658
48.679996 49.223541
48.726242 49.213406
48.772320 49.203247
48.818226 49.193066
48.863960 49.182865
48.909523 49.172642
48.954914 49.162395
49.000134 49.152130
49.045181 49.141842
49.090061 49.131531
49.134769 49.121201
49.179306 49.110847
49.223671 49.100471
49.267864 49.090076
49.311886 49.079659
49.355736 49.069218
49.399418 49.058758
49.442928 49.048275
49.486267 49.037773
49.529434 49.027248
49.572430 49.016701
49.615253 49.006134
49.657906 48.995544
49.700390 48.984932
49.742702 48.974300
49.784843 48.963646
49.826813 48.952969
49.868610 48.942272
49.910236 48.931553
49.951691 48.920811
49.992977 48.910049
50.034092 48.899265
50.075035 48.888458
50.115807 48.877632
50.156406 48.866783
50.196835 48.855911
50.237095 48.845020
50.277184 48.834106
50.306534 48.816784
50.335800 48.799416
50.364979 48.781998
50.394073 48.764534
50.423080 48.747025
50.452003 48.729465
50.480839 48.711861
50.509590 48.694210
50.538254 48.676510
50.566833 48.658764
50.595325 48.640972
50.623734 48.623131
50.652054 48.605244
50.680290 48.587311
50.708439 48.569328
50.736504 48.551300
50.764481 48.533226
50.792374 48.515106
50.820179 48.496937
50.847897 48.478722
50.875530 48.460461
50.903076 48.442150
50.930538 48.423794
50.957912 48.405392
50.985203 48.386940
51.012405 48.368443
51.039524 48.349899
51.066555 48.331306
51.093502 48.312668
51.120361 48.293983
51.147137 48.275249
51.173824 48.256470
51.200428 48.237644
51.226944 48.218769
51.253376 48.199848
51.279720 48.180882
51.305981 48.161865
51.332153 48.142803
51.358242 48.123695
51.384243 48.104538
51.396309 48.094597
51.408398 48.084644
51.420513 48.074684
51.432655 48.064713
51.444824 48.054733
51.457020 48.044743
51.469238 48.034740
51.481483 48.024731
51.493755 48.014709
51.506054 48.004677
51.518375 47.994637
51.530724 47.984585
51.543098 47.974522
51.555500 47.964451
51.567924 47.954369
51.580376 47.944275
51.592854 47.934174
51.605358 47.924061
51.617886 47.913937
51.630440 47.903805
51.643021 47.893661
51.655628 47.883511
51.668259 47.873348
51.680916 47.863174
51.693600 47.852993
51.706310 47.842800
51.719048 47.832596
51.731808 47.822384
51.744595 47.812160
51.757408 47.801926
51.770248 47.791683
51.783112 47.781429
51.796001 47.771164
51.808918 47.760891
51.821861 47.750607
51.834827 47.740311
51.847820 47.730007
51.860840 47.719692
51.873886 47.709366
51.886955 47.699032
51.917587 47.688160
51.948101 47.677277
51.978500 47.666382
52.008785 47.655472
52.038952 47.644550
52.069004 47.633617
52.098942 47.622673
52.128761 47.611717
52.158466 47.600746
52.188057 47.589764
52.217533 47.578770
52.246891 47.567764
52.276134 47.556747
52.305264 47.545715
52.334274 47.534672
52.363171 47.523617
52.391953 47.512550
52.420616 47.501472
52.449165 47.490379
52.477600 47.479275
52.505917 47.468159
52.534119 47.457031
52.562206 47.445892
52.590179 47.434738
52.618034 47.423573
52.645775 47.412395
52.673401 47.401207
52.700909 47.390007
52.728302 47.378792
52.755581 47.367565
52.782742 47.356327
52.809788 47.345078
52.836720 47.333817
52.863537 47.322540
52.890236 47.311253
52.916821 47.299953
52.943291 47.288643
52.969643 47.277321
52.995880 47.265984
53.022003 47.254635
53.041462 47.241943
53.060860 47.229237
53.080193 47.216511
53.099464 47.203770
53.118671 47.191010
53.137817 47.178230
53.156898 47.165436
53.175919 47.152622
53.194874 47.139793
53.213768 47.126945
53.232597 47.114079
53.251366 47.101196
53.270073 47.088295
53.288715 47.075378
53.307297 47.062443
53.325813 47.049492
53.344269 47.036522
53.362659 47.023533
53.380989 47.010529
53.399254 46.997505
53.417458 46.984467
53.435596 46.971409
53.453674 46.958332
53.471687 46.945240
53.489639 46.932129
53.507530 46.919003
53.525356 46.905857
53.543121 46.892696
53.560822 46.879517
53.578461 46.866318
53.596035 46.853104
53.613548 46.839870
53.630997 46.826622
53.648384 46.813354
53.665707 46.800068
53.682968 46.786766
53.700165 46.773445
53.717300 46.760109
53.734375 46.746754
53.751385 46.733379
53.762230 46.715611
53.773064 46.697807
53.783882 46.679966
53.794689 46.662090
53.805481 46.644180
53.816257 46.626236
53.827023 46.608257
53.837772 46.590244
53.848511 46.572193
53.859234 46.554108
53.869946 46.535988
53.880642 46.517834
53.891327 46.499645
53.901997 46.481422
53.912651 46.463161
53.923294 46.444866
53.933922 46.426537
53.944538 46.408173
53.955139 46.389774
53.965729 46.371342
53.976303 46.352871
53.986862 46.334366
53.997410 46.315826
54.007942 46.297253
54.018463 46.278645
54.028969 46.260002
54.039463 46.241322
54.049942 46.222607
54.060406 46.203857
54.070858 46.185074
54.081295 46.166256
54.091721 46.147404
54.102131 46.128517
54.112530 46.109592
54.122913 46.090633
54.133286 46.071640
54.143642 46.052612
54.153984 46.033550
54.164314 46.014454
54.174629 45.995319
54.180183 45.980495
54.185760 45.965652
54.191364 45.950790
54.196991 45.935913
54.202644 45.921017
54.208321 45.906101
54.214024 45.891171
54.219749 45.876221
54.225502 45.861256
54.231277 45.846272
54.237076 45.831268
54.242901 45.816250
54.248749 45.801212
54.254623 45.786156
54.260521 45.771084
54.266445 45.755993
54.272392 45.740883
54.278366 45.725758
54.284363 45.710613
54.290386 45.695454
54.296432 45.680275
54.302505 45.665077
54.308601 45.649864
54.314724 45.634632
54.320869 45.619381
54.327042 45.604115
54.333237 45.588829
54.339458 45.573528
54.345703 45.558208
54.351971 45.542870
54.358265 45.527515
54.364582 45.512142
54.370926 45.496750
54.377293 45.481342
54.383686 45.465916
54.390102 45.450474
54.396545 45.435013
54.403011 45.419533
54.409504 45.404037
54.416019 45.388523
54.428772 45.368473
54.441502 45.348389
54.454205 45.328266
54.466881 45.308109
54.479534 45.287918
54.492161 45.267689
54.504761 45.247425
54.517338 45.227127
54.529888 45.206791
54.542412 45.186420
54.554913 45.166016
54.567387 45.145573
54.579834 45.125095
54.592258 45.104584
54.604656 45.084034
54.617027 45.063450
54.629375 45.042831
54.641697 45.022175
54.653992 45.001484
54.666264 44.980759
54.678509 44.959995
54.690727 44.939198
54.702923 44.918362
54.715092 44.897491
54.727234 44.876587
54.739353 44.855644
54.751446 44.834667
54.763512 44.813656
54.775555 44.792606
54.787571 44.771523
54.799564 44.750404
54.811531 44.729248
54.823471 44.708057
54.835388 44.686832
54.847279 44.665569
54.859142 44.644272
54.870983 44.622940
54.882797 44.601570
54.894585 44.580166
54.906349 44.558727
54.941338 44.535305
54.976112 44.511841
55.010674 44.488335
55.045021 44.464783
55.079159 44.441189
55.113083 44.417549
55.146793 44.393867
55.180290 44.370144
55.213573 44.346375
55.246643 44.322563
55.279503 44.298710
55.312149 44.274811
55.344582 44.250870
55.376801 44.226883
55.408806 44.202854
55.440601 44.178783
55.472183 44.154667
55.503551 44.130508
55.534706 44.106308
55.565647 44.082062
55.596378 44.057774
55.626896 44.033440
55.657200 44.009064
55.687290 43.984646
55.717167 43.960182
55.746834 43.935677
55.776287 43.911129
55.805527 43.886536
55.834553 43.861900
55.863365 43.837219
55.891964 43.812496
55.920353 43.787731
55.948528 43.762920
55.976490 43.738068
56.004238 43.713173
56.031773 43.688232
56.059097 43.663250
56.086208 43.638222
56.113106 43.613152
56.139790 43.588039
56.178486 43.562733
56.216873 43.537380
56.254948 43.511986
56.292709 43.486546
56.330162 43.461063
56.367302 43.435535
56.404129 43.409966
56.440647 43.384350
56.476852 43.358688
56.512749 43.332985
56.548332 43.307236
56.583603 43.281445
56.618565 43.255608
56.653214 43.229729
56.687550 43.203804
56.721577 43.177837
56.755291 43.151825
56.788692 43.125771
56.821785 43.099670
56.854565 43.073528
56.887032 43.047340
56.919189 43.021111
56.951035 42.994835
56.982567 42.968513
57.013790 42.942150
57.044701 42.915741
57.075298 42.889290
57.105587 42.862793
57.135563 42.836254
57.165226 42.809669
57.194580 42.783043
57.223621 42.756371
57.252350 42.729656
57.280769 42.702896
57.308876 42.676094
57.336670 42.649246
57.364155 42.622356
57.391327 42.595421
57.418186 42.568439
57.444736 42.541416
57.454433 42.523674
57.463951 42.505924
57.473289 42.488167
57.482452 42.470402
57.491436 42.452633
57.500240 42.434856
57.508869 42.417072
57.517319 42.399281
57.525589 42.381481
57.533684 42.363678
57.541599 42.345867
57.549335 42.328049
57.556896 42.310223
57.564278 42.292389
57.571480 42.274551
57.578506 42.256706
57.585354 42.238853
57.592022 42.220993
57.598511 42.203125
57.604824 42.185253
57.610958 42.167374
57.616913 42.149487
57.622692 42.131592
57.628292 42.113689
57.633713 42.095783
57.638958 42.077869
57.644024 42.059948
57.648911 42.042019
57.653622 42.024086
57.658154 42.006145
57.662506 41.988197
57.666679 41.970242
57.670677 41.952278
57.674496 41.934311
57.678135 41.916336
57.681599 41.898354
57.684883 41.880363
57.687988 41.862366
57.690918 41.844364
57.693668 41.826355
57.706547 41.809002
57.719162 41.791645
57.731518 41.774284
57.743610 41.756920
57.755444 41.739552
57.767014 41.722179
57.778324 41.704803
57.789371 41.687424
57.800159 41.670040
57.810684 41.652649
57.820950 41.635254
57.830952 41.617855
57.840694 41.600452
57.850174 41.583046
57.859394 41.565636
57.868351 41.548222
57.877048 41.530804
57.885487 41.513382
57.893661 41.495956
57.901577 41.478523
57.909229 41.461086
57.916622 41.443645
57.923752 41.426201
57.930622 41.408752
57.937229 41.391300
57.943577 41.373844
57.949661 41.356384
57.955486 41.338921
57.961048 41.321453
57.966351 41.303978
57.971390 41.286499
57.976170 41.269016
57.980686 41.251530
57.984943 41.234039
57.988937 41.216545
57.992672 41.199047
57.996147 41.181545
57.999359 41.164040
58.002312 41.146526
58.005001 41.129009
58.006077 41.101814
58.006905 41.074577
58.007481 41.047295
58.007805 41.019970
58.007881 40.992603
58.007706 40.965195
58.007282 40.937744
58.006607 40.910248
58.005680 40.882710
58.004505 40.855129
58.003078 40.827507
58.001404 40.799839
57.999477 40.772129
57.997299 40.744377
57.994873 40.716583
57.992195 40.688747
57.989269 40.660866
57.986092 40.632942
57.982662 40.604977
57.978985 40.576969
57.975056 40.548920
57.970875 40.520824
57.966446 40.492687
57.961765 40.464508
57.956837 40.436287
57.951656 40.408024
57.946224 40.379715
57.940544 40.351364
57.934612 40.322971
57.928432 40.294537
57.922001 40.266060
57.915318 40.237537
57.908386 40.208973
57.901203 40.180367
57.893768 40.151718
57.886086 40.123028
57.878151 40.094292
57.869968 40.065514
57.861534 40.036694
57.852848 40.007832
57.826553 39.985390
57.800148 39.962929
57.773632 39.940453
57.747005 39.917957
57.720268 39.895447
57.693420 39.872921
57.666462 39.850376
57.639397 39.827816
57.612221 39.805237
57.584934 39.782642
57.557537 39.760029
57.530029 39.737400
57.502411 39.714752
57.474682 39.692089
57.446842 39.669407
57.418892 39.646709
57.390831 39.623997
57.362659 39.601265
57.334377 39.578518
57.305988 39.555752
57.277489 39.532970
57.248878 39.510170
57.220158 39.487354
57.191326 39.464520
57.162384 39.441669
57.133331 39.418800
57.104168 39.395916
57.074894 39.373013
57.045509 39.350094
57.016014 39.327160
56.986412 39.304207
56.956699 39.281239
56.926876 39.258251
56.896942 39.235249
56.866898 39.212227
56.836742 39.189190
56.806477 39.166134
56.776100 39.143063
56.745613 39.119972
56.715015 39.096867
56.688908 39.072437
56.662655 39.047989
56.636253 39.023518
56.609703 38.999023
56.583008 38.974506
56.556164 38.949966
56.529175 38.925404
56.502037 38.900822
56.474751 38.876217
56.447319 38.851589
56.419739 38.826939
56.392010 38.802265
56.364136 38.777573
56.336113 38.752857
56.307941 38.728119
56.279625 38.703358
56.251160 38.678574
56.222546 38.653767
56.193787 38.628941
56.164879 38.604092
56.135826 38.579220
56.106625 38.554325
56.077274 38.529408
56.047779 38.504471
56.018135 38.479511
55.988342 38.454529
55.958405 38.429523
55.928318 38.404495
55.898083 38.379444
55.867702 38.354374
55.837173 38.329281
55.806499 38.304165
55.775677 38.279026
55.744705 38.253864
55.713589 38.228683
55.682323 38.203480
55.650909 38.178253
55.619350 38.153004
55.587643 38.127731
55.555786 38.102436
55.515388 38.082016
55.474911 38.061592
55.434353 38.041164
55.393715 38.020737
55.353001 38.000305
55.312206 37.979870
55.271332 37.959431
55.230377 37.938992
55.189342 37.918549
55.148228 37.898102
55.107033 37.877655
55.065758 37.857204
55.024403 37.836750
54.982971 37.816292
54.941460 37.795834
54.899868 37.775372
54.858196 37.754906
54.816444 37.734440
54.774612 37.713970
54.732700 37.693497
54.690708 37.673023
54.648636 37.652546
54.606483 37.632065
54.564255 37.611580
54.521946 37.591095
54.479557 37.570606
54.437088 37.550114
54.394539 37.529621
54.351910 37.509125
54.309200 37.488625
54.266411 37.468121
54.223541 37.447617
54.180595 37.427109
54.137569 37.406597
54.094463 37.386086
54.051277 37.365570
54.008011 37.345051
53.964664 37.324528
53.921238 37.304005
53.877731 37.283478
53.837830 37.258556
53.797817 37.233616
53.757694 37.208652
53.717464 37.183670
53.677124 37.158669
53.636673 37.133644
53.596115 37.108601
53.555447 37.083538
53.514668 37.058456
53.473782 37.033352
53.432785 37.008228
53.391678 36.983086
53.350464 36.957920
53.309139 36.932735
53.267704 36.907532
53.226162 36.882305
53.184509 36.857059
53.142746 36.831795
53.100876 36.806511
53.058895 36.781204
53.016804 36.755878
52.974606 36.730534
52.932297 36.705166
52.889877 36.679779
52.847351 36.654373
52.804714 36.628944
52.761967 36.603497
52.719112 36.578030
52.676147 36.552544
52.633072 36.527035
52.589886 36.501507
52.546593 36.475960
52.503189 36.450390
52.459675 36.424801
52.416054 36.399193
52.372322 36.373566
52.328480 36.347916
52.284531 36.322247
52.240471 36.296558
52.196301 36.270847
52.149170 36.244503
52.101952 36.218136
52.054649 36.191746
52.007259 36.165333
51.959782 36.138897
51.912220 36.112438
51.864571 36.085957
51.816837 36.059452
51.769016 36.032925
51.721107 36.006374
51.673115 35.979801
51.625034 35.953209
51.576866 35.926594
51.528614 35.899956
51.480274 35.873295
51.431847 35.846611
51.383335 35.819904
51.334736 35.793175
51.286049 35.766422
51.237278 35.739647
51.188419 35.712849
51.139473 35.686028
51.090443 35.659184
51.041325 35.632317
50.992119 35.605427
50.942829 35.578514
50.893452 35.551579
50.843990 35.524624
50.794441 35.497646
50.744804 35.470646
50.695084 35.443623
50.645275 35.416576
50.595379 35.389507
50.545399 35.362415
50.495331 35.335300
50.445175 35.308163
50.394936 35.281002
50.344608 35.253819
50.294193 35.226612
50.243694 35.199383
50.194447 35.171104
50.145103 35.142799
50.095661 35.114468
50.046124 35.086109
49.996487 35.057724
49.946754 35.029312
49.896923 35.000874
49.846996 34.972404
49.796970 34.943909
49.746849 34.915386
49.696629 34.886837
49.646313 34.858261
49.595898 34.829659
49.545387 34.801029
49.494778 34.772373
49.444073 34.743690
49.393269 34.714981
49.342369 34.686245
49.291370 34.657482
49.240276 34.628693
49.189087 34.599876
49.137798 34.571033
49.086414 34.542164
49.034931 34.513268
48.983353 34.484344
48.931675 34.455395
48.879902 34.426418
48.828030 34.397415
48.776062 34.368385
48.723995 34.339329
48.671833 34.310246
48.619572 34.281136
48.567215 34.251999
48.514759 34.222836
48.462208 34.193645
48.409557 34.164429
48.356812 34.135185
48.303967 34.105915
48.251026 34.076618
48.197987 34.047295
48.143921 34.018120
48.089767 33.988918
48.035522 33.959690
47.981190 33.930439
47.926765 33.901161
47.872253 33.871857
47.817650 33.842525
47.762959 33.813168
47.708176 33.783787
47.653305 33.754379
47.598343 33.724945
47.543289 33.695484
47.488148 33.665997
47.432915 33.636482
47.377594 33.606945
47.322182 33.577381
47.266682 33.547791
47.211090 33.518173
47.155411 33.488529
47.099640 33.458858
47.043781 33.429165
46.987831 33.399445
46.931793 33.369698
46.875664 33.339924
46.819447 33.310123
46.763138 33.280296
46.706741 33.250446
46.650253 33.220570
46.593678 33.190666
46.537010 33.160736
46.480255 33.130779
46.423409 33.100796
46.366474 33.070789
46.309448 33.040756
46.252335 33.010696
46.195129 32.980610
46.137836 32.950497
46.080452 32.920357
46.022980 32.890194
45.965416 32.860004
45.905876 32.829800
45.846264 32.799568
45.786575 32.769314
45.726814 32.739033
45.666977 32.708725
45.607067 32.678391
45.547081 32.648029
45.487022 32.617645
45.426888 32.587234
45.366680 32.556797
45.306396 32.526333
45.246040 32.495842
45.185608 32.465328
45.125103 32.434788
45.064522 32.404221
45.003868 32.373627
44.943138 32.343006
44.882332 32.312359
44.821453 32.281689
44.760498 32.250992
44.699471 32.220268
44.638367 32.189518
44.577190 32.158741
44.515938 32.127941
44.454613 32.097115
44.393211 32.066261
44.331738 32.035381
44.270187 32.004475
44.208565 31.973543
44.146866 31.942585
44.085094 31.911602
44.023247 31.880592
43.961327 31.849556
43.899330 31.818495
43.837257 31.787407
43.775112 31.756292
43.712891 31.725153
43.650597 31.693987
43.588226 31.662796
43.525784 31.631578
43.461777 31.599846
43.397709 31.568085
43.333576 31.536295
43.269382 31.504478
43.205128 31.472633
43.140808 31.440760
43.076427 31.408859
43.011986 31.376930
42.947479 31.344973
42.882912 31.312988
42.818279 31.280975
42.753586 31.248936
42.688831 31.216867
42.624012 31.184771
42.559132 31.152647
42.494186 31.120495
42.429180 31.088314
42.364113 31.056107
42.298981 31.023870
42.233788 30.991606
42.168533 30.959314
42.103214 30.926994
42.037834 30.894646
41.972389 30.862270
41.906883 30.829866
41.841316 30.797434
41.775684 30.764975
41.709991 30.732487
41.644234 30.699970
41.578415 30.667427
41.512535 30.634855
41.446590 30.602255
41.380585 30.569628
41.314518 30.536972
41.248386 30.504288
41.182194 30.471577
41.115936 30.438837
41.049618 30.406071
40.983238 30.373276
40.916794 30.340452
40.851242 30.306709
40.785622 30.272936
40.719929 30.239130
40.654167 30.205294
40.588337 30.171425
40.522434 30.137526
40.456463 30.103594
40.390419 30.069632
40.324306 30.035637
40.258125 30.001612
40.191872 29.967554
40.125549 29.933466
40.059155 29.899345
39.992691 29.865194
39.926159 29.831011
39.859554 29.796797
39.792881 29.762550
39.726135 29.728273
39.659321 29.693964
39.592438 29.659624
39.525482 29.625252
39.458458 29.590849
39.391361 29.556414
39.324196 29.521948
39.256962 29.487450
39.189655 29.452921
39.122280 29.418360
39.054832 29.383766
38.987316 29.349142
38.919727 29.314486
38.852070 29.279799
38.784344 29.245079
38.716545 29.210329
38.648678 29.175547
38.580738 29.140734
38.512730 29.105888
38.444653 29.071012
38.376503 29.036104
38.308285 29.001165
38.239994 28.966194
38.174423 28.928946
38.108761 28.891657
38.043007 28.854328
37.977161 28.816957
37.911221 28.779547
37.845188 28.742096
37.779064 28.704605
37.712845 28.667074
37.646534 28.629501
37.580132 28.591888
37.513634 28.554235
37.447044 28.516542
37.380363 28.478809
37.313591 28.441034
37.246723 28.403219
37.179764 28.365364
37.112713 28.327469
37.045567 28.289532
36.978329 28.251554
36.910999 28.213537
36.843575 28.175480
36.776058 28.137383
36.708450 28.099243
36.640751 28.061064
36.572956 28.022844
36.505070 27.984585
36.437092 27.946285
36.369019 27.907944
36.300854 27.869562
36.232597 27.831141
36.164246 27.792679
36.095802 27.754177
36.027267 27.715633
35.958641 27.677050
35.889919 27.638426
35.821106 27.599762
35.752201 27.561058
35.683201 27.522312
35.614109 27.483526
35.544926 27.444700
35.474335 27.406248
35.403660 27.367758
35.332905 27.329227
35.262066 27.290659
35.191147 27.252050
35.120144 27.213404
35.049061 27.174719
34.977894 27.135994
34.906647 27.097231
34.835316 27.058430
34.763905 27.019588
34.692410 26.980709
34.620834 26.941792
34.549175 26.902834
34.477436 26.863838
34.405613 26.824804
34.333710 26.785730
34.261723 26.746618
34.189651 26.707468
34.117500 26.668278
34.045265 26.629049
33.972950 26.589783
33.900551 26.550476
33.828072 26.511131
33.755508 26.471748
33.682865 26.432325
33.610138 26.392864
33.537331 26.353365
33.464439 26.313826
33.391468 26.274248
33.318413 26.234632
33.245277 26.194977
33.172058 26.155283
33.098759 26.115551
33.025375 26.075779
32.951912 26.035969
32.878365 25.996120
32.804737 25.956232
32.731026 25.916306
32.657234 25.876339
