-0.017281 0.011315
-0.034632 0.022719
-0.052051 0.034214
-0.069538 0.045798
-0.087095 0.057472
-0.104721 0.069236
-0.122415 0.081089
-0.140179 0.093033
-0.158011 0.105066
-0.175912 0.117189
-0.193882 0.129402
-0.211920 0.141704
-0.230028 0.154097
-0.248204 0.166579
-0.266449 0.179151
-0.284764 0.191813
-0.303146 0.204564
-0.321598 0.217406
-0.340119 0.230337
-0.358708 0.243358
-0.377367 0.256469
-0.396094 0.269669
-0.414890 0.282960
-0.433755 0.296340
-0.452689 0.309810
-0.471691 0.323370
-0.490763 0.337019
-0.509903 0.350759
-0.529112 0.364588
-0.548390 0.378507
-0.567737 0.392516
-0.587153 0.406614
-0.606637 0.420803
-0.626191 0.435081
-0.645813 0.449449
-0.665504 0.463907
-0.685264 0.478454
-0.705093 0.493092
-0.724990 0.507819
-0.744957 0.522636
-0.764666 0.537896
-0.784442 0.553248
-0.804287 0.568693
-0.824198 0.584230
-0.844178 0.599860
-0.864224 0.615582
-0.884339 0.631398
-0.904521 0.647305
-0.924770 0.663306
-0.945087 0.679399
-0.965472 0.695584
-0.985924 0.711863
-1.006443 0.728233
-1.027030 0.744697
-1.047685 0.761253
-1.068408 0.777901
-1.089197 0.794643
-1.110055 0.811476
-1.130980 0.828403
-1.151972 0.845422
-1.173032 0.862533
-1.194160 0.879738
-1.215355 0.897034
-1.236618 0.914424
-1.257948 0.931906
-1.279346 0.949480
-1.300811 0.967148
-1.322344 0.984907
-1.343944 1.002760
-1.365612 1.020705
-1.387348 1.038742
-1.409151 1.056873
-1.431022 1.075095
-1.452960 1.093411
-1.474966 1.111819
-1.497039 1.130319
-1.519180 1.148913
-1.541388 1.167598
-1.563664 1.186377
-1.586008 1.205248
-1.607189 1.225408
-1.628433 1.245671
-1.649739 1.266036
-1.671108 1.286503
-1.692540 1.307072
-1.714034 1.327743
-1.735591 1.348516
-1.757211 1.369391
-1.778893 1.390369
-1.800638 1.411448
-1.822446 1.432630
-1.844316 1.453914
-1.866249 1.475299
-1.888245 1.496787
-1.910303 1.518377
-1.932424 1.540069
-1.954607 1.561864
-1.976854 1.583760
-1.999162 1.605758
-2.021534 1.627859
-2.043968 1.650061
-2.066465 1.672366
-2.089024 1.694773
-2.111646 1.717282
-2.134331 1.739893
-2.157079 1.762606
-2.179888 1.785421
-2.202761 1.808338
-2.225697 1.831358
-2.248695 1.854479
-2.271755 1.877703
-2.294878 1.901028
-2.318064 1.924456
-2.341313 1.947986
-2.364624 1.971618
-2.387998 1.995352
-2.411435 2.019188
-2.434934 2.043127
-2.458496 2.067167
-2.482120 2.091310
-2.501578 2.103496
-2.521082 2.115689
-2.540631 2.127888
-2.560226 2.140093
-2.579867 2.152305
-2.599554 2.164524
-2.619287 2.176749
-2.639065 2.188980
-2.658890 2.201217
-2.678760 2.213461
-2.698675 2.225712
-2.718637 2.237968
-2.738644 2.250232
-2.758698 2.262501
-2.778796 2.274777
-2.798941 2.287060
-2.819132 2.299348
-2.839368 2.311644
-2.859651 2.323945
-2.879979 2.336253
-2.900352 2.348567
-2.920772 2.360888
-2.941237 2.373215
-2.961749 2.385549
-2.982306 2.397889
-3.002908 2.410236
-3.023557 2.422588
-3.044251 2.434947
-3.064992 2.447313
-3.085778 2.459685
-3.106610 2.472064
-3.127487 2.484448
-3.148411 2.496840
-3.169380 2.509237
-3.190395 2.521641
-3.211455 2.534051
-3.232562 2.546468
-3.253715 2.558892
-3.274913 2.571321
-3.296157 2.583757
-3.312263 2.591651
-3.328395 2.599515
-3.344552 2.607349
-3.360734 2.615154
-3.376942 2.622929
-3.393174 2.630674
-3.409432 2.638390
-3.425714 2.646076
-3.442022 2.653732
-3.458355 2.661358
-3.474714 2.668955
-3.491097 2.676522
-3.507505 2.684060
-3.523939 2.691567
-3.540398 2.699045
-3.556882 2.706494
-3.573391 2.713912
-3.589925 2.721301
-3.606484 2.728660
-3.623069 2.735990
-3.639678 2.743290
-3.656313 2.750560
-3.672973 2.757800
-3.689658 2.765011
-3.706368 2.772192
-3.723104 2.779343
-3.739864 2.786465
-3.756650 2.793557
-3.773461 2.800619
-3.790297 2.807652
-3.807158 2.814655
-3.824044 2.821628
-3.840956 2.828571
-3.857892 2.835485
-3.874854 2.842369
-3.891841 2.849223
-3.908853 2.856048
-3.925890 2.862843
-3.942953 2.869608
-3.960040 2.876343
-3.973727 2.899291
-3.987425 2.922337
-4.001134 2.945483
-4.014855 2.968728
-4.028587 2.992072
-4.042331 3.015515
-4.056087 3.039057
-4.069854 3.062699
-4.083632 3.086440
-4.097423 3.110280
-4.111224 3.134219
-4.125037 3.158257
-4.138862 3.182395
-4.152698 3.206631
-4.166545 3.230968
-4.180404 3.255403
-4.194274 3.279937
-4.208157 3.304571
-4.222050 3.329304
-4.235955 3.354136
-4.249872 3.379067
-4.263800 3.404097
-4.277739 3.429227
-4.291690 3.454456
-4.305653 3.479784
-4.319627 3.505211
-4.333612 3.530737
-4.347610 3.556363
-4.361618 3.582088
-4.375638 3.607912
-4.389669 3.633835
-4.403712 3.659857
-4.417767 3.685979
-4.431833 3.712200
-4.445910 3.738520
-4.460000 3.764939
-4.474100 3.791457
-4.488212 3.818075
-4.502336 3.844791
-4.516470 3.871607
-4.523426 3.898711
-4.530364 3.925916
-4.537284 3.953222
-4.544188 3.980628
-4.551075 4.008135
-4.557945 4.035743
-4.564798 4.063452
-4.571633 4.091261
-4.578452 4.119171
-4.585253 4.147181
-4.592037 4.175292
-4.598804 4.203504
-4.605553 4.231817
-4.612286 4.260230
-4.619001 4.288744
-4.625699 4.317358
-4.632380 4.346074
-4.639044 4.374890
-4.645690 4.403807
-4.652320 4.432825
-4.658932 4.461943
-4.665527 4.491161
-4.672105 4.520481
-4.678666 4.549901
-4.685210 4.579422
-4.691736 4.609044
-4.698246 4.638766
-4.704738 4.668590
-4.711213 4.698514
-4.717670 4.728538
-4.724111 4.758663
-4.730535 4.788889
-4.736941 4.819215
-4.743330 4.849643
-4.749703 4.880171
-4.756058 4.910800
-4.762396 4.941529
-4.768717 4.972359
-4.775021 5.003290
-4.781308 5.034321
-4.792634 5.072522
-4.803965 5.110880
-4.815298 5.149395
-4.826633 5.188066
-4.837973 5.226893
-4.849315 5.265878
-4.860660 5.305020
-4.872007 5.344318
-4.883358 5.383774
-4.894712 5.423386
-4.906069 5.463154
-4.917429 5.503080
-4.928792 5.543162
-4.940158 5.583402
-4.951528 5.623798
-4.962900 5.664351
-4.974275 5.705060
-4.985652 5.745926
-4.997034 5.786950
-5.008418 5.828130
-5.019804 5.869467
-5.031195 5.910960
-5.042588 5.952610
-5.053984 5.994418
-5.065382 6.036382
-5.076785 6.078503
-5.088190 6.120780
-5.099597 6.163214
-5.111009 6.205805
-5.122423 6.248553
-5.133840 6.291458
-5.145259 6.334520
-5.156682 6.377738
-5.168108 6.421113
-5.179537 6.464645
-5.190969 6.508334
-5.202404 6.552179
-5.213842 6.596182
-5.225283 6.640341
-5.236727 6.684657
-5.245652 6.733401
-5.254569 6.782336
-5.263479 6.831461
-5.272383 6.880778
-5.281279 6.930285
-5.290168 6.979983
-5.299050 7.029871
-5.307925 7.079950
-5.316793 7.130220
-5.325655 7.180680
-5.334508 7.231331
-5.343355 7.282173
-5.352195 7.333206
-5.361028 7.384429
-5.369854 7.435843
-5.378673 7.487448
-5.387484 7.539243
-5.396289 7.591229
-5.405087 7.643406
-5.413877 7.695774
-5.422660 7.748332
-5.431437 7.801081
-5.440206 7.854020
-5.448968 7.907150
-5.457724 7.960471
-5.466472 8.013983
-5.475213 8.067685
-5.483947 8.121578
-5.492674 8.175662
-5.501394 8.229937
-5.510107 8.284402
-5.518813 8.339058
-5.527512 8.393905
-5.536204 8.448942
-5.544888 8.504170
-5.553566 8.559589
-5.562237 8.615199
-5.570900 8.671000
-5.579557 8.726991
-5.588206 8.783173
-5.593485 8.824450
-5.598744 8.865798
-5.603982 8.907217
-5.609200 8.948707
-5.614397 8.990268
-5.619574 9.031899
-5.624730 9.073603
-5.629866 9.115376
-5.634982 9.157221
-5.640077 9.199137
-5.645151 9.241123
-5.650205 9.283180
-5.655239 9.325309
-5.660252 9.367508
-5.665245 9.409778
-5.670217 9.452119
-5.675169 9.494531
-5.680100 9.537013
-5.685011 9.579567
-5.689902 9.622191
-5.694772 9.664886
-5.699621 9.707653
-5.704450 9.750490
-5.709259 9.793398
-5.714047 9.836377
-5.718815 9.879427
-5.723563 9.922547
-5.728290 9.965739
-5.732996 10.009002
-5.737682 10.052335
-5.742347 10.095739
-5.746992 10.139215
-5.751617 10.182760
-5.756221 10.226377
-5.760805 10.270065
-5.765368 10.313824
-5.769911 10.357654
-5.774434 10.401554
-5.778935 10.445526
-5.783417 10.489569
-5.797993 10.530293
-5.812589 10.571060
-5.827205 10.611872
-5.841841 10.652728
-5.856497 10.693628
-5.871172 10.734572
-5.885868 10.775560
-5.900583 10.816592
-5.915318 10.857668
-5.930073 10.898787
-5.944848 10.939952
-5.959643 10.981160
-5.974457 11.022412
-5.989292 11.063708
-6.004146 11.105048
-6.019020 11.146432
-6.033914 11.187860
-6.048828 11.229331
-6.063761 11.270847
-6.078715 11.312407
-6.093688 11.354012
-6.108681 11.395659
-6.123694 11.437351
-6.138727 11.479087
-6.153780 11.520866
-6.168852 11.562691
-6.183945 11.604559
-6.199057 11.646471
-6.214189 11.688427
-6.229341 11.730427
-6.244513 11.772470
-6.259705 11.814558
-6.274916 11.856690
-6.290148 11.898867
-6.305399 11.941087
-6.320670 11.983351
-6.335961 12.025659
-6.351272 12.068010
-6.366602 12.110406
-6.381953 12.152845
-6.398930 12.204074
-6.415933 12.255416
-6.432962 12.306871
-6.450017 12.358440
-6.467099 12.410122
-6.484207 12.461917
-6.501341 12.513825
-6.518502 12.565847
-6.535688 12.617983
-6.552901 12.670232
-6.570140 12.722594
-6.587406 12.775070
-6.604697 12.827660
-6.622015 12.880363
-6.639359 12.933179
-6.656730 12.986108
-6.674127 13.039150
-6.691550 13.092306
-6.708999 13.145576
-6.726475 13.198958
-6.743977 13.252455
-6.761505 13.306065
-6.779059 13.359788
-6.796639 13.413625
-6.814246 13.467575
-6.831879 13.521639
-6.849538 13.575815
-6.867224 13.630105
-6.884935 13.684508
-6.902673 13.739025
-6.920437 13.793655
-6.938228 13.848399
-6.956044 13.903256
-6.973887 13.958227
-6.991756 14.013311
-7.009652 14.068509
-7.027574 14.123820
-7.045522 14.179244
-7.063497 14.234781
-7.081497 14.290432
-7.089020 14.341207
-7.096527 14.392056
-7.104018 14.442978
-7.111493 14.493974
-7.118953 14.545044
-7.126398 14.596188
-7.133826 14.647406
-7.141240 14.698697
-7.148637 14.750062
-7.156019 14.801501
-7.163385 14.853014
-7.170736 14.904600
-7.178071 14.956261
-7.185391 15.007995
-7.192695 15.059803
-7.199984 15.111685
-7.207256 15.163640
-7.214513 15.215670
-7.221755 15.267773
-7.228981 15.319950
-7.236191 15.372201
-7.243386 15.424525
-7.250566 15.476924
-7.257729 15.529396
-7.264877 15.581943
-7.272009 15.634562
-7.279126 15.687256
-7.286227 15.740024
-7.293313 15.792865
-7.300383 15.845779
-7.307437 15.898768
-7.314476 15.951831
-7.321499 16.004967
-7.328507 16.058176
-7.335499 16.111460
-7.342475 16.164818
-7.349436 16.218250
-7.356381 16.271755
-7.363311 16.325335
-7.370225 16.378988
-7.380060 16.425936
-7.389892 16.472904
-7.399719 16.519892
-7.409542 16.566900
-7.419362 16.613928
-7.429177 16.660976
-7.438989 16.708044
-7.448797 16.755133
-7.458601 16.802240
-7.468400 16.849369
-7.478197 16.896517
-7.487989 16.943686
-7.497777 16.990873
-7.507562 17.038082
-7.517342 17.085310
-7.527119 17.132559
-7.536891 17.179827
-7.546660 17.227116
-7.556425 17.274424
-7.566186 17.321753
-7.575943 17.369101
-7.585696 17.416470
-7.595446 17.463858
-7.605191 17.511265
-7.614933 17.558693
-7.624670 17.606140
-7.634404 17.653608
-7.644134 17.701096
-7.653860 17.748604
-7.663582 17.796131
-7.673300 17.843679
-7.683014 17.891247
-7.692724 17.938835
-7.702431 17.986443
-7.712133 18.034071
-7.721832 18.081718
-7.731526 18.129387
-7.741217 18.177074
-7.750904 18.224783
-7.760587 18.272511
-7.775085 18.325375
-7.789599 18.378300
-7.804128 18.431284
-7.818672 18.484329
-7.833231 18.537436
-7.847806 18.590603
-7.862397 18.643829
-7.877002 18.697117
-7.891623 18.750465
-7.906259 18.803875
-7.920910 18.857346
-7.935577 18.910875
-7.950259 18.964466
-7.964956 19.018118
-7.979668 19.071831
-7.994396 19.125603
-8.009139 19.179436
-8.023897 19.233330
-8.038671 19.287285
-8.053459 19.341299
-8.068263 19.395374
-8.083082 19.449511
-8.097918 19.503708
-8.112768 19.557966
-8.127634 19.612284
-8.142515 19.666662
-8.157412 19.721102
-8.172323 19.775602
-8.187250 19.830162
-8.202192 19.884783
-8.217150 19.939465
-8.232122 19.994207
-8.247110 20.049009
-8.262114 20.103872
-8.277132 20.158796
-8.292166 20.213781
-8.307215 20.268827
-8.322279 20.323933
-8.337358 20.379099
-8.352453 20.434326
-8.360825 20.482256
-8.369184 20.530188
-8.377531 20.578121
-8.385867 20.626057
-8.394192 20.673994
-8.402505 20.721935
-8.410807 20.769878
-8.419097 20.817823
-8.427376 20.865770
-8.435643 20.913719
-8.443898 20.961670
-8.452142 21.009623
-8.460374 21.057579
-8.468595 21.105537
-8.476804 21.153498
-8.485002 21.201460
-8.493188 21.249424
-8.501363 21.297390
-8.509526 21.345360
-8.517677 21.393332
-8.525817 21.441305
-8.533945 21.489281
-8.542062 21.537258
-8.550167 21.585238
-8.558261 21.633219
-8.566343 21.681204
-8.574414 21.729191
-8.582474 21.777180
-8.590521 21.825171
-8.598557 21.873163
-8.606581 21.921158
-8.614594 21.969156
-8.622595 22.017157
-8.630585 22.065159
-8.638563 22.113163
-8.646530 22.161169
-8.654486 22.209177
-8.662429 22.257187
-8.670361 22.305201
-8.678281 22.353216
-8.688411 22.389378
-8.698539 22.425446
-8.708664 22.461422
-8.718786 22.497307
-8.728906 22.533100
-8.739022 22.568802
-8.749136 22.604412
-8.759248 22.639929
-8.769357 22.675354
-8.779463 22.710688
-8.789566 22.745930
-8.799666 22.781080
-8.809764 22.816137
-8.819860 22.851103
-8.829952 22.885977
-8.840042 22.920759
-8.850129 22.955450
-8.860213 22.990049
-8.870295 23.024555
-8.880374 23.058969
-8.890450 23.093292
-8.900524 23.127523
-8.910595 23.161663
-8.920663 23.195709
-8.930728 23.229664
-8.940791 23.263527
-8.950851 23.297298
-8.960909 23.330978
-8.970963 23.364567
-8.981015 23.398062
-8.991064 23.431465
-9.001111 23.464777
-9.011155 23.497997
-9.021196 23.531126
-9.031235 23.564161
-9.041270 23.597105
-9.051303 23.629957
-9.061334 23.662718
-9.071362 23.695387
-9.081387 23.727964
-9.095927 23.776602
-9.110483 23.825275
-9.125054 23.873985
-9.139641 23.922731
-9.154243 23.971514
-9.168859 24.020332
-9.183492 24.069187
-9.198139 24.118080
-9.212802 24.167009
-9.227480 24.215975
-9.242173 24.264977
-9.256882 24.314014
-9.271605 24.363089
-9.286345 24.412199
-9.301099 24.461346
-9.315868 24.510529
-9.330653 24.559748
-9.345453 24.609003
-9.360269 24.658295
-9.375099 24.707623
-9.389945 24.756987
-9.404807 24.806387
-9.419684 24.855824
-9.434577 24.905296
-9.449485 24.954805
-9.464408 25.004351
-9.479346 25.053932
-9.494300 25.103550
-9.509269 25.153204
-9.524253 25.202894
-9.539252 25.252621
-9.554267 25.302383
-9.569297 25.352182
-9.584342 25.402018
-9.599402 25.451889
-9.614478 25.501797
-9.629569 25.551741
-9.644675 25.601721
-9.659797 25.651737
-9.674933 25.701792
-9.681840 25.749916
-9.688729 25.798061
-9.695601 25.846228
-9.702456 25.894415
-9.709292 25.942621
-9.716111 25.990849
-9.722913 26.039097
-9.729697 26.087366
-9.736464 26.135656
-9.743213 26.183968
-9.749944 26.232300
-9.756658 26.280651
-9.763354 26.329023
-9.770033 26.377417
-9.776694 26.425831
-9.783338 26.474266
-9.789964 26.522722
-9.796573 26.571199
-9.803164 26.619696
-9.809737 26.668213
-9.816293 26.716751
-9.822831 26.765310
-9.829352 26.813890
-9.835855 26.862492
-9.842341 26.911114
-9.848809 26.959755
-9.855260 27.008417
-9.861693 27.057100
-9.868109 27.105804
-9.874507 27.154530
-9.880887 27.203276
-9.887250 27.252041
-9.893596 27.300827
-9.899923 27.349634
-9.906234 27.398462
-9.912526 27.447311
-9.918801 27.496181
-9.925059 27.545073
-9.931299 27.593983
-9.937522 27.642914
-9.949211 27.692911
-9.960905 27.742939
-9.972603 27.792995
-9.984305 27.843081
-9.996012 27.893194
-10.007723 27.943336
-10.019438 27.993509
-10.031157 28.043711
-10.042881 28.093941
-10.054609 28.144199
-10.066341 28.194489
-10.078078 28.244806
-10.089819 28.295153
-10.101564 28.345528
-10.113314 28.395931
-10.125068 28.446365
-10.136826 28.496828
-10.148588 28.547319
-10.160355 28.597839
-10.172126 28.648388
-10.183901 28.698967
-10.195681 28.749575
-10.207464 28.800211
-10.219253 28.850876
-10.231045 28.901569
-10.242842 28.952293
-10.254642 29.003046
-10.266448 29.053827
-10.278257 29.104637
-10.290071 29.155476
-10.301889 29.206345
-10.313712 29.257242
-10.325539 29.308168
-10.337370 29.359123
-10.349205 29.410107
-10.361045 29.461121
-10.372889 29.512163
-10.384737 29.563234
-10.396589 29.614334
-10.408446 29.665462
-10.412112 29.722492
-10.415750 29.779598
-10.419359 29.836779
-10.422940 29.894035
-10.426493 29.951368
-10.430017 30.008776
-10.433514 30.066259
-10.436981 30.123819
-10.440420 30.181454
-10.443831 30.239164
-10.447214 30.296949
-10.450568 30.354811
-10.453894 30.412748
-10.457191 30.470760
-10.460461 30.528849
-10.463701 30.587013
-10.466914 30.645252
-10.470098 30.703568
-10.473254 30.761959
-10.476381 30.820425
-10.479481 30.878967
-10.482552 30.937584
-10.485594 30.996277
-10.488607 31.055046
-10.491593 31.113890
-10.494551 31.172810
-10.497479 31.231806
-10.500381 31.290876
-10.503253 31.350023
-10.506097 31.409246
-10.508912 31.468544
-10.511700 31.527918
-10.514459 31.587366
-10.517189 31.646891
-10.519891 31.706491
-10.522565 31.766167
-10.525210 31.825918
-10.527827 31.885746
-10.530416 31.945648
-10.532977 32.005627
-10.540203 32.065830
-10.547420 32.126114
-10.554626 32.186474
-10.561823 32.246910
-10.569010 32.307423
-10.576187 32.368011
-10.583355 32.428677
-10.590513 32.489418
-10.597662 32.550236
-10.604801 32.611134
-10.611931 32.672108
-10.619050 32.733158
-10.626160 32.794285
-10.633260 32.855488
-10.640350 32.916767
-10.647431 32.978123
-10.654503 33.039558
-10.661565 33.101070
-10.668617 33.162659
-10.675660 33.224323
-10.682693 33.286064
-10.689715 33.347881
-10.696729 33.409775
-10.703732 33.471745
-10.710727 33.533794
-10.717711 33.595921
-10.724687 33.658123
-10.731652 33.720402
-10.738607 33.782757
-10.745553 33.845188
-10.752489 33.907696
-10.759416 33.970284
-10.766333 34.032948
-10.773240 34.095688
-10.780138 34.158504
-10.787026 34.221397
-10.793905 34.284367
-10.800774 34.347412
-10.807632 34.410534
-10.814482 34.473736
-10.828237 34.537655
-10.842010 34.601658
-10.855801 34.665741
-10.869609 34.729908
-10.883435 34.794155
-10.897280 34.858486
-10.911142 34.922897
-10.925022 34.987389
-10.938920 35.051964
-10.952836 35.116619
-10.966770 35.181358
-10.980721 35.246178
-10.994691 35.311081
-11.008678 35.376064
-11.022684 35.441132
-11.036708 35.506279
-11.050749 35.571510
-11.064808 35.636822
-11.078885 35.702217
-11.092980 35.767693
-11.107093 35.833252
-11.121223 35.898891
-11.135372 35.964615
-11.149539 36.030418
-11.163723 36.096302
-11.177925 36.162270
-11.192145 36.228317
-11.206384 36.294449
-11.220640 36.360661
-11.234914 36.426956
-11.249206 36.493332
-11.263515 36.559792
-11.277843 36.626331
-11.292189 36.692955
-11.306552 36.759659
-11.320933 36.826447
-11.335333 36.893314
-11.349750 36.960266
-11.364184 37.027298
-11.378637 37.094410
-11.390322 37.159023
-11.402013 37.223698
-11.413712 37.288433
-11.425417 37.353230
-11.437129 37.418087
-11.448848 37.483006
-11.460573 37.547985
-11.472305 37.613029
-11.484044 37.678135
-11.495790 37.743301
-11.507544 37.808529
-11.519303 37.873817
-11.531070 37.939167
-11.542843 38.004578
-11.554623 38.070049
-11.566409 38.135582
-11.578202 38.201176
-11.590003 38.266830
-11.601810 38.332550
-11.613625 38.398331
-11.625445 38.464172
-11.637273 38.530075
-11.649107 38.596039
-11.660948 38.662064
-11.672796 38.728149
-11.684651 38.794296
-11.696513 38.860504
-11.708382 38.926773
-11.720257 38.993107
-11.732139 39.059502
-11.744027 39.125957
-11.755922 39.192474
-11.767825 39.259052
-11.779735 39.325691
-11.791651 39.392391
-11.803574 39.459152
-11.815503 39.525974
-11.827439 39.592857
-11.839382 39.659801
-11.851332 39.726810
-11.867743 39.788929
-11.884180 39.851067
-11.900641 39.913227
-11.917127 39.975410
-11.933637 40.037617
-11.950171 40.099846
-11.966731 40.162094
-11.983315 40.224365
-11.999923 40.286659
-12.016556 40.348976
-12.033214 40.411316
-12.049895 40.473675
-12.066602 40.536057
-12.083333 40.598461
-12.100089 40.660889
-12.116869 40.723335
-12.133674 40.785805
-12.150503 40.848297
-12.167357 40.910812
-12.184236 40.973351
-12.201138 41.035908
-12.218066 41.098488
-12.235019 41.161091
-12.251995 41.223717
-12.268996 41.286366
-12.286022 41.349033
-12.303073 41.411724
-12.320148 41.474438
-12.337247 41.537174
-12.354371 41.599934
-12.371520 41.662712
-12.388693 41.725513
-12.405890 41.788338
-12.423113 41.851185
-12.440359 41.914055
-12.457630 41.976944
-12.474926 42.039856
-12.492247 42.102791
-12.509591 42.165749
-12.526960 42.228729
-12.548270 42.284145
-12.569620 42.339523
-12.591010 42.394863
-12.612440 42.450165
-12.633910 42.505428
-12.655420 42.560654
-12.676970 42.615841
-12.698561 42.670990
-12.720192 42.726101
-12.741863 42.781174
-12.763575 42.836208
-12.785326 42.891205
-12.807117 42.946163
-12.828949 43.001083
-12.850821 43.055965
-12.872732 43.110809
-12.894684 43.165615
-12.916676 43.220383
-12.938708 43.275112
-12.960781 43.329803
-12.982894 43.384457
-13.005047 43.439072
-13.027240 43.493649
-13.049473 43.548187
-13.071746 43.602688
-13.094059 43.657150
-13.116412 43.711575
-13.138805 43.765961
-13.161240 43.820309
-13.183714 43.874619
-13.206228 43.928890
-13.228783 43.983124
-13.251377 44.037319
-13.274012 44.091476
-13.296686 44.145596
-13.319401 44.199677
-13.342155 44.253719
-13.364950 44.307724
-13.387786 44.361691
-13.410662 44.415619
-13.430289 44.479580
-13.449944 44.543579
-13.469625 44.607620
-13.489334 44.671703
-13.509069 44.735828
-13.528832 44.799995
-13.548622 44.864204
-13.568439 44.928455
-13.588284 44.992748
-13.608154 45.057083
-13.628053 45.121460
-13.647978 45.185879
-13.667930 45.250340
-13.687909 45.314842
-13.707915 45.379387
-13.727948 45.443974
-13.748009 45.508602
-13.768096 45.573273
-13.788211 45.637985
-13.808352 45.702740
-13.828521 45.767536
-13.848717 45.832375
-13.868939 45.897255
-13.889189 45.962177
-13.909466 46.027138
-13.929770 46.092140
-13.950100 46.157185
-13.970458 46.222271
-13.990843 46.287399
-14.011255 46.352570
-14.031694 46.417782
-14.052160 46.483036
-14.072654 46.548332
-14.093174 46.613670
-14.113721 46.679050
-14.134295 46.744473
-14.154897 46.809937
-14.175525 46.875443
-14.196180 46.940990
-14.216863 47.006580
-14.226214 47.071079
-14.235548 47.135609
-14.244864 47.200172
-14.254161 47.264767
-14.263440 47.329395
-14.272701 47.394058
-14.281944 47.458752
-14.291168 47.523479
-14.300374 47.588238
-14.309562 47.653030
-14.318731 47.717857
-14.327883 47.782715
-14.337016 47.847607
-14.346131 47.912529
-14.355228 47.977486
-14.364307 48.042477
-14.373368 48.107498
-14.382411 48.172554
-14.391436 48.237640
-14.400441 48.302761
-14.409429 48.367916
-14.418398 48.433102
-14.427349 48.498322
-14.436282 48.563572
-14.445197 48.628857
-14.454094 48.694176
-14.462973 48.759525
-14.471833 48.824909
-14.480676 48.890324
-14.489500 48.955772
-14.498306 49.021255
-14.507093 49.086769
-14.515862 49.152317
-14.524613 49.217896
-14.533346 49.283508
-14.542061 49.349155
-14.550757 49.414833
-14.559436 49.480545
-14.568096 49.546288
-14.576738 49.612064
-14.582551 49.676373
-14.588334 49.740704
-14.594088 49.805054
-14.599812 49.869427
-14.605507 49.933819
-14.611173 49.998234
-14.616809 50.062668
-14.622416 50.127125
-14.627993 50.191601
-14.633540 50.256100
-14.639059 50.320618
-14.644548 50.385159
-14.650008 50.449718
-14.655438 50.514301
-14.660839 50.578903
-14.666211 50.643528
-14.671554 50.708172
-14.676867 50.772839
-14.682150 50.837524
-14.687404 50.902233
-14.692628 50.966961
-14.697824 51.031708
-14.702990 51.096478
-14.708126 51.161266
-14.713233 51.226078
-14.718310 51.290909
-14.723358 51.355762
-14.728377 51.420635
-14.733367 51.485531
-14.738327 51.550446
-14.743258 51.615383
-14.748158 51.680340
-14.753030 51.745319
-14.757873 51.810318
-14.762686 51.875340
-14.767469 51.940380
-14.772223 52.005444
-14.776948 52.070526
-14.781643 52.135632
-14.786309 52.200756
-14.798275 52.276070
-14.810241 52.351486
-14.822206 52.427002
-14.834171 52.502621
-14.846136 52.578342
-14.858101 52.654163
-14.870066 52.730087
-14.882030 52.806114
-14.893994 52.882240
-14.905958 52.958469
-14.917922 53.034798
-14.929886 53.111229
-14.941850 53.187763
-14.953813 53.264397
-14.965775 53.341133
-14.977738 53.417973
-14.989701 53.494911
-15.001663 53.571953
-15.013625 53.649097
-15.025587 53.726341
-15.037549 53.803688
-15.049511 53.881134
-15.061472 53.958683
-15.073433 54.036335
-15.085394 54.114086
-15.097355 54.191940
-15.109316 54.269897
-15.121276 54.347954
-15.133236 54.426113
-15.145196 54.504375
-15.157156 54.582737
-15.169116 54.661201
-15.181075 54.739765
-15.193034 54.818432
-15.204993 54.897202
-15.216952 54.976070
-15.228910 55.055042
-15.240869 55.134117
-15.252827 55.213291
-15.264785 55.292568
-15.278738 55.362434
-15.292699 55.432327
-15.306667 55.502243
-15.320643 55.572186
-15.334628 55.642155
-15.348620 55.712151
-15.362620 55.782173
-15.376628 55.852222
-15.390643 55.922295
-15.404666 55.992393
-15.418696 56.062519
-15.432734 56.132671
-15.446781 56.202850
-15.460835 56.273056
-15.474897 56.343288
-15.488967 56.413544
-15.503044 56.483826
-15.517129 56.554134
-15.531221 56.624470
-15.545321 56.694832
-15.559430 56.765221
-15.573546 56.835632
-15.587670 56.906071
-15.601802 56.976536
-15.615941 57.047028
-15.630088 57.117546
-15.644242 57.188091
-15.658404 57.258659
-15.672575 57.329254
-15.686753 57.399876
-15.700939 57.470524
-15.715133 57.541199
-15.729334 57.611900
-15.743543 57.682629
-15.757759 57.753380
-15.771983 57.824158
-15.786216 57.894962
-15.800456 57.965794
-15.814704 58.036652
-15.828959 58.107536
-15.844641 58.169170
-15.860335 58.230759
-15.876043 58.292297
-15.891765 58.353790
-15.907499 58.415237
-15.923247 58.476635
-15.939009 58.537987
-15.954783 58.599289
-15.970572 58.660545
-15.986374 58.721752
-16.002190 58.782913
-16.018019 58.844025
-16.033861 58.905090
-16.049717 58.966110
-16.065586 59.027081
-16.081469 59.088005
-16.097364 59.148880
-16.113274 59.209709
-16.129196 59.270489
-16.145132 59.331223
-16.161081 59.391907
-16.177044 59.452545
-16.193020 59.513134
-16.209009 59.573677
-16.225012 59.634174
-16.241028 59.694622
-16.257057 59.755024
-16.273100 59.815376
-16.289156 59.875683
-16.305225 59.935940
-16.321308 59.996151
-16.337404 60.056313
-16.353514 60.116428
-16.369637 60.176495
-16.385773 60.236515
-16.401922 60.296490
-16.418085 60.356415
-16.434261 60.416294
-16.450453 60.476124
-16.466658 60.535908
-16.488159 60.596210
-16.509695 60.656471
-16.531265 60.716686
-16.552870 60.776859
-16.574509 60.836990
-16.596182 60.897079
-16.617889 60.957123
-16.639631 61.017124
-16.661407 61.077084
-16.683218 61.137001
-16.705063 61.196873
-16.726942 61.256702
-16.748856 61.316490
-16.770803 61.376232
-16.792788 61.435932
-16.814806 61.495590
-16.836859 61.555206
-16.858946 61.614777
-16.881067 61.674305
-16.903223 61.733791
-16.925413 61.793236
-16.947638 61.852634
-16.969896 61.911991
-16.992189 61.971306
-17.014517 62.030575
-17.036879 62.089802
-17.059275 62.148987
-17.081705 62.208130
-17.104170 62.267227
-17.126669 62.326283
-17.149204 62.385296
-17.171774 62.444267
-17.194378 62.503193
-17.217016 62.562077
-17.239689 62.620918
-17.262396 62.679714
-17.285137 62.738468
-17.307913 62.797180
-17.330723 62.855850
-17.353567 62.914474
-17.375179 62.965244
-17.396820 63.015911
-17.418489 63.066471
-17.440189 63.116928
-17.461918 63.167278
-17.483677 63.217525
-17.505465 63.267666
-17.527281 63.317703
-17.549128 63.367634
-17.571003 63.417461
-17.592909 63.467182
-17.614843 63.516796
-17.636808 63.566307
-17.658802 63.615711
-17.680824 63.665012
-17.702877 63.714207
-17.724958 63.763298
-17.747070 63.812283
-17.769211 63.861164
-17.791380 63.909939
-17.813580 63.958611
-17.835808 64.007179
-17.858067 64.055641
-17.880354 64.103996
-17.902670 64.152245
-17.925016 64.200394
-17.947392 64.248436
-17.969797 64.296371
-17.992231 64.344200
-18.014696 64.391930
-18.037189 64.439552
-18.059711 64.487068
-18.082264 64.534477
-18.104845 64.581779
-18.127457 64.628983
-18.150097 64.676079
-18.172766 64.723068
-18.195465 64.769951
-18.218193 64.816734
-18.240952 64.863411
-18.271696 64.921211
-18.302502 64.978996
-18.333368 65.036758
-18.364296 65.094505
-18.395285 65.152237
-18.426334 65.209953
-18.457445 65.267654
-18.488617 65.325340
-18.519850 65.383011
-18.551144 65.440666
-18.582499 65.498306
-18.613914 65.555931
-18.645391 65.613541
-18.676929 65.671135
-18.708529 65.728706
-18.740189 65.786263
-18.771910 65.843803
-18.803692 65.901329
-18.835535 65.958839
-18.867439 66.016335
-18.899405 66.073814
-18.931431 66.131279
-18.963518 66.188728
-18.995668 66.246162
-19.027880 66.303581
-19.060152 66.360985
-19.092485 66.418365
-19.124880 66.475731
-19.157335 66.533081
-19.189852 66.590416
-19.222429 66.647736
-19.255068 66.705040
-19.287767 66.762329
-19.320528 66.819603
-19.353350 66.876862
-19.386232 66.934105
-19.419176 66.991333
-19.452181 67.048538
-19.485247 67.105728
-19.518373 67.162903
-19.552402 67.208763
-19.586496 67.254517
-19.620655 67.300163
-19.654877 67.345703
-19.689163 67.391136
-19.723515 67.436470
-19.757931 67.481697
-19.792410 67.526817
-19.826954 67.571831
-19.861563 67.616737
-19.896236 67.661537
-19.930975 67.706238
-19.965776 67.750832
-20.000643 67.795319
-20.035574 67.839699
-20.070570 67.883972
-20.105631 67.928139
-20.140755 67.972206
-20.175943 68.016167
-20.211197 68.060020
-20.246515 68.103767
-20.281898 68.147408
-20.317345 68.190941
-20.352856 68.234367
-20.388432 68.277695
-20.424072 68.320915
-20.459776 68.364029
-20.495544 68.407036
-20.531378 68.449936
-20.567276 68.492729
-20.603239 68.535423
-20.639265 68.578011
-20.675356 68.620491
-20.711512 68.662865
-20.747732 68.705132
-20.784018 68.747292
-20.820366 68.789352
-20.856779 68.831306
-20.893257 68.873154
-20.929800 68.914894
-20.962051 68.960007
-20.994350 69.005043
-21.026697 69.050003
-21.059090 69.094879
-21.091530 69.139679
-21.124018 69.184402
-21.156553 69.229050
-21.189135 69.273613
-21.221764 69.318100
-21.254440 69.362511
-21.287163 69.406845
-21.319933 69.451103
-21.352751 69.495277
-21.385614 69.539375
-21.418526 69.583397
-21.451485 69.627342
-21.484489 69.671204
-21.517542 69.714989
-21.550642 69.758698
-21.583790 69.802330
-21.616983 69.845886
-21.650225 69.889359
-21.683514 69.932755
-21.716848 69.976074
-21.750231 70.019318
-21.783661 70.062477
-21.817137 70.105560
-21.850660 70.148567
-21.884232 70.191498
-21.917849 70.234352
-21.951513 70.277122
-21.985226 70.319817
-22.018986 70.362434
-22.052792 70.404976
-22.086645 70.447433
-22.120546 70.489815
-22.154493 70.532120
-22.188488 70.574348
-22.222530 70.616501
-22.256618 70.658569
-22.289976 70.706032
-22.323378 70.753456
-22.356823 70.800850
-22.390312 70.848206
-22.423845 70.895531
-22.457424 70.942818
-22.491047 70.990074
-22.524714 71.037292
-22.558424 71.084480
-22.592178 71.131630
-22.625977 71.178741
-22.659819 71.225822
-22.693705 71.272865
-22.727634 71.319878
-22.761608 71.366852
-22.795626 71.413795
-22.829687 71.460701
-22.863792 71.507576
-22.897942 71.554413
-22.932135 71.601219
-22.966373 71.647987
-23.000656 71.694725
-23.034983 71.741425
-23.069353 71.788094
-23.103767 71.834724
-23.138226 71.881317
-23.172728 71.927879
-23.207273 71.974403
-23.241863 72.020897
-23.276497 72.067352
-23.311174 72.113777
-23.345896 72.160164
-23.380661 72.206520
-23.415470 72.252838
-23.450325 72.299126
-23.485224 72.345375
-23.520166 72.391594
-23.555153 72.437775
-23.590183 72.483917
-23.625257 72.530029
-23.658619 72.578163
-23.692017 72.626274
-23.725452 72.674370
-23.758924 72.722443
-23.792433 72.770500
-23.825979 72.818542
-23.859562 72.866562
-23.893183 72.914566
-23.926840 72.962547
-23.960533 73.010513
-23.994265 73.058464
-24.028032 73.106392
-24.061838 73.154305
-24.095680 73.202194
-24.129559 73.250069
-24.163475 73.297928
-24.197428 73.345764
-24.231419 73.393585
-24.265446 73.441383
-24.299509 73.489166
-24.333611 73.536934
-24.367748 73.584679
-24.401922 73.632408
-24.436134 73.680115
-24.470383 73.727806
-24.504669 73.775482
-24.538992 73.823135
-24.573351 73.870773
-24.607748 73.918388
-24.642181 73.965988
-24.676653 74.013573
-24.711161 74.061134
-24.745705 74.108681
-24.780287 74.156204
-24.814905 74.203712
-24.849562 74.251205
-24.884254 74.298676
-24.918983 74.346130
-24.953751 74.393562
-24.988554 74.440979
-25.021788 74.486031
-25.055052 74.531052
-25.088348 74.576035
-25.121675 74.620979
-25.155033 74.665886
-25.188421 74.710754
-25.221840 74.755585
-25.255289 74.800385
-25.288769 74.845146
-25.322279 74.889870
-25.355820 74.934555
-25.389391 74.979202
-25.422993 75.023811
-25.456625 75.068390
-25.490288 75.112930
-25.523981 75.157433
-25.557705 75.201897
-25.591459 75.246323
-25.625244 75.290710
-25.659060 75.335068
-25.692905 75.379387
-25.726782 75.423668
-25.760689 75.467911
-25.794626 75.512115
-25.828594 75.556282
-25.862595 75.600418
-25.896626 75.644516
-25.930687 75.688576
-25.964779 75.732597
-25.998901 75.776581
-26.033054 75.820526
-26.067238 75.864441
-26.101452 75.908318
-26.135696 75.952156
-26.169971 75.995956
-26.204277 76.039719
-26.238613 76.083443
-26.272980 76.127136
-26.307377 76.170792
-26.341805 76.214409
-26.343971 76.260460
-26.346041 76.306488
-26.348013 76.352501
-26.349886 76.398499
-26.351662 76.444481
-26.353338 76.490440
-26.354918 76.536385
-26.356398 76.582314
-26.357780 76.628227
-26.359066 76.674118
-26.360252 76.719994
-26.361341 76.765854
-26.362331 76.811699
-26.363224 76.857521
-26.364019 76.903328
-26.364716 76.949120
-26.365314 76.994888
-26.365814 77.040642
-26.366217 77.086380
-26.366522 77.132103
-26.366728 77.177803
-26.366837 77.223488
-26.366846 77.269157
-26.366758 77.314812
-26.366573 77.360443
-26.366289 77.406059
-26.365908 77.451660
-26.365427 77.497246
-26.364849 77.542809
-26.364174 77.588356
-26.363400 77.633888
-26.362528 77.679398
-26.361557 77.724892
-26.360489 77.770370
-26.359324 77.815834
-26.358059 77.861275
-26.356697 77.906700
-26.355236 77.952110
-26.353678 77.997505
-26.352020 78.042877
-26.338896 78.081383
-26.325628 78.119812
-26.312216 78.158173
-26.298660 78.196457
-26.284962 78.234673
-26.271120 78.272820
-26.257135 78.310890
-26.243008 78.348892
-26.228735 78.386818
-26.214319 78.424675
-26.199760 78.462463
-26.185059 78.500175
-26.170214 78.537819
-26.155226 78.575386
-26.140095 78.612885
-26.124819 78.650314
-26.109400 78.687668
-26.093838 78.724953
-26.078133 78.762161
-26.062284 78.799301
-26.046293 78.836372
-26.030157 78.873367
-26.013878 78.910294
-25.997456 78.947144
-25.980890 78.983925
-25.964182 79.020638
-25.947330 79.057274
-25.930336 79.093842
-25.913197 79.130333
-25.895914 79.166756
-25.878489 79.203110
-25.860920 79.239388
-25.843208 79.275597
-25.825354 79.311729
-25.807354 79.347794
-25.789211 79.383789
-25.770926 79.419708
-25.752497 79.455559
-25.733925 79.491333
-25.715210 79.527039
-25.695185 79.571304
-25.675011 79.615570
-25.654688 79.659828
-25.634218 79.704086
-25.613600 79.748337
-25.592834 79.792587
-25.571920 79.836830
-25.550858 79.881073
-25.529648 79.925316
-25.508289 79.969551
-25.486784 80.013786
-25.465130 80.058014
-25.443327 80.102242
-25.421377 80.146469
-25.399279 80.190689
-25.377033 80.234909
-25.354639 80.279121
-25.332096 80.323334
-25.309406 80.367538
-25.286568 80.411743
-25.263582 80.455948
-25.240448 80.500145
-25.217165 80.544342
-25.193735 80.588531
-25.170156 80.632721
-25.146431 80.676903
-25.122557 80.721085
-25.098536 80.765266
-25.074366 80.809441
-25.050047 80.853615
-25.025581 80.897781
-25.000967 80.941948
-24.976206 80.986115
-24.951296 81.030273
-24.926237 81.074432
-24.901031 81.118584
-24.875677 81.162735
-24.850176 81.206879
-24.824526 81.251022
-24.798727 81.295166
-24.788292 81.328278
-24.777771 81.361298
-24.767164 81.394226
-24.756472 81.427063
-24.745693 81.459816
-24.734827 81.492477
-24.723875 81.525047
-24.712837 81.557526
-24.701714 81.589912
-24.690504 81.622208
-24.679207 81.654411
-24.667824 81.686523
-24.656355 81.718544
-24.644800 81.750481
-24.633160 81.782326
-24.621433 81.814079
-24.609619 81.845741
-24.597719 81.877312
-24.585733 81.908791
-24.573662 81.940178
-24.561504 81.971474
-24.549259 82.002678
-24.536928 82.033798
-24.524511 82.064827
-24.512009 82.095764
-24.499420 82.126610
-24.486744 82.157364
-24.473982 82.188026
-24.461134 82.218597
-24.448200 82.249077
-24.435181 82.279465
-24.422073 82.309769
-24.408880 82.339981
-24.395601 82.370102
-24.382236 82.400131
-24.368786 82.430069
-24.355247 82.459915
-24.341623 82.489670
-24.327913 82.519333
-24.314117 82.548904
-24.310488 82.576927
-24.306814 82.604851
-24.303095 82.632668
-24.299330 82.660385
-24.295519 82.687996
-24.291664 82.715508
-24.287764 82.742920
-24.283817 82.770226
-24.279825 82.797432
-24.275787 82.824532
-24.271706 82.851532
-24.267578 82.878433
-24.263405 82.905228
-24.259186 82.931923
-24.254923 82.958511
-24.250614 82.985001
-24.246260 83.011383
-24.241859 83.037666
-24.237413 83.063850
-24.232924 83.089928
-24.228388 83.115906
-24.223806 83.141777
-24.219179 83.167549
-24.214508 83.193222
-24.209791 83.218788
-24.205029 83.244255
-24.200220 83.269615
-24.195366 83.294876
-24.190468 83.320038
-24.185524 83.345093
-24.180534 83.370049
-24.175499 83.394897
-24.170420 83.419647
-24.165295 83.444298
-24.160124 83.468842
-24.154907 83.493286
-24.149645 83.517624
-24.144339 83.541862
-24.138987 83.565994
-24.133589 83.590027
-24.124821 83.623154
-24.115993 83.656250
-24.107107 83.689323
-24.098164 83.722366
-24.089161 83.755379
-24.080099 83.788361
-24.070978 83.821312
-24.061800 83.854233
-24.052563 83.887131
-24.043266 83.919998
-24.033911 83.952835
-24.024498 83.985641
-24.015026 84.018417
-24.005495 84.051163
-23.995907 84.083885
-23.986259 84.116577
-23.976553 84.149239
-23.966787 84.181870
-23.956964 84.214470
-23.947083 84.247040
-23.937141 84.279579
-23.927141 84.312096
-23.917084 84.344582
-23.906967 84.377037
-23.896791 84.409462
-23.886559 84.441856
-23.876266 84.474220
-23.865915 84.506561
-23.855505 84.538872
-23.845037 84.571152
-23.834511 84.603401
-23.823925 84.635620
-23.813282 84.667809
-23.802580 84.699974
-23.791819 84.732109
-23.780998 84.764214
-23.770121 84.796288
-23.759184 84.828331
-23.748188 84.860344
-23.737133 84.892334
-23.726046 84.924728
-23.714899 84.957100
-23.703695 84.989449
-23.692432 85.021767
-23.681110 85.054062
-23.669731 85.086334
-23.658293 85.118576
-23.646795 85.150795
-23.635241 85.182983
-23.623627 85.215149
-23.611954 85.247292
-23.600224 85.279404
-23.588434 85.311493
-23.576586 85.343552
-23.564680 85.375587
-23.552715 85.407600
-23.540691 85.439583
-23.528610 85.471542
-23.516470 85.503479
-23.504271 85.535385
-23.492012 85.567268
-23.479696 85.599121
-23.467321 85.630951
-23.454887 85.662758
-23.442396 85.694534
-23.429846 85.726288
-23.417236 85.758018
-23.404570 85.789719
-23.391844 85.821396
-23.379059 85.853043
-23.366217 85.884666
-23.353315 85.916267
-23.340355 85.947838
-23.327337 85.979385
-23.314260 86.010902
-23.301125 86.042397
-23.287931 86.073868
-23.274679 86.105309
-23.261368 86.136726
-23.247999 86.168121
-23.234421 86.197182
-23.220783 86.226196
-23.207087 86.255165
-23.193331 86.284096
-23.179516 86.312981
-23.165642 86.341820
-23.151709 86.370613
-23.137716 86.399368
-23.123665 86.428078
-23.109554 86.456741
-23.095385 86.485359
-23.081156 86.513931
-23.066868 86.542465
-23.052521 86.570953
-23.038115 86.599396
-23.023649 86.627792
-23.009125 86.656143
-22.994541 86.684456
-22.979898 86.712723
-22.965197 86.740944
-22.950436 86.769119
-22.935616 86.797256
-22.920736 86.825348
-22.905798 86.853394
-22.890800 86.881393
-22.875744 86.909348
-22.860628 86.937263
-22.845455 86.965134
-22.830223 86.992958
-22.814932 87.020737
-22.799582 87.048477
-22.784172 87.076172
-22.768703 87.103821
-22.753176 87.131424
-22.737589 87.158981
-22.721943 87.186501
-22.706238 87.213974
-22.690474 87.241402
-22.674650 87.268784
-22.658768 87.296127
-22.651836 87.326408
-22.644882 87.356667
-22.637905 87.386909
-22.630905 87.417130
-22.623880 87.447327
-22.616833 87.477509
-22.609762 87.507668
-22.602669 87.537804
-22.595552 87.567924
-22.588413 87.598022
-22.581249 87.628098
-22.574062 87.658157
-22.566853 87.688194
-22.559620 87.718208
-22.552364 87.748207
-22.545086 87.778183
-22.537783 87.808136
-22.530457 87.838074
-22.523108 87.867989
-22.515736 87.897881
-22.508341 87.927757
-22.500923 87.957611
-22.493481 87.987442
-22.486015 88.017258
-22.478527 88.047050
-22.471016 88.076820
-22.463482 88.106575
-22.455925 88.136307
-22.448343 88.166016
-22.440739 88.195709
-22.433111 88.225380
-22.425461 88.255028
-22.417788 88.284660
-22.410091 88.314270
-22.402370 88.343857
-22.394627 88.373428
-22.386860 88.402977
-22.379070 88.432503
-22.371258 88.462013
-22.363422 88.491501
-22.354370 88.521523
-22.345291 88.551529
-22.336184 88.581520
-22.327047 88.611496
-22.317884 88.641449
-22.308693 88.671387
-22.299473 88.701309
-22.290226 88.731216
-22.280951 88.761108
-22.271648 88.790985
-22.262318 88.820847
-22.252958 88.850693
-22.243572 88.880524
-22.234158 88.910339
-22.224714 88.940140
-22.215244 88.969917
-22.205746 88.999680
-22.196218 89.029427
-22.186665 89.059158
-22.177082 89.088875
-22.167471 89.118576
-22.157833 89.148262
-22.148167 89.177933
-22.138472 89.207588
-22.128750 89.237228
-22.118999 89.266846
-22.109221 89.296448
-22.099415 89.326035
-22.089581 89.355606
-22.079718 89.385162
-22.069828 89.414703
-22.059910 89.444229
-22.049963 89.473740
-22.039989 89.503235
-22.029987 89.532715
-22.019958 89.562172
-22.009901 89.591614
-21.999815 89.621040
-21.989702 89.650452
-21.979561 89.679848
-21.970558 89.710953
-21.961533 89.742058
-21.952484 89.773163
-21.943413 89.804260
-21.934317 89.835358
-21.925198 89.866455
-21.916056 89.897545
-21.906891 89.928635
-21.897701 89.959724
-21.888489 89.990814
-21.879253 90.021896
-21.869995 90.052979
-21.860714 90.084061
-21.851408 90.115135
-21.842079 90.146210
-21.832727 90.177284
-21.823353 90.208351
-21.813953 90.239418
-21.804531 90.270485
-21.795086 90.301552
-21.785618 90.332611
-21.776127 90.363670
-21.766611 90.394730
-21.757072 90.425781
-21.747511 90.456833
-21.737926 90.487885
-21.728319 90.518929
-21.718687 90.549973
-21.709032 90.581017
-21.699354 90.612061
-21.689653 90.643097
-21.679928 90.674133
-21.670179 90.705170
-21.660408 90.736198
-21.650614 90.767227
-21.640797 90.798256
-21.630955 90.829277
-21.621090 90.860298
-21.611202 90.891319
-21.601292 90.922333
-21.592047 90.951950
-21.582783 90.981552
-21.573498 91.011139
-21.564192 91.040718
-21.554865 91.070282
-21.545519 91.099831
-21.536152 91.129364
-21.526764 91.158890
-21.517355 91.188400
-21.507925 91.217896
-21.498476 91.247375
-21.489006 91.276848
-21.479515 91.306305
-21.470003 91.335747
-21.460472 91.365173
-21.450920 91.394592
-21.441347 91.423996
-21.431753 91.453384
-21.422138 91.482758
-21.412504 91.512123
-21.402849 91.541473
-21.393173 91.570808
-21.383476 91.600128
-21.373760 91.629433
-21.364023 91.658730
-21.354265 91.688011
-21.344486 91.717278
-21.334688 91.746529
-21.324869 91.775772
-21.315029 91.805000
-21.305168 91.834213
-21.295286 91.863411
-21.285385 91.892601
-21.275463 91.921776
-21.265520 91.950935
-21.255556 91.980080
-21.245573 92.009216
-21.235569 92.038338
-21.225544 92.067444
-21.215498 92.096535
-21.210615 92.126373
-21.205732 92.156204
-21.200850 92.186028
-21.195967 92.215843
-21.191084 92.245651
-21.186201 92.275452
-21.181318 92.305244
-21.176435 92.335030
-21.171553 92.364807
-21.166670 92.394577
-21.161787 92.424339
-21.156904 92.454094
-21.152023 92.483841
-21.147142 92.513580
-21.142262 92.543312
-21.137381 92.573036
-21.132500 92.602753
-21.127619 92.632462
-21.122738 92.662163
-21.117857 92.691856
-21.112976 92.721542
-21.108095 92.751221
-21.103214 92.780891
-21.098333 92.810555
-21.093452 92.840210
-21.088572 92.869858
-21.083691 92.899498
-21.078810 92.929138
-21.073929 92.958771
-21.069048 92.988396
-21.064167 93.018013
-21.059288 93.047623
-21.054409 93.077225
-21.049530 93.106819
-21.044651 93.136406
-21.039772 93.165985
-21.034893 93.195557
-21.030014 93.225121
-21.025135 93.254677
-21.020256 93.284225
-21.020134 93.312477
-21.020031 93.340714
-21.019947 93.368935
-21.019882 93.397141
-21.019836 93.425323
-21.019810 93.453491
-21.019802 93.481644
-21.019814 93.509773
-21.019844 93.537888
-21.019894 93.565987
-21.019962 93.594063
-21.020050 93.622124
-21.020157 93.650169
-21.020283 93.678192
-21.020428 93.706200
-21.020592 93.734192
-21.020775 93.762169
-21.020977 93.790123
-21.021198 93.818062
-21.021439 93.845985
-21.021698 93.873886
-21.021976 93.901772
-21.022272 93.929642
-21.022587 93.957489
-21.022921 93.985321
-21.023273 94.013138
-21.023645 94.040932
-21.024036 94.068710
-21.024446 94.096474
-21.024876 94.124222
-21.025324 94.151947
-21.025791 94.179657
-21.026278 94.207352
-21.026783 94.235023
-21.027308 94.262680
-21.027851 94.290321
-21.028414 94.317940
-21.028996 94.345543
-21.029596 94.373131
-21.030216 94.400696
-21.029474 94.425110
-21.028748 94.449478
-21.028034 94.473808
-21.027334 94.498093
-21.026648 94.522339
-21.025974 94.546539
-21.025314 94.570702
-21.024668 94.594818
-21.024035 94.618889
-21.023415 94.642921
-21.022810 94.666908
-21.022219 94.690857
-21.021641 94.714760
-21.021076 94.738625
-21.020525 94.762444
-21.019987 94.786217
-21.019463 94.809952
-21.018951 94.833641
-21.018454 94.857292
-21.017969 94.880898
-21.017500 94.904465
-21.017044 94.927986
-21.016602 94.951462
-21.016172 94.974899
-21.015757 94.998291
-21.015354 95.021645
-21.014965 95.044952
-21.014589 95.068222
-21.014227 95.091446
-21.013880 95.114624
-21.013546 95.137764
-21.013226 95.160858
-21.012918 95.183914
-21.012625 95.206924
-21.012344 95.229897
-21.012077 95.252823
-21.011824 95.275703
-21.011583 95.298546
-21.011356 95.321342
-21.011145 95.344101
-21.012741 95.368301
-21.014357 95.392471
-21.015993 95.416611
-21.017651 95.440720
-21.019329 95.464798
-21.021029 95.488846
-21.022749 95.512863
-21.024490 95.536850
-21.026251 95.560806
-21.028032 95.584732
-21.029835 95.608627
-21.031658 95.632492
-21.033503 95.656326
-21.035368 95.680130
-21.037254 95.703903
-21.039160 95.727646
-21.041086 95.751358
-21.043034 95.775040
-21.045002 95.798691
-21.046991 95.822311
-21.049002 95.845901
-21.051031 95.869461
-21.053082 95.892982
-21.055153 95.916473
-21.057245 95.939934
-21.059359 95.963364
-21.061493 95.986763
-21.063648 96.010132
-21.065823 96.033470
-21.068018 96.056778
-21.070234 96.080055
-21.072472 96.103302
-21.074730 96.126518
-21.077009 96.149704
-21.079309 96.172859
-21.081629 96.195984
-21.083969 96.219078
-21.086330 96.242142
-21.088713 96.265175
-21.091116 96.288177
-21.094757 96.309540
-21.098423 96.330856
-21.102116 96.352127
-21.105833 96.373360
-21.109577 96.394547
-21.113346 96.415688
-21.117140 96.436783
-21.120960 96.457840
-21.124805 96.478851
-21.128675 96.499817
-21.132572 96.520744
-21.136494 96.541626
-21.140442 96.562462
-21.144415 96.583260
-21.148413 96.604012
-21.152437 96.624718
-21.156487 96.645378
-21.160563 96.666000
-21.164663 96.686577
-21.168789 96.707108
-21.172941 96.727600
-21.177118 96.748047
-21.181322 96.768448
-21.185551 96.788811
-21.189804 96.809128
-21.194084 96.829399
-21.198389 96.849625
-21.202721 96.869812
-21.207077 96.889954
-21.211458 96.910049
-21.215866 96.930107
-21.220299 96.950119
-21.224758 96.970085
-21.229242 96.990013
-21.233751 97.009895
-21.238287 97.029732
-21.242847 97.049522
-21.247435 97.069275
-21.252047 97.088982
-21.256683 97.108643
-21.261045 97.132820
-21.265432 97.156990
-21.269842 97.181160
-21.274277 97.205322
-21.278736 97.229477
-21.283220 97.253624
-21.287727 97.277763
-21.292259 97.301895
-21.296816 97.326019
-21.301397 97.350136
-21.306002 97.374245
-21.310631 97.398346
-21.315285 97.422440
-21.319963 97.446526
-21.324667 97.470604
-21.329393 97.494675
-21.334145 97.518738
-21.338921 97.542793
-21.343721 97.566841
-21.348545 97.590881
-21.353394 97.614914
-21.358267 97.638939
-21.363165 97.662956
-21.368086 97.686966
-21.373032 97.710968
-21.378002 97.734970
-21.382998 97.758965
-21.388018 97.782951
-21.393061 97.806931
-21.398129 97.830902
-21.403221 97.854866
-21.408339 97.878822
-21.413479 97.902771
-21.418644 97.926712
-21.423834 97.950645
-21.429049 97.974571
-21.434286 97.998489
-21.439548 98.022400
-21.444836 98.046303
-21.450148 98.070198
-21.450262 98.088165
-21.450380 98.106079
-21.450502 98.123940
-21.450628 98.141747
-21.450758 98.159492
-21.450891 98.177185
-21.451027 98.194824
-21.451166 98.212410
-21.451309 98.229942
-21.451456 98.247421
-21.451607 98.264847
-21.451761 98.282219
-21.451920 98.299538
-21.452080 98.316795
-21.452244 98.334000
-21.452412 98.351151
-21.452583 98.368248
-21.452759 98.385292
-21.452938 98.402283
-21.453121 98.419220
-21.453306 98.436104
-21.453495 98.452934
-21.453688 98.469704
-21.453884 98.486420
-21.454084 98.503082
-21.454288 98.519691
-21.454496 98.536247
-21.454708 98.552750
-21.454922 98.569199
-21.455139 98.585594
-21.455360 98.601929
-21.455585 98.618210
-21.455814 98.634438
-21.456047 98.650612
-21.456284 98.666733
-21.456522 98.682800
-21.456764 98.698814
-21.457010 98.714775
-21.457260 98.730682
-21.457514 98.746529
-21.463444 98.764427
-21.469400 98.782288
-21.475382 98.800110
-21.481390 98.817894
-21.487425 98.835640
-21.493484 98.853348
-21.499571 98.871025
-21.505684 98.888664
-21.511822 98.906265
-21.517986 98.923828
-21.524178 98.941353
-21.530396 98.958839
-21.536638 98.976288
-21.542908 98.993698
-21.549204 99.011070
-21.555525 99.028404
-21.561872 99.045700
-21.568247 99.062958
-21.574648 99.080177
-21.581074 99.097359
-21.587526 99.114510
-21.594006 99.131622
-21.600510 99.148697
-21.607040 99.165733
-21.613598 99.182732
-21.620182 99.199692
-21.626791 99.216614
-21.633427 99.233498
-21.640089 99.250343
-21.646776 99.267151
-21.653490 99.283920
-21.660231 99.300652
-21.666998 99.317345
-21.673790 99.334000
-21.680609 99.350624
-21.687454 99.367210
-21.694324 99.383759
-21.701221 99.400269
-21.708145 99.416740
-21.715096 99.433174
-21.716387 99.454041
-21.717680 99.474907
-21.718977 99.495773
-21.720278 99.516632
-21.721582 99.537491
-21.722891 99.558350
-21.724203 99.579208
-21.725517 99.600060
-21.726835 99.620911
-21.728157 99.641762
-21.729483 99.662605
-21.730812 99.683449
-21.732145 99.704292
-21.733480 99.725136
-21.734819 99.745972
-21.736162 99.766808
-21.737509 99.787643
-21.738859 99.808479
-21.740213 99.829308
-21.741570 99.850136
-21.742929 99.870964
-21.744293 99.891785
-21.745661 99.912605
-21.747032 99.933426
-21.748407 99.954247
-21.749784 99.975060
-21.751165 99.995872
-21.752550 100.016685
-21.753939 100.037498
-21.755331 100.058304
-21.756727 100.079109
-21.758125 100.099915
-21.759527 100.120712
-21.760933 100.141510
-21.762342 100.162308
-21.763756 100.183105
-21.765173 100.203896
-21.766592 100.224686
-21.768015 100.245476
-21.769442 100.266266
-21.773144 100.282364
-21.776857 100.298424
-21.780584 100.314445
-21.784325 100.330421
-21.788076 100.346359
-21.791842 100.362259
-21.795618 100.378120
-21.799408 100.393944
-21.803211 100.409729
-21.807026 100.425476
-21.810854 100.441177
-21.814693 100.456841
-21.818546 100.472466
-21.822411 100.488052
-21.826288 100.503601
-21.830179 100.519112
-21.834082 100.534576
-21.837997 100.550003
-21.841925 100.565392
-21.845865 100.580742
-21.849819 100.596054
-21.853785 100.611328
-21.857763 100.626564
-21.861753 100.641754
-21.865757 100.656906
-21.869772 100.672020
-21.873800 100.687096
-21.877842 100.702133
-21.881895 100.717133
-21.885962 100.732086
-21.890039 100.747002
-21.894131 100.761879
-21.898233 100.776718
-21.902349 100.791519
-21.906479 100.806282
-21.910620 100.821007
-21.914774 100.835686
-21.918940 100.850327
-21.923119 100.864929
-21.927311 100.879494
-21.932770 100.892014
-21.938246 100.904480
-21.943739 100.916893
-21.949251 100.929253
-21.954781 100.941551
-21.960327 100.953796
-21.965891 100.965988
-21.971472 100.978127
-21.977072 100.990204
-21.982689 101.002228
-21.988323 101.014198
-21.993975 101.026115
-21.999643 101.037971
-22.005331 101.049774
-22.011036 101.061523
-22.016758 101.073219
-22.022497 101.084854
-22.028254 101.096436
-22.034029 101.107964
-22.039822 101.119438
-22.045631 101.130859
-22.051458 101.142220
-22.057302 101.153526
-22.063166 101.164780
-22.069046 101.175980
-22.074944 101.187119
-22.080858 101.198204
-22.086792 101.209236
-22.092743 101.220215
-22.098711 101.231133
-22.104696 101.241997
-22.110699 101.252808
-22.116720 101.263565
-22.122759 101.274261
-22.128815 101.284904
-22.134888 101.295494
-22.140978 101.306030
-22.147087 101.316513
-22.153214 101.326935
-22.159357 101.337303
-22.167614 101.350517
-22.175898 101.363693
-22.184206 101.376839
-22.192541 101.389954
-22.200901 101.403038
-22.209288 101.416092
-22.217699 101.429108
-22.226137 101.442093
-22.234602 101.455048
-22.243092 101.467972
-22.251608 101.480858
-22.260149 101.493713
-22.268717 101.506538
-22.277309 101.519333
-22.285929 101.532097
-22.294575 101.544823
-22.303246 101.557518
-22.311943 101.570183
-22.320665 101.582817
-22.329414 101.595413
-22.338190 101.607979
-22.346991 101.620514
-22.355818 101.633018
-22.364670 101.645493
-22.373549 101.657928
-22.382452 101.670334
-22.391382 101.682709
-22.400339 101.695053
-22.409321 101.707367
-22.418329 101.719643
-22.427362 101.731888
-22.436422 101.744102
-22.445507 101.756287
-22.454618 101.768433
-22.463757 101.780548
-22.472919 101.792633
-22.482109 101.804688
-22.491323 101.816711
-22.500565 101.828697
-22.509832 101.840652
-22.521358 101.848961
-22.532921 101.857208
-22.544518 101.865395
-22.556149 101.873520
-22.567814 101.881584
-22.579515 101.889587
-22.591251 101.897530
-22.603022 101.905411
-22.614826 101.913231
-22.626667 101.920990
-22.638542 101.928688
-22.650452 101.936325
-22.662395 101.943901
-22.674374 101.951416
-22.686388 101.958870
-22.698437 101.966263
-22.710520 101.973595
-22.722637 101.980865
-22.734791 101.988075
-22.746979 101.995224
-22.759201 102.002312
-22.771458 102.009338
-22.783751 102.016304
-22.796078 102.023209
-22.808439 102.030052
-22.820835 102.036835
-22.833267 102.043556
-22.845734 102.050217
-22.858234 102.056816
-22.870770 102.063354
-22.883341 102.069832
-22.895947 102.076248
-22.908587 102.082603
-22.921261 102.088898
-22.933971 102.095131
-22.946716 102.101303
-22.959496 102.107422
-22.972309 102.113480
-22.985159 102.119476
-22.998043 102.125412
-23.016823 102.125801
-23.035660 102.126083
-23.054556 102.126266
-23.073509 102.126343
-23.092522 102.126312
-23.111591 102.126183
-23.130720 102.125946
-23.149906 102.125603
-23.169151 102.125160
-23.188454 102.124611
-23.207815 102.123955
-23.227234 102.123199
-23.246712 102.122337
-23.266247 102.121368
-23.285841 102.120300
-23.305492 102.119125
-23.325203 102.117844
-23.344971 102.116463
-23.364798 102.114975
-23.384682 102.113380
-23.404625 102.111679
-23.424625 102.109879
-23.444685 102.107971
-23.464802 102.105957
-23.484978 102.103844
-23.505211 102.101624
-23.525503 102.099297
-23.545853 102.096870
-23.566261 102.094337
-23.586727 102.091698
-23.607252 102.088959
-23.627834 102.086113
-23.648474 102.083160
-23.669172 102.080109
-23.689928 102.076950
-23.710743 102.073685
-23.731615 102.070320
-23.752546 102.066849
-23.773535 102.063271
-23.794582 102.059593
-23.815048 102.060997
-23.835569 102.062340
-23.856146 102.063622
-23.876778 102.064835
-23.897465 102.065987
-23.918209 102.067078
-23.939009 102.068108
-23.959864 102.069069
-23.980774 102.069969
-24.001740 102.070808
-24.022760 102.071579
-24.043837 102.072289
-24.064970 102.072937
-24.086159 102.073524
-24.107403 102.074043
-24.128702 102.074501
-24.150057 102.074898
-24.171467 102.075226
-24.192934 102.075493
-24.214457 102.075699
-24.236034 102.075844
-24.257668 102.075920
-24.279356 102.075935
-24.301100 102.075890
-24.322899 102.075775
-24.344755 102.075600
-24.366667 102.075363
-24.388634 102.075066
-24.410656 102.074699
-24.432734 102.074272
-24.454866 102.073784
-24.477055 102.073227
-24.499300 102.072609
-24.521601 102.071930
-24.543957 102.071190
-24.566368 102.070381
-24.588835 102.069511
-24.611357 102.068581
-24.633936 102.067581
-24.656570 102.066521
-24.678858 102.065498
-24.701200 102.064415
-24.723597 102.063271
-24.746046 102.062065
-24.768551 102.060791
-24.791109 102.059456
-24.813721 102.058060
-24.836386 102.056602
-24.859106 102.055084
-24.881880 102.053497
-24.904707 102.051849
-24.927589 102.050140
-24.950525 102.048370
-24.973515 102.046539
-24.996559 102.044647
-25.019657 102.042686
-25.042809 102.040665
-25.066015 102.038582
-25.089275 102.036438
-25.112589 102.034233
-25.135958 102.031967
-25.159380 102.029633
-25.182856 102.027237
-25.206385 102.024780
-25.229969 102.022263
-25.253607 102.019684
-25.277298 102.017036
-25.301044 102.014328
-25.324844 102.011559
-25.348698 102.008728
-25.372606 102.005836
-25.396568 102.002884
-25.420584 101.999863
-25.444654 101.996780
-25.468779 101.993637
-25.492956 101.990433
-25.517189 101.987167
-25.541475 101.983833
-25.565815 101.980438
-25.590208 101.976982
-25.613777 101.970413
-25.637398 101.963760
-25.661068 101.957024
-25.684790 101.950195
-25.708561 101.943283
-25.732384 101.936287
-25.756256 101.929199
-25.780178 101.922028
-25.804152 101.914764
-25.828175 101.907417
-25.852249 101.899986
-25.876373 101.892464
-25.900549 101.884857
-25.924774 101.877167
-25.949051 101.869385
-25.973377 101.861519
-25.997755 101.853569
-26.022182 101.845528
-26.046661 101.837402
-26.071190 101.829193
-26.095770 101.820892
-26.120399 101.812508
-26.145081 101.804039
-26.169811 101.795479
-26.194593 101.786835
-26.219425 101.778107
-26.244308 101.769287
-26.269241 101.760384
-26.294224 101.751389
-26.319258 101.742310
-26.344341 101.733147
-26.369476 101.723892
-26.394661 101.714554
-26.419897 101.705132
-26.445183 101.695618
-26.470520 101.686020
-26.495907 101.676338
-26.521345 101.666565
-26.546833 101.656708
-26.572372 101.646767
-26.592829 101.634811
-26.613316 101.622749
-26.633833 101.610588
-26.654379 101.598320
-26.674955 101.585953
-26.695562 101.573486
-26.716200 101.560913
-26.736866 101.548241
-26.757563 101.535469
-26.778290 101.522591
-26.799047 101.509613
-26.819834 101.496536
-26.840651 101.483353
-26.861498 101.470070
-26.882376 101.456688
-26.903282 101.443199
-26.924219 101.429611
-26.945187 101.415924
-26.966185 101.402130
-26.987211 101.388237
-27.008268 101.374237
-27.029356 101.360138
-27.050474 101.345940
-27.071621 101.331635
-27.092798 101.317230
-27.114006 101.302727
-27.135244 101.288116
-27.156511 101.273407
-27.177809 101.258598
-27.199137 101.243683
-27.220495 101.228668
-27.241882 101.213554
-27.263300 101.198334
-27.284748 101.183014
-27.306227 101.167587
-27.327734 101.152061
-27.349272 101.136436
-27.370840 101.120705
-27.392439 101.104874
-27.414068 101.088943
-27.458506 101.086983
-27.503063 101.085030
-27.547741 101.083092
-27.592541 101.081161
-27.637461 101.079239
-27.682501 101.077324
-27.727663 101.075424
-27.772945 101.073532
-27.818348 101.071648
-27.863873 101.069778
-27.909517 101.067917
-27.955282 101.066063
-28.001169 101.064217
-28.047176 101.062386
-28.093304 101.060562
-28.139553 101.058746
-28.185923 101.056946
-28.232412 101.055153
-28.279024 101.053368
-28.325756 101.051590
-28.372608 101.049828
-28.419582 101.048073
-28.466677 101.046326
-28.513891 101.044594
-28.561228 101.042870
-28.608685 101.041153
-28.656261 101.039444
-28.703960 101.037750
-28.751780 101.036064
-28.799719 101.034386
-28.847780 101.032722
-28.895962 101.031067
-28.944263 101.029419
-28.992687 101.027779
-29.041231 101.026154
-29.089895 101.024536
-29.138681 101.022926
-29.187588 101.021332
-29.236614 101.019745
-29.285763 101.018166
-29.293516 101.001892
-29.301226 100.985512
-29.308889 100.969025
-29.316509 100.952431
-29.324083 100.935730
-29.331614 100.918922
-29.339100 100.902008
-29.346540 100.884987
-29.353937 100.867859
-29.361290 100.850624
-29.368597 100.833282
-29.375860 100.815834
-29.383078 100.798279
-29.390251 100.780617
-29.397381 100.762848
-29.404465 100.744972
-29.411505 100.726990
-29.418499 100.708900
-29.425449 100.690704
-29.432356 100.672401
-29.439217 100.653992
-29.446033 100.635475
-29.452806 100.616852
-29.459534 100.598122
-29.466217 100.579285
-29.472855 100.560341
-29.479448 100.541290
-29.485998 100.522133
-29.492502 100.502869
-29.498962 100.483498
-29.505377 100.464020
-29.511747 100.444435
-29.518074 100.424744
-29.524355 100.404945
-29.530592 100.385040
-29.536785 100.365028
-29.542933 100.344910
-29.549036 100.324684
-29.555094 100.304352
-29.561108 100.283913
-29.550713 100.269753
-29.540207 100.255539
-29.529591 100.241264
-29.518866 100.226936
-29.508030 100.212555
-29.497086 100.198112
-29.486031 100.183617
-29.474867 100.169060
-29.463593 100.154449
-29.452208 100.139786
-29.440714 100.125061
-29.429110 100.110283
-29.417397 100.095451
-29.405573 100.080559
-29.393641 100.065613
-29.381598 100.050606
-29.369446 100.035545
-29.357183 100.020432
-29.344810 100.005257
-29.332329 99.990028
-29.319736 99.974747
-29.307035 99.959404
-29.294224 99.944008
-29.281303 99.928558
-29.268272 99.913048
-29.255131 99.897484
-29.241880 99.881859
-29.228519 99.866180
-29.215050 99.850449
-29.201469 99.834656
-29.187780 99.818810
-29.173981 99.802910
-29.160070 99.786949
-29.146051 99.770935
-29.131922 99.754868
-29.117683 99.738739
-29.103334 99.722557
-29.088877 99.706314
-29.074308 99.690018
-29.059629 99.673668
-29.050928 99.658913
-29.042141 99.644112
-29.033268 99.629265
-29.024311 99.614380
-29.015268 99.599449
-29.006140 99.584473
-28.996925 99.569458
-28.987625 99.554398
-28.978239 99.539291
-28.968767 99.524147
-28.959211 99.508957
-28.949570 99.493729
-28.939842 99.478455
-28.930029 99.463135
-28.920130 99.447777
-28.910145 99.432373
-28.900074 99.416924
-28.889919 99.401436
-28.879679 99.385902
-28.869352 99.370323
-28.858940 99.354706
-28.848442 99.339043
-28.837858 99.323334
-28.827188 99.307587
-28.816435 99.291794
-28.805595 99.275955
-28.794670 99.260078
-28.783659 99.244156
-28.772562 99.228188
-28.761379 99.212181
-28.750113 99.196129
-28.738760 99.180038
-28.727322 99.163902
-28.715797 99.147720
-28.704187 99.131500
-28.692492 99.115234
-28.680710 99.098923
-28.668844 99.082573
-28.656893 99.066177
-28.644855 99.049736
-28.643425 99.026840
-28.641951 99.003853
-28.640434 98.980766
-28.638874 98.957588
-28.637272 98.934319
-28.635626 98.910950
-28.633938 98.887489
-28.632206 98.863937
-28.630432 98.840294
-28.628614 98.816551
-28.626755 98.792717
-28.624851 98.768791
-28.622906 98.744766
-28.620916 98.720650
-28.618885 98.696442
-28.616810 98.672134
-28.614693 98.647736
-28.612532 98.623245
-28.610329 98.598656
-28.608082 98.573975
-28.605793 98.549202
-28.603460 98.524330
-28.601086 98.499367
-28.598667 98.474312
-28.596207 98.449158
-28.593702 98.423912
-28.591156 98.398575
-28.588566 98.373138
-28.585932 98.347610
-28.583256 98.321991
-28.580536 98.296272
-28.577774 98.270462
-28.574968 98.244560
-28.572121 98.218559
-28.569229 98.192467
-28.566296 98.166283
-28.563318 98.140007
-28.560299 98.113632
-28.557236 98.087166
-28.554131 98.060608
-28.565001 98.043251
-28.575884 98.025871
-28.586779 98.008476
-28.597687 97.991058
-28.608608 97.973618
-28.619543 97.956161
-28.630491 97.938683
-28.641451 97.921188
-28.652424 97.903671
-28.663410 97.886131
-28.674410 97.868576
-28.685421 97.850998
-28.696445 97.833397
-28.707483 97.815781
-28.718534 97.798141
-28.729597 97.780479
-28.740673 97.762802
-28.751762 97.745102
-28.762865 97.727379
-28.773979 97.709641
-28.785107 97.691879
-28.796247 97.674095
-28.807402 97.656296
-28.818567 97.638474
-28.829746 97.620636
-28.840939 97.602776
-28.852144 97.584892
-28.863363 97.566994
-28.874594 97.549072
-28.885838 97.531128
-28.897095 97.513168
-28.908365 97.495186
-28.919647 97.477180
-28.930943 97.459160
-28.942251 97.441116
-28.953573 97.423050
-28.964907 97.404968
-28.976254 97.386864
-28.987614 97.368736
-28.998987 97.350594
-28.992628 97.331902
-28.986210 97.313187
-28.979734 97.294441
-28.973202 97.275673
-28.966610 97.256882
-28.959961 97.238068
-28.953255 97.219231
-28.946489 97.200363
-28.939667 97.181473
-28.932787 97.162560
-28.925850 97.143623
-28.918854 97.124664
-28.911800 97.105675
-28.904690 97.086662
-28.897520 97.067627
-28.890293 97.048569
-28.883009 97.029488
-28.875666 97.010376
-28.868265 96.991241
-28.860807 96.972084
-28.853292 96.952904
-28.845718 96.933701
-28.838087 96.914467
-28.830399 96.895210
-28.822651 96.875931
-28.814846 96.856628
-28.806984 96.837303
-28.799063 96.817947
-28.791084 96.798569
-28.783049 96.779167
-28.774954 96.759743
-28.766802 96.740295
-28.758593 96.720818
-28.750326 96.701317
-28.742001 96.681793
-28.733618 96.662247
-28.725178 96.642677
-28.716679 96.623077
-28.708122 96.603455
-28.699509 96.583809
-28.697464 96.562805
-28.695387 96.541763
-28.693279 96.520691
-28.691139 96.499580
-28.688969 96.478432
-28.686766 96.457253
-28.684532 96.436035
-28.682266 96.414787
-28.679970 96.393501
-28.677641 96.372185
-28.675282 96.350830
-28.672892 96.329437
-28.670469 96.308014
-28.668016 96.286552
-28.665531 96.265060
-28.663015 96.243530
-28.660467 96.221962
-28.657888 96.200363
-28.655277 96.178726
-28.652636 96.157059
-28.649961 96.135353
-28.647257 96.113609
-28.644520 96.091835
-28.641752 96.070023
-28.638952 96.048180
-28.636122 96.026299
-28.633261 96.004387
-28.630367 95.982437
-28.627443 95.960449
-28.624487 95.938431
-28.621500 95.916374
-28.618481 95.894287
-28.615431 95.872162
-28.612349 95.849998
-28.609236 95.827805
-28.606091 95.805573
-28.602915 95.783310
-28.599707 95.761009
-28.596468 95.738670
-28.593199 95.716301
-28.596071 95.689499
-28.598938 95.662628
-28.601797 95.635689
-28.604650 95.608673
-28.607496 95.581589
-28.610336 95.554436
-28.613169 95.527214
-28.615993 95.499924
-28.618813 95.472565
-28.621624 95.445129
-28.624430 95.417625
-28.627228 95.390053
-28.630020 95.362411
-28.632805 95.334702
-28.635582 95.306923
-28.638353 95.279076
-28.641117 95.251152
-28.643875 95.223160
-28.646626 95.195099
-28.649370 95.166969
-28.652107 95.138771
-28.654837 95.110504
-28.657560 95.082161
-28.660276 95.053749
-28.662987 95.025269
-28.665689 94.996719
-28.668386 94.968102
-28.671076 94.939415
-28.673759 94.910652
-28.676435 94.881821
-28.679104 94.852921
-28.681767 94.823952
-28.684422 94.794914
-28.687071 94.765808
-28.689713 94.736626
-28.692348 94.707375
-28.694977 94.678055
-28.697598 94.648666
-28.700212 94.619209
-28.702820 94.589684
-28.710228 94.564445
-28.717648 94.539169
-28.725080 94.513863
-28.732525 94.488518
-28.739983 94.463135
-28.747452 94.437721
-28.754934 94.412270
-28.762428 94.386780
-28.769936 94.361259
-28.777454 94.335701
-28.784986 94.310112
-28.792530 94.284485
-28.800087 94.258820
-28.807655 94.233124
-28.815235 94.207390
-28.822828 94.181618
-28.830433 94.155815
-28.838051 94.129974
-28.845680 94.104103
-28.853323 94.078194
-28.860977 94.052246
-28.868645 94.026268
-28.876324 94.000252
-28.884016 93.974197
-28.891720 93.948112
-28.899437 93.921989
-28.907166 93.895836
-28.914907 93.869644
-28.922661 93.843414
-28.930428 93.817154
-28.938206 93.790855
-28.945997 93.764519
-28.953800 93.738152
-28.961615 93.711746
-28.969442 93.685310
-28.977282 93.658836
-28.985134 93.632324
-28.992998 93.605782
-29.000875 93.579201
-29.008764 93.552582
-29.010378 93.521393
-29.011980 93.490135
-29.013569 93.458809
-29.015144 93.427406
-29.016708 93.395935
-29.018259 93.364395
-29.019796 93.332779
-29.021322 93.301094
-29.022835 93.269333
-29.024334 93.237503
-29.025822 93.205605
-29.027296 93.173630
-29.028757 93.141586
-29.030207 93.109474
-29.031643 93.077286
-29.033066 93.045029
-29.034477 93.012703
-29.035875 92.980301
-29.037260 92.947830
-29.038633 92.915291
-29.039993 92.882675
-29.041340 92.849991
-29.042675 92.817238
-29.043997 92.784409
-29.045307 92.751511
-29.046604 92.718544
-29.047888 92.685501
-29.049160 92.652390
-29.050419 92.619209
-29.051664 92.585953
-29.052898 92.552628
-29.054119 92.519234
-29.055326 92.485764
-29.056522 92.452225
-29.057705 92.418617
-29.058874 92.384933
-29.060032 92.351181
-29.061176 92.317352
-29.062307 92.283455
-29.063427 92.249489
-29.041002 92.213493
-29.018471 92.177414
-28.995832 92.141251
-28.973087 92.104996
-28.950237 92.068657
-28.927280 92.032234
-28.904217 91.995720
-28.881046 91.959122
-28.857769 91.922432
-28.834387 91.885658
-28.810898 91.848801
-28.787302 91.811852
-28.763599 91.774818
-28.739790 91.737701
-28.715874 91.700493
-28.691853 91.663200
-28.667725 91.625816
-28.643490 91.588348
-28.619148 91.550797
-28.594700 91.513153
-28.570147 91.475426
-28.545486 91.437614
-28.520720 91.399712
-28.495846 91.361725
-28.470865 91.323647
-28.445780 91.285484
-28.420588 91.247238
-28.395288 91.208900
-28.369883 91.170479
-28.344370 91.131973
-28.318752 91.093376
-28.293028 91.054695
-28.267197 91.015923
-28.241259 90.977066
-28.215214 90.938126
-28.189062 90.899094
-28.162806 90.859978
-28.136442 90.820778
-28.109972 90.781487
-28.083395 90.742111
-28.044338 90.702499
-28.005125 90.662796
-27.965755 90.623001
-27.926231 90.583122
-27.886551 90.543152
-27.846714 90.503098
-27.806723 90.462952
-27.766575 90.422722
-27.726271 90.382401
-27.685812 90.341995
-27.645197 90.301498
-27.604425 90.260918
-27.563499 90.220245
-27.522417 90.179489
-27.481180 90.138641
-27.439787 90.097710
-27.398237 90.056686
-27.356533 90.015572
-27.314672 89.974373
-27.272655 89.933083
-27.230484 89.891708
-27.188156 89.850243
-27.145672 89.808693
-27.103033 89.767052
-27.060238 89.725327
-27.017286 89.683510
-26.974180 89.641609
-26.930918 89.599617
-26.887499 89.557541
-26.843925 89.515373
-26.800196 89.473122
-26.756310 89.430779
-26.712269 89.388344
-26.668072 89.345825
-26.623718 89.303215
-26.579210 89.260521
-26.534546 89.217735
-26.489725 89.174866
-26.444750 89.131905
-26.399618 89.088860
-26.371073 89.055084
-26.342438 89.021294
-26.313713 88.987495
-26.284901 88.953682
-26.255999 88.919853
-26.227007 88.886009
-26.197927 88.852150
-26.168758 88.818283
-26.139500 88.784401
-26.110153 88.750504
-26.080717 88.716591
-26.051191 88.682671
-26.021578 88.648735
-25.991875 88.614784
-25.962082 88.580818
-25.932201 88.546837
-25.902231 88.512848
-25.872171 88.478844
-25.842022 88.444824
-25.811785 88.410789
-25.781458 88.376740
-25.751041 88.342682
-25.720537 88.308609
-25.689943 88.274521
-25.659260 88.240417
-25.628489 88.206299
-25.597628 88.172173
-25.566677 88.138031
-25.535639 88.103874
-25.504511 88.069702
-25.473293 88.035515
-25.441988 88.001320
-25.410593 87.967110
-25.379108 87.932884
-25.347534 87.898643
-25.315872 87.864388
-25.284121 87.830124
-25.252279 87.795845
-25.220350 87.761551
-25.188332 87.727242
-25.145796 87.693588
-25.103128 87.659927
-25.060331 87.626259
-25.017403 87.592583
-24.974344 87.558899
-24.931154 87.525200
-24.887835 87.491493
-24.844383 87.457779
-24.800802 87.424057
-24.757090 87.390327
-24.713247 87.356590
-24.669273 87.322845
-24.625170 87.289093
-24.580935 87.255333
-24.536570 87.221565
-24.492073 87.187782
-24.447447 87.153992
-24.402691 87.120193
-24.357803 87.086388
-24.312786 87.052574
-24.267637 87.018753
-24.222359 86.984924
-24.176949 86.951088
-24.131409 86.917244
-24.085737 86.883392
-24.039936 86.849525
-23.994003 86.815651
-23.947941 86.781769
-23.901747 86.747879
-23.855423 86.713982
-23.808968 86.680077
-23.762383 86.646164
-23.715666 86.612244
-23.668819 86.578316
-23.621841 86.544380
-23.574734 86.510429
-23.527496 86.476471
-23.480127 86.442505
-23.432629 86.408531
-23.384998 86.374550
-23.338606 86.330849
-23.292088 86.287056
-23.245445 86.243179
-23.198677 86.199219
-23.151783 86.155174
-23.104765 86.111046
-23.057621 86.066826
-23.010353 86.022522
-22.962959 85.978134
-22.915440 85.933662
-22.867796 85.889107
-22.820026 85.844460
-22.772131 85.799728
-22.724112 85.754913
-22.675966 85.710014
-22.627697 85.665024
-22.579302 85.619949
-22.530781 85.574791
-22.482136 85.529549
-22.433365 85.484222
-22.384470 85.438805
-22.335449 85.393303
-22.286303 85.347717
-22.237032 85.302048
-22.187635 85.256294
-22.138113 85.210449
-22.088467 85.164520
-22.038694 85.118507
-21.988798 85.072411
-21.938776 85.026230
-21.888628 84.979958
-21.838356 84.933601
-21.787958 84.887161
-21.737436 84.840637
-21.686789 84.794029
-21.636015 84.747330
-21.585117 84.700546
-21.534094 84.653679
-21.482944 84.606728
-21.431671 84.559692
-21.397842 84.519058
-21.363958 84.478386
-21.330019 84.437683
-21.296024 84.396942
-21.261974 84.356171
-21.227869 84.315369
-21.193710 84.274529
-21.159496 84.233658
-21.125227 84.192749
-21.090902 84.151810
-21.056522 84.110832
-21.022087 84.069824
-20.987597 84.028778
-20.953051 83.987701
-20.918449 83.946587
-20.883793 83.905441
-20.849081 83.864265
-20.814314 83.823051
-20.779493 83.781807
-20.744617 83.740524
-20.709686 83.699211
-20.674700 83.657860
-20.639658 83.616478
-20.604561 83.575058
-20.569408 83.533607
-20.534201 83.492119
-20.498938 83.450600
-20.463619 83.409050
-20.428246 83.367462
-20.392818 83.325844
-20.357336 83.284187
-20.321798 83.242500
-20.286205 83.200775
-20.250557 83.159019
-20.214853 83.117226
-20.179094 83.075401
-20.143280 83.033539
-20.107410 82.991646
-20.071486 82.949722
-20.035505 82.907761
-19.994814 82.864456
-19.954050 82.821106
-19.913212 82.777710
-19.872299 82.734268
-19.831314 82.690788
-19.790255 82.647263
-19.749123 82.603691
-19.707916 82.560074
-19.666636 82.516411
-19.625282 82.472702
-19.583855 82.428955
-19.542353 82.385162
-19.500778 82.341324
-19.459129 82.297440
-19.417406 82.253510
-19.375610 82.209541
-19.333740 82.165527
-19.291796 82.121468
-19.249779 82.077362
-19.207687 82.033211
-19.165524 81.989014
-19.123285 81.944778
-19.080973 81.900497
-19.038588 81.856171
-18.996128 81.811798
-18.953594 81.767380
-18.910988 81.722923
-18.868307 81.678421
-18.825552 81.633873
-18.782724 81.589279
-18.739822 81.544640
-18.696848 81.499954
-18.653799 81.455231
-18.610676 81.410461
-18.567480 81.365646
-18.524210 81.320786
-18.480865 81.275879
-18.437449 81.230934
-18.393957 81.185944
-18.350391 81.140907
-18.315248 81.100739
-18.280066 81.060562
-18.244844 81.020386
-18.209583 80.980202
-18.174282 80.940010
-18.138941 80.899818
-18.103559 80.859619
-18.068138 80.819412
-18.032677 80.779198
-17.997175 80.738983
-17.961634 80.698761
-17.926052 80.658531
-17.890432 80.618301
-17.854773 80.578064
-17.819073 80.537819
-17.783333 80.497574
-17.747553 80.457321
-17.711733 80.417061
-17.675873 80.376793
-17.639973 80.336525
-17.604033 80.296249
-17.568054 80.255966
-17.532036 80.215683
-17.495977 80.175392
-17.459879 80.135094
-17.423740 80.094788
-17.387562 80.054482
-17.351343 80.014168
-17.315084 79.973846
-17.278786 79.933525
-17.242449 79.893196
-17.206072 79.852859
-17.169655 79.812515
-17.133198 79.772171
-17.096701 79.731819
-17.060163 79.691460
-17.023586 79.651100
-16.986969 79.610733
-16.950312 79.570358
-16.913614 79.529984
-16.873150 79.485191
-16.832632 79.440353
-16.792059 79.395477
-16.751431 79.350563
-16.710749 79.305611
-16.670012 79.260612
-16.629219 79.215576
-16.588373 79.170502
-16.547472 79.125381
-16.506516 79.080223
-16.465506 79.035027
-16.424440 78.989792
-16.383320 78.944511
-16.342146 78.899193
-16.300917 78.853836
-16.259632 78.808434
-16.218294 78.762993
-16.176901 78.717514
-16.135452 78.671989
-16.093948 78.626427
-16.052391 78.580826
-16.010778 78.535187
-15.969111 78.489502
-15.927390 78.443779
-15.885613 78.398018
-15.843782 78.352211
-15.801896 78.306366
-15.759955 78.260483
-15.717960 78.214561
-15.675910 78.168594
-15.633805 78.122589
-15.591646 78.076546
-15.549432 78.030457
-15.507163 77.984329
-15.464840 77.938164
-15.422462 77.891953
-15.380029 77.845703
-15.337542 77.799416
-15.294999 77.753090
-15.252402 77.706718
-15.212637 77.659691
-15.172829 77.612617
-15.132977 77.565498
-15.093082 77.518333
-15.053144 77.471123
-15.013164 77.423866
-14.973139 77.376564
-14.933071 77.329216
-14.892961 77.281830
-14.852806 77.234398
-14.812609 77.186920
-14.772368 77.139397
-14.732085 77.091827
-14.691758 77.044212
-14.651388 76.996552
-14.610975 76.948845
-14.570518 76.901093
-14.530019 76.853294
-14.489476 76.805450
-14.448890 76.757561
-14.408260 76.709625
-14.367588 76.661644
-14.326873 76.613617
-14.286114 76.565544
-14.245312 76.517433
-14.204467 76.469276
-14.163578 76.421074
-14.122646 76.372826
-14.081672 76.324532
-14.040653 76.276192
-13.999592 76.227806
-13.958488 76.179375
-13.917340 76.130898
-13.876149 76.082375
-13.834915 76.033806
-13.793638 75.985191
-13.752317 75.936531
-13.710954 75.887825
-13.669547 75.839073
-13.628098 75.790276
-13.585249 75.740402
-13.542352 75.690475
-13.499406 75.640495
-13.456411 75.590462
-13.413368 75.540375
-13.370276 75.490234
-13.327136 75.440041
-13.283947 75.389793
-13.240709 75.339493
-13.197423 75.289139
-13.154088 75.238731
-13.110704 75.188271
-13.067272 75.137756
-13.023792 75.087189
-12.980264 75.036568
-12.936687 74.985893
-12.893061 74.935165
-12.849386 74.884384
-12.805663 74.833549
-12.761891 74.782661
-12.718071 74.731720
-12.674202 74.680725
-12.630284 74.629677
-12.586318 74.578575
-12.542303 74.527420
-12.498240 74.476212
-12.454127 74.424950
-12.409966 74.373634
-12.365757 74.322266
-12.321499 74.270844
-12.277192 74.219368
-12.232837 74.167839
-12.188433 74.116257
-12.143980 74.064621
-12.099479 74.012932
-12.054929 73.961189
-12.010330 73.909393
-11.965683 73.857544
-11.920987 73.805641
-11.876244 73.753685
-11.832393 73.701851
-11.788496 73.649963
-11.744555 73.598022
-11.700568 73.546028
-11.656537 73.493980
-11.612461 73.441887
-11.568340 73.389740
-11.524175 73.337540
-11.479964 73.285286
-11.435709 73.232979
-11.391409 73.180618
-11.347064 73.128212
-11.302674 73.075752
-11.258240 73.023239
-11.213760 72.970673
-11.169236 72.918053
-11.124667 72.865387
-11.080053 72.812668
-11.035395 72.759895
-10.990691 72.707069
-10.945943 72.654190
-10.901150 72.601257
-10.856312 72.548279
-10.811429 72.495247
-10.766501 72.442162
-10.721529 72.389023
-10.676512 72.335831
-10.631450 72.282585
-10.586343 72.229294
-10.541191 72.175949
-10.495995 72.122551
-10.450753 72.069099
-10.405467 72.015594
-10.360136 71.962036
-10.314760 71.908432
-10.269340 71.854774
-10.223874 71.801064
-10.178364 71.747299
-10.132808 71.693481
-10.087207 71.639610
-10.043469 71.585701
-9.999695 71.531738
-9.955883 71.477730
-9.912034 71.423668
-9.868147 71.369553
-9.824223 71.315384
-9.780261 71.261162
-9.736262 71.206894
-9.692226 71.152573
-9.648153 71.098198
-9.604043 71.043770
-9.559896 70.989288
-9.515711 70.934753
-9.471489 70.880173
-9.427230 70.825539
-9.382934 70.770851
-9.338600 70.716110
-9.294230 70.661316
-9.249822 70.606476
-9.205377 70.551582
-9.160894 70.496635
-9.116374 70.441635
-9.071816 70.386581
-9.027222 70.331474
-8.982590 70.276321
-8.937921 70.221115
-8.893214 70.165855
-8.848471 70.110542
-8.803690 70.055176
-8.758872 69.999763
-8.714017 69.944298
-8.669125 69.888779
-8.624195 69.833206
-8.579228 69.777580
-8.534225 69.721909
-8.489183 69.666183
-8.444105 69.610405
-8.398990 69.554573
-8.353836 69.498688
-8.308645 69.442749
-8.264924 69.386269
-8.221171 69.329735
-8.177387 69.273148
-8.133572 69.216499
-8.089725 69.159798
-8.045847 69.103043
-8.001938 69.046227
-7.957997 68.989357
-7.914026 68.932434
-7.870023 68.875450
-7.825989 68.818413
-7.781923 68.761322
-7.737827 68.704170
-7.693699 68.646965
-7.649539 68.589706
-7.605349 68.532387
-7.561127 68.475014
-7.516874 68.417587
-7.472590 68.360100
-7.428275 68.302559
-7.383928 68.244965
-7.339550 68.187309
-7.295141 68.129601
-7.250700 68.071838
-7.206229 68.014015
-7.161726 67.956139
-7.117192 67.898209
-7.072626 67.840218
-7.028029 67.782173
-6.983401 67.724075
-6.938742 67.665916
-6.894052 67.607704
-6.849330 67.549438
-6.804577 67.491112
-6.759793 67.432732
-6.714977 67.374298
-6.670131 67.315804
-6.625253 67.257256
-6.580344 67.198654
-6.535403 67.139992
-6.489465 67.080383
-6.443492 67.020714
-6.397484 66.960976
-6.351440 66.901176
-6.305362 66.841316
-6.259248 66.781395
-6.213099 66.721405
-6.166916 66.661354
-6.120697 66.601242
-6.074443 66.541069
-6.028154 66.480827
-5.981830 66.420525
-5.935471 66.360161
-5.889076 66.299736
-5.842647 66.239243
-5.796182 66.178688
-5.749682 66.118073
-5.703147 66.057396
-5.656578 65.996651
-5.609972 65.935844
-5.563333 65.874977
-5.516657 65.814041
-5.469947 65.753044
-5.423202 65.691986
-5.376421 65.630867
-5.329606 65.569679
-5.282755 65.508430
-5.235869 65.447121
-5.188948 65.385750
-5.141992 65.324310
-5.095001 65.262810
-5.047975 65.201248
-5.000914 65.139626
-4.953817 65.077934
-4.906686 65.016182
-4.859519 64.954369
-4.812318 64.892494
-4.765081 64.830551
-4.717809 64.768547
-4.670502 64.706482
-4.620337 64.642097
-4.570124 64.577629
-4.519866 64.513084
-4.469561 64.448456
-4.419209 64.383751
-4.368812 64.318962
-4.318368 64.254089
-4.267878 64.189140
-4.217341 64.124107
-4.166758 64.058998
-4.116129 63.993805
-4.065453 63.928532
-4.014731 63.863174
-3.963963 63.797737
-3.913148 63.732220
-3.862287 63.666622
-3.811379 63.600945
-3.760426 63.535183
-3.709425 63.469341
-3.658379 63.403419
-3.607286 63.337418
-3.556147 63.271336
-3.504961 63.205170
-3.453730 63.138924
-3.402452 63.072598
-3.351127 63.006191
-3.299756 62.939705
-3.248339 62.873135
-3.196875 62.806484
-3.145365 62.739754
-3.093809 62.672943
-3.042206 62.606052
-2.990557 62.539078
-2.938862 62.472023
-2.887120 62.404888
-2.835332 62.337673
-2.783498 62.270374
-2.731617 62.202995
-2.679690 62.135536
-2.627717 62.067997
-2.577027 62.000793
-2.526297 61.933510
-2.475525 61.866150
-2.424712 61.798714
-2.373858 61.731197
-2.322964 61.663605
-2.272028 61.595936
-2.221051 61.528187
-2.170033 61.460361
-2.118974 61.392460
-2.067874 61.324478
-2.016733 61.256420
-1.965551 61.188286
-1.914328 61.120071
-1.863064 61.051781
-1.811758 60.983414
-1.760412 60.914967
-1.709025 60.846443
-1.657596 60.777840
-1.606127 60.709160
-1.554616 60.640404
-1.503065 60.571568
-1.451472 60.502655
-1.399839 60.433666
-1.348164 60.364597
-1.296448 60.295452
-1.244691 60.226231
-1.192894 60.156929
-1.141055 60.087551
-1.089175 60.018097
-1.037254 59.948563
-0.985292 59.878952
-0.933289 59.809265
-0.881244 59.739498
-0.829159 59.669655
-0.777033 59.599735
-0.724866 59.529736
-0.672657 59.459660
-0.620408 59.389507
-0.568118 59.319275
