-0.017350 0.011135
-0.034838 0.022181
-0.052464 0.033136
-0.070227 0.044002
-0.088128 0.054778
-0.106167 0.065464
-0.124343 0.076061
-0.142657 0.086567
-0.161109 0.096984
-0.179698 0.107311
-0.198426 0.117548
-0.217291 0.127696
-0.236293 0.137753
-0.255433 0.147721
-0.274711 0.157599
-0.294127 0.167387
-0.313681 0.177086
-0.333372 0.186694
-0.353200 0.196213
-0.373167 0.205642
-0.393271 0.214981
-0.413513 0.224231
-0.433893 0.233390
-0.454410 0.242460
-0.475065 0.251440
-0.495858 0.260330
-0.516788 0.269131
-0.537856 0.277841
-0.559062 0.286462
-0.580405 0.294993
-0.601887 0.303434
-0.623505 0.311786
-0.645262 0.320047
-0.667156 0.328219
-0.689188 0.336301
-0.711358 0.344293
-0.733665 0.352196
-0.756111 0.360008
-0.778693 0.367731
-0.801414 0.375364
-0.823944 0.383254
-0.846610 0.391052
-0.869411 0.398757
-0.892347 0.406370
-0.915418 0.413890
-0.938624 0.421317
-0.961965 0.428652
-0.985441 0.435894
-1.009053 0.443044
-1.032799 0.450101
-1.056681 0.457065
-1.080698 0.463937
-1.104849 0.470716
-1.129136 0.477403
-1.153558 0.483997
-1.178115 0.490498
-1.202808 0.496907
-1.227635 0.503223
-1.252597 0.509447
-1.277695 0.515578
-1.302927 0.521616
-1.328295 0.527562
-1.353798 0.533415
-1.379436 0.539176
-1.405209 0.544844
-1.431117 0.550419
-1.457160 0.555902
-1.483338 0.561292
-1.509652 0.566590
-1.536100 0.571795
-1.562684 0.576907
-1.589403 0.581927
-1.616256 0.586854
-1.643245 0.591689
-1.670369 0.596431
-1.697628 0.601080
-1.725023 0.605637
-1.752552 0.610101
-1.780216 0.614473
-1.808016 0.618752
-1.834716 0.624116
-1.861541 0.629379
-1.888491 0.634539
-1.915567 0.639597
-1.942768 0.644553
-1.970094 0.649407
-1.997546 0.654159
-2.025123 0.658809
-2.052825 0.663356
-2.080652 0.667802
-2.108605 0.672145
-2.136683 0.676386
-2.164887 0.680525
-2.193215 0.684563
-2.221669 0.688498
-2.250249 0.692330
-2.278953 0.696061
-2.307783 0.699690
-2.336738 0.703216
-2.365819 0.706641
-2.395025 0.709963
-2.424356 0.713184
-2.453812 0.716302
-2.483394 0.719318
-2.513101 0.722232
-2.542933 0.725044
-2.572891 0.727754
-2.602974 0.730361
-2.633182 0.732867
-2.663515 0.735271
-2.693974 0.737572
-2.724558 0.739771
-2.755268 0.741868
-2.786102 0.743863
-2.817062 0.745756
-2.848148 0.747547
-2.879358 0.749236
-2.910694 0.750823
-2.942155 0.752307
-2.973742 0.753690
-3.001207 0.743103
-3.028764 0.732511
-3.056413 0.721911
-3.084154 0.711306
-3.111986 0.700694
-3.139910 0.690075
-3.167925 0.679451
-3.196032 0.668819
-3.224230 0.658182
-3.252520 0.647538
-3.280902 0.636887
-3.309375 0.626231
-3.337940 0.615567
-3.366596 0.604898
-3.395344 0.594222
-3.424184 0.583539
-3.453115 0.572851
-3.482138 0.562155
-3.511252 0.551454
-3.540458 0.540746
-3.569756 0.530031
-3.599145 0.519310
-3.628626 0.508583
-3.658198 0.497850
-3.687862 0.487110
-3.717618 0.476363
-3.747465 0.465610
-3.777404 0.454851
-3.807434 0.444086
-3.837556 0.433314
-3.867770 0.422535
-3.898075 0.411750
-3.928472 0.400959
-3.958960 0.390162
-3.989540 0.379358
-4.020212 0.368547
-4.050975 0.357730
-4.081830 0.346907
-4.112776 0.336078
-4.143814 0.325242
-4.169740 0.309923
-4.195716 0.294634
-4.221742 0.279374
-4.247819 0.264145
-4.273946 0.248945
-4.300123 0.233774
-4.326351 0.218634
-4.352629 0.203523
-4.378957 0.188442
-4.405335 0.173390
-4.431764 0.158368
-4.458243 0.143376
-4.484773 0.128414
-4.511353 0.113481
-4.537982 0.098578
-4.564663 0.083705
-4.591393 0.068861
-4.618175 0.054047
-4.645006 0.039263
-4.671887 0.024509
-4.698819 0.009784
-4.725801 -0.004911
-4.752834 -0.019577
-4.779917 -0.034212
-4.807050 -0.048818
-4.834233 -0.063395
-4.861467 -0.077941
-4.888751 -0.092458
-4.916085 -0.106945
-4.943470 -0.121403
-4.970904 -0.135830
-4.998389 -0.150229
-5.025925 -0.164597
-5.053510 -0.178936
-5.081146 -0.193245
-5.108832 -0.207524
-5.136569 -0.221774
-5.164356 -0.235993
-5.192193 -0.250184
-5.220080 -0.264344
-5.244578 -0.262491
-5.269099 -0.260738
-5.293643 -0.259083
-5.318211 -0.257528
-5.342801 -0.256072
-5.367414 -0.254715
-5.392049 -0.253458
-5.416708 -0.252299
-5.441391 -0.251240
-5.466095 -0.250280
-5.490823 -0.249419
-5.515574 -0.248658
-5.540349 -0.247995
-5.565145 -0.247432
-5.589965 -0.246968
-5.614809 -0.246603
-5.639675 -0.246338
-5.664564 -0.246171
-5.689476 -0.246104
-5.714411 -0.246136
-5.739369 -0.246267
-5.764350 -0.246498
-5.789354 -0.246827
-5.814381 -0.247256
-5.839431 -0.247784
-5.864504 -0.248412
-5.889600 -0.249138
-5.914719 -0.249964
-5.939861 -0.250888
-5.965026 -0.251912
-5.990214 -0.253036
-6.015425 -0.254258
-6.040659 -0.255580
-6.065916 -0.257000
-6.091196 -0.258520
-6.116499 -0.260140
-6.141825 -0.261858
-6.167174 -0.263676
-6.192546 -0.265592
-6.217941 -0.267608
-6.236139 -0.269538
-6.254303 -0.271567
-6.272433 -0.273698
-6.290528 -0.275929
-6.308589 -0.278261
-6.326616 -0.280694
-6.344609 -0.283228
-6.362567 -0.285862
-6.380491 -0.288596
-6.398380 -0.291432
-6.416235 -0.294368
-6.434056 -0.297405
-6.451843 -0.300543
-6.469595 -0.303781
-6.487313 -0.307120
-6.504996 -0.310560
-6.522645 -0.314100
-6.540261 -0.317741
-6.557842 -0.321483
-6.575388 -0.325325
-6.592901 -0.329269
-6.610379 -0.333313
-6.627822 -0.337457
-6.645232 -0.341702
-6.662607 -0.346049
-6.679947 -0.350495
-6.697254 -0.355043
-6.714526 -0.359691
-6.731763 -0.364440
-6.748967 -0.369289
-6.766136 -0.374239
-6.783270 -0.379290
-6.800371 -0.384442
-6.817438 -0.389694
-6.834470 -0.395047
-6.851468 -0.400501
-6.868431 -0.406055
-6.885360 -0.411710
-6.902255 -0.417466
-6.919116 -0.423323
-6.941020 -0.422323
-6.962930 -0.421481
-6.984846 -0.420796
-7.006768 -0.420267
-7.028696 -0.419895
-7.050630 -0.419680
-7.072569 -0.419621
-7.094515 -0.419720
-7.116467 -0.419975
-7.138425 -0.420387
-7.160389 -0.420956
-7.182359 -0.421681
-7.204335 -0.422564
-7.226317 -0.423603
-7.248305 -0.424799
-7.270299 -0.426152
-7.292299 -0.427661
-7.314305 -0.429328
-7.336317 -0.431151
-7.358335 -0.433131
-7.380359 -0.435268
-7.402389 -0.437561
-7.424425 -0.440012
-7.446467 -0.442619
-7.468515 -0.445383
-7.490569 -0.448304
-7.512629 -0.451381
-7.534695 -0.454616
-7.556767 -0.458007
-7.578845 -0.461555
-7.600929 -0.465260
-7.623019 -0.469121
-7.645115 -0.473140
-7.667217 -0.477315
-7.689325 -0.481647
-7.711439 -0.486136
-7.733559 -0.490781
-7.755685 -0.495584
-7.777817 -0.500543
-7.799955 -0.505659
-7.819566 -0.506728
-7.839163 -0.507988
-7.858747 -0.509438
-7.878315 -0.511080
-7.897871 -0.512912
-7.917411 -0.514934
-7.936938 -0.517148
-7.956451 -0.519552
-7.975950 -0.522146
-7.995434 -0.524932
-8.014905 -0.527908
-8.034361 -0.531075
-8.053803 -0.534433
-8.073232 -0.537981
-8.092646 -0.541720
-8.112045 -0.545649
-8.131431 -0.549770
-8.150803 -0.554081
-8.170160 -0.558583
-8.189504 -0.563275
-8.208833 -0.568158
-8.228148 -0.573232
-8.247450 -0.578497
-8.266737 -0.583952
-8.286010 -0.589598
-8.305268 -0.595435
-8.324513 -0.601462
-8.343744 -0.607680
-8.362961 -0.614089
-8.382163 -0.620688
-8.401351 -0.627478
-8.420526 -0.634459
-8.439686 -0.641631
-8.458832 -0.648993
-8.477963 -0.656546
-8.497082 -0.664290
-8.516186 -0.672224
-8.535275 -0.680349
-8.554351 -0.688665
-8.573412 -0.697171
-8.589083 -0.720724
-8.604712 -0.744347
-8.620301 -0.768041
-8.635849 -0.791806
-8.651356 -0.815642
-8.666821 -0.839549
-8.682246 -0.863527
-8.697631 -0.887576
-8.712975 -0.911695
-8.728277 -0.935886
-8.743539 -0.960147
-8.758759 -0.984479
-8.773939 -1.008882
-8.789078 -1.033356
-8.804175 -1.057901
-8.819232 -1.082517
-8.834249 -1.107204
-8.849224 -1.131962
-8.864159 -1.156790
-8.879052 -1.181690
-8.893905 -1.206660
-8.908716 -1.231701
-8.923487 -1.256814
-8.938216 -1.281997
-8.952905 -1.307251
-8.967553 -1.332575
-8.982161 -1.357971
-8.996727 -1.383438
-9.011252 -1.408975
-9.025737 -1.434584
-9.040180 -1.460263
-9.054583 -1.486014
-9.068944 -1.511835
-9.083265 -1.537727
-9.097546 -1.563690
-9.111785 -1.589724
-9.125983 -1.615828
-9.140141 -1.642004
-9.154257 -1.668251
-9.168332 -1.694568
-9.192522 -1.724292
-9.216752 -1.754060
-9.241021 -1.783872
-9.265330 -1.813728
-9.289680 -1.843628
-9.314068 -1.873572
-9.338496 -1.903560
-9.362965 -1.933592
-9.387472 -1.963668
-9.412020 -1.993788
-9.436607 -2.023952
-9.461234 -2.054159
-9.485901 -2.084411
-9.510607 -2.114707
-9.535353 -2.145047
-9.560139 -2.175431
-9.584964 -2.205859
-9.609829 -2.236331
-9.634734 -2.266847
-9.659678 -2.297407
-9.684663 -2.328011
-9.709686 -2.358659
-9.734750 -2.389351
-9.759853 -2.420087
-9.784996 -2.450867
-9.810179 -2.481691
-9.835402 -2.512559
-9.860663 -2.543471
-9.885965 -2.574427
-9.911306 -2.605427
-9.936687 -2.636471
-9.962109 -2.667558
-9.987569 -2.698690
-10.013069 -2.729866
-10.038610 -2.761086
-10.064189 -2.792350
-10.089808 -2.823658
-10.115467 -2.855010
-10.141166 -2.886406
-10.166904 -2.917846
-10.194296 -2.940724
-10.221740 -2.963716
-10.249236 -2.986821
-10.276785 -3.010040
-10.304386 -3.033372
-10.332040 -3.056817
-10.359746 -3.080376
-10.387505 -3.104048
-10.415316 -3.127834
-10.443179 -3.151732
-10.471095 -3.175745
-10.499063 -3.199871
-10.527084 -3.224110
-10.555158 -3.248462
-10.583283 -3.272928
-10.611462 -3.297508
-10.639692 -3.322200
-10.667975 -3.347007
-10.696311 -3.371926
-10.724699 -3.396959
-10.753140 -3.422106
-10.781634 -3.447365
-10.810181 -3.472739
-10.838779 -3.498225
-10.867431 -3.523825
-10.896134 -3.549538
-10.924891 -3.575365
-10.953699 -3.601305
-10.982560 -3.627359
-11.011474 -3.653526
-11.040440 -3.679806
-11.069458 -3.706200
-11.098529 -3.732707
-11.127652 -3.759328
-11.156828 -3.786062
-11.186056 -3.812909
-11.215337 -3.839870
-11.244670 -3.866944
-11.274055 -3.894132
-11.303493 -3.921433
-11.322438 -3.953758
-11.341352 -3.986156
-11.360234 -4.018629
-11.379086 -4.051175
-11.397905 -4.083795
-11.416694 -4.116488
-11.435452 -4.149256
-11.454178 -4.182097
-11.472873 -4.215013
-11.491537 -4.248002
-11.510170 -4.281065
-11.528771 -4.314201
-11.547341 -4.347412
-11.565881 -4.380696
-11.584389 -4.414054
-11.602865 -4.447486
-11.621311 -4.480991
-11.639726 -4.514571
-11.658109 -4.548224
-11.676460 -4.581951
-11.694781 -4.615752
-11.713071 -4.649626
-11.731329 -4.683575
-11.749557 -4.717597
-11.767753 -4.751693
-11.785917 -4.785863
-11.804050 -4.820107
-11.822153 -4.854424
-11.840224 -4.888815
-11.858264 -4.923280
-11.876273 -4.957819
-11.894251 -4.992432
-11.912197 -5.027118
-11.930112 -5.061879
-11.947996 -5.096713
-11.965849 -5.131620
-11.983670 -5.166602
-12.001461 -5.201658
-12.019220 -5.236787
-12.036948 -5.271990
-12.057593 -5.313938
-12.078231 -5.355906
-12.098861 -5.397893
-12.119483 -5.439901
-12.140097 -5.481929
-12.160703 -5.523977
-12.181301 -5.566045
-12.201892 -5.608133
-12.222475 -5.650241
-12.243050 -5.692369
-12.263617 -5.734518
-12.284176 -5.776686
-12.304728 -5.818874
-12.325272 -5.861082
-12.345808 -5.903310
-12.366336 -5.945559
-12.386856 -5.987827
-12.407369 -6.030115
-12.427874 -6.072423
-12.448371 -6.114751
-12.468860 -6.157099
-12.489341 -6.199467
-12.509814 -6.241855
-12.530280 -6.284263
-12.550738 -6.326691
-12.571189 -6.369139
-12.591631 -6.411607
-12.612065 -6.454095
-12.632492 -6.496603
-12.652911 -6.539131
-12.673323 -6.581679
-12.693727 -6.624248
-12.714122 -6.666836
-12.734509 -6.709444
-12.754889 -6.752072
-12.775262 -6.794721
-12.795627 -6.837389
-12.815983 -6.880077
-12.836331 -6.922785
-12.856672 -6.965513
-12.881844 -7.003226
-12.907045 -7.041000
-12.932279 -7.078835
-12.957542 -7.116731
-12.982837 -7.154687
-13.008162 -7.192704
-13.033517 -7.230782
-13.058903 -7.268919
-13.084319 -7.307118
-13.109766 -7.345377
-13.135243 -7.383697
-13.160751 -7.422077
-13.186290 -7.460517
-13.211859 -7.499019
-13.237459 -7.537581
-13.263090 -7.576204
-13.288752 -7.614887
-13.314444 -7.653631
-13.340166 -7.692436
-13.365919 -7.731301
-13.391703 -7.770226
-13.417517 -7.809213
-13.443361 -7.848259
-13.469236 -7.887367
-13.495142 -7.926535
-13.521078 -7.965764
-13.547046 -8.005053
-13.573044 -8.044402
-13.599072 -8.083813
-13.625132 -8.123283
-13.651221 -8.162815
-13.677341 -8.202408
-13.703492 -8.242061
-13.729673 -8.281775
-13.755885 -8.321548
-13.782127 -8.361383
-13.808400 -8.401278
-13.834704 -8.441235
-13.861039 -8.481251
-13.887404 -8.521328
-13.907034 -8.568707
-13.926641 -8.616089
-13.946223 -8.663472
-13.965783 -8.710858
-13.985320 -8.758246
-14.004834 -8.805636
-14.024325 -8.853029
-14.043793 -8.900424
-14.063237 -8.947821
-14.082659 -8.995220
-14.102057 -9.042622
-14.121432 -9.090025
-14.140784 -9.137430
-14.160113 -9.184838
-14.179420 -9.232248
-14.198703 -9.279660
-14.217962 -9.327075
-14.237199 -9.374492
-14.256413 -9.421910
-14.275603 -9.469332
-14.294770 -9.516755
-14.313914 -9.564180
-14.333035 -9.611609
-14.352134 -9.659039
-14.371209 -9.706470
-14.390261 -9.753904
-14.409289 -9.801341
-14.428295 -9.848780
-14.447278 -9.896220
-14.466237 -9.943664
-14.485173 -9.991109
-14.504086 -10.038556
-14.522977 -10.086006
-14.541844 -10.133458
-14.560688 -10.180912
-14.579509 -10.228369
-14.598307 -10.275827
-14.617082 -10.323288
-14.635833 -10.370751
-14.654561 -10.418217
-14.675497 -10.477352
-14.696427 -10.536396
-14.717352 -10.595348
-14.738272 -10.654208
-14.759186 -10.712976
-14.780094 -10.771653
-14.800998 -10.830237
-14.821896 -10.888730
-14.842788 -10.947130
-14.863675 -11.005439
-14.884557 -11.063656
-14.905433 -11.121780
-14.926304 -11.179813
-14.947169 -11.237755
-14.968029 -11.295604
-14.988884 -11.353361
-15.009733 -11.411027
-15.030577 -11.468600
-15.051415 -11.526082
-15.072248 -11.583471
-15.093076 -11.640769
-15.113898 -11.697975
-15.134715 -11.755089
-15.155526 -11.812111
-15.176332 -11.869041
-15.197133 -11.925879
-15.217928 -11.982626
-15.238718 -12.039281
-15.259502 -12.095843
-15.280281 -12.152314
-15.301055 -12.208693
-15.321823 -12.264979
-15.342586 -12.321175
-15.363343 -12.377277
-15.384095 -12.433289
-15.404841 -12.489208
-15.425583 -12.545035
-15.446319 -12.600771
-15.467049 -12.656415
-15.487774 -12.711967
-15.513029 -12.751530
-15.538315 -12.791129
-15.563632 -12.830765
-15.588980 -12.870437
-15.614358 -12.910145
-15.639767 -12.949889
-15.665206 -12.989670
-15.690676 -13.029487
-15.716176 -13.069340
-15.741707 -13.109229
-15.767268 -13.149155
-15.792860 -13.189116
-15.818482 -13.229115
-15.844136 -13.269151
-15.869821 -13.309222
-15.895535 -13.349330
-15.921281 -13.389474
-15.947057 -13.429654
-15.972863 -13.469871
-15.998700 -13.510123
-16.024569 -13.550412
-16.050467 -13.590737
-16.076395 -13.631099
-16.102354 -13.671496
-16.128344 -13.711930
-16.154364 -13.752400
-16.180414 -13.792907
-16.206495 -13.833449
-16.232607 -13.874029
-16.258749 -13.914645
-16.284922 -13.955297
-16.311127 -13.995986
-16.337362 -14.036711
-16.363628 -14.077472
-16.389925 -14.118269
-16.416252 -14.159102
-16.442610 -14.199972
-16.468998 -14.240878
-16.495417 -14.281820
-16.521866 -14.322799
-16.540068 -14.365748
-16.558233 -14.408718
-16.576365 -14.451709
-16.594461 -14.494720
-16.612522 -14.537752
-16.630548 -14.580805
-16.648539 -14.623878
-16.666494 -14.666973
-16.684416 -14.710088
-16.702301 -14.753223
-16.720152 -14.796380
-16.737967 -14.839557
-16.755747 -14.882754
-16.773493 -14.925973
-16.791203 -14.969213
-16.808878 -15.012472
-16.826517 -15.055753
-16.844122 -15.099054
-16.861692 -15.142376
-16.879227 -15.185719
-16.896727 -15.229082
-16.914190 -15.272466
-16.931620 -15.315870
-16.949013 -15.359296
-16.966372 -15.402742
-16.983696 -15.446209
-17.000984 -15.489697
-17.018238 -15.533205
-17.035456 -15.576734
-17.052639 -15.620283
-17.069788 -15.663854
-17.086901 -15.707445
-17.103979 -15.751057
-17.121021 -15.794689
-17.138029 -15.838343
-17.155003 -15.882016
-17.171940 -15.925711
-17.188843 -15.969426
-17.205709 -16.013163
-17.222542 -16.056919
-17.244844 -16.099667
-17.267157 -16.142445
-17.289478 -16.185251
-17.311808 -16.228086
-17.334146 -16.270950
-17.356493 -16.313843
-17.378849 -16.356766
-17.401213 -16.399717
-17.423586 -16.442698
-17.445967 -16.485706
-17.468357 -16.528744
-17.490755 -16.571812
-17.513163 -16.614908
-17.535578 -16.658033
-17.558002 -16.701187
-17.580435 -16.744370
-17.602877 -16.787582
-17.625326 -16.830824
-17.647785 -16.874094
-17.670252 -16.917393
-17.692728 -16.960720
-17.715212 -17.004078
-17.737705 -17.047464
-17.760206 -17.090879
-17.782717 -17.134323
-17.805235 -17.177797
-17.827763 -17.221300
-17.850298 -17.264832
-17.872843 -17.308392
-17.895395 -17.351980
-17.917957 -17.395599
-17.940527 -17.439247
-17.963106 -17.482924
-17.985693 -17.526628
-18.008289 -17.570362
-18.030893 -17.614126
-18.053507 -17.657919
-18.076128 -17.701740
-18.098759 -17.745590
-18.121397 -17.789469
-18.135817 -17.827599
-18.150179 -17.865805
-18.164486 -17.904085
-18.178736 -17.942442
-18.192928 -17.980875
-18.207064 -18.019382
-18.221144 -18.057966
-18.235167 -18.096624
-18.249132 -18.135359
-18.263042 -18.174170
-18.276896 -18.213055
-18.290691 -18.252016
-18.304430 -18.291054
-18.318113 -18.330166
-18.331739 -18.369354
-18.345308 -18.408619
-18.358820 -18.447958
-18.372276 -18.487373
-18.385675 -18.526863
-18.399017 -18.566429
-18.412304 -18.606071
-18.425533 -18.645788
-18.438705 -18.685581
-18.451820 -18.725451
-18.464880 -18.765394
-18.477882 -18.805414
-18.490828 -18.845510
-18.503716 -18.885681
-18.516548 -18.925928
-18.529324 -18.966249
-18.542042 -19.006647
-18.554705 -19.047121
-18.567310 -19.087669
-18.579859 -19.128294
-18.592350 -19.168995
-18.604786 -19.209770
-18.617165 -19.250622
-18.629486 -19.291550
-18.641750 -19.332552
-18.653959 -19.373631
-18.670824 -19.414635
-18.687670 -19.455717
-18.704494 -19.496876
-18.721300 -19.538111
-18.738087 -19.579424
-18.754854 -19.620813
-18.771603 -19.662279
-18.788332 -19.703821
-18.805042 -19.745441
-18.821733 -19.787138
-18.838404 -19.828911
-18.855055 -19.870760
-18.871687 -19.912687
-18.888300 -19.954691
-18.904894 -19.996771
-18.921469 -20.038927
-18.938025 -20.081161
-18.954561 -20.123472
-18.971079 -20.165859
-18.987576 -20.208324
-19.004053 -20.250866
-19.020512 -20.293484
-19.036951 -20.336178
-19.053371 -20.378950
-19.069773 -20.421799
-19.086155 -20.464724
-19.102518 -20.507725
-19.118860 -20.550804
-19.135183 -20.593960
-19.151487 -20.637192
-19.167772 -20.680500
-19.184038 -20.723886
-19.200285 -20.767349
-19.216513 -20.810888
-19.232721 -20.854506
-19.248909 -20.898199
-19.265078 -20.941969
-19.281227 -20.985815
-19.297358 -21.029739
-19.313469 -21.073740
-19.336504 -21.117186
-19.359575 -21.160711
-19.382681 -21.204319
-19.405823 -21.248009
-19.429001 -21.291780
-19.452215 -21.335634
-19.475464 -21.379570
-19.498749 -21.423588
-19.522070 -21.467688
-19.545427 -21.511869
-19.568821 -21.556133
-19.592249 -21.600479
-19.615713 -21.644907
-19.639214 -21.689417
-19.662750 -21.734009
-19.686321 -21.778683
-19.709929 -21.823439
-19.733572 -21.868277
-19.757252 -21.913195
-19.780966 -21.958195
-19.804716 -22.003277
-19.828503 -22.048441
-19.852325 -22.093687
-19.876184 -22.139015
-19.900078 -22.184425
-19.924007 -22.229918
-19.947973 -22.275492
-19.971975 -22.321148
-19.996012 -22.366886
-20.020084 -22.412706
-20.044193 -22.458609
-20.068338 -22.504593
-20.092518 -22.550659
-20.116734 -22.596807
-20.140985 -22.643036
-20.165274 -22.689346
-20.189598 -22.735739
-20.213957 -22.782213
-20.238352 -22.828770
-20.262783 -22.875408
-20.284452 -22.924671
-20.306135 -22.973995
-20.327831 -23.023380
-20.349541 -23.072826
-20.371265 -23.122335
-20.393003 -23.171906
-20.414755 -23.221537
-20.436520 -23.271229
-20.458298 -23.320982
-20.480089 -23.370798
-20.501894 -23.420675
-20.523714 -23.470613
-20.545547 -23.520613
-20.567394 -23.570673
-20.589254 -23.620796
-20.611128 -23.670980
-20.633015 -23.721226
-20.654915 -23.771532
-20.676828 -23.821899
-20.698757 -23.872330
-20.720699 -23.922821
-20.742655 -23.973373
-20.764624 -24.023987
-20.786606 -24.074661
-20.808601 -24.125397
-20.830610 -24.176195
-20.852633 -24.227055
-20.874670 -24.277975
-20.896721 -24.328957
-20.918785 -24.379999
-20.940863 -24.431105
-20.962954 -24.482271
-20.985058 -24.533499
-21.007175 -24.584787
-21.029308 -24.636137
-21.051455 -24.687550
-21.073614 -24.739023
-21.095787 -24.790558
-21.117973 -24.842154
-21.140173 -24.893810
-21.166859 -24.950401
-21.193594 -25.007015
-21.220379 -25.063652
-21.247213 -25.120310
-21.274096 -25.176991
-21.301027 -25.233692
-21.328009 -25.290417
-21.355040 -25.347164
-21.382118 -25.403933
-21.409246 -25.460724
-21.436424 -25.517536
-21.463652 -25.574371
-21.490927 -25.631229
-21.518251 -25.688108
-21.545626 -25.745010
-21.573050 -25.801933
-21.600521 -25.858879
-21.628042 -25.915846
-21.655613 -25.972836
-21.683233 -26.029848
-21.710901 -26.086882
-21.738619 -26.143938
-21.766386 -26.201015
-21.794201 -26.258116
-21.822065 -26.315239
-21.849979 -26.372383
-21.877943 -26.429550
-21.905954 -26.486738
-21.934015 -26.543949
-21.962126 -26.601181
-21.990286 -26.658436
-22.018494 -26.715714
-22.046751 -26.773012
-22.075058 -26.830334
-22.103415 -26.887676
-22.131819 -26.945042
-22.160273 -27.002430
-22.188776 -27.059839
-22.217329 -27.117271
-22.245930 -27.174725
-22.278511 -27.239666
-22.311172 -27.304569
-22.343914 -27.369434
-22.376738 -27.434261
-22.409641 -27.499050
-22.442625 -27.563801
-22.475689 -27.628513
-22.508833 -27.693188
-22.542057 -27.757824
-22.575361 -27.822422
-22.608746 -27.886982
-22.642210 -27.951504
-22.675755 -28.015987
-22.709381 -28.080433
-22.743088 -28.144840
-22.776875 -28.209209
-22.810741 -28.273540
-22.844688 -28.337833
-22.878716 -28.402088
-22.912823 -28.466305
-22.947010 -28.530483
-22.981277 -28.594624
-23.015625 -28.658726
-23.050055 -28.722790
-23.084564 -28.786816
-23.119154 -28.850803
-23.153824 -28.914753
-23.188574 -28.978664
-23.223404 -29.042538
-23.258314 -29.106373
-23.293304 -29.170170
-23.328375 -29.233929
-23.363525 -29.297649
-23.398758 -29.361332
-23.434071 -29.424976
-23.469463 -29.488585
-23.504936 -29.552155
-23.540489 -29.615686
-23.576122 -29.679180
-23.611835 -29.742636
-23.644327 -29.796144
-23.676874 -29.849695
-23.709475 -29.903288
-23.742130 -29.956923
-23.774839 -30.010599
-23.807602 -30.064318
-23.840420 -30.118078
-23.873291 -30.171881
-23.906216 -30.225725
-23.939196 -30.279610
-23.972229 -30.333536
-24.005316 -30.387505
-24.038458 -30.441515
-24.071653 -30.495567
-24.104904 -30.549662
-24.138208 -30.603798
-24.171566 -30.657976
-24.204979 -30.712196
-24.238445 -30.766459
-24.271965 -30.820763
-24.305540 -30.875109
-24.339169 -30.929495
-24.372850 -30.983923
-24.406588 -31.038393
-24.440378 -31.092905
-24.474224 -31.147459
-24.508123 -31.202055
-24.542076 -31.256693
-24.576084 -31.311373
-24.610146 -31.366095
-24.644260 -31.420858
-24.678431 -31.475664
-24.712654 -31.530512
-24.746931 -31.585400
-24.781263 -31.640329
-24.815649 -31.695301
-24.850090 -31.750315
-24.884584 -31.805370
-24.919132 -31.860468
-24.953735 -31.915607
-24.976990 -31.971905
-25.000206 -32.028236
-25.023386 -32.084599
-25.046530 -32.140995
-25.069637 -32.197422
-25.092709 -32.253883
-25.115744 -32.310379
-25.138742 -32.366905
-25.161705 -32.423466
-25.184631 -32.480057
-25.207521 -32.536682
-25.230375 -32.593342
-25.253193 -32.650032
-25.275972 -32.706757
-25.298716 -32.763512
-25.321423 -32.820301
-25.344093 -32.877125
-25.366728 -32.933979
-25.389326 -32.990868
-25.411888 -33.047787
-25.434414 -33.104740
-25.456903 -33.161728
-25.479357 -33.218746
-25.501774 -33.275799
-25.524155 -33.332882
-25.546497 -33.389999
-25.568804 -33.447151
-25.591074 -33.504333
-25.613308 -33.561550
-25.635506 -33.618797
-25.657667 -33.676079
-25.679792 -33.733395
-25.701881 -33.790741
-25.723934 -33.848122
-25.745951 -33.905533
-25.767931 -33.962978
-25.789875 -34.020458
-25.811781 -34.077969
-25.833651 -34.135513
-25.855484 -34.193089
-25.874458 -34.252174
-25.893375 -34.311279
-25.912233 -34.370407
-25.931032 -34.429554
-25.949772 -34.488724
-25.968452 -34.547913
-25.987074 -34.607124
-26.005638 -34.666355
-26.024143 -34.725609
-26.042589 -34.784882
-26.060976 -34.844177
-26.079304 -34.903492
-26.097574 -34.962826
-26.115786 -35.022182
-26.133938 -35.081558
-26.152031 -35.140957
-26.170065 -35.200375
-26.188040 -35.259815
-26.205957 -35.319275
-26.223816 -35.378757
-26.241615 -35.438259
-26.259356 -35.497784
-26.277037 -35.557327
-26.294659 -35.616894
-26.312223 -35.676479
-26.329729 -35.736088
-26.347176 -35.795715
-26.364563 -35.855366
-26.381891 -35.915035
-26.399160 -35.974728
-26.416372 -36.034439
-26.433525 -36.094173
-26.450619 -36.153927
-26.467653 -36.213703
-26.484629 -36.273499
-26.501545 -36.333313
-26.518404 -36.393150
-26.535204 -36.453007
-26.551945 -36.512886
-26.568626 -36.572784
-26.592607 -36.622700
-26.616589 -36.672714
-26.640570 -36.722832
-26.664551 -36.773052
-26.688530 -36.823372
-26.712509 -36.873795
-26.736488 -36.924316
-26.760468 -36.974941
-26.784447 -37.025669
-26.808424 -37.076496
-26.832401 -37.127426
-26.856379 -37.178459
-26.880356 -37.229591
-26.904333 -37.280827
-26.928308 -37.332165
-26.952284 -37.383602
-26.976259 -37.435143
-27.000235 -37.486782
-27.024208 -37.538525
-27.048182 -37.590370
-27.072155 -37.642315
-27.096128 -37.694363
-27.120102 -37.746513
-27.144073 -37.798763
-27.168045 -37.851116
-27.192017 -37.903572
-27.215988 -37.956127
-27.239960 -38.008785
-27.263929 -38.061543
-27.287899 -38.114403
-27.311869 -38.167366
-27.335838 -38.220428
-27.359808 -38.273594
-27.383776 -38.326862
-27.407743 -38.380230
-27.431711 -38.433701
-27.455679 -38.487274
-27.479645 -38.540947
-27.503611 -38.594723
-27.527576 -38.648598
-27.553545 -38.711937
-27.579529 -38.775303
-27.605528 -38.838696
-27.631544 -38.902115
-27.657576 -38.965561
-27.683622 -39.029030
-27.709684 -39.092525
-27.735762 -39.156048
-27.761854 -39.219597
-27.787962 -39.283173
-27.814085 -39.346775
-27.840225 -39.410404
-27.866381 -39.474056
-27.892551 -39.537735
-27.918737 -39.601440
-27.944939 -39.665173
-27.971155 -39.728931
-27.997387 -39.792717
-28.023634 -39.856525
-28.049898 -39.920361
-28.076178 -39.984222
-28.102472 -40.048111
-28.128782 -40.112026
-28.155107 -40.175968
-28.181448 -40.239933
-28.207804 -40.303925
-28.234175 -40.367943
-28.260563 -40.431988
-28.286966 -40.496059
-28.313385 -40.560158
-28.339819 -40.624279
-28.366268 -40.688427
-28.392733 -40.752602
-28.419212 -40.816803
-28.445707 -40.881031
-28.472219 -40.945286
-28.498747 -41.009567
-28.525290 -41.073872
-28.551847 -41.138203
-28.578421 -41.202560
-28.606434 -41.276070
-28.634474 -41.349533
-28.662540 -41.422947
-28.690634 -41.496315
-28.718754 -41.569637
-28.746901 -41.642910
-28.775074 -41.716137
-28.803274 -41.789314
-28.831501 -41.862446
-28.859755 -41.935528
-28.888035 -42.008564
-28.916342 -42.081551
-28.944675 -42.154491
-28.973036 -42.227383
-29.001423 -42.300228
-29.029837 -42.373028
-29.058279 -42.445778
-29.086748 -42.518482
-29.115244 -42.591137
-29.143766 -42.663746
-29.172316 -42.736305
-29.200891 -42.808819
-29.229494 -42.881283
-29.258123 -42.953701
-29.286779 -43.026073
-29.315462 -43.098396
-29.344172 -43.170673
-29.372908 -43.242901
-29.401670 -43.315083
-29.430460 -43.387215
-29.459276 -43.459301
-29.488119 -43.531338
-29.516989 -43.603329
-29.545885 -43.675270
-29.574808 -43.747166
-29.603758 -43.819016
-29.632736 -43.890816
-29.661741 -43.962570
-29.690773 -44.034275
-29.719831 -44.105934
-29.754221 -44.176987
-29.788679 -44.247997
-29.823206 -44.318962
-29.857801 -44.389885
-29.892466 -44.460766
-29.927200 -44.531605
-29.962004 -44.602398
-29.996876 -44.673149
-30.031816 -44.743858
-30.066826 -44.814526
-30.101904 -44.885147
-30.137051 -44.955727
-30.172266 -45.026264
-30.207550 -45.096756
-30.242905 -45.167206
-30.278328 -45.237614
-30.313820 -45.307980
-30.349380 -45.378300
-30.385010 -45.448578
-30.420708 -45.518814
-30.456474 -45.589008
-30.492310 -45.659157
-30.528215 -45.729263
-30.564190 -45.799328
-30.600233 -45.869350
-30.636345 -45.939327
-30.672525 -46.009262
-30.708775 -46.079155
-30.745092 -46.149002
-30.781479 -46.218807
-30.817936 -46.288570
-30.854462 -46.358292
-30.891056 -46.427967
-30.927719 -46.497601
-30.964451 -46.567192
-31.001251 -46.636742
-31.038120 -46.706245
-31.075058 -46.775707
-31.112066 -46.845127
-31.149143 -46.914501
-31.185017 -46.991524
-31.220947 -47.068439
-31.256937 -47.145248
-31.292986 -47.221954
-31.329094 -47.298553
-31.365261 -47.375050
-31.401487 -47.451439
-31.437771 -47.527725
-31.474113 -47.603905
-31.510515 -47.679981
-31.546976 -47.755951
-31.583496 -47.831818
-31.620075 -47.907578
-31.656712 -47.983234
-31.693407 -48.058784
-31.730162 -48.134232
-31.766975 -48.209572
-31.803848 -48.284809
-31.840780 -48.359940
-31.877769 -48.434967
-31.914818 -48.509888
-31.951925 -48.584702
-31.989092 -48.659412
-32.026318 -48.734016
-32.063602 -48.808517
-32.100945 -48.882912
-32.138348 -48.957203
-32.175808 -49.031387
-32.213326 -49.105469
-32.250904 -49.179443
-32.288540 -49.253315
-32.326237 -49.327080
-32.363991 -49.400742
-32.401802 -49.474297
-32.439674 -49.547749
-32.477604 -49.621094
-32.515594 -49.694336
-32.553642 -49.767471
-32.591751 -49.840504
-32.629917 -49.913429
-32.676128 -49.975201
-32.722466 -50.036957
-32.768925 -50.098698
-32.815506 -50.160423
-32.862209 -50.222134
-32.909035 -50.283825
-32.955982 -50.345501
-33.003052 -50.407162
-33.050243 -50.468807
-33.097557 -50.530437
-33.144993 -50.592052
-33.192551 -50.653648
-33.240231 -50.715229
-33.288033 -50.776794
-33.335957 -50.838345
-33.384003 -50.899879
-33.432171 -50.961399
-33.480461 -51.022900
-33.528873 -51.084385
-33.577408 -51.145855
-33.626064 -51.207310
-33.674843 -51.268749
-33.723743 -51.330173
-33.772766 -51.391579
-33.821911 -51.452969
-33.871178 -51.514343
-33.920567 -51.575703
-33.970078 -51.637047
-34.019711 -51.698376
-34.069466 -51.759686
-34.119343 -51.820980
-34.169346 -51.882259
-34.219471 -51.943523
-34.269718 -52.004772
-34.320087 -52.066006
-34.370579 -52.127220
-34.421192 -52.188419
-34.471928 -52.249603
-34.522785 -52.310772
-34.573765 -52.371925
-34.625710 -52.444183
-34.677784 -52.516338
-34.729988 -52.588387
-34.782322 -52.660328
-34.834782 -52.732166
-34.887371 -52.803898
-34.940090 -52.875523
-34.992939 -52.947044
-35.045914 -53.018459
-35.099018 -53.089767
-35.152252 -53.160969
-35.205616 -53.232067
-35.259109 -53.303059
-35.312729 -53.373943
-35.366478 -53.444725
-35.420357 -53.515400
-35.474365 -53.585968
-35.528503 -53.656433
-35.582767 -53.726791
-35.637161 -53.797043
-35.691685 -53.867191
-35.746338 -53.937233
-35.801121 -54.007168
-35.856030 -54.077000
-35.911068 -54.146725
-35.966236 -54.216343
-36.021534 -54.285858
-36.076958 -54.355267
-36.132511 -54.424568
-36.188194 -54.493763
-36.244007 -54.562855
-36.299950 -54.631840
-36.356018 -54.700718
-36.412216 -54.769493
-36.468544 -54.838161
-36.525002 -54.906723
-36.581589 -54.975182
-36.638302 -55.043533
-36.695145 -55.111778
-36.752117 -55.179920
-36.804848 -55.244534
-36.857670 -55.309067
-36.910587 -55.373524
-36.963600 -55.437901
-37.016705 -55.502201
-37.069904 -55.566425
-37.123199 -55.630569
-37.176586 -55.694637
-37.230068 -55.758625
-37.283646 -55.822536
-37.337318 -55.886368
-37.391083 -55.950123
-37.444942 -56.013798
-37.498898 -56.077396
-37.552944 -56.140919
-37.607086 -56.204361
-37.661324 -56.267727
-37.715652 -56.331013
-37.770077 -56.394222
-37.824596 -56.457352
-37.879208 -56.520405
-37.933914 -56.583378
-37.988716 -56.646275
-38.043613 -56.709095
-38.098602 -56.771835
-38.153687 -56.834499
-38.208866 -56.897083
-38.264137 -56.959591
-38.319504 -57.022018
-38.374966 -57.084370
-38.430519 -57.146641
-38.486168 -57.208836
-38.541912 -57.270954
-38.597752 -57.332993
-38.653683 -57.394955
-38.709709 -57.456837
-38.765831 -57.518642
-38.822044 -57.580368
-38.878353 -57.642017
-38.934757 -57.703587
-38.990475 -57.759697
-39.046280 -57.815773
-39.102173 -57.871815
-39.158154 -57.927822
-39.214222 -57.983795
-39.270378 -58.039734
-39.326622 -58.095638
-39.382954 -58.151508
-39.439373 -58.207344
-39.495880 -58.263145
-39.552475 -58.318909
-39.609158 -58.374638
-39.665928 -58.430332
-39.722786 -58.485992
-39.779736 -58.541618
-39.836773 -58.597210
-39.893898 -58.652767
-39.951111 -58.708290
-40.008411 -58.763779
-40.065800 -58.819233
-40.123276 -58.874653
-40.180840 -58.930038
-40.238491 -58.985390
-40.296230 -59.040707
-40.354057 -59.095989
-40.411972 -59.151234
-40.469975 -59.206444
-40.528065 -59.261620
-40.586246 -59.316761
-40.644516 -59.371868
-40.702873 -59.426941
-40.761318 -59.481979
-40.819851 -59.536983
-40.878471 -59.591953
-40.937180 -59.646889
-40.995975 -59.701790
-41.054859 -59.756657
-41.113831 -59.811489
-41.172890 -59.866287
-41.232037 -59.921047
-41.289509 -59.973755
-41.347054 -60.026443
-41.404675 -60.079113
-41.462368 -60.131763
-41.520134 -60.184395
-41.577976 -60.237011
-41.635891 -60.289608
-41.693882 -60.342186
-41.751945 -60.394745
-41.810081 -60.447285
-41.868294 -60.499809
-41.926579 -60.552315
-41.984940 -60.604801
-42.043373 -60.657269
-42.101879 -60.709717
-42.160461 -60.762150
-42.219116 -60.814564
-42.277847 -60.866959
-42.336651 -60.919334
-42.395527 -60.971691
-42.454479 -61.024033
-42.513504 -61.076355
-42.572605 -61.128658
-42.631779 -61.180943
-42.691025 -61.233208
-42.750347 -61.285458
-42.809742 -61.337688
-42.869213 -61.389900
-42.928757 -61.442093
-42.988373 -61.494267
-43.048065 -61.546425
-43.107830 -61.598564
-43.167671 -61.650684
-43.227585 -61.702785
-43.287571 -61.754868
-43.347633 -61.806934
-43.407768 -61.858982
-43.467979 -61.911011
-43.528263 -61.963020
-43.588619 -62.015011
-43.647438 -62.069290
-43.706318 -62.123535
-43.765259 -62.177742
-43.824261 -62.231911
-43.883324 -62.286045
-43.942448 -62.340141
-44.001633 -62.394199
-44.060879 -62.448223
-44.120186 -62.502209
-44.179554 -62.556156
-44.238983 -62.610069
-44.298477 -62.663944
-44.358032 -62.717781
-44.417648 -62.771584
-44.477325 -62.825348
-44.537064 -62.879074
-44.596863 -62.932762
-44.656723 -62.986416
-44.716644 -63.040031
-44.776627 -63.093609
-44.836670 -63.147152
-44.896774 -63.200657
-44.956940 -63.254124
-45.017166 -63.307556
-45.077454 -63.360950
-45.137802 -63.414307
-45.198212 -63.467628
-45.258682 -63.520912
-45.319214 -63.574158
-45.379807 -63.627369
-45.440460 -63.680542
-45.501175 -63.733677
-45.561951 -63.786777
-45.622787 -63.839840
-45.683689 -63.892864
-45.744652 -63.945854
-45.805676 -63.998806
-45.866760 -64.051720
-45.927906 -64.104599
-45.989113 -64.157440
-46.017960 -64.207817
-46.046612 -64.258171
-46.075066 -64.308510
-46.103325 -64.358833
-46.131386 -64.409142
-46.159252 -64.459427
-46.186924 -64.509697
-46.214397 -64.559952
-46.241676 -64.610184
-46.268757 -64.660400
-46.295643 -64.710602
-46.322334 -64.760788
-46.348827 -64.810951
-46.375126 -64.861099
-46.401226 -64.911232
-46.427132 -64.961349
-46.452843 -65.011444
-46.478355 -65.061523
-46.503674 -65.111588
-46.528793 -65.161636
-46.553719 -65.211662
-46.578449 -65.261673
-46.602982 -65.311668
-46.627319 -65.361641
-46.651459 -65.411598
-46.675404 -65.461540
-46.699154 -65.511467
-46.722706 -65.561371
-46.746063 -65.611259
-46.769222 -65.661133
-46.792187 -65.710991
-46.814957 -65.760826
-46.837528 -65.810646
-46.859905 -65.860451
-46.882084 -65.910240
-46.904068 -65.960007
-46.925854 -66.009758
-46.947445 -66.059494
-46.968842 -66.109207
-46.990040 -66.158905
-46.999626 -66.215332
-47.008926 -66.271690
-47.017941 -66.327972
-47.026669 -66.384186
-47.035110 -66.440323
-47.043266 -66.496391
-47.051132 -66.552391
-47.058712 -66.608315
-47.066006 -66.664169
-47.073013 -66.719948
-47.079735 -66.775658
-47.086170 -66.831299
-47.092316 -66.886864
-47.098175 -66.942360
-47.103748 -66.997780
-47.109035 -67.053131
-47.114037 -67.108414
-47.118752 -67.163620
-47.123180 -67.218758
-47.127319 -67.273827
-47.131172 -67.328819
-47.134739 -67.383743
-47.138020 -67.438591
-47.141014 -67.493370
-47.143723 -67.548080
-47.146141 -67.602715
-47.148273 -67.657280
-47.150120 -67.711769
-47.151680 -67.766190
-47.152954 -67.820541
-47.153942 -67.874817
-47.154640 -67.929024
-47.155052 -67.983154
-47.155178 -68.037216
-47.155018 -68.091209
-47.154572 -68.145126
-47.153839 -68.198975
-47.152821 -68.252747
-47.151512 -68.306450
-47.149918 -68.360085
-47.146866 -68.405151
-47.143517 -68.450211
-47.139874 -68.495270
-47.135933 -68.540329
-47.131699 -68.585381
-47.127167 -68.630432
-47.122337 -68.675476
-47.117214 -68.720520
-47.111794 -68.765556
-47.106079 -68.810593
-47.100067 -68.855629
-47.093758 -68.900658
-47.087154 -68.945686
-47.080254 -68.990707
-47.073059 -69.035728
-47.065567 -69.080750
-47.057777 -69.125763
-47.049694 -69.170776
-47.041313 -69.215782
-47.032639 -69.260788
-47.023666 -69.305786
-47.014397 -69.350784
-47.004833 -69.395782
-46.994972 -69.440773
-46.984818 -69.485764
-46.974365 -69.530746
-46.963615 -69.575729
-46.952572 -69.620712
-46.941231 -69.665688
-46.929596 -69.710663
-46.917664 -69.755630
-46.905434 -69.800598
-46.892910 -69.845558
-46.880089 -69.890518
-46.866974 -69.935478
-46.853561 -69.980431
-46.839851 -70.025383
-46.825848 -70.070328
-46.811546 -70.115273
-46.796951 -70.160210
-46.797634 -70.215996
-46.798141 -70.271690
-46.798477 -70.327293
-46.798641 -70.382812
-46.798634 -70.438240
-46.798454 -70.493576
-46.798100 -70.548820
-46.797573 -70.603973
-46.796875 -70.659035
-46.796005 -70.714005
-46.794964 -70.768883
-46.793751 -70.823669
-46.792362 -70.878372
-46.790802 -70.932983
-46.789070 -70.987503
-46.787167 -71.041931
-46.785091 -71.096268
-46.782841 -71.150513
-46.780418 -71.204666
-46.777824 -71.258728
-46.775059 -71.312698
-46.772121 -71.366585
-46.769009 -71.420380
-46.765724 -71.474083
-46.762268 -71.527695
-46.758640 -71.581215
-46.754841 -71.634644
-46.750866 -71.687981
-46.746719 -71.741226
-46.742401 -71.794380
-46.737911 -71.847450
-46.733250 -71.900429
-46.728413 -71.953316
-46.723404 -72.006111
-46.718224 -72.058815
-46.712872 -72.111427
-46.707348 -72.163948
-46.701649 -72.216377
-46.695778 -72.268715
-46.689735 -72.320969
-46.693813 -72.374565
-46.697803 -72.428062
-46.701702 -72.481453
-46.705509 -72.534744
-46.709225 -72.587936
-46.712852 -72.641022
-46.716389 -72.694008
-46.719833 -72.746887
-46.723186 -72.799667
-46.726448 -72.852348
-46.729622 -72.904922
-46.732704 -72.957397
-46.735695 -73.009766
-46.738594 -73.062035
-46.741405 -73.114197
-46.744125 -73.166260
-46.746754 -73.218224
-46.749290 -73.270081
-46.751736 -73.321838
-46.754093 -73.373489
-46.756359 -73.425041
-46.758533 -73.476494
-46.760616 -73.527840
-46.762611 -73.579086
-46.764515 -73.630226
-46.766327 -73.681267
-46.768047 -73.732208
-46.769676 -73.783043
-46.771217 -73.833778
-46.772667 -73.884407
-46.774025 -73.934937
-46.775291 -73.985367
-46.776470 -74.035690
-46.777557 -74.085915
-46.778553 -74.136032
-46.779457 -74.186050
-46.780270 -74.235962
-46.780994 -74.285774
-46.781628 -74.335487
-46.782169 -74.385094
-46.779282 -74.425545
-46.776276 -74.465973
-46.773155 -74.506371
-46.769917 -74.546738
-46.766560 -74.587074
-46.763084 -74.627380
-46.759495 -74.667656
-46.755787 -74.707901
-46.751961 -74.748123
-46.748020 -74.788315
-46.743961 -74.828476
-46.739784 -74.868607
-46.735489 -74.908707
-46.731079 -74.948776
-46.726551 -74.988823
-46.721905 -75.028839
-46.717144 -75.068825
-46.712265 -75.108780
-46.707268 -75.148705
-46.702152 -75.188599
-46.696922 -75.228470
-46.691574 -75.268311
-46.686108 -75.308121
-46.680523 -75.347900
-46.674824 -75.387650
-46.669006 -75.427368
-46.663071 -75.467064
-46.657021 -75.506729
-46.650852 -75.546364
-46.644566 -75.585968
-46.638161 -75.625542
-46.631641 -75.665085
-46.625004 -75.704597
-46.618248 -75.744087
-46.611374 -75.783546
-46.604385 -75.822975
-46.597279 -75.862373
-46.590054 -75.901741
-46.582714 -75.941078
-46.575256 -75.980392
-46.567707 -76.019241
-46.560040 -76.058060
-46.552254 -76.096855
-46.544353 -76.135628
-46.536335 -76.174370
-46.528198 -76.213089
-46.519947 -76.251785
-46.511578 -76.290451
-46.503090 -76.329094
-46.494488 -76.367706
-46.485767 -76.406296
-46.476929 -76.444862
-46.467976 -76.483398
-46.458904 -76.521912
-46.449715 -76.560402
-46.440411 -76.598862
-46.430988 -76.637299
-46.421448 -76.675705
-46.411793 -76.714088
-46.402020 -76.752449
-46.392128 -76.790779
-46.382122 -76.829086
-46.371998 -76.867363
-46.361755 -76.905617
-46.351398 -76.943848
-46.340923 -76.982048
-46.330330 -77.020226
-46.319622 -77.058380
-46.308796 -77.096504
-46.297852 -77.134605
-46.286793 -77.172676
-46.275616 -77.210724
-46.264320 -77.248749
-46.252911 -77.286743
-46.241383 -77.324715
-46.229736 -77.362663
-46.217976 -77.400581
-46.206097 -77.438477
-46.194099 -77.476341
-46.181988 -77.514183
-46.169605 -77.554268
-46.157104 -77.594307
-46.144485 -77.634300
-46.131748 -77.674255
-46.118893 -77.714165
-46.105919 -77.754028
-46.092827 -77.793846
-46.079617 -77.833626
-46.066288 -77.873360
-46.052841 -77.913048
-46.039276 -77.952690
-46.025593 -77.992287
-46.011791 -78.031845
-45.997871 -78.071358
-45.983833 -78.110825
-45.969681 -78.150246
-45.955410 -78.189629
-45.941021 -78.228966
-45.926514 -78.268257
-45.911888 -78.307503
-45.897144 -78.346703
-45.882282 -78.385864
-45.867302 -78.424980
-45.852203 -78.464050
-45.836987 -78.503075
-45.821651 -78.542061
-45.806198 -78.581001
-45.790627 -78.619896
-45.774937 -78.658745
-45.759129 -78.697548
-45.743202 -78.736313
-45.727158 -78.775032
-45.710995 -78.813705
-45.694714 -78.852333
-45.678314 -78.890923
-45.661797 -78.929466
-45.645161 -78.967964
-45.628407 -79.006416
-45.611534 -79.044823
-45.594543 -79.083191
-45.586479 -79.118576
-45.578369 -79.153938
-45.570213 -79.189278
-45.562012 -79.224602
-45.553764 -79.259903
-45.545471 -79.295181
-45.537128 -79.330444
-45.528740 -79.365685
-45.520306 -79.400902
-45.511826 -79.436104
-45.503300 -79.471283
-45.494728 -79.506439
-45.486107 -79.541580
-45.477440 -79.576698
-45.468727 -79.611794
-45.459969 -79.646873
-45.451164 -79.681931
-45.442314 -79.716965
-45.433418 -79.751976
-45.424473 -79.786972
-45.415482 -79.821945
-45.406445 -79.856895
-45.397362 -79.891830
-45.388233 -79.926743
-45.379059 -79.961632
-45.369835 -79.996506
-45.360565 -80.031357
-45.351250 -80.066185
-45.341888 -80.100998
-45.332481 -80.135788
-45.323029 -80.170555
-45.313526 -80.205307
-45.303978 -80.240036
-45.294384 -80.274742
-45.284744 -80.309433
-45.275059 -80.344101
-45.265327 -80.378746
-45.255547 -80.413376
-45.245720 -80.447983
-45.235847 -80.482567
-45.224731 -80.516586
-45.213558 -80.550591
-45.202332 -80.584579
-45.191048 -80.618553
-45.179710 -80.652512
-45.168316 -80.686455
-45.156864 -80.720383
-45.145359 -80.754288
-45.133797 -80.788177
-45.122177 -80.822052
-45.110504 -80.855911
-45.098774 -80.889755
-45.086987 -80.923584
-45.075146 -80.957397
-45.063248 -80.991196
-45.051292 -81.024979
-45.039284 -81.058746
-45.027218 -81.092499
-45.015095 -81.126228
-45.002918 -81.159943
-44.990685 -81.193642
-44.978394 -81.227325
-44.966049 -81.260994
-44.953648 -81.294647
-44.941189 -81.328285
-44.928677 -81.361908
-44.916107 -81.395515
-44.903481 -81.429108
-44.890800 -81.462677
-44.878063 -81.496231
-44.865273 -81.529770
-44.852425 -81.563293
-44.839520 -81.596802
-44.826561 -81.630295
-44.813545 -81.663773
-44.800472 -81.697235
-44.787346 -81.730682
-44.774162 -81.764114
-44.760921 -81.797523
-44.747627 -81.830917
-44.735447 -81.862602
-44.723221 -81.894279
-44.710949 -81.925957
-44.698627 -81.957634
-44.686260 -81.989304
-44.673847 -82.020973
-44.661388 -82.052643
-44.648884 -82.084305
-44.636330 -82.115967
-44.623730 -82.147629
-44.611084 -82.179291
-44.598392 -82.210945
-44.585655 -82.242599
-44.572868 -82.274254
-44.560036 -82.305901
-44.547157 -82.337547
-44.534233 -82.369194
-44.521259 -82.400833
-44.508240 -82.432472
-44.495174 -82.464111
-44.482063 -82.495750
-44.468906 -82.527382
-44.455700 -82.559013
-44.442448 -82.590645
-44.429150 -82.622269
-44.415806 -82.653893
-44.402416 -82.685516
-44.388977 -82.717133
-44.375492 -82.748749
-44.361961 -82.780365
-44.348385 -82.811981
-44.334759 -82.843590
-44.321087 -82.875198
-44.307369 -82.906807
-44.293606 -82.938408
-44.279797 -82.970009
-44.265938 -83.001610
-44.252033 -83.033203
-44.238083 -83.064796
-44.224087 -83.096390
-44.210735 -83.129356
-44.197342 -83.162308
-44.183910 -83.195244
-44.170437 -83.228172
-44.156921 -83.261086
-44.143364 -83.293983
-44.129768 -83.326866
-44.116131 -83.359741
-44.102451 -83.392601
-44.088730 -83.425446
-44.074966 -83.458275
-44.061165 -83.491096
-44.047321 -83.523903
-44.033436 -83.556694
-44.019508 -83.589470
-44.005543 -83.622238
-43.991535 -83.654991
-43.977486 -83.687729
-43.963394 -83.720451
-43.949261 -83.753166
-43.935089 -83.785866
-43.920876 -83.818550
-43.906620 -83.851219
-43.892323 -83.883881
-43.877987 -83.916527
-43.863609 -83.949158
-43.849190 -83.981773
-43.834728 -84.014381
-43.820225 -84.046974
-43.805683 -84.079552
-43.791100 -84.112114
-43.776474 -84.144669
-43.761806 -84.177208
-43.747101 -84.209732
-43.732353 -84.242241
-43.717564 -84.274734
-43.702732 -84.307220
-43.687862 -84.339691
-43.672951 -84.372147
-43.657997 -84.404587
-43.648205 -84.436272
-43.638412 -84.467949
-43.628620 -84.499619
-43.618832 -84.531281
-43.609043 -84.562935
-43.599255 -84.594582
-43.589466 -84.626221
-43.579678 -84.657852
-43.569889 -84.689476
-43.560101 -84.721092
-43.550312 -84.752701
-43.540524 -84.784309
-43.530735 -84.815910
-43.520947 -84.847504
-43.511158 -84.879089
-43.501369 -84.910667
-43.491581 -84.942238
-43.481792 -84.973801
-43.472004 -85.005356
-43.462215 -85.036903
-43.452427 -85.068443
-43.442638 -85.099976
-43.432854 -85.131500
-43.423069 -85.163017
-43.413284 -85.194527
-43.403500 -85.226028
-43.393715 -85.257523
-43.383930 -85.289009
-43.374146 -85.320488
-43.364361 -85.351959
-43.354576 -85.383423
-43.344791 -85.414879
-43.335007 -85.446327
-43.325222 -85.477768
-43.315437 -85.509201
-43.305653 -85.540627
-43.295868 -85.572044
-43.286083 -85.603455
-43.276299 -85.634857
-43.266514 -85.666252
-43.261505 -85.698906
-43.256535 -85.731544
-43.251602 -85.764168
-43.246708 -85.796768
-43.241852 -85.829353
-43.237034 -85.861923
-43.232254 -85.894470
-43.227512 -85.927002
-43.222809 -85.959518
-43.218143 -85.992012
-43.213516 -86.024490
-43.208927 -86.056953
-43.204376 -86.089394
-43.199863 -86.121819
-43.195389 -86.154228
-43.190952 -86.186623
-43.186554 -86.218994
-43.182194 -86.251350
-43.177872 -86.283691
-43.173588 -86.316010
-43.169342 -86.348312
-43.165134 -86.380600
-43.160965 -86.412865
-43.156834 -86.445114
-43.152740 -86.477348
-43.148685 -86.509567
-43.144669 -86.541763
-43.140690 -86.573944
-43.136749 -86.606110
-43.132847 -86.638252
-43.128983 -86.670380
-43.125156 -86.702492
-43.121368 -86.734581
-43.117619 -86.766655
-43.113907 -86.798714
-43.110233 -86.830750
-43.106598 -86.862770
-43.103001 -86.894775
-43.099442 -86.926765
-43.095921 -86.958733
-43.091049 -86.993774
-43.086208 -87.028770
-43.081394 -87.063721
-43.076607 -87.098633
-43.071846 -87.133499
-43.067112 -87.168327
-43.062405 -87.203110
-43.057724 -87.237854
-43.053070 -87.272552
-43.048443 -87.307205
-43.043846 -87.341820
-43.039276 -87.376389
-43.034733 -87.410919
-43.030216 -87.445404
-43.025726 -87.479851
-43.021263 -87.514252
-43.016827 -87.548607
-43.012417 -87.582924
-43.008034 -87.617195
-43.003677 -87.651428
-42.999352 -87.685616
-42.995052 -87.719765
-42.990780 -87.753868
-42.986534 -87.787926
-42.982315 -87.821945
-42.978123 -87.855919
-42.973957 -87.889854
-42.969818 -87.923744
-42.965706 -87.957596
-42.961620 -87.991402
-42.957565 -88.025162
-42.953537 -88.058884
-42.949535 -88.092560
-42.945560 -88.126198
-42.941612 -88.159790
-42.937691 -88.193344
-42.933796 -88.226852
-42.929928 -88.260315
-42.926086 -88.293739
-42.922276 -88.327118
-42.920292 -88.358994
-42.918350 -88.390839
-42.916451 -88.422653
-42.914593 -88.454437
-42.912773 -88.486191
-42.910995 -88.517914
-42.909260 -88.549606
-42.907566 -88.581268
-42.905914 -88.612900
-42.904305 -88.644501
-42.902733 -88.676071
-42.901203 -88.707611
-42.899715 -88.739120
-42.898270 -88.770599
-42.896866 -88.802048
-42.895504 -88.833466
-42.894184 -88.864853
-42.892902 -88.896210
-42.891663 -88.927536
-42.890465 -88.958832
-42.889309 -88.990097
-42.888195 -89.021324
-42.887123 -89.052521
-42.886093 -89.083687
-42.885101 -89.114822
-42.884151 -89.145927
-42.883244 -89.177002
-42.882378 -89.208046
-42.881554 -89.239059
-42.880772 -89.270042
-42.880032 -89.300995
-42.879330 -89.331917
-42.878670 -89.362808
-42.878052 -89.393669
-42.877476 -89.424500
-42.876942 -89.455299
-42.876450 -89.486069
-42.875999 -89.516808
-42.875587 -89.547516
-42.875217 -89.578194
-42.876110 -89.610428
-42.877056 -89.642616
-42.878052 -89.674767
-42.879101 -89.706871
-42.880199 -89.738930
-42.881348 -89.770950
-42.882549 -89.802925
-42.883801 -89.834854
-42.885105 -89.866737
-42.886459 -89.898582
-42.887863 -89.930382
-42.889320 -89.962135
-42.890827 -89.993851
-42.892387 -90.025520
-42.893997 -90.057144
-42.895657 -90.088730
-42.897369 -90.120270
-42.899132 -90.151764
-42.900948 -90.183212
-42.902813 -90.214622
-42.904728 -90.245987
-42.906696 -90.277306
-42.908714 -90.308586
-42.910786 -90.339821
-42.912907 -90.371010
-42.915077 -90.402161
-42.917301 -90.433266
-42.919575 -90.464325
-42.921902 -90.495338
-42.924278 -90.526314
-42.926704 -90.557243
-42.929184 -90.588127
-42.931713 -90.618973
-42.934296 -90.649773
-42.936928 -90.680527
-42.939610 -90.711243
-42.942345 -90.741913
-42.945129 -90.772537
-42.947968 -90.803116
-42.950855 -90.833656
-42.953491 -90.859665
-42.956177 -90.885666
-42.958912 -90.911659
-42.961693 -90.937645
-42.964523 -90.963623
-42.967403 -90.989594
-42.970333 -91.015556
-42.973309 -91.041512
-42.976334 -91.067459
-42.979408 -91.093399
-42.982533 -91.119331
-42.985703 -91.145256
-42.988922 -91.171173
-42.992191 -91.197083
-42.995510 -91.222984
-42.998878 -91.248878
-43.002293 -91.274765
-43.005756 -91.300644
-43.009270 -91.326515
-43.012833 -91.352379
-43.016441 -91.378242
-43.020100 -91.404099
-43.023808 -91.429947
-43.027565 -91.455788
-43.031368 -91.481621
-43.035221 -91.507446
-43.039124 -91.533264
-43.043076 -91.559074
-43.047073 -91.584877
-43.051121 -91.610672
-43.055218 -91.636459
-43.059364 -91.662239
-43.063560 -91.688011
-43.067802 -91.713776
-43.072094 -91.739532
-43.076435 -91.765282
-43.080826 -91.791023
-43.085262 -91.816757
-43.089748 -91.842484
-43.094284 -91.868202
-43.093628 -91.899742
-43.092976 -91.931229
-43.092331 -91.962662
-43.091694 -91.994041
-43.091064 -92.025368
-43.090443 -92.056641
-43.089828 -92.087860
-43.089222 -92.119019
-43.088623 -92.150124
-43.088028 -92.181175
-43.087440 -92.212173
-43.086861 -92.243118
-43.086288 -92.274010
-43.085724 -92.304848
-43.085167 -92.335632
-43.084618 -92.366364
-43.084072 -92.397034
-43.083534 -92.427650
-43.083004 -92.458214
-43.082481 -92.488724
-43.081966 -92.519180
-43.081459 -92.549583
-43.080959 -92.579933
-43.080463 -92.610229
-43.079975 -92.640465
-43.079494 -92.670647
-43.079021 -92.700775
-43.078556 -92.730850
-43.078098 -92.760872
-43.077648 -92.790840
-43.077202 -92.820755
-43.076763 -92.850616
-43.076332 -92.880424
-43.075909 -92.910172
-43.075493 -92.939865
-43.075085 -92.969505
-43.074684 -92.999092
-43.074287 -93.028625
-43.073898 -93.058105
-43.073517 -93.087532
-43.078838 -93.114830
-43.084213 -93.142090
-43.089638 -93.169312
-43.095116 -93.196495
-43.100647 -93.223640
-43.106232 -93.250755
-43.111866 -93.277832
-43.117554 -93.304871
-43.123295 -93.331871
-43.129086 -93.358833
-43.134930 -93.385757
-43.140827 -93.412643
-43.146778 -93.439491
-43.152779 -93.466301
-43.158833 -93.493073
-43.164940 -93.519806
-43.171097 -93.546501
-43.177307 -93.573158
-43.183571 -93.599777
-43.189888 -93.626366
-43.196255 -93.652916
-43.202675 -93.679428
-43.209148 -93.705902
-43.215672 -93.732338
-43.222248 -93.758736
-43.228878 -93.785095
-43.235561 -93.811417
-43.242294 -93.837700
-43.249081 -93.863945
-43.255920 -93.890152
-43.262810 -93.916321
-43.269753 -93.942451
-43.276749 -93.968544
-43.283794 -93.994606
-43.290894 -94.020630
-43.298046 -94.046616
-43.305252 -94.072563
-43.312508 -94.098473
-43.319817 -94.124344
-43.327179 -94.150177
-43.328884 -94.171570
-43.330597 -94.192963
-43.332317 -94.214348
-43.334045 -94.235733
-43.335781 -94.257118
-43.337521 -94.278503
-43.339268 -94.299881
-43.341022 -94.321259
-43.342785 -94.342636
-43.344555 -94.364014
-43.346333 -94.385384
-43.348114 -94.406754
-43.349903 -94.428123
-43.351700 -94.449486
-43.353504 -94.470848
-43.355316 -94.492210
-43.357136 -94.513573
-43.358959 -94.534927
-43.360790 -94.556282
-43.362629 -94.577637
-43.364475 -94.598991
-43.366329 -94.620338
-43.368191 -94.641685
-43.370056 -94.663033
-43.371929 -94.684372
-43.373810 -94.705711
-43.375698 -94.727051
-43.377594 -94.748390
-43.379498 -94.769722
-43.381405 -94.791054
-43.383320 -94.812386
-43.385242 -94.833717
-43.387173 -94.855042
-43.389111 -94.876366
-43.391056 -94.897690
-43.393005 -94.919006
-43.394962 -94.940323
-43.396927 -94.961639
-43.398899 -94.982956
-43.400879 -95.004265
-43.405144 -95.030190
-43.409435 -95.056076
-43.413754 -95.081917
-43.418095 -95.107719
-43.422462 -95.133484
-43.426853 -95.159210
-43.431271 -95.184898
-43.435711 -95.210548
-43.440178 -95.236153
-43.444672 -95.261719
-43.449188 -95.287247
-43.453732 -95.312737
-43.458298 -95.338188
-43.462891 -95.363602
-43.467510 -95.388977
-43.472153 -95.414307
-43.476822 -95.439598
-43.481514 -95.464851
-43.486233 -95.490067
-43.490974 -95.515244
-43.495743 -95.540382
-43.500538 -95.565475
-43.505356 -95.590530
-43.510201 -95.615547
-43.515068 -95.640526
-43.519962 -95.665466
-43.524883 -95.690369
-43.529827 -95.715233
-43.534798 -95.740051
-43.539791 -95.764832
-43.544811 -95.789574
-43.549854 -95.814278
-43.554924 -95.838943
-43.560020 -95.863571
-43.565140 -95.888161
-43.570286 -95.912704
-43.575455 -95.937210
-43.580650 -95.961678
-43.585869 -95.986107
-43.591114 -96.010498
-43.597645 -96.036819
-43.604210 -96.063087
-43.610809 -96.089302
-43.617447 -96.115456
-43.624119 -96.141556
-43.630825 -96.167603
-43.637566 -96.193596
-43.644341 -96.219528
-43.651154 -96.245407
-43.658001 -96.271233
-43.664883 -96.297005
-43.671799 -96.322716
-43.678749 -96.348373
-43.685738 -96.373978
-43.692760 -96.399529
-43.699818 -96.425026
-43.706909 -96.450462
-43.714035 -96.475845
-43.721199 -96.501175
-43.728397 -96.526451
-43.735630 -96.551666
-43.742897 -96.576828
-43.750198 -96.601936
-43.757538 -96.626991
-43.764912 -96.651985
-43.772320 -96.676926
-43.779762 -96.701813
-43.787239 -96.726646
-43.794754 -96.751419
-43.802303 -96.776138
-43.809887 -96.800804
-43.817505 -96.825417
-43.825157 -96.849976
-43.832848 -96.874474
-43.840572 -96.898918
-43.848331 -96.923309
-43.856125 -96.947647
-43.863953 -96.971924
-43.871819 -96.996147
-43.879719 -97.020317
-43.889759 -97.041580
-43.899849 -97.062813
-43.909992 -97.084007
-43.920185 -97.105171
-43.930431 -97.126305
-43.940727 -97.147408
-43.951077 -97.168472
-43.961479 -97.189507
-43.971931 -97.210510
-43.982437 -97.231483
-43.992992 -97.252426
-44.003601 -97.273331
-44.014263 -97.294205
-44.024975 -97.315048
-44.035740 -97.335861
-44.046555 -97.356636
-44.057423 -97.377380
-44.068340 -97.398094
-44.079311 -97.418777
-44.090336 -97.439430
-44.101410 -97.460045
-44.112537 -97.480629
-44.123714 -97.501183
-44.134945 -97.521706
-44.146225 -97.542198
-44.157558 -97.562653
-44.168945 -97.583076
-44.180382 -97.603470
-44.191872 -97.623833
-44.203411 -97.644157
-44.215004 -97.664452
-44.226650 -97.684715
-44.238346 -97.704948
-44.250095 -97.725151
-44.261894 -97.745316
-44.273746 -97.765450
-44.285648 -97.785553
-44.297604 -97.805626
-44.309612 -97.825661
-44.321671 -97.845665
-44.336025 -97.869194
-44.350449 -97.892662
-44.364941 -97.916069
-44.379501 -97.939423
-44.394135 -97.962715
-44.408836 -97.985947
-44.423607 -98.009117
-44.438446 -98.032227
-44.453358 -98.055275
-44.468338 -98.078262
-44.483387 -98.101189
-44.498505 -98.124054
-44.513695 -98.146858
-44.528954 -98.169601
-44.544281 -98.192284
-44.559677 -98.214905
-44.575146 -98.237465
-44.590683 -98.259964
-44.606289 -98.282402
-44.621964 -98.304779
-44.637711 -98.327095
-44.653526 -98.349350
-44.669411 -98.371544
-44.685364 -98.393677
-44.701389 -98.415749
-44.717484 -98.437759
-44.733646 -98.459709
-44.749878 -98.481598
-44.766182 -98.503426
-44.782555 -98.525192
-44.798996 -98.546898
-44.815506 -98.568542
-44.832088 -98.590126
-44.848740 -98.611649
-44.865459 -98.633110
-44.882248 -98.654510
-44.899105 -98.675850
-44.916035 -98.697128
-44.933033 -98.718346
-44.950100 -98.739502
-44.973122 -98.765991
-44.996258 -98.792374
-45.019512 -98.818657
-45.042881 -98.844833
-45.066368 -98.870903
-45.089970 -98.896873
-45.113689 -98.922737
-45.137524 -98.948494
-45.161476 -98.974152
-45.185543 -98.999702
-45.209728 -99.025146
-45.234028 -99.050491
-45.258446 -99.075729
-45.282978 -99.100861
-45.307629 -99.125893
-45.332394 -99.150818
-45.357277 -99.175636
-45.382275 -99.200356
-45.407391 -99.224968
-45.432621 -99.249474
-45.457970 -99.273872
-45.483433 -99.298172
-45.509014 -99.322365
-45.534710 -99.346451
-45.560524 -99.370438
-45.586452 -99.394318
-45.612499 -99.418091
-45.638660 -99.441765
-45.664940 -99.465332
-45.691334 -99.488792
-45.717846 -99.512154
-45.744473 -99.535408
-45.771217 -99.558556
-45.798077 -99.581604
-45.825054 -99.604546
-45.852146 -99.627380
-45.879356 -99.650116
-45.906681 -99.672745
-45.934120 -99.695267
-45.961678 -99.717682
-45.988708 -99.734886
-46.015850 -99.752029
-46.043102 -99.769112
-46.070465 -99.786125
-46.097942 -99.803078
-46.125530 -99.819969
-46.153229 -99.836792
-46.181038 -99.853554
-46.208958 -99.870255
-46.236988 -99.886894
-46.265133 -99.903465
-46.293388 -99.919975
-46.321754 -99.936424
-46.350231 -99.952805
-46.378819 -99.969124
-46.407516 -99.985382
-46.436325 -100.001579
-46.465248 -100.017708
-46.494282 -100.033775
-46.523426 -100.049782
-46.552681 -100.065727
-46.582047 -100.081604
-46.611523 -100.097420
-46.641109 -100.113174
-46.670811 -100.128860
-46.700623 -100.144485
-46.730545 -100.160049
-46.760578 -100.175552
-46.790722 -100.190987
-46.820976 -100.206360
-46.851345 -100.221672
-46.881824 -100.236916
-46.912415 -100.252098
-46.943115 -100.267220
-46.973927 -100.282280
-47.004848 -100.297272
-47.035881 -100.312202
-47.067028 -100.327072
-47.098286 -100.341873
-47.129654 -100.356613
-47.160728 -100.371193
-47.191914 -100.385712
-47.223206 -100.400162
-47.254604 -100.414551
-47.286114 -100.428879
-47.317730 -100.443146
-47.349453 -100.457352
-47.381287 -100.471497
-47.413227 -100.485573
-47.445274 -100.499588
-47.477428 -100.513542
-47.509693 -100.527435
-47.542065 -100.541267
-47.574543 -100.555031
-47.607132 -100.568733
-47.639828 -100.582375
-47.672630 -100.595955
-47.705544 -100.609474
-47.738564 -100.622932
-47.771690 -100.636322
-47.804928 -100.649651
-47.838272 -100.662918
-47.871723 -100.676125
-47.905285 -100.689270
-47.938953 -100.702354
-47.972729 -100.715370
-48.006611 -100.728325
-48.040604 -100.741219
-48.074703 -100.754051
-48.108910 -100.766823
-48.143227 -100.779526
-48.177650 -100.792168
-48.212181 -100.804749
-48.246822 -100.817268
-48.281570 -100.829727
-48.316425 -100.842125
-48.351391 -100.854454
-48.386463 -100.866722
-48.421642 -100.878929
-48.456928 -100.891075
-48.491444 -100.906158
-48.526058 -100.921158
-48.560776 -100.936066
-48.595592 -100.950890
-48.630508 -100.965630
-48.665527 -100.980278
-48.700645 -100.994843
-48.735867 -101.009323
-48.771187 -101.023712
-48.806610 -101.038017
-48.842133 -101.052231
-48.877758 -101.066360
-48.913483 -101.080406
-48.949310 -101.094360
-48.985237 -101.108231
-49.021267 -101.122017
-49.057396 -101.135712
-49.093628 -101.149323
-49.129959 -101.162849
-49.166393 -101.176285
-49.202927 -101.189636
-49.239563 -101.202904
-49.276299 -101.216080
-49.313137 -101.229172
-49.350075 -101.242180
-49.387115 -101.255096
-49.424255 -101.267929
-49.461494 -101.280678
-49.498837 -101.293335
-49.536278 -101.305908
-49.573822 -101.318390
-49.611465 -101.330788
-49.649212 -101.343102
-49.687057 -101.355324
-49.725006 -101.367462
-49.763054 -101.379517
-49.801205 -101.391479
-49.839455 -101.403358
-49.877808 -101.415154
-49.916260 -101.426857
-49.949661 -101.440376
-49.983120 -101.453789
-50.016640 -101.467102
-50.050220 -101.480316
-50.083862 -101.493423
-50.117561 -101.506432
-50.151321 -101.519333
-50.185143 -101.532135
-50.219025 -101.544838
-50.252968 -101.557434
-50.286968 -101.569931
-50.321030 -101.582329
-50.355152 -101.594620
-50.389336 -101.606812
-50.423576 -101.618904
-50.457878 -101.630890
-50.492241 -101.642776
-50.526665 -101.654564
-50.561146 -101.666245
-50.595688 -101.677826
-50.630291 -101.689308
-50.664955 -101.700684
-50.699677 -101.711960
-50.734459 -101.723129
-50.769302 -101.734200
-50.804207 -101.745171
-50.839169 -101.756035
-50.874191 -101.766800
-50.909275 -101.777466
-50.944420 -101.788025
-50.979622 -101.798485
-51.014885 -101.808846
-51.050209 -101.819099
-51.085594 -101.829254
-51.121037 -101.839310
-51.156540 -101.849258
-51.192104 -101.859108
-51.227730 -101.868851
-51.263412 -101.878494
-51.299156 -101.888039
-51.357830 -101.883629
-51.416744 -101.879227
-51.475903 -101.874832
-51.535301 -101.870453
-51.594940 -101.866081
-51.654823 -101.861717
-51.714947 -101.857368
-51.775311 -101.853027
-51.835918 -101.848694
-51.896767 -101.844368
-51.957855 -101.840057
-52.019188 -101.835754
-52.080761 -101.831459
-52.142574 -101.827179
-52.204632 -101.822906
-52.266930 -101.818642
-52.329468 -101.814384
-52.392250 -101.810143
-52.455273 -101.805908
-52.518536 -101.801682
-52.582043 -101.797470
-52.645790 -101.793266
-52.709778 -101.789070
-52.774010 -101.784882
-52.838482 -101.780708
-52.903194 -101.776543
-52.968151 -101.772385
-53.033348 -101.768242
-53.098785 -101.764107
-53.164467 -101.759979
-53.230389 -101.755859
-53.296551 -101.751755
-53.362957 -101.747658
-53.429604 -101.743568
-53.496490 -101.739494
-53.563622 -101.735428
-53.630993 -101.731369
-53.698605 -101.727318
-53.766460 -101.723282
-53.834557 -101.719254
-53.861214 -101.729706
-53.887779 -101.740051
-53.914257 -101.750290
-53.940647 -101.760422
-53.966946 -101.770447
-53.993156 -101.780365
-54.019279 -101.790176
-54.045311 -101.799881
-54.071255 -101.809479
-54.097107 -101.818970
-54.122871 -101.828354
-54.148548 -101.837631
-54.174133 -101.846802
-54.199631 -101.855865
-54.225040 -101.864822
-54.250359 -101.873672
-54.275589 -101.882416
-54.300728 -101.891052
-54.325779 -101.899582
-54.350742 -101.908005
-54.375614 -101.916321
-54.400398 -101.924530
-54.425091 -101.932632
-54.449696 -101.940628
-54.474213 -101.948517
-54.498638 -101.956299
-54.522976 -101.963974
-54.547226 -101.971542
-54.571384 -101.979004
-54.595455 -101.986359
-54.619434 -101.993607
-54.643326 -102.000748
-54.667130 -102.007782
-54.690842 -102.014709
-54.714466 -102.021530
-54.737999 -102.028244
-54.761444 -102.034851
-54.784801 -102.041351
-54.808067 -102.047745
-54.831245 -102.054031
-54.837902 -102.053925
-54.844341 -102.053757
-54.850559 -102.053535
-54.856560 -102.053253
-54.862339 -102.052917
-54.867901 -102.052528
-54.873241 -102.052078
-54.878361 -102.051575
-54.883263 -102.051018
-54.887943 -102.050400
-54.892406 -102.049728
-54.896648 -102.049004
-54.900673 -102.048218
-54.904476 -102.047379
-54.908058 -102.046478
-54.911423 -102.045525
-54.914566 -102.044518
-54.917492 -102.043449
-54.920197 -102.042328
-54.922684 -102.041153
-54.924950 -102.039917
-54.926998 -102.038628
-54.928825 -102.037277
-54.930431 -102.035873
-54.931820 -102.034416
-54.932987 -102.032898
-54.933937 -102.031326
-54.934666 -102.029701
-54.935177 -102.028015
-54.935467 -102.026276
-54.935535 -102.024483
-54.935387 -102.022629
-54.935017 -102.020721
-54.934429 -102.018753
-54.933620 -102.016731
-54.932594 -102.014656
-54.931347 -102.012520
-54.929878 -102.010330
-54.928192 -102.008087
-54.926285 -102.005783
-54.930271 -102.001801
-54.934086 -101.997772
-54.937729 -101.993706
-54.941200 -101.989594
-54.944500 -101.985435
-54.947628 -101.981239
-54.950588 -101.976997
-54.953377 -101.972710
-54.955994 -101.968384
-54.958439 -101.964012
-54.960712 -101.959595
-54.962814 -101.955139
-54.964745 -101.950638
-54.966507 -101.946098
-54.968098 -101.941513
-54.969517 -101.936882
-54.970764 -101.932213
-54.971840 -101.927498
-54.972744 -101.922737
-54.973480 -101.917938
-54.974045 -101.913094
-54.974438 -101.908203
-54.974659 -101.903275
-54.974709 -101.898300
-54.974586 -101.893280
-54.974293 -101.888222
-54.973831 -101.883118
-54.973198 -101.877968
-54.972393 -101.872780
-54.971416 -101.867546
-54.970268 -101.862267
-54.968948 -101.856949
-54.967457 -101.851585
-54.965797 -101.846184
-54.963966 -101.840736
-54.961964 -101.835243
-54.959789 -101.829712
-54.957443 -101.824135
-54.954926 -101.818512
-54.952236 -101.812851
-54.960114 -101.813454
-54.967903 -101.813965
-54.975609 -101.814384
-54.983227 -101.814705
-54.990761 -101.814934
-54.998207 -101.815071
-55.005569 -101.815109
-55.012844 -101.815056
-55.020035 -101.814911
-55.027138 -101.814667
-55.034157 -101.814331
-55.041088 -101.813904
-55.047935 -101.813377
-55.054695 -101.812759
-55.061371 -101.812050
-55.067959 -101.811241
-55.074459 -101.810341
-55.080875 -101.809349
-55.087204 -101.808266
-55.093449 -101.807083
-55.099606 -101.805809
-55.105679 -101.804443
-55.111664 -101.802979
-55.117565 -101.801422
-55.123379 -101.799774
-55.129108 -101.798027
-55.134750 -101.796188
-55.140308 -101.794258
-55.145779 -101.792229
-55.151165 -101.790108
-55.156464 -101.787895
-55.161678 -101.785583
-55.166805 -101.783180
-55.171848 -101.780685
-55.176804 -101.778091
-55.181675 -101.775406
-55.186459 -101.772629
-55.191158 -101.769753
-55.195770 -101.766785
-55.200298 -101.763725
-55.218815 -101.751419
-55.237354 -101.739090
-55.255920 -101.726746
-55.274513 -101.714378
-55.293133 -101.701988
-55.311775 -101.689583
-55.330444 -101.677155
-55.349140 -101.664703
-55.367863 -101.652237
-55.386608 -101.639748
-55.405380 -101.627243
-55.424179 -101.614716
-55.443005 -101.602165
-55.461853 -101.589600
-55.480728 -101.577011
-55.499630 -101.564400
-55.518559 -101.551773
-55.537510 -101.539124
-55.556488 -101.526451
-55.575493 -101.513763
-55.594524 -101.501053
-55.613583 -101.488319
-55.632664 -101.475571
-55.651772 -101.462799
-55.670906 -101.450005
-55.690067 -101.437195
-55.709251 -101.424362
-55.728462 -101.411507
-55.747700 -101.398636
-55.766964 -101.385742
-55.786251 -101.372833
-55.805565 -101.359901
-55.824905 -101.346947
-55.844273 -101.333977
-55.863663 -101.320984
-55.883080 -101.307968
-55.902523 -101.294937
-55.921993 -101.281883
-55.941490 -101.268806
-55.961010 -101.255714
-55.962742 -101.243118
-55.964355 -101.230499
-55.965855 -101.217857
-55.967239 -101.205193
-55.968506 -101.192505
-55.969658 -101.179787
-55.970695 -101.167046
-55.971615 -101.154282
-55.972420 -101.141495
-55.973110 -101.128685
-55.973686 -101.115845
-55.974144 -101.102982
-55.974487 -101.090096
-55.974716 -101.077187
-55.974827 -101.064255
-55.974823 -101.051292
-55.974705 -101.038307
-55.974468 -101.025299
-55.974117 -101.012268
-55.973652 -100.999214
-55.973072 -100.986130
-55.972374 -100.973022
-55.971561 -100.959892
-55.970634 -100.946739
-55.969589 -100.933563
-55.968430 -100.920357
-55.967155 -100.907127
-55.965763 -100.893875
-55.964256 -100.880600
-55.962635 -100.867302
-55.960896 -100.853973
-55.959042 -100.840622
-55.957073 -100.827248
-55.954990 -100.813850
-55.952789 -100.800430
-55.950474 -100.786980
-55.948044 -100.773506
-55.945496 -100.760010
-55.942833 -100.746490
-55.940056 -100.732948
-55.943813 -100.720695
-55.947510 -100.708405
-55.951141 -100.696083
-55.954712 -100.683723
-55.958221 -100.671326
-55.961666 -100.658897
-55.965050 -100.646431
-55.968369 -100.633934
-55.971626 -100.621399
-55.974819 -100.608826
-55.977951 -100.596222
-55.981018 -100.583580
-55.984024 -100.570908
-55.986965 -100.558197
-55.989845 -100.545448
-55.992661 -100.532669
-55.995415 -100.519852
-55.998108 -100.507004
-56.000736 -100.494118
-56.003304 -100.481201
-56.005806 -100.468246
-56.008247 -100.455254
-56.010624 -100.442230
-56.012939 -100.429169
-56.015190 -100.416077
-56.017380 -100.402946
-56.019505 -100.389778
-56.021568 -100.376579
-56.023567 -100.363342
-56.025505 -100.350075
-56.027382 -100.336769
-56.029194 -100.323425
-56.030945 -100.310051
-56.032631 -100.296638
-56.034256 -100.283195
-56.035816 -100.269714
-56.037315 -100.256203
-56.038750 -100.242653
-56.040123 -100.229065
-56.041431 -100.215446
-56.048878 -100.206116
-56.056309 -100.196716
-56.063728 -100.187248
-56.071133 -100.177711
-56.078526 -100.168106
-56.085903 -100.158432
-56.093269 -100.148682
-56.100620 -100.138863
-56.107956 -100.128975
-56.115280 -100.119019
-56.122589 -100.108994
-56.129887 -100.098900
-56.137169 -100.088730
-56.144440 -100.078491
-56.151695 -100.068184
-56.158939 -100.057808
-56.166168 -100.047363
-56.173382 -100.036850
-56.180584 -100.026268
-56.187771 -100.015610
-56.194946 -100.004883
-56.202106 -99.994087
-56.209255 -99.983223
-56.216389 -99.972290
-56.223507 -99.961288
-56.230614 -99.950211
-56.237705 -99.939064
-56.244785 -99.927849
-56.251850 -99.916565
-56.258904 -99.905212
-56.265942 -99.893791
-56.272964 -99.882294
-56.279976 -99.870728
-56.286972 -99.859093
-56.293957 -99.847389
-56.300926 -99.835617
-56.307884 -99.823776
-56.314827 -99.811859
-56.321758 -99.799873
-56.328674 -99.787819
-56.340401 -99.771408
-56.352154 -99.754959
-56.363930 -99.738472
-56.375732 -99.721954
-56.387558 -99.705399
-56.399410 -99.688805
-56.411285 -99.672180
-56.423187 -99.655518
-56.435112 -99.638824
-56.447063 -99.622093
-56.459038 -99.605324
-56.471039 -99.588524
-56.483063 -99.571686
-56.495113 -99.554810
-56.507187 -99.537903
-56.519287 -99.520958
-56.531410 -99.503983
-56.543560 -99.486969
-56.555733 -99.469917
-56.567928 -99.452835
-56.580151 -99.435715
-56.592396 -99.418556
-56.604668 -99.401367
-56.616962 -99.384140
-56.629284 -99.366882
-56.641628 -99.349586
-56.653999 -99.332253
-56.666393 -99.314888
-56.678814 -99.297485
-56.691257 -99.280045
-56.703728 -99.262573
-56.716221 -99.245064
-56.728741 -99.227524
-56.741283 -99.209946
-56.753853 -99.192329
-56.766445 -99.174683
-56.779064 -99.156998
-56.791706 -99.139275
-56.804371 -99.121521
-56.817062 -99.103729
-56.823467 -99.090370
-56.829845 -99.076935
-56.836197 -99.063431
-56.842525 -99.049858
-56.848827 -99.036209
-56.855103 -99.022491
-56.861355 -99.008705
-56.867580 -98.994843
-56.873779 -98.980911
-56.879955 -98.966911
-56.886105 -98.952835
-56.892227 -98.938690
-56.898327 -98.924469
-56.904400 -98.910179
-56.910446 -98.895821
-56.916470 -98.881386
-56.922466 -98.866882
-56.928436 -98.852310
-56.934383 -98.837662
-56.940304 -98.822945
-56.946198 -98.808159
-56.952068 -98.793297
-56.957912 -98.778366
-56.963730 -98.763367
-56.969524 -98.748291
-56.975292 -98.733147
-56.981037 -98.717934
-56.986755 -98.702644
-56.992447 -98.687286
-56.998116 -98.671860
-57.003757 -98.656357
-57.009373 -98.640785
-57.014965 -98.625145
-57.020531 -98.609428
-57.026070 -98.593643
-57.031586 -98.577789
-57.037075 -98.561859
-57.042538 -98.545860
-57.047977 -98.529785
-57.053391 -98.513641
-57.035152 -98.499352
-57.016701 -98.484970
-56.998039 -98.470505
-56.979164 -98.455956
-56.960075 -98.441315
-56.940773 -98.426590
-56.921257 -98.411774
-56.901527 -98.396873
-56.881588 -98.381889
-56.861435 -98.366814
-56.841068 -98.351654
-56.820488 -98.336411
-56.799694 -98.321075
-56.778690 -98.305656
-56.757473 -98.290146
-56.736042 -98.274551
-56.714397 -98.258873
-56.692539 -98.243103
-56.670471 -98.227249
-56.648190 -98.211311
-56.625694 -98.195282
-56.602985 -98.179169
-56.580063 -98.162964
-56.556931 -98.146675
-56.533585 -98.130302
-56.510025 -98.113838
-56.486252 -98.097290
-56.462265 -98.080658
-56.438065 -98.063934
-56.413654 -98.047127
-56.389030 -98.030228
-56.364193 -98.013245
-56.339142 -97.996178
-56.313877 -97.979019
-56.288403 -97.961777
-56.262714 -97.944450
-56.236813 -97.927032
-56.210697 -97.909531
-56.184368 -97.891937
-56.157829 -97.874260
-56.118652 -97.856644
-56.079163 -97.838943
-56.039364 -97.821152
-55.999252 -97.803276
-55.958828 -97.785309
-55.918095 -97.767250
-55.877048 -97.749107
-55.835690 -97.730873
-55.794022 -97.712555
-55.752041 -97.694145
-55.709747 -97.675652
-55.667145 -97.657066
-55.624229 -97.638397
-55.581001 -97.619637
-55.537464 -97.600792
-55.493614 -97.581856
-55.449451 -97.562836
-55.404980 -97.543724
-55.360195 -97.524529
-55.315098 -97.505241
-55.269691 -97.485863
-55.223972 -97.466400
-55.177940 -97.446846
-55.131599 -97.427208
-55.084946 -97.407478
-55.037983 -97.387665
-54.990707 -97.367760
-54.943119 -97.347771
-54.895222 -97.327690
-54.847012 -97.307526
-54.798489 -97.287270
-54.749657 -97.266930
-54.700512 -97.246498
-54.651054 -97.225983
-54.601288 -97.205376
-54.551208 -97.184677
-54.500816 -97.163895
-54.450115 -97.143021
-54.399101 -97.122063
-54.347775 -97.101013
-54.312946 -97.070663
-54.277939 -97.040298
-54.242752 -97.009926
-54.207390 -96.979538
-54.171848 -96.949135
-54.136127 -96.918716
-54.100231 -96.888283
-54.064156 -96.857841
-54.027901 -96.827385
-53.991470 -96.796913
-53.954861 -96.766426
-53.918072 -96.735924
-53.881107 -96.705414
-53.843964 -96.674889
-53.806641 -96.644348
-53.769142 -96.613792
-53.731464 -96.583221
-53.693607 -96.552643
-53.655571 -96.522049
-53.617359 -96.491440
-53.578968 -96.460815
-53.540398 -96.430176
-53.501652 -96.399529
-53.462727 -96.368866
-53.423622 -96.338188
-53.384342 -96.307495
-53.344883 -96.276787
-53.305244 -96.246071
-53.265430 -96.215340
-53.225437 -96.184593
-53.185265 -96.153831
-53.144917 -96.123062
-53.104389 -96.092278
-53.063683 -96.061478
-53.022797 -96.030663
-52.981735 -95.999832
-52.940495 -95.968994
-52.899075 -95.938141
-52.857479 -95.907272
-52.815704 -95.876389
-52.763283 -95.844833
-52.710598 -95.813271
-52.657654 -95.781700
-52.604446 -95.750122
-52.550980 -95.718536
-52.497250 -95.686943
-52.443260 -95.655342
-52.389008 -95.623726
-52.334496 -95.592102
-52.279720 -95.560471
-52.224686 -95.528831
-52.169388 -95.497185
-52.113831 -95.465530
-52.058010 -95.433868
-52.001930 -95.402199
-51.945587 -95.370522
-51.888985 -95.338837
-51.832123 -95.307137
-51.774998 -95.275429
-51.717613 -95.243713
-51.659966 -95.211990
-51.602058 -95.180260
-51.543888 -95.148521
-51.485458 -95.116776
-51.426765 -95.085022
-51.367813 -95.053261
-51.308598 -95.021492
-51.249123 -94.989708
-51.189384 -94.957916
-51.129387 -94.926117
-51.069126 -94.894310
-51.008606 -94.862495
-50.947823 -94.830673
-50.886780 -94.798843
-50.825474 -94.767006
-50.763908 -94.735161
-50.702084 -94.703308
-50.639996 -94.671440
-50.577648 -94.639565
-50.515038 -94.607681
-50.453541 -94.585350
-50.391792 -94.562935
-50.329792 -94.540436
-50.267544 -94.517853
-50.205044 -94.495178
-50.142296 -94.472420
-50.079296 -94.449577
-50.016045 -94.426651
-49.952545 -94.403641
-49.888794 -94.380539
-49.824795 -94.357353
-49.760544 -94.334084
-49.696041 -94.310730
-49.631290 -94.287292
-49.566288 -94.263763
-49.501034 -94.240150
-49.435532 -94.216454
-49.369778 -94.192673
-49.303776 -94.168808
-49.237522 -94.144852
-49.171017 -94.120811
-49.104263 -94.096687
-49.037258 -94.072479
-48.970005 -94.048187
-48.902500 -94.023804
-48.834743 -93.999336
-48.766739 -93.974785
-48.698483 -93.950150
-48.629974 -93.925423
-48.561218 -93.900612
-48.492210 -93.875717
-48.422955 -93.850739
-48.353447 -93.825676
-48.283688 -93.800522
-48.213680 -93.775284
-48.143421 -93.749962
-48.072914 -93.724556
-48.002155 -93.699066
-47.931145 -93.673485
-47.859886 -93.647820
-47.806015 -93.615685
-47.752033 -93.583519
-47.697941 -93.551315
-47.643742 -93.519081
-47.589432 -93.486809
-47.535011 -93.454506
-47.480480 -93.422165
-47.425838 -93.389793
-47.371086 -93.357384
-47.316223 -93.324944
-47.261250 -93.292465
-47.206165 -93.259956
-47.150970 -93.227409
-47.095665 -93.194832
-47.040253 -93.162224
-46.984730 -93.129578
-46.929096 -93.096901
-46.873352 -93.064186
-46.817497 -93.031441
-46.761532 -92.998657
-46.705456 -92.965843
-46.649269 -92.932991
-46.592972 -92.900108
-46.536564 -92.867188
-46.480045 -92.834236
-46.423416 -92.801254
-46.366680 -92.768234
-46.309834 -92.735184
-46.252876 -92.702095
-46.195808 -92.668976
-46.138630 -92.635818
-46.081341 -92.602631
-46.023941 -92.569405
-45.966431 -92.536148
-45.908810 -92.502853
-45.851078 -92.469528
-45.793236 -92.436172
-45.735287 -92.402779
-45.677227 -92.369354
-45.619057 -92.335892
-45.556099 -92.303688
-45.492996 -92.271439
-45.429745 -92.239143
-45.366344 -92.206802
-45.302799 -92.174416
-45.239105 -92.141991
-45.175266 -92.109520
-45.111279 -92.077003
-45.047142 -92.044441
-44.982861 -92.011833
-44.918430 -91.979187
-44.853851 -91.946495
-44.789127 -91.913757
-44.724255 -91.880974
-44.659233 -91.848145
-44.594067 -91.815269
-44.528751 -91.782356
-44.463287 -91.749397
-44.397678 -91.716393
-44.331921 -91.683342
-44.266018 -91.650246
-44.199966 -91.617111
-44.133766 -91.583931
-44.067421 -91.550705
-44.000927 -91.517433
-43.934284 -91.484116
-43.867496 -91.450752
-43.800560 -91.417351
-43.733475 -91.383904
-43.666245 -91.350410
-43.598866 -91.316872
-43.531342 -91.283287
-43.463669 -91.249664
-43.395847 -91.215996
-43.327881 -91.182281
-43.259766 -91.148521
-43.191502 -91.114716
-43.123093 -91.080864
-43.054535 -91.046974
-42.985828 -91.013039
-42.925507 -90.974220
-42.865105 -90.935394
-42.804623 -90.896568
-42.744061 -90.857735
-42.683418 -90.818893
-42.622696 -90.780052
-42.561897 -90.741203
-42.501019 -90.702347
-42.440060 -90.663483
-42.379021 -90.624619
-42.317902 -90.585747
-42.256702 -90.546867
-42.195423 -90.507988
-42.134064 -90.469101
-42.072624 -90.430206
-42.011108 -90.391304
-41.949512 -90.352402
-41.887836 -90.313492
-41.826080 -90.274574
-41.764244 -90.235657
-41.702328 -90.196732
-41.640331 -90.157799
-41.578255 -90.118866
-41.516098 -90.079926
-41.453861 -90.040977
-41.391548 -90.002022
-41.329155 -89.963066
-41.266682 -89.924103
-41.204128 -89.885132
-41.141495 -89.846161
-41.078781 -89.807182
-41.015987 -89.768196
-40.953114 -89.729202
-40.890160 -89.690208
-40.827129 -89.651207
-40.764019 -89.612198
-40.700829 -89.573189
-40.637558 -89.534172
-40.574207 -89.495148
-40.510777 -89.456116
-40.443523 -89.421425
-40.376163 -89.386688
-40.308693 -89.351913
-40.241112 -89.317101
-40.173420 -89.282242
-40.105621 -89.247345
-40.037712 -89.212410
-39.969692 -89.177437
-39.901566 -89.142418
-39.833328 -89.107361
-39.764980 -89.072266
-39.696526 -89.037125
-39.627960 -89.001945
-39.559284 -88.966728
-39.490501 -88.931465
-39.421608 -88.896164
-39.352604 -88.860825
-39.283493 -88.825447
-39.214272 -88.790024
-39.144939 -88.754562
-39.075500 -88.719063
-39.005951 -88.683517
-38.936291 -88.647934
-38.866524 -88.612312
-38.796646 -88.576653
-38.726658 -88.540947
-38.656563 -88.505203
-38.586357 -88.469421
-38.516041 -88.433594
-38.445618 -88.397728
-38.375084 -88.361824
-38.304440 -88.325874
-38.233685 -88.289886
-38.162823 -88.253860
-38.091850 -88.217796
-38.020767 -88.181686
-37.949577 -88.145538
-37.878277 -88.109352
-37.806866 -88.073120
-37.735348 -88.036850
-37.666618 -88.001144
-37.597801 -87.965401
-37.528896 -87.929611
-37.459908 -87.893776
-37.390831 -87.857895
-37.321667 -87.821968
-37.252419 -87.785995
-37.183083 -87.749977
-37.113663 -87.713913
-37.044155 -87.677803
-36.974560 -87.641647
-36.904881 -87.605446
-36.835114 -87.569199
-36.765259 -87.532906
-36.695320 -87.496567
-36.625294 -87.460182
-36.555180 -87.423752
-36.484982 -87.387283
-36.414696 -87.350769
-36.344322 -87.314209
-36.273865 -87.277603
-36.203320 -87.240952
-36.132687 -87.204254
-36.061970 -87.167511
-35.991165 -87.130722
-35.920277 -87.093887
-35.849300 -87.057007
-35.778236 -87.020081
-35.707088 -86.983109
-35.635853 -86.946091
-35.564529 -86.909027
-35.493122 -86.871918
-35.421627 -86.834763
-35.350044 -86.797569
-35.278378 -86.760330
-35.206623 -86.723045
-35.134781 -86.685715
-35.062855 -86.648338
-34.990841 -86.610916
-34.918739 -86.573448
-34.845192 -86.536949
-34.771549 -86.500397
-34.697807 -86.463791
-34.623970 -86.427132
-34.550034 -86.390419
-34.476002 -86.353653
-34.401871 -86.316833
-34.327644 -86.279961
-34.253319 -86.243034
-34.178898 -86.206055
-34.104378 -86.169022
-34.029762 -86.131935
-33.955048 -86.094795
-33.880238 -86.057602
-33.805328 -86.020355
-33.730324 -85.983055
-33.655220 -85.945702
-33.580021 -85.908295
-33.504723 -85.870834
-33.429329 -85.833321
-33.353836 -85.795753
-33.278248 -85.758133
-33.202560 -85.720459
-33.126778 -85.682732
-33.050900 -85.644951
-32.974922 -85.607117
-32.898849 -85.569229
-32.822678 -85.531288
-32.746410 -85.493294
-32.670044 -85.455246
-32.593582 -85.417145
-32.517021 -85.378990
-32.440365 -85.340782
-32.363609 -85.302521
-32.286758 -85.264206
-32.209808 -85.225838
-32.132763 -85.187416
-32.055618 -85.148941
-31.978378 -85.110413
-31.901041 -85.071831
-31.824551 -85.033020
-31.747971 -84.994156
-31.671301 -84.955238
-31.594542 -84.916267
-31.517693 -84.877251
-31.440754 -84.838181
-31.363726 -84.799057
-31.286608 -84.759880
-31.209400 -84.720650
-31.132103 -84.681374
-31.054716 -84.642044
-30.977240 -84.602661
-30.899673 -84.563225
-30.822018 -84.523735
-30.744272 -84.484192
-30.666437 -84.444603
-30.588512 -84.404961
-30.510498 -84.365265
-30.432394 -84.325516
-30.354200 -84.285713
-30.275917 -84.245857
-30.197544 -84.205956
-30.119080 -84.166000
-30.040525 -84.125992
-29.961882 -84.085930
-29.883148 -84.045815
-29.804325 -84.005646
-29.725412 -83.965431
-29.646410 -83.925163
-29.567318 -83.884842
-29.488136 -83.844467
-29.408865 -83.804039
-29.329504 -83.763557
-29.250053 -83.723030
-29.170513 -83.682449
-29.090883 -83.641815
-29.011164 -83.601128
-28.931355 -83.560387
-28.851456 -83.519592
-28.771467 -83.478752
-28.693304 -83.437843
-28.615067 -83.396881
-28.536755 -83.355873
-28.458368 -83.314812
-28.379908 -83.273697
-28.301373 -83.232529
-28.222763 -83.191307
-28.144079 -83.150032
-28.065321 -83.108711
-27.986488 -83.067337
-27.907581 -83.025909
-27.828598 -82.984428
-27.749540 -82.942894
-27.670408 -82.901314
-27.591202 -82.859680
-27.511921 -82.817993
-27.432566 -82.776253
-27.353136 -82.734459
-27.273632 -82.692619
-27.194054 -82.650726
-27.114401 -82.608780
-27.034674 -82.566780
-26.954872 -82.524727
-26.874996 -82.482620
-26.795046 -82.440468
-26.715021 -82.398262
-26.634922 -82.356003
-26.554749 -82.313690
-26.474499 -82.271324
-26.394175 -82.228912
-26.313776 -82.186447
-26.233303 -82.143929
-26.152756 -82.101357
-26.072134 -82.058731
-25.991438 -82.016052
-25.910667 -81.973328
-25.829823 -81.930550
-25.748903 -81.887718
-25.667910 -81.844833
-25.586842 -81.801895
-25.507212 -81.759392
-25.427519 -81.716835
-25.347763 -81.674217
-25.267944 -81.631546
-25.188063 -81.588821
-25.108120 -81.546036
-25.028114 -81.503197
-24.948046 -81.460304
-24.867914 -81.417351
-24.787722 -81.374344
-24.707466 -81.331284
-24.627148 -81.288162
-24.546766 -81.244987
-24.466324 -81.201759
-24.385818 -81.158470
-24.305250 -81.115128
-24.224619 -81.071732
-24.143925 -81.028275
-24.063169 -80.984764
-23.982351 -80.941200
-23.901470 -80.897575
-23.820526 -80.853897
-23.739521 -80.810165
-23.658453 -80.766373
-23.577322 -80.722527
-23.496128 -80.678627
-23.414871 -80.634666
-23.333553 -80.590652
-23.252172 -80.546585
-23.170729 -80.502457
-23.089222 -80.458275
-23.007654 -80.414040
-22.926023 -80.369743
-22.844330 -80.325394
-22.762573 -80.280991
-22.680756 -80.236526
-22.598875 -80.192009
-22.516932 -80.147438
-22.434925 -80.102814
-22.352856 -80.058128
-22.269754 -80.014267
-22.186583 -79.970345
-22.103340 -79.926361
-22.020029 -79.882309
-21.936647 -79.838196
-21.853195 -79.794022
-21.769672 -79.749786
-21.686079 -79.705482
-21.602417 -79.661118
-21.518684 -79.616692
-21.434881 -79.572205
-21.351007 -79.527649
-21.267063 -79.483032
-21.183050 -79.438354
-21.098967 -79.393616
-21.014812 -79.348808
-20.930588 -79.303940
-20.846292 -79.259010
-20.761929 -79.214020
-20.677494 -79.168961
-20.592989 -79.123840
-20.508413 -79.078659
-20.423767 -79.033417
-20.339052 -78.988106
-20.254267 -78.942734
-20.169411 -78.897301
-20.084484 -78.851807
-19.999487 -78.806244
-19.914421 -78.760620
-19.829285 -78.714935
-19.744078 -78.669189
-19.658800 -78.623375
-19.573452 -78.577499
-19.488033 -78.531563
-19.402546 -78.485565
-19.316988 -78.439499
-19.231359 -78.393372
-19.145660 -78.347183
-19.059891 -78.300926
-18.974052 -78.254608
-18.885309 -78.210449
-18.796473 -78.166206
-18.707542 -78.121887
-18.618521 -78.077484
-18.529406 -78.032997
-18.440199 -77.988434
-18.350899 -77.943787
-18.261505 -77.899063
-18.172020 -77.854256
-18.082441 -77.809364
-17.992771 -77.764397
-17.903008 -77.719345
-17.813150 -77.674217
-17.723202 -77.629005
-17.633160 -77.583710
-17.543024 -77.538338
-17.452797 -77.492882
-17.362476 -77.447350
-17.272064 -77.401733
-17.181559 -77.356033
-17.090960 -77.310257
-17.000269 -77.264397
-16.909485 -77.218460
-16.818609 -77.172440
-16.727640 -77.126335
-16.636578 -77.080154
-16.545424 -77.033890
-16.454176 -76.987549
-16.362837 -76.941124
-16.271404 -76.894615
-16.179878 -76.848030
-16.088261 -76.801361
-15.996551 -76.754616
-15.904747 -76.707787
-15.812851 -76.660873
-15.720862 -76.613884
-15.628781 -76.566811
-15.536608 -76.519661
-15.444341 -76.472427
-15.351981 -76.425110
-15.260864 -76.377304
-15.169665 -76.329422
-15.078384 -76.281464
-14.987021 -76.233429
-14.895576 -76.185310
-14.804049 -76.137115
-14.712440 -76.088844
-14.620749 -76.040497
-14.528976 -75.992073
-14.437121 -75.943573
-14.345184 -75.894989
-14.253164 -75.846329
-14.161062 -75.797592
-14.068878 -75.748779
-13.976612 -75.699890
-13.884264 -75.650925
-13.791834 -75.601875
-13.699322 -75.552750
-13.606728 -75.503548
-13.514051 -75.454269
-13.421293 -75.404915
-13.328453 -75.355484
-13.235530 -75.305969
-13.142525 -75.256378
-13.049438 -75.206711
-12.956268 -75.156967
-12.863017 -75.107147
-12.769684 -75.057243
-12.676269 -75.007263
-12.582771 -74.957207
-12.489192 -74.907074
-12.395531 -74.856865
-12.301787 -74.806580
-12.207962 -74.756210
-12.114054 -74.705765
-12.020063 -74.655243
-11.925991 -74.604645
-11.831837 -74.553970
-11.737600 -74.503220
-11.643282 -74.452385
