-0.047137 0.026925
-0.125700 0.071800
-0.235687 0.134625
-0.377100 0.215400
-0.549937 0.314125
-0.754200 0.430800
-0.989887 0.565425
-1.256999 0.718000
-1.555537 0.888525
-1.885499 1.077000
-2.246886 1.283425
-2.639699 1.507800
-3.063936 1.750125
-3.519598 2.010400
-4.006686 2.288625
-4.525198 2.584800
-5.075135 2.898925
-5.656497 3.231000
-6.269284 3.581025
-6.913497 3.949000
-7.589134 4.334925
-8.296196 4.738800
-9.034683 5.160625
-9.804595 5.600399
-10.605932 6.058124
-11.438694 6.533799
-12.302881 7.027424
-13.198493 7.538999
-14.125530 8.068524
-15.083992 8.615999
-16.073879 9.181424
-17.095191 9.764799
-18.147928 10.366124
-19.232090 10.985399
-20.347677 11.622624
-21.494689 12.277799
-22.673126 12.950924
-23.882988 13.641999
-25.124275 14.351024
-26.396987 15.077999
-27.700149 15.823974
-29.034085 16.588599
-30.398797 17.371874
-31.794284 18.173799
-33.220546 18.994374
-34.677582 19.833599
-36.165394 20.691474
-37.683981 21.567999
-39.233342 22.463174
-40.813479 23.376999
-42.424391 24.309474
-44.066077 25.260599
-45.738539 26.230374
-47.441775 27.218799
-49.175787 28.225874
-50.940573 29.251600
-52.736134 30.295975
-54.562471 31.359000
-56.419582 32.440675
-58.307468 33.541000
-60.226130 34.659976
-62.175566 35.797601
-64.155777 36.953876
-66.166763 38.128801
-68.208525 39.322377
-70.281061 40.534602
-72.384372 41.765477
-74.518458 43.015003
-76.683319 44.283178
-78.878955 45.570003
-81.105366 46.875479
-83.362552 48.199604
-85.650513 49.542380
-87.969249 50.903805
-90.318760 52.283880
-92.699046 53.682606
-95.110107 55.099981
-97.551943 56.536007
-100.024554 57.990682
-102.527939 59.464008
-105.058425 60.959546
-107.617236 62.476109
-110.204372 64.013697
-112.819832 65.572310
-115.463618 67.151948
-118.135729 68.752611
-120.836165 70.374299
-123.564925 72.017011
-126.322011 73.680749
-129.107421 75.365512
-131.921157 77.071300
-134.763218 78.798113
-137.633603 80.545951
-140.532314 82.314814
-143.459349 84.104702
-146.414710 85.915615
-149.398396 87.747553
-152.410406 89.600516
-155.450742 91.474504
-158.519402 93.369516
-161.616387 95.285554
-164.741698 97.222617
-167.895333 99.180705
-171.077294 101.159818
-174.287579 103.159956
-177.526190 105.181119
-180.793125 107.223306
-184.088385 109.286519
-187.411971 111.370757
-190.763881 113.476020
-194.144116 115.602308
-197.552676 117.749621
-200.989562 119.917958
-204.454772 122.107321
-207.948307 124.317709
-211.470167 126.549122
-215.020353 128.801560
-218.598863 131.075022
-222.205698 133.369510
-225.840858 135.685023
-229.491706 137.985673
-233.162454 140.283423
-236.853101 142.578274
-240.563649 144.870224
-244.294097 147.159274
-248.044445 149.445424
-251.814693 151.728674
-255.604841 154.009025
-259.414888 156.286475
-263.244836 158.561025
-267.094684 160.832675
-270.964432 163.101425
-274.854080 165.367275
-278.763628 167.630225
-282.693076 169.890276
-286.642424 172.147426
-290.611672 174.401676
-294.600821 176.653026
-298.609869 178.901476
-302.638817 181.147026
-306.687665 183.389676
-310.756413 185.629426
-314.845061 187.866276
-318.953610 190.100226
-323.082058 192.331276
-327.230406 194.559426
-331.398655 196.784676
-335.586803 199.007026
-339.794851 201.226476
-344.022800 203.443025
-348.270648 205.656675
-352.538397 207.867425
-356.826045 210.075275
-361.133594 212.280225
-365.461042 214.482275
-369.808391 216.681425
-374.175639 218.877675
-378.562788 221.071024
-382.969836 223.261474
-387.396785 225.449024
-391.828146 227.620136
-396.269082 229.779324
-400.719593 231.926586
-405.179680 234.061924
-409.649341 236.185336
-414.128577 238.296824
-418.617388 240.396386
-423.115774 242.484024
-427.623736 244.559737
-432.141272 246.623524
-436.668383 248.675387
-441.205069 250.715325
-445.751331 252.743338
-450.307167 254.759426
-454.872578 256.763589
-459.447564 258.755827
-464.032126 260.736140
-468.626262 262.704528
-473.229973 264.660991
-477.843260 266.605529
-482.466121 268.538142
-487.098557 270.458830
-491.740569 272.367594
-496.392155 274.264432
-501.053316 276.149345
-505.724053 278.022334
-510.404364 279.883397
-515.094250 281.732535
-519.793712 283.569749
-524.502748 285.395037
-529.221360 287.208401
-533.949546 289.009840
-538.687308 290.799353
-543.434644 292.576942
-548.191555 294.342606
-552.958042 296.096344
-557.734103 297.838158
-562.519740 299.568047
-567.314951 301.286011
-572.119738 302.992050
-576.923862 304.734501
-581.730736 306.497253
-586.540360 308.280304
-591.352734 310.083655
-596.167858 311.907307
-600.985732 313.751258
-605.806357 315.615509
-610.629731 317.500061
-615.455855 319.404912
-620.284729 321.330063
-625.116354 323.275515
-629.950728 325.241266
-634.787852 327.227317
-639.627727 329.233669
-644.470351 331.260320
-649.315725 333.307271
-654.163850 335.374522
-659.014724 337.462073
-663.868349 339.569925
-668.724723 341.698076
-673.583848 343.846527
-678.445722 346.015278
-683.310347 348.204329
-688.177721 350.413681
-693.047846 352.643332
-697.920721 354.893283
-702.796345 357.163534
-707.674720 359.454085
-712.555845 361.764936
-717.439719 364.096087
-722.326344 366.447538
-727.215719 368.819290
-732.107844 371.211341
-737.002719 373.623692
-741.900343 376.056343
-746.800718 378.509294
-751.703843 380.982545
-756.609718 383.476096
-761.518343 385.989947
-766.429718 388.524098
-771.322356 391.079111
-776.203418 393.654800
-781.072905 396.251163
-785.930818 398.868202
-790.777155 401.505915
-795.611917 404.164304
-800.435105 406.843367
-805.246717 409.543106
-810.046754 412.263519
-814.835217 415.004608
-819.612104 417.766372
-824.377416 420.548810
-829.131153 423.351924
-833.873315 426.175712
-838.603902 429.020176
-843.322915 431.885314
-848.030352 434.771128
-852.726214 437.677616
-857.410501 440.604780
-862.083213 443.552619
-866.744350 446.521132
-871.393912 449.510321
-876.031899 452.520184
-880.658311 455.550723
-885.273148 458.601937
-889.876410 461.673825
-894.468097 464.766389
-899.048208 467.879627
-903.616745 471.013541
-908.173707 474.168130
-912.719094 477.343393
-917.252906 480.539332
-921.775142 483.755945
-926.285804 486.993234
-930.784891 490.251198
-935.272403 493.529836
-939.748339 496.829150
-944.212701 500.149139
-948.665488 503.489802
-953.106699 506.851141
-957.551448 510.254192
-961.994698 513.691943
-966.436447 517.164394
-970.876696 520.671545
-975.315445 524.213397
-979.752694 527.789948
-984.188444 531.401199
-988.622693 535.047150
-993.055442 538.727801
-997.486691 542.443152
-1001.916441 546.193204
-1006.344690 549.977955
-1010.771439 553.797406
-1015.196688 557.651557
-1019.620438 561.540408
-1024.042687 565.463960
-1028.463436 569.422211
-1032.882686 573.415162
-1037.300435 577.442813
-1041.716685 581.505164
-1046.131434 585.602215
-1050.544683 589.733967
-1054.956433 593.900418
-1059.366682 598.101569
-1063.775432 602.337420
-1068.182681 606.607972
-1072.588431 610.913223
-1076.992680 615.253174
-1081.395429 619.627825
-1085.796679 624.037176
-1090.196428 628.481228
-1094.594678 632.959979
-1098.991428 637.473430
-1103.386677 642.021581
-1107.780427 646.604433
-1112.172676 651.221984
-1116.563426 655.874235
-1120.952675 660.561186
-1125.340425 665.282837
-1129.726675 670.039189
-1134.103887 674.842952
-1138.474574 679.689891
-1142.838736 684.580005
-1147.196373 689.513294
-1151.547485 694.489758
-1155.892072 699.509396
-1160.230134 704.572210
-1164.561672 709.678199
-1168.886684 714.827363
-1173.205171 720.019702
-1177.517133 725.255216
-1181.822570 730.533905
-1186.121482 735.855769
-1190.413870 741.220807
-1194.699732 746.629021
-1198.979069 752.080410
-1203.251881 757.574974
-1207.518168 763.112713
-1211.777931 768.693627
-1216.031168 774.317716
-1220.277880 779.984980
-1224.518067 785.695419
-1228.751729 791.449033
-1232.978867 797.245822
-1237.199479 803.085786
-1241.413566 808.968925
-1245.621128 814.895239
-1249.822166 820.864729
-1254.016678 826.877393
-1258.204665 832.933232
-1262.386127 839.032246
-1266.561065 845.174435
-1270.729477 851.359799
-1274.891364 857.588338
-1279.046727 863.860052
-1283.195564 870.174942
-1287.337876 876.533006
-1291.473663 882.934245
-1295.602926 889.378659
-1299.725663 895.866248
-1303.831825 902.352088
-1307.924763 908.851152
-1312.004475 915.363441
-1316.070962 921.888956
-1320.124225 928.427695
-1324.164262 934.979659
-1328.191074 941.544849
-1332.204662 948.123263
-1336.205024 954.714903
-1340.192162 961.319767
-1344.166074 967.937857
-1348.126761 974.569171
-1352.074224 981.213711
-1356.008461 987.871475
-1359.929474 994.542465
-1363.837261 1001.226680
-1367.731823 1007.924119
-1371.613161 1014.634784
-1375.481273 1021.358674
-1379.336161 1028.095789
-1383.177823 1034.846128
-1387.006261 1041.609693
-1390.821473 1048.386483
-1394.623461 1055.176498
-1398.412223 1061.979738
-1402.187761 1068.796203
-1405.950073 1075.625893
-1409.699161 1082.468808
-1413.435023 1089.324948
-1417.157661 1096.194313
-1420.867073 1103.076903
-1424.563261 1109.972718
-1428.246223 1116.881758
-1431.915961 1123.804023
-1435.572473 1130.739513
-1439.215761 1137.688228
-1442.845824 1144.650169
-1446.462661 1151.625334
-1450.066274 1158.613724
-1453.656661 1165.615339
-1457.264049 1172.620092
-1460.878362 1179.631345
-1464.499599 1186.649098
-1468.127762 1193.673351
-1471.762850 1200.704103
-1475.404862 1207.741356
-1479.053800 1214.785109
-1482.709663 1221.835362
-1486.372451 1228.892115
-1490.042163 1235.955368
-1493.718801 1243.025120
-1497.402364 1250.101373
-1501.092852 1257.184126
-1504.790265 1264.273379
-1508.494602 1271.369132
-1512.205865 1278.471385
-1515.924053 1285.580138
-1519.649166 1292.695390
-1523.381204 1299.817143
-1527.120167 1306.945396
-1530.866055 1314.080149
-1534.618868 1321.221402
-1538.378606 1328.369155
-1542.145269 1335.523408
-1545.918857 1342.684161
-1549.699370 1349.851414
-1553.486808 1357.025167
-1557.281171 1364.205420
-1561.082459 1371.392173
-1564.890672 1378.585425
-1568.705810 1385.785178
-1572.527873 1392.991431
-1576.356862 1400.204184
-1580.192775 1407.423437
-1584.035613 1414.649190
-1587.885376 1421.881443
-1591.742064 1429.120196
-1595.605678 1436.365449
-1599.476216 1443.617202
-1603.353679 1450.875455
-1607.242867 1458.166233
-1611.142180 1465.480861
-1615.051619 1472.819339
-1618.971182 1480.181667
-1622.900870 1487.567846
-1626.840683 1494.977874
-1630.790621 1502.411752
-1634.750684 1509.869480
-1638.720872 1517.351058
-1642.701185 1524.856486
-1646.691623 1532.385764
-1650.692186 1539.938892
-1654.702874 1547.515871
-1658.723687 1555.116699
-1662.754625 1562.741377
-1666.795687 1570.389905
-1670.846875 1578.062283
-1674.908188 1585.758512
-1678.979626 1593.478590
-1683.061188 1601.222518
-1687.152876 1608.990296
-1691.254689 1616.781925
-1695.366626 1624.597403
-1699.488689 1632.436731
-1703.620877 1640.299910
-1707.763189 1648.186938
-1711.915627 1656.097816
-1716.078189 1664.032545
-1720.250877 1671.991123
-1724.433689 1679.973551
-1728.626627 1687.979830
-1732.829689 1696.009958
-1737.042877 1704.063937
-1741.266189 1712.141765
-1745.499626 1720.243444
-1749.743189 1728.368972
-1753.996876 1736.518351
-1758.260688 1744.691579
-1762.534625 1752.888658
-1766.818687 1761.109586
-1771.081487 1769.339515
-1775.333487 1777.583393
-1779.574687 1785.841222
-1783.805086 1794.113000
-1788.024686 1802.398729
-1792.233485 1810.698407
-1796.431485 1819.012036
-1800.618685 1827.339615
-1804.795084 1835.681143
-1808.960684 1844.036622
-1813.115484 1852.406051
-1817.259483 1860.789429
-1821.392683 1869.186758
-1825.515082 1877.598037
-1829.626682 1886.023265
-1833.727481 1894.462444
-1837.817481 1902.915573
-1841.896680 1911.382651
-1845.965080 1919.863680
-1850.022679 1928.358659
-1854.069479 1936.867588
-1858.105478 1945.390467
-1862.130678 1953.927295
-1866.145077 1962.478074
-1870.148677 1971.042803
-1874.141476 1979.621482
-1878.123475 1988.214111
-1882.094675 1996.820690
-1886.055074 2005.441218
-1890.004673 2014.075697
-1893.943473 2022.724126
-1897.871472 2031.386505
-1901.788671 2040.062834
-1905.695071 2048.753113
-1909.590670 2057.457342
-1913.475469 2066.175521
-1917.349469 2074.907650
-1921.212668 2083.653729
-1925.065067 2092.413758
-1928.906666 2101.187737
-1932.746241 2109.955491
-1936.580865 2118.723745
-1940.410539 2127.492499
-1944.235263 2136.261753
-1948.055038 2145.031507
-1951.869862 2153.801761
-1955.679736 2162.572515
-1959.484660 2171.343769
-1963.284634 2180.115523
-1967.079659 2188.887777
-1970.869733 2197.660531
-1974.654857 2206.433785
-1978.435031 2215.207539
-1982.210255 2223.981793
-1985.980529 2232.756547
-1989.745853 2241.531801
-1993.506227 2250.307555
-1997.261651 2259.083809
-2001.012126 2267.860563
-2004.757650 2276.637817
-2008.498224 2285.415572
-2012.233848 2294.193826
-2015.964522 2302.972580
-2019.690246 2311.751834
-2023.411020 2320.531588
-2027.126844 2329.311842
-2030.837718 2338.092596
-2034.543642 2346.873850
-2038.244616 2355.655604
-2041.940640 2364.437858
-2045.631714 2373.220612
-2049.317838 2382.003866
-2052.999012 2390.787620
-2056.675236 2399.571874
-2060.346509 2408.356628
-2064.012833 2417.141882
-2067.674207 2425.927636
-2071.330631 2434.713890
-2074.982105 2443.500644
-2078.628629 2452.287898
-2082.284603 2461.090877
-2085.945227 2469.904506
-2089.610501 2478.728785
-2093.280425 2487.563714
-2096.954999 2496.409293
-2100.634223 2505.265522
-2104.318097 2514.132401
-2108.006621 2523.009930
-2111.699796 2531.898109
-2115.397620 2540.796938
-2119.100094 2549.706416
-2122.807218 2558.626545
-2126.518993 2567.557324
-2130.235417 2576.498753
-2133.956492 2585.450832
-2137.682216 2594.413560
-2141.412591 2603.386939
-2145.147615 2612.370968
-2148.887290 2621.365646
-2152.631614 2630.370975
-2156.380589 2639.386953
-2160.134213 2648.413582
-2163.892488 2657.450861
-2167.655413 2666.498789
-2171.422988 2675.557368
-2175.195212 2684.626596
-2178.972087 2693.706475
-2182.753612 2702.797003
-2186.539787 2711.898182
-2190.330612 2721.010010
-2194.126087 2730.132488
-2197.926212 2739.265617
-2201.730987 2748.409395
-2205.540412 2757.563823
-2209.354487 2766.728902
-2213.173212 2775.904630
-2216.996587 2785.091008
-2220.824613 2794.288037
-2224.657288 2803.495715
-2228.494613 2812.714043
-2232.316451 2821.921121
-2236.129514 2831.124249
-2239.933801 2840.323428
-2243.729314 2849.518656
-2247.516052 2858.709934
-2251.294014 2867.897263
-2255.063202 2877.080641
-2258.823615 2886.260069
-2262.575253 2895.435548
-2266.318115 2904.607076
-2270.052203 2913.774654
-2273.777516 2922.938283
-2277.494053 2932.097961
-2281.201816 2941.253690
-2284.900804 2950.405468
-2288.591017 2959.553297
-2292.272454 2968.697175
-2295.945117 2977.837104
-2299.609005 2986.973082
-2303.264117 2996.105111
-2306.910455 3005.233189
-2310.548018 3014.357318
-2314.176805 3023.477496
-2317.796818 3032.593725
-2321.408056 3041.706004
-2325.010518 3050.814332
-2328.604206 3059.918711
-2332.189119 3069.019139
-2335.765256 3078.115618
-2339.332619 3087.208147
-2342.891207 3096.296725
-2346.441019 3105.381354
-2349.982057 3114.462033
-2353.514319 3123.538762
-2357.037807 3132.611540
-2360.552520 3141.680369
-2364.058457 3150.745248
-2367.555620 3159.806177
-2371.044008 3168.863156
-2374.523620 3177.916184
-2378.001095 3186.929976
-2381.474220 3195.916292
-2384.942996 3204.875133
-2388.407421 3213.806500
-2391.867496 3222.710391
-2395.323221 3231.586807
-2398.774597 3240.435748
-2402.221622 3249.257215
-2405.664297 3258.051206
-2409.102623 3266.817722
-2412.536598 3275.556763
-2415.966224 3284.268330
-2419.391499 3292.952421
-2422.812424 3301.609037
-2426.229000 3310.238178
-2429.641225 3318.839845
-2433.049101 3327.414036
-2436.452626 3335.960752
-2439.851802 3344.479993
-2443.246628 3352.971759
-2446.637103 3361.436050
-2450.023229 3369.872867
-2453.405005 3378.282208
-2456.782430 3386.664074
-2460.155506 3395.018465
-2463.524232 3403.345381
-2466.888607 3411.644822
-2470.248633 3419.916788
-2473.604309 3428.161280
-2476.955635 3436.378296
-2480.302611 3444.567837
-2483.645237 3452.729903
-2486.983512 3460.864494
-2490.317438 3468.971610
-2493.647014 3477.051251
-2496.972240 3485.103417
-2500.293116 3493.128108
-2503.609642 3501.125324
-2506.921818 3509.095065
-2510.229644 3517.037331
-2513.546620 3525.000198
-2516.868247 3532.967639
-2520.194523 3540.939655
-2523.525449 3548.916246
-2526.861025 3556.897412
-2530.201251 3564.883153
-2533.546128 3572.873469
-2536.895654 3580.868360
-2540.249830 3588.867826
-2543.608657 3596.871867
-2546.972133 3604.880483
-2550.340260 3612.893674
-2553.713036 3620.911440
-2557.090463 3628.933781
-2560.472539 3636.960697
-2563.859266 3644.992188
-2567.250643 3653.028254
-2570.646669 3661.068895
-2574.047346 3669.114111
-2577.452673 3677.163902
-2580.862649 3685.218268
-2584.277276 3693.277209
-2587.696553 3701.340725
-2591.120480 3709.408816
-2594.549057 3717.481482
-2597.982284 3725.558723
-2601.420161 3733.640539
-2604.862688 3741.726930
-2608.309865 3749.817896
-2611.761692 3757.913437
-2615.218169 3766.013554
-2618.679296 3774.118245
-2622.145073 3782.227511
-2625.615501 3790.341352
-2629.090578 3798.459768
-2632.570305 3806.582759
-2636.054683 3814.710325
-2639.543710 3822.842466
-2643.037387 3830.979182
-2646.535715 3839.120473
-2650.014055 3847.260489
-2653.480620 3855.401180
-2656.935409 3863.542546
-2660.378424 3871.684587
-2663.809664 3879.827303
-2667.229129 3887.970695
-2670.636819 3896.114761
-2674.032734 3904.259502
-2677.416874 3912.404919
-2680.789239 3920.551010
-2684.149829 3928.697777
-2687.498643 3936.845218
-2690.835683 3944.993335
-2694.160948 3953.142126
-2697.474438 3961.291593
-2700.776153 3969.441734
-2704.066093 3977.592551
-2707.344258 3985.744043
-2710.610648 3993.896209
-2713.865262 4002.049051
-2717.108102 4010.202568
-2720.339167 4018.356760
-2723.558457 4026.511627
-2726.765972 4034.667169
-2729.961712 4042.823386
-2733.145677 4050.980278
-2736.317866 4059.137845
-2739.478281 4067.296087
-2742.626921 4075.455004
-2745.763786 4083.614596
-2748.888876 4091.774863
-2752.002191 4099.935806
-2755.103731 4108.097423
-2758.193495 4116.259715
-2761.271485 4124.422682
-2764.337700 4132.586325
-2767.392140 4140.750642
-2770.434805 4148.915635
-2773.465695 4157.081302
-2776.484809 4165.247645
-2779.508537 4173.417775
-2782.531414 4181.590655
-2785.553441 4189.766285
-2788.574619 4197.944665
-2791.594946 4206.125795
-2794.614424 4214.309675
-2797.633051 4222.496304
-2800.650828 4230.685684
-2803.667756 4238.877814
-2806.683833 4247.072694
-2809.699061 4255.270324
-2812.713438 4263.470704
-2815.726965 4271.673834
-2818.739643 4279.879714
-2821.751470 4288.088343
-2824.762448 4296.299723
-2827.772575 4304.513853
-2830.781853 4312.730733
-2833.790280 4320.950362
-2836.797858 4329.172742
-2839.804585 4337.397872
-2842.810463 4345.625752
-2845.815490 4353.856381
-2848.819668 4362.089761
-2851.822995 4370.325891
-2854.825473 4378.564770
-2857.827100 4386.806400
-2860.827878 4395.050780
-2863.827806 4403.297909
-2866.826883 4411.547789
-2869.825111 4419.800419
-2872.822488 4428.055798
-2875.819016 4436.313928
-2878.814693 4444.574807
-2881.809521 4452.838437
-2884.803499 4461.104816
-2887.796626 4469.373946
-2890.788904 4477.645825
-2893.780332 4485.920455
-2896.770909 4494.197834
-2899.736149 4502.495439
-2902.684215 4510.807443
-2905.615105 4519.133848
-2908.528820 4527.474652
-2911.425360 4535.829857
-2914.304725 4544.199461
-2917.166915 4552.583466
-2920.011930 4560.981870
-2922.839770 4569.394675
-2925.650435 4577.821879
-2928.443925 4586.263484
-2931.220240 4594.719488
-2933.979380 4603.189893
-2936.721345 4611.674698
-2939.446135 4620.173902
-2942.153750 4628.687507
-2944.844190 4637.215511
-2947.517455 4645.757916
-2950.173545 4654.314720
-2952.812460 4662.885925
-2955.434200 4671.471529
-2958.038765 4680.071534
-2960.626154 4688.685938
-2963.196369 4697.314743
-2965.749409 4705.957947
-2968.285274 4714.615552
-2970.803964 4723.287556
-2973.305479 4731.973961
-2975.789819 4740.674765
-2978.256983 4749.389970
-2980.706973 4758.119575
-2983.139788 4766.863579
-2985.555428 4775.621984
-2987.953892 4784.394788
-2990.335182 4793.181993
-2992.699297 4801.983597
-2995.046237 4810.799602
-2997.376001 4819.630006
-2999.688591 4828.474811
-3001.984006 4837.334016
-3004.276270 4846.208070
-3006.560710 4855.096825
-3008.837325 4864.000279
-3011.106114 4872.918434
-3013.367079 4881.851289
-3015.620219 4890.798844
-3017.865534 4899.761098
-3020.103023 4908.738053
-3022.332688 4917.729708
-3024.554528 4926.736063
-3026.768542 4935.757118
-3028.974732 4944.792873
-3031.173097 4953.843328
-3033.363636 4962.908483
-3035.546351 4971.988338
-3037.721241 4981.082893
-3039.888305 4990.192148
-3042.047545 4999.316103
-3044.198960 5008.454758
-3046.342549 5017.608113
-3048.478314 5026.776168
-3050.606253 5035.958923
-3052.726368 5045.156379
-3054.838658 5054.368534
-3056.943122 5063.595389
-3059.039762 5072.836945
-3061.128577 5082.093200
-3063.209566 5091.364155
-3065.282731 5100.649811
-3067.348071 5109.950166
-3069.405585 5119.265222
-3071.455275 5128.594977
-3073.497139 5137.939433
-3075.531179 5147.298588
-3077.557394 5156.672444
-3079.575783 5166.060999
-3081.586348 5175.464255
-3083.589088 5184.882211
-3085.584002 5194.314866
-3087.571092 5203.762222
-3089.571019 5213.226190
-3091.576896 5222.706134
-3093.588723 5232.202052
-3095.606500 5241.713945
-3097.630227 5251.241814
-3099.659905 5260.785657
-3101.695532 5270.345475
-3103.737109 5279.921269
-3105.784636 5289.513037
-3107.838113 5299.120780
-3109.897540 5308.744499
-3111.962917 5318.384192
-3114.034245 5328.039860
-3116.111522 5337.711504
-3118.194749 5347.399122
-3120.283926 5357.102716
-3122.379053 5366.822284
-3124.480131 5376.557828
-3126.587158 5386.309346
-3128.700135 5396.076840
-3130.819062 5405.860308
-3132.943939 5415.659752
-3135.074767 5425.475170
-3137.211544 5435.306564
-3139.354271 5445.153932
-3141.502948 5455.017276
-3143.657575 5464.896594
-3145.818153 5474.791888
-3147.984680 5484.703157
-3150.157157 5494.630400
-3152.335584 5504.573619
-3154.519962 5514.532813
-3156.710289 5524.507981
-3158.906566 5534.499125
-3161.108793 5544.506244
-3163.316970 5554.529337
-3165.531098 5564.568406
-3167.751175 5574.623450
-3169.977202 5584.694468
-3172.209180 5594.781462
-3174.438782 5604.876744
-3176.668784 5614.982875
-3178.899186 5625.099856
-3181.129989 5635.227687
-3183.361191 5645.366368
-3185.592793 5655.515900
-3187.824796 5665.676281
-3190.057198 5675.847512
-3192.290001 5686.029593
-3194.523203 5696.222525
-3196.756806 5706.426306
-3198.990808 5716.640937
-3201.225210 5726.866418
-3203.460013 5737.102750
-3205.695215 5747.349931
-3207.930818 5757.607962
-3210.166820 5767.876843
-3212.403223 5778.156574
-3214.640025 5788.447156
-3216.877228 5798.748587
-3219.114831 5809.060868
-3221.352833 5819.383999
-3223.591236 5829.717980
-3225.830038 5840.062812
-3228.069241 5850.418493
-3230.308844 5860.785024
-3232.548846 5871.162405
-3234.789249 5881.550636
-3237.030052 5891.949717
-3239.271254 5902.359649
-3241.512857 5912.780430
-3243.754860 5923.212061
-3245.997263 5933.654542
-3248.240065 5944.107873
-3250.483268 5954.572054
-3252.726871 5965.047086
-3254.970874 5975.532967
-3257.215277 5986.029698
-3259.460079 5996.537279
-3261.705282 6007.055710
-3263.964198 6017.570254
-3266.232388 6028.085823
-3268.509853 6038.602416
-3270.796593 6049.120035
-3273.092609 6059.638678
-3275.397899 6070.158347
-3277.712464 6080.679041
-3280.036304 6091.200759
-3282.369420 6101.723503
-3284.711810 6112.247271
-3287.063475 6122.772065
-3289.424415 6133.297883
-3291.794631 6143.824727
-3294.174121 6154.352595
-3296.562886 6164.881489
-3298.960926 6175.411407
-3301.368241 6185.942351
-3303.784831 6196.474319
-3306.210696 6207.007313
-3308.645837 6217.541331
-3311.090252 6228.076375
-3313.543942 6238.612443
-3316.006907 6249.149537
-3318.479147 6259.687655
-3320.960662 6270.226799
-3323.451452 6280.766967
-3325.951517 6291.308160
-3328.460857 6301.850379
-3330.979472 6312.393622
-3333.507362 6322.937891
-3336.044527 6333.483184
-3338.590967 6344.029502
-3341.146682 6354.576846
-3343.711672 6365.125214
-3346.285937 6375.674607
-3348.869477 6386.225026
-3351.462292 6396.776469
-3354.064382 6407.328937
-3356.675747 6417.882431
-3359.296387 6428.436949
-3361.938002 6438.969917
-3364.596692 6449.488861
-3367.272457 6459.993779
-3369.965297 6470.484672
-3372.675212 6480.961541
-3375.402202 6491.424384
-3378.146267 6501.873203
-3380.907407 6512.307996
-3383.685622 6522.728765
-3386.480912 6533.135509
-3389.293277 6543.528227
-3392.122717 6553.906921
-3394.969232 6564.271590
-3397.832822 6574.622233
-3400.713488 6584.958852
-3403.611228 6595.281446
-3406.526043 6605.590014
-3409.457933 6615.884558
-3412.406898 6626.165077
-3415.372939 6636.431571
-3418.356054 6646.684040
-3421.356244 6656.922484
-3424.373510 6667.146903
-3427.407850 6677.357297
-3430.459265 6687.553666
-3433.527756 6697.736010
-3436.613321 6707.904329
-3439.715961 6718.058623
-3442.835677 6728.198892
-3445.972467 6738.325136
-3449.126333 6748.437355
-3452.297273 6758.535549
-3455.485289 6768.619719
-3458.690379 6778.689863
-3461.912545 6788.745982
-3465.151785 6798.788076
-3468.408101 6808.816146
-3471.681491 6818.830190
-3474.971957 6828.830209
-3478.279497 6838.816204
-3481.594288 6848.818136
-3484.919604 6858.826018
-3488.255445 6868.839850
-3491.601810 6878.859632
-3494.958701 6888.885364
-3498.326117 6898.917046
-3501.704058 6908.954678
-3505.092524 6918.998260
-3508.491515 6929.047792
-3511.901031 6939.103274
-3515.321072 6949.164706
-3518.751639 6959.232088
-3522.192730 6969.305420
-3525.644346 6979.384702
-3529.106487 6989.469934
-3532.579154 6999.561117
-3536.062345 7009.658249
-3539.556062 7019.761331
-3543.060303 7029.870363
-3546.575070 7039.985346
-3550.100361 7050.106278
-3553.636178 7060.233160
-3557.182520 7070.365993
-3560.739387 7080.504775
-3564.306778 7090.649507
-3567.884695 7100.800190
-3571.473137 7110.956822
-3575.072104 7121.119404
-3578.681596 7131.287937
-3582.301613 7141.462419
-3585.932155 7151.642852
-3589.573222 7161.829234
-3593.224815 7172.021567
-3596.886932 7182.219849
-3600.559574 7192.424082
-3604.242742 7202.634264
-3607.936434 7212.850397
-3611.640651 7223.072480
-3615.355394 7233.300512
-3619.080661 7243.534495
-3622.782516 7253.771053
-3626.472271 7264.011310
-3630.149926 7274.255268
-3633.815481 7284.502926
-3637.468936 7294.754283
-3641.110291 7305.009341
-3644.739546 7315.268099
-3648.356701 7325.530557
-3651.961756 7335.796715
-3655.554711 7346.066572
-3659.135566 7356.340130
-3662.704321 7366.617388
-3666.260975 7376.898346
-3669.805530 7387.183004
-3673.337985 7397.471362
-3676.858340 7407.763420
-3680.366595 7418.059178
-3683.862749 7428.358636
-3687.346804 7438.661794
-3690.818759 7448.968652
-3694.278614 7459.279210
-3697.726369 7469.593468
-3701.162023 7479.911426
-3704.585578 7490.233084
-3707.997033 7500.558442
-3711.396387 7510.887500
-3714.783642 7521.220258
-3718.158797 7531.556716
-3721.521852 7541.896874
-3724.872806 7552.240733
-3728.211661 7562.588291
-3731.538416 7572.939549
-3734.853070 7583.294507
-3738.155625 7593.653166
-3741.446079 7604.015524
-3744.724434 7614.381582
-3747.990689 7624.751340
-3751.244843 7635.124799
-3754.486898 7645.501957
-3757.716852 7655.882815
-3760.926307 7666.262911
-3764.118061 7676.643732
-3767.292116 7687.025278
-3770.448471 7697.407549
-3773.587125 7707.790544
-3776.708080 7718.174265
-3779.811335 7728.558711
-3782.896889 7738.943881
-3785.964744 7749.329777
-3789.014898 7759.716398
-3792.047353 7770.103743
-3795.062108 7780.491814
-3798.059163 7790.880609
-3801.038517 7801.270130
-3804.000172 7811.660376
-3806.944127 7822.051346
-3809.870381 7832.443041
-3812.778936 7842.835462
-3815.669791 7853.228607
-3818.542946 7863.622478
-3821.398400 7874.017073
-3824.236155 7884.412394
-3827.056210 7894.808439
-3829.858565 7905.205209
-3832.643220 7915.602705
-3835.410174 7926.000925
-3838.159429 7936.399870
-3840.890984 7946.799540
-3843.604839 7957.199936
-3846.300994 7967.601056
-3848.979449 7978.002901
-3851.640203 7988.405471
-3854.283258 7998.808766
-3856.908613 8009.212786
-3859.516268 8019.617532
-3862.106223 8030.023002
-3864.678478 8040.429197
-3867.233033 8050.836117
-3869.769888 8061.243762
-3872.289043 8071.652132
-3874.812398 8082.091489
-3877.332653 8092.551747
-3879.849808 8103.032904
-3882.363863 8113.534962
-3884.874817 8124.057920
-3887.382672 8134.601777
-3889.887427 8145.166535
-3892.389082 8155.752193
-3894.887637 8166.358751
-3897.383092 8176.986209
-3899.875447 8187.634567
-3902.364702 8198.303825
-3904.850857 8208.993982
-3907.333912 8219.705040
-3909.813867 8230.436998
-3912.290722 8241.189857
-3914.764477 8251.963615
-3917.235132 8262.758273
-3919.702687 8273.573831
-3922.167142 8284.410289
-3924.628497 8295.267647
-3927.086751 8306.145906
-3929.541906 8317.045064
-3931.993961 8327.965122
-3934.442916 8338.906081
-3936.888771 8349.867939
-3939.331526 8360.850697
-3941.771181 8371.854356
-3944.207736 8382.878914
-3946.641191 8393.924373
-3949.071546 8404.990731
-3951.498801 8416.077990
-3953.922956 8427.186149
-3956.344011 8438.315207
-3958.761966 8449.465166
-3961.176821 8460.636025
-3963.588575 8471.827783
-3965.997230 8483.040442
-3968.402785 8494.274001
-3970.805240 8505.528460
-3973.210558 8516.775506
-3975.616750 8528.024578
-3978.023818 8539.275674
-3980.431760 8550.528796
-3982.840577 8561.783942
-3985.250270 8573.041114
-3987.660837 8584.300310
-3990.072280 8595.561532
-3992.484597 8606.824778
-3994.897790 8618.090050
-3997.311857 8629.357347
-3999.726800 8640.626668
-4002.142617 8651.898015
-4004.559310 8663.171387
-4006.976877 8674.446784
-4009.395320 8685.724206
-4011.814637 8697.003653
-4014.234830 8708.285124
-4016.655897 8719.568621
-4019.077840 8730.854143
-4021.500657 8742.141690
-4023.924350 8753.431262
-4026.348917 8764.722859
-4028.774360 8776.016482
-4031.200677 8787.312129
-4033.627870 8798.609801
-4036.055937 8809.909498
-4038.484880 8821.211220
-4040.914697 8832.514967
-4043.345390 8843.820740
-4045.776958 8855.128537
-4048.209400 8866.438359
-4050.642718 8877.750207
-4053.076910 8889.064079
-4055.511978 8900.379976
-4057.947920 8911.697899
-4060.384738 8923.017846
-4062.822430 8934.339819
-4065.260998 8945.663817
-4067.700441 8956.989839
-4070.144996 8968.290287
-4072.593251 8979.574359
-4075.045206 8990.842057
-4077.500861 9002.093380
-4079.960216 9013.328327
-4082.423271 9024.546900
-4084.890026 9035.749098
-4087.360481 9046.934920
-4089.834636 9058.104368
-4092.312491 9069.257441
-4094.794046 9080.394138
-4097.279301 9091.514461
-4099.768255 9102.618409
-4102.260910 9113.705982
-4104.757265 9124.777180
-4107.257320 9135.832003
-4109.761075 9146.870450
-4112.268530 9157.892523
-4114.779685 9168.898221
-4117.294540 9179.887544
-4119.813094 9190.860492
-4122.335349 9201.817065
-4124.861304 9212.757263
-4127.390959 9223.681086
-4129.924314 9234.588534
-4132.461368 9245.479607
-4135.002123 9256.354305
-4137.546578 9267.212628
-4140.094732 9278.054576
-4142.646587 9288.880149
-4145.202142 9299.689347
-4147.761397 9310.482170
-4150.324351 9321.258618
-4152.891006 9332.018692
-4155.461361 9342.762390
-4158.035415 9353.489713
-4160.613170 9364.200661
-4163.194624 9374.895234
-4165.779779 9385.573433
-4168.368634 9396.235256
-4170.976976 9406.882392
-4173.599543 9417.514277
-4176.236335 9428.130913
-4178.887352 9438.732299
-4181.552594 9449.318434
-4184.232061 9459.889320
-4186.925753 9470.444956
-4189.633670 9480.985341
-4192.355813 9491.510477
-4195.092180 9502.020363
-4197.842772 9512.514998
-4200.607589 9522.994384
-4203.386631 9533.458519
-4206.179898 9543.907405
-4208.987390 9554.341041
-4211.809107 9564.759426
-4214.645049 9575.162562
-4217.495216 9585.550447
-4220.359608 9595.923083
-4223.238225 9606.280468
-4226.131068 9616.622604
-4229.038135 9626.949489
-4231.959427 9637.261125
-4234.894944 9647.557510
-4237.844686 9657.838645
-4240.808653 9668.104531
-4243.786845 9678.355166
-4246.779262 9688.590552
-4249.785904 9698.810687
-4252.806771 9709.015572
-4255.841863 9719.205208
-4258.891180 9729.379593
-4261.954722 9739.538728
-4265.032489 9749.682614
-4268.124481 9759.811249
-4271.230698 9769.924634
-4274.351140 9780.022770
-4277.485808 9790.105655
-4280.634700 9800.173290
-4283.797817 9810.225675
-4286.971371 9820.239561
-4290.156626 9830.222696
-4293.353581 9840.175081
-4296.562235 9850.096717
-4299.782590 9859.987602
-4303.014645 9869.847737
-4306.258400 9879.677122
-4309.513854 9889.475758
-4312.781009 9899.243643
-4316.059864 9908.980778
-4319.350419 9918.687164
-4322.652674 9928.362799
-4325.966629 9938.007685
-4329.292284 9947.621820
-4332.629639 9957.205205
-4335.978694 9966.757841
-4339.339449 9976.279726
-4342.711905 9985.770862
-4346.096060 9995.231247
-4349.491915 10004.660882
-4352.899470 10014.059768
-4356.318726 10023.427903
-4359.749681 10032.765289
-4363.192336 10042.071924
-4366.646692 10051.347810
-4370.112747 10060.592945
-4373.590503 10069.807331
-4377.079958 10078.990966
-4380.581114 10088.143852
-4384.093969 10097.265987
-4387.618525 10106.357373
-4391.154781 10115.418008
-4394.702736 10124.447894
-4398.262392 10133.447029
-4401.833748 10142.415415
-4405.416804 10151.353050
-4409.011560 10160.259936
-4412.618015 10169.136072
-4416.236171 10177.981457
-4419.866027 10186.796093
-4423.531358 10195.613391
-4427.224239 10204.422214
-4430.944670 10213.222562
-4434.692651 10222.014435
-4438.468182 10230.797833
-4442.271262 10239.572756
-4446.101893 10248.339204
-4449.960074 10257.097178
-4453.845805 10265.846676
-4457.759086 10274.587699
-4461.699917 10283.320247
-4465.668297 10292.044320
-4469.664228 10300.759918
-4473.687709 10309.467041
-4477.738740 10318.165689
-4481.817320 10326.855862
-4485.923451 10335.537561
-4490.057132 10344.210784
-4494.218363 10352.875532
-4498.407143 10361.531805
-4502.623474 10370.179603
-4506.867355 10378.818926
-4511.138785 10387.449774
-4515.437766 10396.072147
-4519.764297 10404.686046
-4524.118377 10413.291469
-4528.500008 10421.888417
-4532.909188 10430.476890
-4537.345919 10439.056888
-4541.810200 10447.628411
-4546.302030 10456.191460
-4550.821411 10464.746033
-4555.368341 10473.292131
-4559.942822 10481.829754
-4564.544852 10490.358902
-4569.174433 10498.879575
-4573.831563 10507.391773
-4578.516244 10515.895497
-4583.228474 10524.390745
-4587.968255 10532.877518
-4592.738098 10541.322179
-4597.537166 10549.735939
-4602.365459 10558.118800
-4607.222977 10566.470761
-4612.109719 10574.791822
-4617.025687 10583.081982
-4621.970880 10591.341243
-4626.945298 10599.569604
-4631.948940 10607.767065
-4636.981808 10615.933626
-4642.043901 10624.069287
-4647.135218 10632.174048
-4652.255761 10640.247909
-4657.405528 10648.290870
-4662.584521 10656.302931
-4667.792738 10664.284092
-4673.030181 10672.234353
-4678.296848 10680.153714
-4683.592741 10688.042175
-4688.917858 10695.899736
-4694.272200 10703.726397
-4699.655768 10711.522158
-4705.068560 10719.287019
-4710.510577 10727.020980
-4715.981820 10734.724042
-4721.482287 10742.396203
-4727.011979 10750.037464
-4732.570896 10757.647825
-4738.159038 10765.227287
-4743.776405 10772.775848
-4749.422997 10780.293509
-4755.098814 10787.780271
-4760.803856 10795.236132
-4766.538123 10802.661093
-4772.301615 10810.055155
-4778.094332 10817.418316
-4783.916274 10824.750578
-4789.767441 10832.051939
-4795.647832 10839.322401
-4801.557449 10846.561962
-4807.483278 10853.780974
-4813.429658 10860.975985
-4819.396587 10868.146996
-4825.384066 10875.294008
-4831.392095 10882.417019
-4837.420674 10889.516031
-4843.469803 10896.591042
-4849.539482 10903.642054
-4855.629711 10910.669065
-4861.740490 10917.672076
-4867.871819 10924.651088
-4874.023698 10931.606099
-4880.196127 10938.537110
-4886.389105 10945.444122
-4892.602634 10952.327133
-4898.836713 10959.186144
-4905.091342 10966.021156
-4911.366520 10972.832167
-4917.662249 10979.619178
-4923.978527 10986.382190
-4930.315356 10993.121201
-4936.672735 10999.836212
-4943.050663 11006.527223
-4949.449142 11013.194234
-4955.868170 11019.837246
-4962.307748 11026.456257
-4968.767877 11033.051268
-4975.248555 11039.622279
-4981.749784 11046.169290
-4988.271562 11052.692302
-4994.813890 11059.191313
-5001.376768 11065.666324
-5007.960197 11072.117335
-5014.564175 11078.544346
-5021.188703 11084.947357
-5027.833781 11091.326368
-5034.499409 11097.681379
-5041.185587 11104.012390
-5047.892315 11110.319401
-5054.619593 11116.602412
-5061.365096 11122.877698
-5068.129599 11129.139835
-5074.913102 11135.388821
-5081.715605 11141.624657
-5088.537108 11147.847343
-5095.377611 11154.056879
-5102.237114 11160.253265
-5109.115617 11166.436501
-5116.013120 11172.606587
-5122.929623 11178.763523
-5129.865126 11184.907308
-5136.819629 11191.037944
-5143.793132 11197.155430
-5150.785635 11203.259766
-5157.797138 11209.350952
-5164.827641 11215.428988
-5171.877144 11221.493874
-5178.945647 11227.545610
-5186.033150 11233.584196
-5193.139653 11239.609632
-5200.265156 11245.621918
-5207.409659 11251.621054
-5214.573162 11257.607040
-5221.755665 11263.579875
-5228.957168 11269.539561
-5236.177671 11275.486097
-5243.417174 11281.419483
-5250.675677 11287.339719
-5257.953180 11293.246805
-5265.249683 11299.140741
-5272.565186 11305.021526
-5279.899689 11310.889162
-5287.253192 11316.743648
-5294.625695 11322.584984
-5302.017198 11328.413170
-5309.427701 11334.228206
-5316.857204 11340.030091
-5324.305708 11345.818827
-5331.773211 11351.594413
-5339.259714 11357.356849
-5346.759967 11363.112247
-5354.275720 11368.858570
-5361.806973 11374.595819
-5369.353726 11380.323992
-5376.915979 11386.043091
-5384.493732 11391.753114
-5392.086985 11397.454063
-5399.695738 11403.145936
-5407.319991 11408.828735
-5414.959744 11414.502458
-5422.614997 11420.167107
-5430.285750 11425.822681
-5437.972003 11431.469179
-5445.673756 11437.106603
-5453.391009 11442.734952
-5461.123762 11448.354225
-5468.872015 11453.964424
-5476.635769 11459.565548
-5484.415022 11465.157597
-5492.209775 11470.740571
-5500.020028 11476.314470
-5507.845781 11481.879294
-5515.687034 11487.435043
-5523.543787 11492.981717
-5531.416040 11498.519316
-5539.303793 11504.047840
-5547.207046 11509.567289
-5555.125799 11515.077663
-5563.060052 11520.578962
-5571.009806 11526.071186
-5578.975059 11531.554335
-5586.955812 11537.028409
-5594.952065 11542.493409
-5602.963818 11547.949333
-5610.991071 11553.396182
-5619.033824 11558.833957
-5627.092077 11564.262656
-5635.165830 11569.682280
-5643.255083 11575.092830
-5651.359836 11580.494304
-5659.475290 11585.879729
-5667.603043 11591.251428
-5675.743096 11596.609403
-5683.895449 11601.953652
-5692.060102 11607.284176
-5700.237055 11612.600976
-5708.426308 11617.904050
-5716.627862 11623.193400
-5724.841715 11628.469024
-5733.067868 11633.730923
-5741.306321 11638.979098
-5749.557074 11644.213547
-5757.820127 11649.434272
-5766.095481 11654.641271
-5774.383134 11659.834545
-5782.683087 11665.014095
-5790.995340 11670.179919
-5799.319894 11675.332018
-5807.656747 11680.470393
-5816.005900 11685.595042
-5824.367353 11690.705966
-5832.741107 11695.803166
-5841.127160 11700.886640
-5849.525513 11705.956389
-5857.936166 11711.012414
-5866.359120 11716.054713
-5874.794373 11721.083287
-5883.241926 11726.098136
-5891.701780 11731.099261
-5900.173933 11736.086660
-5908.658386 11741.060334
-5917.155140 11746.020284
-5925.664193 11750.966508
-5934.185546 11755.899007
-5942.719200 11760.817781
-5951.265153 11765.722831
-5959.823406 11770.614155
-5968.393960 11775.491754
-5976.976813 11780.355628
-5985.571966 11785.205778
-5994.082932 11790.049552
-6002.541873 11794.884501
-6010.948789 11799.710625
-6019.303680 11804.527924
-6027.606546 11809.336398
-6035.857387 11814.136048
-6044.056203 11818.926872
-6052.202994 11823.708871
-6060.297760 11828.482045
-6068.340501 11833.246394
-6076.331217 11838.001918
-6084.269908 11842.748617
-6092.156574 11847.486491
-6099.991215 11852.215540
-6107.773831 11856.935764
-6115.504423 11861.647163
-6123.182989 11866.349737
-6130.809530 11871.043485
-6138.384046 11875.728409
-6145.906537 11880.404508
-6153.377003 11885.071782
-6160.795444 11889.730231
-6168.161861 11894.379855
-6175.476252 11899.020653
-6182.738618 11903.652627
-6189.948959 11908.275776
-6197.107276 11912.890100
-6204.213567 11917.495598
-6211.267833 11922.092272
-6218.270074 11926.680121
-6225.220291 11931.259144
-6232.118482 11935.829343
-6238.964648 11940.390716
-6245.758790 11944.943265
-6252.500906 11949.486989
-6259.190997 11954.021887
-6265.829064 11958.547961
-6272.415105 11963.065209
-6278.949122 11967.573633
-6285.431113 11972.073231
-6291.827105 11976.543605
-6298.148421 11980.991553
-6304.395062 11985.417076
-6310.567029 11989.820175
-6316.664320 11994.200848
-6322.686937 11998.559097
-6328.634878 12002.894920
-6334.508145 12007.208319
-6340.306737 12011.499293
-6346.030653 12015.767841
-6351.679895 12020.013965
-6357.254461 12024.237663
-6362.754353 12028.438937
-6368.179570 12032.617785
-6373.530111 12036.774209
-6378.805978 12040.908207
-6384.007169 12045.019781
-6389.133686 12049.108929
-6394.185528 12053.175653
-6399.162695 12057.219951
-6404.065186 12061.241825
-6408.893003 12065.241274
-6413.646145 12069.218297
-6418.324611 12073.172896
-6422.928403 12077.105069
-6427.457520 12081.014818
-6431.911962 12084.902141
-6436.291729 12088.767040
-6440.596820 12092.609514
-6444.827237 12096.429562
-6448.982979 12100.227186
-6453.064046 12104.002384
-6457.070438 12107.755158
-6461.002155 12111.485507
-6464.859197 12115.193430
-6468.641564 12118.878929
-6472.349256 12122.542003
-6475.982272 12126.182651
-6479.540614 12129.800875
-6483.024281 12133.396674
-6486.429786 12136.995735
-6489.758290 12140.589496
-6493.009795 12144.177957
-6496.184300 12147.761118
-6499.281804 12151.338979
-6502.302309 12154.911541
-6505.245814 12158.478802
-6508.112318 12162.040763
-6510.901823 12165.597424
-6513.614328 12169.148785
-6516.249833 12172.694847
-6518.808338 12176.235608
-6521.289842 12179.771069
-6523.694347 12183.301230
-6526.021852 12186.826092
-6528.272357 12190.345653
-6530.445862 12193.859914
-6532.542367 12197.368875
-6534.561872 12200.872537
-6536.504377 12204.370898
-6538.369883 12207.863959
-6540.158388 12211.351720
-6541.869893 12214.834182
-6543.504398 12218.311343
-6545.061903 12221.783204
-6546.542409 12225.249766
-6547.945914 12228.711027
-6549.272419 12232.166988
-6550.521925 12235.617650
-6551.694430 12239.063011
-6552.789935 12242.503072
-6553.808441 12245.937834
-6554.749946 12249.367295
-6555.614452 12252.791457
-6556.401957 12256.210318
-6557.112463 12259.623879
-6557.745969 12263.032141
-6558.302474 12266.435102
-6558.781980 12269.832764
-6559.184486 12273.225125
-6559.556341 12276.579374
-6559.882097 12279.906448
-6560.161753 12283.206347
-6560.395308 12286.479071
-6560.582764 12289.724620
-6560.724120 12292.942993
-6560.819375 12296.134192
-6560.868531 12299.298216
-6560.871587 12302.435065
-6560.828542 12305.544739
-6560.739398 12308.627238
-6560.604154 12311.682561
-6560.422810 12314.710710
-6560.195365 12317.711684
-6559.921821 12320.685483
-6559.602177 12323.632107
-6559.236432 12326.551555
-6558.824588 12329.443829
-6558.366644 12332.308928
-6557.862599 12335.146852
-6557.312455 12337.957600
-6556.716211 12340.741174
-6556.073867 12343.497573
-6555.385422 12346.226796
-6554.650878 12348.928845
-6553.870234 12351.603719
-6553.043490 12354.251417
-6552.170645 12356.871941
-6551.251701 12359.465290
-6550.286657 12362.031463
-6549.275513 12364.570462
-6548.218268 12367.082286
-6547.114924 12369.566934
-6545.965480 12372.024408
-6544.769935 12374.454706
-6543.528291 12376.857830
-6542.240547 12379.233779
-6540.906703 12381.582552
-6539.526758 12383.904151
-6538.100714 12386.198574
-6536.659208 12388.461473
-6535.192026 12390.694296
-6533.699169 12392.897045
-6532.180637 12395.069718
-6530.636431 12397.212317
-6529.066549 12399.324840
-6527.470992 12401.407289
-6525.849761 12403.459662
-6524.202854 12405.481961
-6522.530272 12407.474184
-6520.832016 12409.436332
-6519.108084 12411.368406
-6517.358477 12413.270404
-6515.583196 12415.142328
-6513.782239 12416.984176
-6511.955608 12418.795949
-6510.103301 12420.577648
-6508.225319 12422.329271
-6506.321663 12424.050819
-6504.392331 12425.742292
-6502.437325 12427.403691
-6500.456643 12429.035014
-6498.450287 12430.636262
-6496.418255 12432.207435
-6494.360549 12433.748534
-6492.277167 12435.259557
-6490.168111 12436.740505
-6488.033379 12438.191378
-6485.872973 12439.612176
-6483.686891 12441.002899
-6481.475135 12442.363548
-6479.237703 12443.694121
-6476.974597 12444.994619
-6474.685815 12446.265042
-6472.371359 12447.505390
-6470.031227 12448.715663
-6467.665421 12449.895861
-6465.273940 12451.045984
-6462.856783 12452.166032
-6460.413952 12453.256005
-6457.935508 12454.343278
-6455.424764 12455.418726
-6452.881720 12456.482349
-6450.306376 12457.534147
-6447.698733 12458.574121
-6445.058789 12459.602269
-6442.386545 12460.618592
-6439.682001 12461.623090
-6436.945158 12462.615763
-6434.176014 12463.596612
-6431.374570 12464.565635
-6428.540827 12465.522833
-6425.674783 12466.468207
-6422.776439 12467.401755
-6419.845796 12468.323479
-6416.882852 12469.233377
-6413.887609 12470.131451
-6410.860065 12471.017699
-6407.800222 12471.892123
-6404.708078 12472.754721
-6401.583635 12473.605495
-6398.426891 12474.444443
-6395.237848 12475.271567
-6392.016504 12476.086866
-6388.762861 12476.890339
-6385.476917 12477.681988
-6382.158674 12478.461812
-6378.808131 12479.229811
-6375.425287 12479.985984
-6372.010144 12480.730333
-6368.562701 12481.462857
-6365.082958 12482.183556
-6361.570914 12482.892430
-6358.026571 12483.589479
-6354.449928 12484.274703
-6350.840985 12484.948102
-6347.199742 12485.609676
-6343.526198 12486.259425
-6339.820355 12486.897349
-6336.082212 12487.523448
-6332.311844 12488.139035
-6328.509226 12488.743671
-6324.674358 12489.337358
-6320.807240 12489.920094
-6316.907872 12490.491881
-6312.976254 12491.052717
-6309.012386 12491.602604
-6305.016268 12492.141540
-6300.987900 12492.669527
-6296.927282 12493.186563
-6292.834414 12493.692650
-6288.709296 12494.187786
-6284.551928 12494.671973
-6280.362310 12495.145209
-6276.140442 12495.607495
-6271.886324 12496.058832
-6267.599956 12496.499218
-6263.281338 12496.928654
-6258.930470 12497.347141
-6254.547353 12497.754677
-6250.131985 12498.151263
-6245.684367 12498.536900
-6241.204499 12498.911586
-6236.692381 12499.275322
-6232.148014 12499.628108
-6227.571396 12499.969944
-6222.962528 12500.300831
-6218.321410 12500.620767
-6213.648043 12500.929753
-6208.942425 12501.227789
-6204.204557 12501.514875
-6199.434439 12501.791012
-6194.632072 12502.056198
-6189.797454 12502.310434
-6184.930586 12502.553720
-6180.031469 12502.786056
-6175.100101 12503.007442
-6170.136483 12503.217878
-6165.140616 12503.417364
-6160.112498 12503.605900
-6155.051681 12503.776624
-6149.958313 12503.931822
-6144.832395 12504.071496
-6139.673928 12504.195644
-6134.482910 12504.304268
-6129.259343 12504.397366
-6124.003225 12504.474940
-6118.714557 12504.536988
-6113.393340 12504.583512
-6108.039572 12504.614511
-6102.653255 12504.629984
-6097.234387 12504.629933
-6091.782969 12504.614356
-6086.299002 12504.583255
-6080.782484 12504.536628
-6075.233417 12504.474477
-6069.651799 12504.396800
-6064.037631 12504.303599
-6058.390914 12504.194873
-6052.711646 12504.070621
-6046.999829 12503.930845
-6041.255461 12503.775543
-6035.478543 12503.604717
-6029.669076 12503.418365
-6023.827058 12503.216489
-6017.952491 12502.999088
-6012.045373 12502.766161
-6006.105705 12502.517710
-6000.133488 12502.253733
-5994.128720 12501.974232
-5988.091403 12501.679205
-5982.021535 12501.368654
-5975.919118 12501.042578
-5969.784150 12500.700976
-5963.616632 12500.343850
-5957.416565 12499.971198
-5951.183947 12499.583022
-5944.918780 12499.179321
-5938.621062 12498.760094
-5932.290794 12498.325343
-5925.954902 12497.883954
-5919.604409 12497.432965
-5913.239317 12496.972376
-5906.859624 12496.502188
-5900.465332 12496.022399
-5894.056439 12495.533010
-5887.632947 12495.034022
-5881.194854 12494.525433
-5874.742162 12494.007244
-5868.274869 12493.479456
-5861.792977 12492.942067
-5855.296484 12492.395079
-5848.785392 12491.838490
-5842.259700 12491.272302
-5835.719407 12490.696513
-5829.164515 12490.111125
-5822.595023 12489.516137
-5816.010930 12488.911548
-5809.412238 12488.297360
-5802.798946 12487.673572
-5796.171053 12487.040183
-5789.528561 12486.397195
-5782.871469 12485.744607
-5776.199777 12485.082419
-5769.513484 12484.410631
-5762.812592 12483.729243
-5756.097100 12483.038255
-5749.367008 12482.337667
-5742.622315 12481.627479
-5735.863023 12480.907691
-5729.089131 12480.178303
-5722.300639 12479.439315
-5715.497547 12478.690727
-5708.679855 12477.932539
-5701.847563 12477.164752
-5695.000670 12476.387364
-5688.139178 12475.600376
-5681.263086 12474.803788
-5674.372394 12473.997601
-5667.467102 12473.181813
-5660.543648 12472.358075
-5653.603218 12471.525838
-5646.645814 12470.685100
-5639.671434 12469.835862
-5632.680080 12468.978125
-5625.671751 12468.111887
-5618.646446 12467.237149
-5611.604167 12466.353911
-5604.544912 12465.462173
-5597.468683 12464.561936
-5590.375479 12463.653198
-5583.265300 12462.735960
-5576.138145 12461.810222
-5568.994016 12460.875984
-5561.832912 12459.933246
-5554.654833 12458.982008
-5547.459779 12458.022270
-5540.247749 12457.054032
-5533.018745 12456.077294
-5525.772766 12455.092056
-5518.509812 12454.098318
-5511.229883 12453.096080
-5503.932979 12452.085342
-5496.619100 12451.066104
-5489.288246 12450.038366
-5481.940417 12449.002128
-5474.575613 12447.957390
-5467.193834 12446.904152
-5459.795080 12445.842413
-5452.379351 12444.772175
-5444.946648 12443.693437
-5437.496969 12442.606199
-5430.030315 12441.510461
-5422.546686 12440.406222
-5415.046082 12439.293484
-5407.528504 12438.172246
-5399.993950 12437.042508
-5392.442421 12435.904269
-5384.873917 12434.757531
-5377.288439 12433.602293
-5369.689473 12432.443692
-5362.075856 12431.280016
-5354.447590 12430.111265
-5346.804674 12428.937440
-5339.147108 12427.758539
-5331.474892 12426.574564
-5323.788025 12425.385514
-5316.086509 12424.191388
-5308.370343 12422.992188
-5300.639527 12421.787913
-5292.894060 12420.578563
-5285.133944 12419.364137
-5277.359178 12418.144637
-5269.569761 12416.920062
-5261.765695 12415.690413
-5253.946979 12414.455688
-5246.113612 12413.215888
-5238.265596 12411.971013
-5230.402930 12410.721063
-5222.525613 12409.466039
-5214.633647 12408.205939
-5206.727031 12406.940765
-5198.805764 12405.670515
-5190.869848 12404.395191
-5182.919281 12403.114792
-5174.954065 12401.829317
-5166.974198 12400.538768
-5158.979682 12399.243144
-5150.970516 12397.942445
-5142.946699 12396.636671
-5134.908233 12395.325822
-5126.855116 12394.009898
-5118.787350 12392.688899
-5110.704933 12391.362825
-5102.607867 12390.031677
-5094.496150 12388.695453
-5086.369784 12387.354154
-5078.228767 12386.007781
-5070.073101 12384.656332
-5061.902784 12383.299809
-5053.719880 12381.934048
-5045.523701 12380.560437
-5037.314247 12379.178976
-5029.091518 12377.789665
-5020.855514 12376.392505
-5012.606235 12374.987494
-5004.343681 12373.574633
-4996.067852 12372.153922
-4987.778748 12370.725362
-4979.476369 12369.288951
-4971.160715 12367.844690
-4962.831786 12366.392580
-4954.489582 12364.932619
-4946.134103 12363.464809
-4937.765349 12361.989148
-4929.383321 12360.505638
-4920.988017 12359.014277
-4912.579438 12357.515067
-4904.157584 12356.008007
-4895.722455 12354.493096
-4887.274051 12352.970336
-4878.812372 12351.439726
-4870.337419 12349.901266
-4861.849190 12348.354955
-4853.347686 12346.800795
-4844.832907 12345.238785
-4836.304853 12343.668925
-4827.763525 12342.091215
-4819.208921 12340.505655
-4810.641042 12338.912245
-4802.059888 12337.310985
-4793.465460 12335.701875
-4784.857756 12334.084915
-4776.236777 12332.460105
-4767.602524 12330.827445
-4758.954995 12329.186935
-4750.294191 12327.538575
-4741.620113 12325.882366
-4732.932759 12324.218306
-4724.232130 12322.546396
-4715.533714 12320.868887
-4706.832348 12319.185027
-4698.128032 12317.494817
-4689.420766 12315.798257
-4680.710549 12314.095348
-4671.997383 12312.386088
-4663.281267 12310.670479
-4654.562201 12308.948519
-4645.840185 12307.220209
-4637.115218 12305.485550
-4628.387302 12303.744540
-4619.656436 12301.997181
-4610.922620 12300.243471
-4602.185853 12298.483411
-4593.446137 12296.717002
-4584.703471 12294.944242
-4575.957855 12293.165133
-4567.209288 12291.379673
-4558.457772 12289.587864
-4549.703306 12287.789704
-4540.945890 12285.985195
-4532.185523 12284.174335
-4523.422207 12282.357126
-4514.655941 12280.533567
-4505.886725 12278.703657
-4497.114558 12276.867398
-4488.339442 12275.024788
-4479.561376 12273.175829
-4470.780359 12271.320520
-4461.996393 12269.458860
-4453.209477 12267.590851
-4444.419610 12265.716491
-4435.626794 12263.835782
-4426.831028 12261.948723
-4418.032311 12260.055314
-4409.230645 12258.155554
-4400.426029 12256.249445
-4391.618462 12254.336986
-4382.807946 12252.418176
-4373.994480 12250.493017
-4365.192276 12248.557683
-4356.396597 12246.613449
-4347.607443 12244.660315
-4338.824814 12242.698281
-4330.048711 12240.727346
-4321.279132 12238.747512
-4312.516078 12236.758778
-4303.759550 12234.761145
-4295.009546 12232.754611
-4286.266067 12230.739177
-4277.529114 12228.714843
-4268.798685 12226.681609
-4260.074782 12224.639475
-4251.357403 12222.588442
-4242.646550 12220.528508
-4233.942221 12218.459674
-4225.244418 12216.381941
-4216.553140 12214.295307
-4207.868386 12212.199773
-4199.190158 12210.095340
-4190.518454 12207.982006
-4181.853276 12205.859773
-4173.194623 12203.728640
-4164.542495 12201.588606
-4155.896891 12199.439673
-4147.257813 12197.281839
-4138.625260 12195.115106
-4129.999232 12192.939473
-4121.379729 12190.754940
-4112.766751 12188.561507
-4104.160298 12186.359173
-4095.560369 12184.147940
-4086.966966 12181.927807
-4078.380088 12179.698774
-4069.799735 12177.460841
-4061.225907 12175.214008
-4052.658605 12172.958275
-4044.097827 12170.693642
-4035.543574 12168.420110
-4026.995846 12166.137677
-4018.450518 12163.837007
-4009.908965 12161.521211
-4001.371187 12159.190291
-3992.837185 12156.844246
-3984.306957 12154.483076
-3975.780504 12152.106780
-3967.257826 12149.715360
-3958.738924 12147.308815
-3950.223796 12144.887145
-3941.712443 12142.450350
-3933.204865 12139.998430
-3924.701063 12137.531385
-3916.201035 12135.049215
-3907.704782 12132.551920
-3899.212305 12130.039500
-3890.723602 12127.511955
-3882.238675 12124.969285
-3873.757522 12122.411490
-3865.280144 12119.838570
-3856.806542 12117.250525
-3848.336714 12114.647356
-3839.870662 12112.029061
-3831.408384 12109.395641
-3822.949882 12106.747096
-3814.495154 12104.083426
-3806.044202 12101.404632
-3797.597024 12098.710712
-3789.153622 12096.001667
-3780.713995 12093.277498
-3772.278142 12090.538203
-3763.846065 12087.783784
-3755.417762 12085.014239
-3746.993235 12082.229569
-3738.572483 12079.429775
-3730.155505 12076.614855
-3721.742303 12073.784811
-3713.332876 12070.939641
-3704.927223 12068.079347
-3696.525346 12065.203928
-3688.127244 12062.313383
-3679.738279 12059.412139
-3671.356664 12056.498719
-3662.982400 12053.573125
-3654.615485 12050.635356
-3646.255920 12047.685411
-3637.903706 12044.723292
-3629.558841 12041.748998
-3621.221326 12038.762528
-3612.891161 12035.763884
-3604.568347 12032.753065
-3596.252882 12029.730070
-3587.944767 12026.694901
-3579.644003 12023.647557
-3571.350588 12020.588037
-3563.064523 12017.516343
-3554.785809 12014.432474
-3546.514444 12011.336429
-3538.250429 12008.228210
-3529.993765 12005.107816
-3521.744450 12001.975247
-3513.502485 11998.830502
-3505.267871 11995.673583
-3497.040606 11992.504489
-3488.820691 11989.323220
-3480.608127 11986.129775
-3472.402912 11982.924156
-3464.205048 11979.706362
-3456.014533 11976.476393
-3447.831368 11973.234249
-3439.655554 11969.979929
-3431.487089 11966.713435
-3423.325975 11963.434766
-3415.172210 11960.143922
-3407.025796 11956.840903
-3398.886731 11953.525708
-3390.755016 11950.198339
-3382.630652 11946.858795
-3374.513637 11943.507076
-3366.403973 11940.143182
-3358.301658 11936.767113
-3350.210331 11933.374068
-3342.128779 11929.965649
-3334.057002 11926.541855
-3325.995000 11923.102686
-3317.942773 11919.648142
-3309.900321 11916.178223
-3301.867644 11912.692929
-3293.844742 11909.192260
-3285.831615 11905.676216
-3277.828263 11902.144797
-3269.834686 11898.598003
-3261.850884 11895.035834
-3253.876857 11891.458290
-3245.912605 11887.865371
-3237.958128 11884.257077
-3230.013426 11880.633408
-3222.078499 11876.994364
-3214.153347 11873.339945
-3206.237970 11869.670151
-3198.332368 11865.984982
-3190.436542 11862.284438
-3182.550490 11858.568519
-3174.674213 11854.837226
-3166.807711 11851.090557
-3158.950984 11847.328513
-3151.104032 11843.551094
-3143.266855 11839.758300
-3135.439453 11835.950131
-3127.621826 11832.126588
-3119.813974 11828.287669
-3112.015897 11824.433375
-3104.227596 11820.563706
-3096.449069 11816.678663
-3088.680317 11812.778244
-3080.921340 11808.862450
-3073.172138 11804.931281
-3065.432711 11800.984738
-3057.703059 11797.022819
-3049.983183 11793.045525
-3042.273081 11789.052857
-3034.571854 11785.058388
-3026.879802 11781.057594
-3019.196925 11777.050476
-3011.523223 11773.037032
-3003.858697 11769.017263
-2996.203345 11764.991170
-2988.557168 11760.958751
-2980.920166 11756.920007
-2973.292339 11752.874939
-2965.673688 11748.823545
-2958.064211 11744.765827
-2950.463909 11740.701783
-2942.872782 11736.631415
-2935.290830 11732.554721
-2927.718054 11728.471702
-2920.154452 11724.382359
-2912.600025 11720.286690
-2905.054773 11716.184697
-2897.518696 11712.076378
-2889.991795 11707.961735
-2882.474068 11703.840766
-2874.965516 11699.713473
-2867.466139 11695.579854
-2859.975938 11691.439911
-2852.494911 11687.293642
-2845.023059 11683.141049
-2837.560382 11678.982131
-2830.106881 11674.816887
-2822.662554 11670.645319
-2815.227402 11666.467425
-2807.801425 11662.283207
-2800.384623 11658.092663
-2792.976997 11653.895795
-2785.578545 11649.692602
-2778.189268 11645.483083
-2770.809167 11641.267240
-2763.438240 11637.045072
-2756.076488 11632.816578
-2748.723911 11628.581760
-2741.380510 11624.340616
-2734.030683 11620.075523
-2726.679631 11615.792355
-2719.327354 11611.491112
-2711.973852 11607.171794
-2704.619126 11602.834400
-2697.263174 11598.478932
-2689.905997 11594.105389
-2682.547595 11589.713771
-2675.187968 11585.304078
-2667.827116 11580.876310
-2660.465039 11576.430468
-2653.101737 11571.966550
-2645.737210 11567.484557
-2638.371458 11562.984489
-2631.004481 11558.466346
-2623.636279 11553.930129
-2616.266852 11549.375836
-2608.896200 11544.803469
-2601.524323 11540.213026
-2594.151221 11535.604509
-2586.776894 11530.977916
-2579.401342 11526.333249
-2572.024565 11521.670506
-2564.646563 11516.989689
-2557.267336 11512.290797
-2549.886883 11507.573829
-2542.505206 11502.838787
-2535.122304 11498.085670
-2527.738177 11493.314478
-2520.352824 11488.525211
-2512.966247 11483.717869
-2505.578445 11478.892452
-2498.189418 11474.048960
-2490.799165 11469.187393
-2483.407688 11464.307751
-2476.014986 11459.410034
-2468.621058 11454.494242
-2461.225906 11449.560375
-2453.829528 11444.608433
-2446.431926 11439.638417
-2439.050049 11434.656588
-2431.678246 11429.660858
-2424.316519 11424.651229
-2416.964867 11419.627700
-2409.623289 11414.590271
-2402.291787 11409.538942
-2394.970360 11404.473713
-2387.659007 11399.394584
-2380.357730 11394.301555
-2373.066528 11389.194627
-2365.785401 11384.073798
-2358.514349 11378.939069
-2351.253371 11373.790440
-2344.002469 11368.627911
-2336.761642 11363.451483
-2329.530890 11358.261154
-2322.310213 11353.056925
-2315.099611 11347.838797
-2307.899084 11342.606768
-2300.708632 11337.360840
-2293.528255 11332.101011
-2286.357953 11326.827283
-2279.197726 11321.539654
-2272.047574 11316.238126
-2264.907497 11310.922697
-2257.777495 11305.593369
-2250.657568 11300.250141
-2243.547716 11294.893012
-2236.447939 11289.521984
-2229.358237 11284.137056
-2222.278610 11278.738228
-2215.209059 11273.325500
-2208.149582 11267.898871
-2201.100180 11262.458343
-2194.060853 11257.003915
-2187.031601 11251.535587
-2180.012425 11246.053359
-2173.003323 11240.557231
-2166.004296 11235.047203
-2159.015345 11229.523275
-2152.019480 11223.998760
-2145.022366 11218.469220
-2138.024002 11212.934654
-2131.024388 11207.395064
-2124.023524 11201.850449
-2117.021410 11196.300808
-2110.018046 11190.746143
-2103.013432 11185.186453
-2096.007568 11179.621738
-2089.000454 11174.051997
-2081.992090 11168.477232
-2074.982476 11162.897442
-2067.971612 11157.312627
-2060.959498 11151.722787
-2053.946135 11146.127921
-2046.931521 11140.528031
-2039.915657 11134.923116
-2032.898543 11129.313176
-2025.880179 11123.698211
-2018.860566 11118.078221
-2011.839702 11112.453206
-2004.817588 11106.823166
-1997.794225 11101.188101
-1990.769611 11095.548011
-1983.743747 11089.902896
-1976.716634 11084.252756
-1969.688270 11078.597591
-1962.658657 11072.937401
-1955.627793 11067.272186
-1948.595680 11061.601946
-1941.562316 11055.926681
-1934.527703 11050.246391
-1927.491840 11044.561076
-1920.454726 11038.870736
-1913.416363 11033.175371
-1906.376749 11027.474981
-1899.335886 11021.769567
-1892.293773 11016.059127
-1885.250410 11010.343662
-1878.205796 11004.623172
-1871.166721 10998.883707
-1864.130920 10993.129918
-1857.098394 10987.361803
-1850.069143 10981.579363
-1843.043168 10975.782598
-1836.020467 10969.971509
-1829.001041 10964.146094
-1821.984891 10958.306354
-1814.972015 10952.452289
-1807.962414 10946.583899
-1800.956088 10940.701185
-1793.953038 10934.804145
-1786.953262 10928.892780
-1779.956762 10922.967090
-1772.963536 10917.027075
-1765.973585 10911.072736
-1758.986910 10905.104071
-1752.003509 10899.121081
-1745.023383 10893.123766
-1738.046533 10887.112126
-1731.072957 10881.086162
-1724.102657 10875.045872
-1717.135631 10868.991257
-1710.171880 10862.922317
-1703.211405 10856.839053
-1696.254204 10850.741463
-1689.300279 10844.629548
-1682.349628 10838.503308
-1675.402253 10832.362743
-1668.458152 10826.207854
-1661.517326 10820.038639
-1654.579776 10813.855099
-1647.645500 10807.657234
-1640.714500 10801.445044
-1633.786774 10795.218530
-1626.862324 10788.977690
-1619.941148 10782.722525
-1613.023248 10776.453035
-1606.108622 10770.169220
-1599.197272 10763.871081
-1592.292946 10757.552653
-1585.394396 10751.215926
-1578.501621 10744.860899
-1571.614620 10738.487571
-1564.733395 10732.095944
-1557.857944 10725.686017
-1550.988269 10719.257789
-1544.124369 10712.811262
-1537.266243 10706.346435
-1530.413893 10699.863307
-1523.567318 10693.361880
-1516.726517 10686.842153
-1509.891492 10680.304125
-1503.062242 10673.747798
-1496.238766 10667.173171
-1489.421066 10660.580243
-1482.609141 10653.969016
-1475.802990 10647.339488
-1469.002615 10640.691661
-1462.208015 10634.025534
-1455.419190 10627.341106
-1448.636140 10620.638379
-1441.858864 10613.917351
-1435.087364 10607.178024
-1428.321639 10600.420397
-1421.561689 10593.644469
-1414.807514 10586.850242
-1408.059114 10580.037714
-1401.316489 10573.206887
-1394.579638 10566.357760
-1387.848563 10559.490332
-1381.123263 10552.604605
-1374.403738 10545.700577
-1367.689988 10538.778250
-1360.982013 10531.837622
-1354.279813 10524.878695
-1347.583388 10517.901467
-1340.892738 10510.905940
-1334.207863 10503.892112
-1327.528763 10496.859985
-1320.861700 10489.818183
-1314.204588 10482.763830
-1307.557425 10475.696928
-1300.920213 10468.617476
-1294.292950 10461.525473
-1287.675637 10454.420921
-1281.068274 10447.303819
-1274.470862 10440.174167
-1267.883399 10433.031965
-1261.305886 10425.877213
-1254.738323 10418.709911
-1248.180710 10411.530059
-1241.633047 10404.337657
-1235.095334 10397.132705
-1228.567571 10389.915203
-1222.049758 10382.685151
-1215.541895 10375.442550
-1209.043982 10368.187398
-1202.556019 10360.919696
-1196.078006 10353.639445
-1189.609943 10346.346643
-1183.151829 10339.041291
-1176.703666 10331.723390
-1170.265453 10324.392938
-1163.837190 10317.049937
-1157.418876 10309.694386
-1151.010513 10302.326284
-1144.612099 10294.945633
-1138.223636 10287.552432
-1131.845122 10280.146680
-1125.476559 10272.728379
-1119.117945 10265.297528
-1112.769282 10257.854127
-1106.430568 10250.398176
-1100.101804 10242.929675
-1093.782991 10235.448624
-1087.474127 10227.955023
-1081.175213 10220.448872
-1074.886250 10212.930171
-1068.607236 10205.398920
-1062.344847 10197.844357
-1056.096858 10190.270069
-1049.863269 10182.676055
-1043.644080 10175.062317
-1037.439291 10167.428854
-1031.248902 10159.775665
-1025.072913 10152.102752
-1018.911324 10144.410114
-1012.764135 10136.697750
-1006.631346 10128.965662
-1000.512957 10121.213849
-994.408967 10113.442310
-988.319378 10105.651047
-982.244189 10097.840059
-976.183400 10090.009345
-970.137010 10082.158907
-964.105021 10074.288743
-958.087431 10066.398855
-952.084242 10058.489242
-946.095453 10050.559903
-940.121063 10042.610840
-934.161074 10034.642051
-928.215484 10026.653538
-922.284294 10018.645300
-916.367505 10010.617336
-910.465115 10002.569648
-904.577126 9994.502234
-898.703536 9986.415096
-892.844346 9978.308233
-886.999556 9970.181644
-881.169166 9962.035331
-875.353177 9953.869292
-869.551587 9945.683529
-863.764397 9937.478041
-857.991607 9929.252827
-852.233217 9921.007889
-846.489227 9912.743225
-840.759637 9904.458837
-835.044447 9896.154723
-829.343657 9887.830885
-823.674779 9879.471009
-818.031977 9871.080533
-812.415249 9862.659457
-806.824596 9854.207782
-801.260019 9845.725506
-795.721516 9837.212630
-790.209088 9828.669154
-784.722736 9820.095078
-779.262458 9811.490403
-773.828255 9802.855127
-768.420128 9794.189251
-763.038075 9785.492775
-757.682097 9776.765700
-752.352195 9768.008024
-747.048367 9759.219748
-741.770614 9750.400873
-736.518936 9741.551397
-731.293334 9732.671322
-726.093806 9723.760646
-720.920353 9714.819371
-715.772975 9705.847495
-710.651673 9696.845019
-705.556445 9687.811944
-700.487292 9678.748268
-695.444214 9669.653993
-690.427211 9660.529118
-685.436283 9651.373642
-680.471431 9642.187567
-675.532653 9632.970891
-670.619950 9623.723616
-665.733322 9614.445741
-660.872769 9605.137265
-656.038291 9595.798190
-651.229888 9586.428515
-646.447560 9577.028239
-641.691307 9567.597364
-636.961130 9558.135889
-632.257027 9548.643814
-627.578999 9539.121139
-622.927046 9529.567863
-618.299255 9519.999438
-613.696265 9510.410713
-609.118074 9500.801688
-604.564684 9491.172362
-600.036093 9481.522737
-595.532303 9471.852812
-591.053313 9462.162587
-586.599122 9452.452061
-582.169732 9442.721236
-577.765141 9432.970111
-573.385351 9423.198686
-569.030360 9413.406960
-564.700170 9403.594935
-560.394780 9393.762610
-556.114189 9383.909984
-551.858399 9374.037059
-547.627408 9364.143834
-543.421218 9354.230308
-539.239828 9344.296483
-535.083237 9334.342358
-530.951447 9324.367932
-526.844456 9314.373207
-522.762266 9304.358182
-518.704876 9294.322856
-514.672285 9284.267231
-510.664495 9274.191305
-506.681504 9264.095080
-502.723314 9253.978554
-498.789924 9243.841729
-494.881333 9233.684604
-490.997543 9223.507178
-487.138553 9213.309453
-483.304362 9203.091427
-479.494972 9192.853102
-475.710381 9182.594476
-471.950591 9172.315551
-468.215601 9162.016325
-464.505410 9151.696800
-460.820020 9141.356974
-457.159430 9130.996849
-453.522439 9120.616723
-449.909449 9110.216498
-446.320459 9099.796172
-442.755468 9089.355746
-439.214478 9078.895221
-435.697488 9068.414595
-432.204498 9057.913870
-428.735508 9047.393044
-425.290517 9036.852119
-421.869527 9026.291093
-418.472537 9015.709967
-415.099547 9005.108742
-411.750557 8994.487416
-408.425567 8983.845991
-405.124577 8973.184465
-401.847587 8962.502840
-398.594597 8951.801114
-395.365607 8941.079288
-392.160617 8930.337363
-388.979627 8919.575337
-385.822637 8908.793211
-382.689647 8897.990986
-379.580657 8887.168660
-376.495667 8876.326234
-373.434677 8865.463709
-370.397687 8854.581083
-367.384698 8843.678357
-364.395708 8832.755532
-361.430718 8821.812606
-358.489728 8810.849580
-355.572738 8799.866455
-352.679749 8788.863229
-349.810759 8777.839903
-346.965769 8766.796478
-344.144780 8755.732952
-341.347790 8744.649326
-338.574800 8733.545601
-335.825811 8722.421775
-333.100821 8711.277849
-330.399831 8700.113823
-327.720217 8688.920623
-325.062852 8677.701272
-322.427737 8666.455771
-319.814873 8655.184121
-317.224258 8643.886320
-314.655893 8632.562370
-312.109778 8621.212269
-309.585914 8609.836018
-307.084299 8598.433618
-304.604934 8587.005067
-302.147819 8575.550367
-299.712954 8564.069516
-297.300339 8552.562516
-294.909974 8541.029365
-292.541859 8529.470065
-290.195994 8517.884615
-287.872379 8506.273014
-285.571014 8494.635264
-283.291899 8482.971363
-281.035034 8471.281313
-278.800419 8459.565113
-276.588053 8447.822763
-274.397938 8436.054262
-272.230073 8424.259612
-270.084458 8412.438812
-267.961092 8400.591862
-265.859977 8388.718761
-263.781112 8376.819511
-261.724496 8364.894111
-259.690131 8352.942561
-257.678016 8340.964861
-255.688150 8328.961011
-253.720535 8316.931011
-251.775169 8304.874861
-249.852054 8292.792561
-247.951188 8280.684110
-246.072573 8268.549510
-244.216207 8256.388761
-242.382092 8244.201861
-240.570226 8231.988811
-238.765273 8219.743873
-236.972345 8207.468961
-235.191441 8195.164073
-233.422563 8182.829211
-231.665710 8170.464374
-229.920882 8158.069561
-228.188079 8145.644774
-226.467301 8133.190011
-224.758547 8120.705274
-223.061819 8108.190562
-221.377116 8095.645874
-219.704438 8083.071212
-218.043784 8070.466575
-216.395156 8057.831962
-214.758553 8045.167375
-213.133975 8032.472813
-211.521421 8019.748276
-209.920893 8006.993763
-208.332390 7994.209276
-206.755911 7981.394814
-205.191458 7968.550377
-203.639030 7955.675964
-202.098626 7942.771577
-200.570248 7929.837215
-199.053895 7916.872878
-197.549566 7903.878566
-196.057263 7890.854278
-194.576985 7877.800016
-193.108731 7864.715779
-191.652503 7851.601567
-190.208299 7838.457380
-188.776121 7825.283218
-187.355968 7812.079081
-185.947839 7798.844969
-184.551736 7785.580881
-183.167657 7772.286819
-181.795604 7758.962782
-180.435575 7745.608770
-179.087572 7732.224783
-177.751593 7718.810821
-176.495703 7705.408772
-175.297212 7692.004672
-174.156121 7678.598523
-173.072430 7665.190323
-172.046139 7651.780074
-171.077248 7638.367774
-170.165758 7624.953425
-169.311667 7611.537025
-168.514976 7598.118576
-167.775686 7584.698076
-167.093795 7571.275527
-166.469304 7557.850928
-165.902214 7544.424278
-165.392523 7530.995579
-164.940233 7517.564829
-164.545343 7504.132030
-164.207852 7490.697181
-163.927762 7477.260281
-163.705071 7463.821332
-163.539781 7450.380333
-163.431891 7436.937283
-163.381401 7423.492184
-163.388310 7410.045035
-163.452620 7396.595835
-163.574330 7383.144586
-163.753440 7369.691287
-163.989950 7356.235938
-164.283860 7342.778538
-164.635170 7329.319089
-165.043880 7315.857590
-165.509990 7302.394041
-166.033500 7288.928441
-166.614410 7275.460792
-167.252720 7261.991093
-167.948431 7248.519344
-168.701541 7235.045545
-169.512051 7221.569695
-170.379961 7208.091796
-171.305272 7194.611847
-172.287982 7181.129848
-173.204042 7167.602036
-174.094803 7154.043000
-174.960263 7140.452738
-175.800423 7126.831251
-176.615283 7113.178540
-177.404844 7099.494603
-178.169104 7085.779441
-178.908064 7072.033055
-179.621724 7058.255443
-180.310084 7044.446606
-180.973144 7030.606545
-181.610904 7016.735258
-182.223365 7002.832746
-182.810525 6988.899010
-183.372385 6974.934048
-183.908945 6960.937861
-184.420205 6946.910450
-184.906165 6932.851813
-185.366825 6918.761951
-185.802185 6904.640865
-186.212245 6890.488553
-186.597005 6876.305016
-186.956464 6862.090254
-187.290624 6847.844268
-187.599484 6833.567056
-187.883044 6819.258619
-188.141304 6804.918958
-188.374264 6790.548071
-188.581923 6776.145959
-188.764283 6761.712622
-188.921343 6747.248061
-189.053103 6732.752274
-189.159562 6718.225262
-189.240722 6703.667025
-189.296582 6689.077564
-189.327141 6674.456877
-189.332401 6659.804965
-189.312361 6645.121828
-189.267020 6630.407467
-189.196380 6615.661880
-189.051540 6600.904081
-188.848799 6586.127731
-188.588159 6571.332832
-188.269618 6556.519383
-187.893178 6541.687384
-187.458837 6526.836834
-186.966597 6511.967735
-186.416456 6497.080086
-185.808416 6482.173887
-185.142475 6467.249138
-184.418635 6452.305839
-183.636894 6437.343990
-182.797254 6422.363591
-181.899713 6407.364642
-180.944272 6392.347142
-179.930932 6377.311093
-178.859691 6362.256494
-177.730551 6347.183345
-176.543510 6332.091646
-175.298569 6316.981397
-173.995729 6301.852598
-172.634988 6286.705249
-171.216347 6271.539351
-169.739807 6256.354902
-168.205366 6241.151903
-166.613025 6225.930354
-164.962785 6210.690255
-163.254644 6195.431606
-161.488603 6180.154407
-159.664662 6164.858658
-157.782822 6149.544359
-155.843081 6134.211511
-153.845440 6118.860112
-151.789899 6103.490163
-149.676458 6088.101664
-147.505118 6072.694616
-145.275877 6057.269017
-142.988736 6041.824868
-140.643695 6026.362169
-138.240754 6010.880921
-135.798101 5995.386034
-133.309672 5979.875873
-130.775469 5964.350437
-128.195491 5948.809726
-125.569738 5933.253740
-122.898209 5917.682479
-120.180906 5902.095943
-117.417828 5886.494132
-114.608974 5870.877046
-111.754346 5855.244686
-108.853943 5839.597050
-105.907765 5823.934139
-102.915812 5808.255953
-99.878083 5792.562493
-96.794580 5776.853757
-93.665302 5761.129746
-90.490249 5745.390461
-87.269421 5729.635900
-84.002817 5713.866065
-80.690439 5698.080954
-77.332286 5682.280569
-73.928358 5666.464908
-70.478655 5650.633973
-66.983177 5634.787763
-63.441924 5618.926277
-59.854896 5603.049517
-56.222093 5587.157482
-52.543515 5571.250172
-48.819162 5555.327586
-45.049034 5539.389726
-41.233131 5523.436591
-37.371453 5507.468181
-33.464000 5491.484496
-29.510772 5475.485536
-25.511769 5459.471301
-21.466991 5443.441791
-17.376438 5427.397006
-13.240110 5411.336946
-9.058007 5395.261612
-4.830129 5379.171002
-0.588426 5363.046030
3.677752 5346.893057
7.968405 5330.712085
12.283533 5314.503113
16.623136 5298.266141
20.987214 5282.001169
25.375767 5265.708196
29.788795 5249.387224
34.226299 5233.038252
38.688277 5216.661280
43.174730 5200.256308
47.685658 5183.823336
52.221062 5167.362364
56.780940 5150.873392
61.365293 5134.356420
65.974122 5117.811448
70.607425 5101.238476
75.265203 5084.637504
79.947457 5068.008532
84.654185 5051.351560
89.385389 5034.666588
94.141067 5017.953616
98.921221 5001.212644
103.725849 4984.443673
108.554953 4967.646701
113.408532 4950.821729
118.286585 4933.968757
123.189114 4917.087785
128.116118 4900.178814
133.067596 4883.241842
138.043550 4866.276870
143.043979 4849.283898
148.068883 4832.262927
153.118262 4815.213955
158.192115 4798.136983
163.290444 4781.032012
168.413248 4763.899040
173.560527 4746.738068
178.732281 4729.549097
183.928510 4712.332125
189.107327 4695.114829
194.282693 4677.887982
199.454610 4660.651586
204.623076 4643.405639
209.788092 4626.150143
214.949659 4608.885097
220.107775 4591.610500
225.262442 4574.326354
230.413658 4557.032658
235.561424 4539.729411
240.705741 4522.416615
245.846607 4505.094269
250.984023 4487.762373
256.117990 4470.420927
261.248506 4453.069931
266.375572 4435.709385
271.499188 4418.339289
276.619355 4400.959643
281.736071 4383.570447
286.849337 4366.171701
291.959153 4348.763405
297.065519 4331.345559
302.168436 4313.918163
307.267902 4296.481217
312.363918 4279.034722
317.456484 4261.578676
322.545600 4244.113080
327.631266 4226.637935
332.713482 4209.153239
337.792248 4191.658993
342.867564 4174.155198
347.939431 4156.641852
353.007847 4139.118957
358.072813 4121.586511
363.134329 4104.044516
368.192395 4086.492970
373.247011 4068.931875
378.298177 4051.361230
383.345892 4033.781034
388.390158 4016.191289
393.483999 3998.590419
398.609740 3980.978949
403.767381 3963.356879
408.956922 3945.724209
414.178363 3928.080939
419.431704 3910.427069
424.716945 3892.762599
430.034086 3875.087529
435.383127 3857.401859
440.764068 3839.705589
446.176909 3821.998720
451.621650 3804.281250
457.098291 3786.553180
462.606832 3768.814511
468.147273 3751.065241
473.719613 3733.305372
479.323854 3715.534902
484.959995 3697.753833
490.628036 3679.962164
496.327977 3662.159895
502.059818 3644.347025
507.823559 3626.523556
513.619200 3608.689487
519.446741 3590.844818
525.306182 3572.989549
531.197523 3555.123680
537.120764 3537.247211
543.075905 3519.360142
549.062946 3501.462474
555.081887 3483.554205
561.132728 3465.635336
567.215469 3447.705868
573.330109 3429.765799
579.476650 3411.815131
585.655091 3393.853862
591.865432 3375.881994
598.107673 3357.899525
604.381814 3339.906457
610.687855 3321.902789
617.025796 3303.888521
623.375837 3285.859677
629.744578 3267.817584
636.132019 3249.762241
642.538160 3231.693648
648.963001 3213.611804
655.406541 3195.516711
661.868782 3177.408368
668.349723 3159.286774
674.849364 3141.151931
681.367705 3123.003838
687.904746 3104.842494
694.460487 3086.667901
701.034927 3068.480058
707.628068 3050.278964
714.239909 3032.064621
720.870450 3013.837028
727.519691 2995.596184
734.187632 2977.342091
740.874272 2959.074748
747.579613 2940.794154
754.303654 2922.500311
761.046395 2904.193217
767.807835 2885.872874
774.587976 2867.539280
781.386817 2849.192437
788.204358 2830.832344
795.040598 2812.459000
801.895539 2794.072407
808.769180 2775.672563
815.661521 2757.259470
822.572561 2738.833126
829.502302 2720.393533
836.450743 2701.940689
843.417883 2683.474596
850.403724 2664.995252
857.408265 2646.502659
864.431505 2627.996815
871.473446 2609.477721
878.534087 2590.945378
885.613427 2572.399784
892.693018 2553.827853
899.779008 2535.233947
906.871399 2516.618066
913.970190 2497.980210
921.075380 2479.320379
928.186971 2460.638573
935.304961 2441.934792
942.429352 2423.209035
949.560142 2404.461304
956.697333 2385.691598
963.840923 2366.899917
970.990914 2348.086261
978.147304 2329.250629
985.310095 2310.393023
992.479285 2291.513442
999.654876 2272.611886
1006.836866 2253.688355
1014.025257 2234.742848
1021.220047 2215.775367
1028.421237 2196.785911
1035.628828 2177.774479
1042.842818 2158.741073
1050.063209 2139.685692
1057.289999 2120.608335
1064.523189 2101.509004
1071.762780 2082.387698
1079.008770 2063.244416
1086.261160 2044.079160
1093.519951 2024.891929
1100.785141 2005.682722
1108.056731 1986.451541
1115.334722 1967.198385
1122.619112 1947.923253
1129.909902 1928.626147
1137.207092 1909.307065
1144.510683 1889.966009
1151.820673 1870.602977
1159.137063 1851.217971
1166.459853 1831.810989
1173.789043 1812.382033
1181.110271 1792.944076
1188.428324 1773.492795
1195.743201 1754.028188
1203.054904 1734.550257
1210.363432 1715.059001
1217.668784 1695.554419
1224.970962 1676.036513
1232.269965 1656.505281
1239.565792 1636.960725
1246.858445 1617.402844
1254.147923 1597.831637
1261.434225 1578.247106
1268.717353 1558.649249
1275.997306 1539.038068
1283.274083 1519.413562
1290.547686 1499.775730
1297.818113 1480.124574
1305.085366 1460.460093
1312.349444 1440.782286
1319.610346 1421.091155
1326.868074 1401.386699
1334.122626 1381.668918
1341.374004 1361.937811
1348.622207 1342.193380
1355.867234 1322.435624
1363.109087 1302.664542
1370.347764 1282.880136
1377.583267 1263.082405
1384.815594 1243.271349
1392.044747 1223.446968
1399.270724 1203.609261
1406.493527 1183.758230
1413.713154 1163.893874
1420.929607 1144.016193
1428.142884 1124.125187
1435.352987 1104.220856
1442.559914 1084.303199
1449.763667 1064.372218
1456.964244 1044.427912
1464.161647 1024.470281
1471.374662 1004.485825
1478.597027 984.479044
1485.828742 964.449938
1493.069807 944.398507
1500.320222 924.324751
1507.579987 904.228670
1514.849102 884.110264
1522.127567 863.969533
1529.415382 843.806477
1536.712547 823.621096
1544.019062 803.413390
1551.334927 783.183359
1558.660142 762.931003
1565.994707 742.656322
1573.338622 722.359316
1580.691887 702.039985
1588.054502 681.698329
1595.426467 661.334348
1602.807782 640.948042
1610.198447 620.539411
1617.598462 600.108456
1625.007827 579.655175
1632.426542 559.179569
1639.854607 538.681638
1647.292022 518.161382
1654.738787 497.618802
1662.194902 477.053896
1669.660367 456.466665
1677.135182 435.857109
1684.619347 415.225229
1692.112862 394.571023
1699.615728 373.894492
1707.127943 353.195637
1714.649508 332.474456
1722.180423 311.730950
1729.720688 290.965120
1737.270303 270.176964
1744.829268 249.366483
1752.397583 228.533678
1759.975248 207.678547
1767.632576 186.795279
1775.346128 165.885811
1783.115906 144.950143
1790.941908 123.988275
1798.824136 103.000207
1806.762589 81.985939
1814.757266 60.945471
1822.808169 39.878803
1830.915296 18.785935
1839.078649 -2.333134
1847.298227 -23.478402
1855.574029 -44.649870
1863.906057 -65.847538
1872.294310 -87.071406
1880.738788 -108.321474
1889.239490 -129.597742
1897.796418 -150.900210
1906.409571 -172.228878
1915.078948 -193.583746
1923.804551 -214.964814
1932.586379 -236.372082
1941.424432 -257.805550
1950.318710 -279.265218
1959.269212 -300.751086
1968.275940 -322.263154
1977.338893 -343.801422
1986.458071 -365.365890
1995.633474 -386.956558
2004.865101 -408.573426
2014.152954 -430.216494
2023.497032 -451.885762
2032.897335 -473.581230
2042.353863 -495.302898
2051.866616 -517.050766
2061.435594 -538.824834
2071.060796 -560.625102
2080.742224 -582.451570
2090.479877 -604.304238
2100.273755 -626.183106
2110.123858 -648.088174
2120.067161 -670.019892
2130.091339 -691.978109
2140.196392 -713.962827
2150.382320 -735.974045
2160.649122 -758.011763
2170.996800 -780.075981
2181.425353 -802.166699
2191.934781 -824.283917
2202.525084 -846.427635
2213.196261 -868.597853
2223.948314 -890.794571
2234.781242 -913.017789
2245.695044 -935.267507
2256.689722 -957.543725
2267.765274 -979.846443
2278.921702 -1002.175661
2290.159005 -1024.531379
2301.477182 -1046.913597
2312.876235 -1069.322315
2324.356162 -1091.757533
2335.916965 -1114.219251
2347.558642 -1136.707469
2359.281195 -1159.222187
2371.084622 -1181.763405
2382.968924 -1204.331123
2394.934102 -1226.925341
2406.980154 -1249.546059
2419.107082 -1272.193277
2431.314884 -1294.866995
2443.603561 -1317.567213
2455.973114 -1340.293931
2468.423541 -1363.047149
2480.954843 -1385.826867
2493.567020 -1408.633085
2506.260072 -1431.465803
2519.034000 -1454.325021
2531.888802 -1477.210739
2544.824479 -1500.122957
2557.841031 -1523.061675
2570.938458 -1546.026893
2584.066735 -1568.990748
2597.242537 -1591.962529
2610.465864 -1614.942234
2623.736717 -1637.929865
2637.055094 -1660.925420
2650.420996 -1683.928901
2663.834423 -1706.940306
2677.295375 -1729.959637
2690.803852 -1752.986892
2704.359854 -1776.022072
2717.963381 -1799.065178
2731.614433 -1822.116208
2745.313010 -1845.175164
2759.059112 -1868.242044
2772.852739 -1891.316849
2786.693891 -1914.399580
2800.582568 -1937.490235
2814.518770 -1960.588815
2828.502497 -1983.695321
2842.533749 -2006.809751
2856.612527 -2029.932106
2870.738829 -2053.062386
2884.912656 -2076.200592
2899.134008 -2099.346722
2913.402885 -2122.500777
2927.719287 -2145.662757
2942.083214 -2168.832662
2956.494666 -2192.010493
2970.953643 -2215.196248
2985.460145 -2238.389928
3000.014172 -2261.591533
3014.615724 -2284.801063
3029.264801 -2308.018519
3043.961403 -2331.243899
3058.705529 -2354.477204
3073.497181 -2377.718434
3088.336358 -2400.967589
3103.223060 -2424.224669
3118.157287 -2447.489674
3133.139039 -2470.762604
3148.199479 -2494.041472
3163.328218 -2517.326939
3178.525258 -2540.619006
3193.790597 -2563.917674
3209.124237 -2587.222941
3224.526176 -2610.534808
3239.996415 -2633.853276
3255.534955 -2657.178343
3271.141794 -2680.510010
3286.816934 -2703.848277
3302.560373 -2727.193144
3318.372113 -2750.544611
3334.252152 -2773.902677
3350.200492 -2797.267344
3366.217131 -2820.638611
3382.302071 -2844.016478
3398.455310 -2867.400944
3414.676850 -2890.792011
3430.966689 -2914.189678
3447.324829 -2937.593944
3463.751268 -2961.004811
3480.246008 -2984.422277
3496.809047 -3007.846343
3513.440387 -3031.277010
3530.140026 -3054.714276
3546.907966 -3078.158142
3563.744205 -3101.608608
3580.648745 -3125.065674
3597.621584 -3148.529340
3614.662724 -3171.999606
3631.772163 -3195.476472
3648.949903 -3218.959938
3666.195942 -3242.450004
3683.510282 -3265.946670
3700.892921 -3289.449935
3718.343861 -3312.959801
3735.863100 -3336.476267
3753.450640 -3359.999332
3771.106479 -3383.528998
3788.830619 -3407.065263
3806.618971 -3430.637041
3824.472898 -3454.234694
3842.392400 -3477.858222
3860.377477 -3501.507625
3878.428129 -3525.182903
3896.544356 -3548.884056
3914.726158 -3572.611084
3932.973535 -3596.363986
3951.286487 -3620.142764
3969.665014 -3643.947417
3988.109116 -3667.777945
4006.618794 -3691.634348
4025.194046 -3715.516626
4043.834873 -3739.424778
4062.541275 -3763.358806
4081.313252 -3787.318709
4100.150804 -3811.304487
4119.053932 -3835.316139
4138.022634 -3859.353667
4157.056911 -3883.417070
4176.156763 -3907.506348
4195.322191 -3931.621500
4214.553193 -3955.762528
4233.849770 -3979.929431
4253.211922 -4004.122208
4272.639650 -4028.340861
4292.132952 -4052.585389
4311.691829 -4076.855791
4331.316282 -4101.152069
4351.006309 -4125.474221
4370.761911 -4149.822249
4390.583089 -4174.196152
4410.469841 -4198.595929
4430.422169 -4223.021582
4450.440071 -4247.473109
4470.523548 -4271.950512
4490.672601 -4296.453789
4510.887228 -4320.982942
4531.167431 -4345.537969
4551.513208 -4370.118872
4571.872061 -4394.706337
4592.261488 -4419.306801
4612.681490 -4443.920266
4633.132068 -4468.546731
4653.613220 -4493.186196
4674.124948 -4517.838661
4694.667250 -4542.504125
4715.240128 -4567.182590
4735.843580 -4591.874055
4756.477608 -4616.578519
4777.142210 -4641.295984
4797.837388 -4666.026448
4818.563140 -4690.769913
4839.319467 -4715.526377
4860.106370 -4740.295842
4880.923847 -4765.078306
4901.771900 -4789.873771
4922.650527 -4814.682235
4943.559730 -4839.503699
4964.499507 -4864.338164
4985.469860 -4889.185628
5006.470787 -4914.046092
5027.502289 -4938.919556
5048.564367 -4963.806021
5069.657019 -4988.705485
5090.780247 -5013.617949
5111.934049 -5038.543413
5133.118427 -5063.481877
5154.333379 -5088.433341
5175.578907 -5113.397805
5196.855009 -5138.375269
5218.161686 -5163.365733
5239.498939 -5188.369196
5260.866766 -5213.385660
5282.265169 -5238.415124
5303.694146 -5263.457588
5325.153699 -5288.513052
5346.643826 -5313.581515
5368.164529 -5338.662979
5389.715806 -5363.757443
5411.311571 -5388.868806
5432.947186 -5413.995770
5454.622651 -5439.138333
5476.337965 -5464.296497
5498.093130 -5489.470260
5519.888145 -5514.659623
5541.723010 -5539.864587
5563.597724 -5565.085150
5585.512289 -5590.321313
5607.466704 -5615.573076
5629.460968 -5640.840440
5651.495083 -5666.123403
5673.569048 -5691.421966
5695.682862 -5716.736129
5717.836527 -5742.065892
5740.030041 -5767.411255
5762.263406 -5792.772218
5784.536620 -5818.148781
5806.849685 -5843.540943
5829.202599 -5868.948706
5851.595363 -5894.372069
5874.027978 -5919.811032
5896.500442 -5945.265594
5919.012756 -5970.735757
5941.564921 -5996.221520
5964.156935 -6021.722882
5986.788799 -6047.239845
6009.460513 -6072.772407
6032.172078 -6098.320570
6054.923492 -6123.884332
6077.714756 -6149.463694
6100.545870 -6175.058657
6123.416834 -6200.669219
6146.327648 -6226.295381
6169.278312 -6251.937143
6192.268826 -6277.594505
6215.299190 -6303.267467
6238.369404 -6328.956029
6261.479468 -6354.660191
6284.629382 -6380.379953
6307.793758 -6406.100690
6330.981060 -6431.827277
6354.191286 -6457.559714
6377.424437 -6483.298001
6400.680513 -6509.042138
6423.959515 -6534.792125
6447.261441 -6560.547962
6470.586292 -6586.309648
6493.934068 -6612.077185
6517.304769 -6637.850572
6540.698395 -6663.629809
6564.114946 -6689.414896
6587.554422 -6715.205832
6611.016823 -6741.002619
6634.502149 -6766.805256
6658.010400 -6792.613742
6681.541576 -6818.428079
6705.095677 -6844.248265
6728.672703 -6870.074302
6752.272654 -6895.906189
6775.895529 -6921.743925
6799.541330 -6947.587512
6823.210056 -6973.436948
6846.901707 -6999.292235
6870.616282 -7025.153371
6894.353783 -7051.020358
6918.114209 -7076.893194
6941.897559 -7102.771880
6965.703835 -7128.656417
6989.533035 -7154.546803
7013.385161 -7180.443040
7037.260211 -7206.345126
7061.158187 -7232.253062
7085.079087 -7258.166849
7109.022912 -7284.086485
7132.989663 -7310.011971
7156.979338 -7335.943307
7180.991938 -7361.880493
7205.027464 -7387.823530
7229.085914 -7413.772416
7253.178427 -7439.740277
7277.301289 -7465.722738
7301.454502 -7491.719799
7325.638065 -7517.731460
7349.851978 -7543.757722
7374.096241 -7569.798583
7398.370854 -7595.854044
7422.675816 -7621.924105
7447.011129 -7648.008766
7471.376792 -7674.108027
7495.772805 -7700.221888
7520.199168 -7726.350349
7544.655881 -7752.493411
7569.142944 -7778.651072
7593.660357 -7804.823333
7618.208120 -7831.010194
7642.786233 -7857.211655
7667.394696 -7883.427716
7692.033509 -7909.658377
7716.702673 -7935.903638
7741.402186 -7962.163499
7766.132049 -7988.437960
7790.892262 -8014.727021
7815.682825 -8041.030682
7840.503738 -8067.348943
7865.355002 -8093.681804
7890.236615 -8120.029265
7915.148578 -8146.391326
7940.090891 -8172.767987
7965.063555 -8199.159248
7990.066568 -8225.565109
8015.099931 -8251.985570
8040.163645 -8278.420631
8065.257708 -8304.870292
8090.382122 -8331.334553
8115.536885 -8357.813414
8140.721998 -8384.306875
8165.937462 -8410.814936
8191.183275 -8437.337597
8216.459439 -8463.874858
8241.757327 -8490.428556
8267.079816 -8516.998080
8292.426904 -8543.583428
8317.798593 -8570.184602
8343.194882 -8596.801600
8368.615770 -8623.434424
8394.061259 -8650.083072
8419.531348 -8676.747546
8445.026036 -8703.427844
8470.545325 -8730.123968
8496.089214 -8756.835916
8521.657703 -8783.563690
8547.250791 -8810.307288
8572.868480 -8837.066712
8598.510769 -8863.841961
8624.177658 -8890.633034
8649.869147 -8917.439933
8675.585236 -8944.262656
8701.325925 -8971.101205
8727.091214 -8997.955579
8752.881103 -9024.825777
8778.695592 -9051.711801
8804.534681 -9078.613650
8830.398370 -9105.531323
8856.286659 -9132.464822
8882.199548 -9159.414146
8908.137037 -9186.379295
8934.099127 -9213.360268
8960.085816 -9240.357067
8986.097105 -9267.369691
9012.132994 -9294.398140
9038.193484 -9321.442413
9064.278573 -9348.502512
9090.388262 -9375.578436
9116.522552 -9402.670185
9142.681441 -9429.777759
9168.864931 -9456.901157
9195.073020 -9484.040381
9221.305709 -9511.195430
9247.562999 -9538.366304
9273.848938 -9565.556078
9300.162178 -9592.763727
9326.502717 -9619.989250
9352.870557 -9647.232649
9379.265696 -9674.493923
9405.688136 -9701.773072
9432.137875 -9729.070095
9458.614914 -9756.384994
9485.119254 -9783.717767
9511.650893 -9811.068416
9538.209832 -9838.436939
9564.796072 -9865.823338
9591.409611 -9893.227611
9618.050450 -9920.649760
9644.718589 -9948.089783
9671.414029 -9975.547682
9698.136768 -10003.023455
9724.886807 -10030.517103
9751.664146 -10058.028627
9778.468785 -10085.558025
9805.300725 -10113.105298
9832.159964 -10140.670446
9859.046503 -10168.253470
9885.960342 -10195.854368
9912.901481 -10223.473141
9939.869920 -10251.109789
9966.865659 -10278.764312
9993.888698 -10306.436710
10020.939037 -10334.126983
10048.016676 -10361.835131
10075.121615 -10389.561154
10102.253854 -10417.305052
10129.413393 -10445.066825
10156.600232 -10472.846473
10183.814371 -10500.643996
10211.055810 -10528.459393
10238.324549 -10556.292666
10265.620588 -10584.143814
10292.943927 -10612.012837
10320.294566 -10639.899734
10347.669692 -10667.803982
10375.070244 -10695.725755
10402.496220 -10723.665052
10429.947622 -10751.621875
10457.424448 -10779.596222
10484.926700 -10807.588095
10512.454376 -10835.597493
10540.007478 -10863.624415
10567.586004 -10891.668863
10595.189956 -10919.730835
10622.819332 -10947.810333
10650.474134 -10975.907355
10678.154360 -11004.021902
10705.860012 -11032.153975
10733.591088 -11060.303572
10761.347590 -11088.470695
10789.129516 -11116.655342
10816.936868 -11144.857514
10844.769644 -11173.077212
10872.627846 -11201.314434
10900.511473 -11229.569181
10928.420524 -11257.841453
10956.355001 -11286.131251
10984.314902 -11314.438573
11012.300229 -11342.763420
11040.310981 -11371.105792
11068.347157 -11399.465689
11096.408759 -11427.843112
11124.495786 -11456.238059
11152.608237 -11484.650531
11180.746114 -11513.080528
11208.909416 -11541.528050
11237.098143 -11569.993097
11265.312294 -11598.475669
11293.551871 -11626.975766
11321.816873 -11655.493388
11350.107299 -11684.028535
11378.423151 -11712.581207
11406.764428 -11741.151404
11435.131130 -11769.739126
11463.517556 -11798.344335
11491.925608 -11826.967044
11520.355285 -11855.607254
11548.806586 -11884.264963
11577.279513 -11912.940173
11605.774065 -11941.632882
11634.290241 -11970.343091
11662.828043 -11999.070801
11691.387469 -12027.816010
11719.968520 -12056.578719
11748.571197 -12085.358928
11777.195498 -12114.156638
11805.841424 -12142.971847
11834.508976 -12171.804556
11863.198152 -12200.654766
11891.908953 -12229.522475
11920.641379 -12258.407684
11949.395430 -12287.310393
11978.171106 -12316.230603
12006.968407 -12345.168312
12035.787333 -12374.123521
12064.627884 -12403.096230
12093.490060 -12432.086439
12122.373861 -12461.094149
12151.279287 -12490.119358
12180.206338 -12519.162067
12209.155013 -12548.222276
12238.125314 -12577.299985
12267.117240 -12606.395194
12296.130791 -12635.507903
12325.165966 -12664.638113
12354.222767 -12693.785822
12383.301192 -12722.951031
12412.401243 -12752.133740
12441.522918 -12781.333949
12470.666219 -12810.551658
12499.831144 -12839.786867
12529.017695 -12869.039576
12558.225870 -12898.309785
12587.455670 -12927.597494
12616.702595 -12956.904166
12645.968146 -12986.229312
12675.252321 -13015.572933
12704.555121 -13044.935030
12733.876546 -13074.315601
12763.216596 -13103.714648
12792.575271 -13133.132169
12821.952571 -13162.568165
12851.348496 -13192.022636
12880.763046 -13221.495582
12910.196221 -13250.987004
12939.648021 -13280.496900
12969.118445 -13310.025271
12998.607495 -13339.572117
13028.115170 -13369.137438
13057.641469 -13398.721234
13087.186394 -13428.323505
13116.749943 -13457.944251
13146.332118 -13487.583472
13175.932917 -13517.241167
13205.552342 -13546.917338
13235.190391 -13576.611984
13264.847065 -13606.325105
13294.522365 -13636.056700
13324.216289 -13665.806771
13353.928838 -13695.575317
13383.660012 -13725.362337
13413.409811 -13755.167833
13443.178236 -13784.991804
13472.965285 -13814.834249
13502.770959 -13844.695169
13532.595258 -13874.574565
13562.438181 -13904.472435
13592.299730 -13934.388781
13622.179904 -13964.323601
13652.078703 -13994.276896
13681.996127 -14024.248667
13711.932175 -14054.238912
13741.886849 -14084.247632
13771.860148 -14114.274827
13801.854959 -14144.323160
13831.870320 -14174.391743
13861.906231 -14204.480575
13891.962692 -14234.589658
13922.039703 -14264.718991
13952.137265 -14294.868573
13982.255376 -14325.038406
14012.394037 -14355.228488
14042.553248 -14385.438821
14072.733009 -14415.669404
14102.933321 -14445.920236
14133.154182 -14476.191319
14163.395593 -14506.482651
14193.657554 -14536.794234
14223.940066 -14567.126067
14254.243127 -14597.478149
14284.566738 -14627.850482
14314.910899 -14658.243064
14345.275611 -14688.655897
14375.660872 -14719.088979
14406.066683 -14749.542312
14436.493045 -14780.015894
14466.939956 -14810.509727
14497.407417 -14841.023809
14527.895429 -14871.558142
14558.403990 -14902.112724
14588.933102 -14932.687557
14619.482763 -14963.282639
14650.052974 -14993.897972
14680.643736 -15024.533554
14711.255047 -15055.189387
14741.886909 -15085.865469
14772.539320 -15116.561802
14803.212281 -15147.278384
14833.905793 -15178.015217
14864.619854 -15208.772299
14895.354466 -15239.549631
14926.109627 -15270.347214
14956.885339 -15301.165046
14987.681600 -15332.003129
15018.506849 -15362.868173
15049.358273 -15393.757943
15080.235872 -15424.672438
15111.139646 -15455.611658
15142.069595 -15486.575603
15173.025720 -15517.564273
15204.008019 -15548.577667
15235.016493 -15579.615787
15266.051142 -15610.678632
15297.111966 -15641.766202
15328.198966 -15672.878497
15359.312140 -15704.015516
15390.451489 -15735.177261
15421.617013 -15766.363731
15452.808713 -15797.574926
15484.026587 -15828.810845
15515.270636 -15860.071490
15546.540861 -15891.356860
15577.837260 -15922.666955
15609.159835 -15954.001774
15640.508584 -15985.361319
15671.883509 -16016.745589
15703.284608 -16048.154583
15734.711883 -16079.588303
15766.165332 -16111.046747
15797.644957 -16142.529917
15829.150756 -16174.037812
15860.682731 -16205.570431
15892.240881 -16237.127776
15923.825205 -16268.709846
15955.435705 -16300.316640
15987.072380 -16331.948160
16018.735229 -16363.604404
16050.424254 -16395.285374
16082.139454 -16426.991068
16113.880829 -16458.721488
16145.648378 -16490.476632
16177.442103 -16522.256502
16209.262003 -16554.061096
16241.108078 -16585.890416
16272.976353 -16617.743223
16304.868153 -16649.619930
16336.783478 -16681.520537
16368.722327 -16713.445044
16400.684702 -16745.393451
16432.670602 -16777.365758
16464.680027 -16809.361965
16496.712977 -16841.382072
16528.769452 -16873.426079
16560.849451 -16905.493986
16592.952976 -16937.585793
16625.080026 -16969.701499
16657.230601 -17001.841106
16689.404701 -17034.004613
16721.602326 -17066.192020
16753.823475 -17098.403327
16786.068150 -17130.638534
16818.336350 -17162.897641
16850.628075 -17195.180648
16882.943325 -17227.487555
16915.282099 -17259.818362
16947.644399 -17292.173068
16980.030224 -17324.551675
17012.439574 -17356.954182
17044.872448 -17389.380589
17077.328848 -17421.830896
17109.808773 -17454.305103
17142.312223 -17486.803210
17174.839197 -17519.325216
17207.389697 -17551.871123
17239.963722 -17584.440930
17272.561272 -17617.034637
17305.182346 -17649.652244
17337.826946 -17682.293751
17370.495071 -17714.959157
17403.186721 -17747.648464
17435.901895 -17780.361671
17468.640595 -17813.098778
17501.402820 -17845.859785
17534.188569 -17878.644691
