-0.017281 0.011225
-0.034632 0.022450
-0.052051 0.033675
-0.069538 0.044900
-0.087095 0.056125
-0.104721 0.067350
-0.122415 0.078575
-0.140179 0.089800
-0.158011 0.101025
-0.175912 0.112250
-0.193882 0.123475
-0.211920 0.134700
-0.230028 0.145925
-0.248204 0.157150
-0.266449 0.168375
-0.284764 0.179600
-0.303146 0.190825
-0.321598 0.202050
-0.340119 0.213275
-0.358708 0.224500
-0.377367 0.235725
-0.396094 0.246950
-0.414890 0.258175
-0.433755 0.269400
-0.452689 0.280625
-0.471691 0.291850
-0.490763 0.303075
-0.509903 0.314300
-0.529112 0.325525
-0.548390 0.336750
-0.567737 0.347975
-0.587153 0.359200
-0.606637 0.370425
-0.626191 0.381650
-0.645813 0.392875
-0.665504 0.404100
-0.685264 0.415325
-0.705093 0.426550
-0.724990 0.437775
-0.744957 0.449000
-0.764666 0.460575
-0.784442 0.472150
-0.804287 0.483725
-0.824198 0.495300
-0.844178 0.506875
-0.864224 0.518450
-0.884339 0.530025
-0.904521 0.541600
-0.924770 0.553175
-0.945087 0.564750
-0.965472 0.576325
-0.985924 0.587900
-1.006443 0.599475
-1.027030 0.611050
-1.047685 0.622625
-1.068408 0.634200
-1.089197 0.645775
-1.110055 0.657350
-1.130980 0.668925
-1.151972 0.680500
-1.173032 0.692075
-1.194160 0.703650
-1.215355 0.715225
-1.236618 0.726799
-1.257948 0.738374
-1.279346 0.749949
-1.300811 0.761524
-1.322344 0.773099
-1.343944 0.784674
-1.365612 0.796249
-1.387348 0.807824
-1.409151 0.819399
-1.431022 0.830974
-1.452960 0.842549
-1.474966 0.854124
-1.497039 0.865699
-1.519180 0.877274
-1.541388 0.888849
-1.563664 0.900424
-1.586008 0.911999
-1.607189 0.924762
-1.628433 0.937524
-1.649739 0.950287
-1.671108 0.963049
-1.692540 0.975812
-1.714034 0.988574
-1.735591 1.001337
-1.757211 1.014099
-1.778893 1.026862
-1.800638 1.039624
-1.822446 1.052387
-1.844316 1.065149
-1.866249 1.077912
-1.888245 1.090675
-1.910303 1.103437
-1.932424 1.116200
-1.954607 1.128962
-1.976854 1.141725
-1.999162 1.154487
-2.021534 1.167250
-2.043968 1.180012
-2.066465 1.192775
-2.089024 1.205537
-2.111646 1.218300
-2.134331 1.231063
-2.157079 1.243825
-2.179888 1.256588
-2.202761 1.269350
-2.225697 1.282113
-2.248695 1.294875
-2.271755 1.307638
-2.294878 1.320400
-2.318064 1.333163
-2.341313 1.345925
-2.364624 1.358688
-2.387998 1.371451
-2.411435 1.384213
-2.434934 1.396976
-2.458496 1.409738
-2.482120 1.422501
-2.501578 1.423301
-2.521082 1.424101
-2.540631 1.424901
-2.560226 1.425701
-2.579867 1.426501
-2.599554 1.427301
-2.619287 1.428101
-2.639065 1.428901
-2.658890 1.429701
-2.678760 1.430501
-2.698675 1.431301
-2.718637 1.432101
-2.738644 1.432901
-2.758698 1.433701
-2.778796 1.434501
-2.798941 1.435301
-2.819132 1.436101
-2.839368 1.436901
-2.859651 1.437701
-2.879979 1.438501
-2.900352 1.439301
-2.920772 1.440101
-2.941237 1.440901
-2.961749 1.441701
-2.982306 1.442501
-3.002908 1.443301
-3.023557 1.444101
-3.044251 1.444901
-3.064992 1.445701
-3.085778 1.446501
-3.106610 1.447301
-3.127487 1.448101
-3.148411 1.448901
-3.169380 1.449701
-3.190395 1.450501
-3.211455 1.451301
-3.232562 1.452101
-3.253715 1.452901
-3.274913 1.453701
-3.296157 1.454501
-3.312263 1.450789
-3.328395 1.447076
-3.344552 1.443364
-3.360734 1.439651
-3.376942 1.435939
-3.393174 1.432226
-3.409432 1.428514
-3.425714 1.424801
-3.442022 1.421088
-3.458355 1.417376
-3.474714 1.413663
-3.491097 1.409951
-3.507505 1.406238
-3.523939 1.402526
-3.540398 1.398813
-3.556882 1.395101
-3.573391 1.391388
-3.589925 1.387676
-3.606484 1.383963
-3.623069 1.380251
-3.639678 1.376538
-3.656313 1.372826
-3.672973 1.369113
-3.689658 1.365400
-3.706368 1.361688
-3.723104 1.357975
-3.739864 1.354263
-3.756650 1.350550
-3.773461 1.346838
-3.790297 1.343125
-3.807158 1.339413
-3.824044 1.335700
-3.840956 1.331988
-3.857892 1.328275
-3.874854 1.324563
-3.891841 1.320850
-3.908853 1.317137
-3.925890 1.313425
-3.942953 1.309712
-3.960040 1.306000
-3.973727 1.318400
-3.987425 1.330800
-4.001134 1.343200
-4.014855 1.355600
-4.028587 1.368000
-4.042331 1.380400
-4.056087 1.392800
-4.069854 1.405200
-4.083632 1.417600
-4.097423 1.430000
-4.111224 1.442400
-4.125037 1.454800
-4.138862 1.467200
-4.152698 1.479600
-4.166545 1.492000
-4.180404 1.504400
-4.194274 1.516800
-4.208157 1.529200
-4.222050 1.541600
-4.235955 1.554000
-4.249872 1.566401
-4.263800 1.578801
-4.277739 1.591201
-4.291690 1.603601
-4.305653 1.616001
-4.319627 1.628401
-4.333612 1.640801
-4.347610 1.653201
-4.361618 1.665601
-4.375638 1.678001
-4.389669 1.690401
-4.403712 1.702801
-4.417767 1.715201
-4.431833 1.727601
-4.445910 1.740001
-4.460000 1.752401
-4.474100 1.764801
-4.488212 1.777201
-4.502336 1.789601
-4.516470 1.802001
-4.523426 1.814589
-4.530364 1.827176
-4.537284 1.839764
-4.544188 1.852351
-4.551075 1.864939
-4.557945 1.877526
-4.564798 1.890114
-4.571633 1.902701
-4.578452 1.915289
-4.585253 1.927877
-4.592037 1.940464
-4.598804 1.953052
-4.605553 1.965639
-4.612286 1.978227
-4.619001 1.990814
-4.625699 2.003402
-4.632380 2.015989
-4.639044 2.028577
-4.645690 2.041164
-4.652320 2.053752
-4.658932 2.066339
-4.665527 2.078927
-4.672105 2.091515
-4.678666 2.104102
-4.685210 2.116690
-4.691736 2.129277
-4.698246 2.141865
-4.704738 2.154452
-4.711213 2.167040
-4.717670 2.179627
-4.724111 2.192215
-4.730535 2.204803
-4.736941 2.217390
-4.743330 2.229978
-4.749703 2.242565
-4.756058 2.255153
-4.762396 2.267740
-4.768717 2.280328
-4.775021 2.292915
-4.781308 2.305503
-4.792634 2.325103
-4.803965 2.344703
-4.815298 2.364303
-4.826633 2.383903
-4.837973 2.403502
-4.849315 2.423102
-4.860660 2.442702
-4.872007 2.462302
-4.883358 2.481902
-4.894712 2.501502
-4.906069 2.521102
-4.917429 2.540702
-4.928792 2.560302
-4.940158 2.579902
-4.951528 2.599502
-4.962900 2.619102
-4.974275 2.638701
-4.985652 2.658301
-4.997034 2.677901
-5.008418 2.697501
-5.019804 2.717101
-5.031195 2.736701
-5.042588 2.756301
-5.053984 2.775901
-5.065382 2.795501
-5.076785 2.815101
-5.088190 2.834701
-5.099597 2.854300
-5.111009 2.873900
-5.122423 2.893500
-5.133840 2.913100
-5.145259 2.932700
-5.156682 2.952300
-5.168108 2.971900
-5.179537 2.991500
-5.190969 3.011100
-5.202404 3.030700
-5.213842 3.050300
-5.225283 3.069900
-5.236727 3.089499
-5.245652 3.113337
-5.254569 3.137175
-5.263479 3.161012
-5.272383 3.184850
-5.281279 3.208687
-5.290168 3.232525
-5.299050 3.256362
-5.307925 3.280200
-5.316793 3.304038
-5.325655 3.327875
-5.334508 3.351713
-5.343355 3.375550
-5.352195 3.399388
-5.361028 3.423225
-5.369854 3.447063
-5.378673 3.470901
-5.387484 3.494738
-5.396289 3.518576
-5.405087 3.542413
-5.413877 3.566251
-5.422660 3.590088
-5.431437 3.613926
-5.440206 3.637764
-5.448968 3.661601
-5.457724 3.685439
-5.466472 3.709276
-5.475213 3.733114
-5.483947 3.756951
-5.492674 3.780789
-5.501394 3.804626
-5.510107 3.828464
-5.518813 3.852302
-5.527512 3.876139
-5.536204 3.899977
-5.544888 3.923814
-5.553566 3.947652
-5.562237 3.971489
-5.570900 3.995327
-5.579557 4.019165
-5.588206 4.043002
-5.593485 4.051865
-5.598744 4.060727
-5.603982 4.069590
-5.609200 4.078452
-5.614397 4.087315
-5.619574 4.096177
-5.624730 4.105040
-5.629866 4.113902
-5.634982 4.122765
-5.640077 4.131627
-5.645151 4.140490
-5.650205 4.149352
-5.655239 4.158215
-5.660252 4.167077
-5.665245 4.175940
-5.670217 4.184802
-5.675169 4.193665
-5.680100 4.202527
-5.685011 4.211390
-5.689902 4.220252
-5.694772 4.229115
-5.699621 4.237977
-5.704450 4.246840
-5.709259 4.255702
-5.714047 4.264565
-5.718815 4.273427
-5.723563 4.282290
-5.728290 4.291152
-5.732996 4.300014
-5.737682 4.308877
-5.742347 4.317739
-5.746992 4.326602
-5.751617 4.335464
-5.756221 4.344327
-5.760805 4.353189
-5.765368 4.362052
-5.769911 4.370914
-5.774434 4.379777
-5.778935 4.388639
-5.783417 4.397502
-5.797993 4.403002
-5.812589 4.408502
-5.827205 4.414001
-5.841841 4.419501
-5.856497 4.425001
-5.871172 4.430501
-5.885868 4.436001
-5.900583 4.441501
-5.915318 4.447001
-5.930073 4.452500
-5.944848 4.458000
-5.959643 4.463500
-5.974457 4.469000
-5.989292 4.474500
-6.004146 4.480000
-6.019020 4.485499
-6.033914 4.490999
-6.048828 4.496499
-6.063761 4.501999
-6.078715 4.507499
-6.093688 4.512999
-6.108681 4.518498
-6.123694 4.523998
-6.138727 4.529498
-6.153780 4.534998
-6.168852 4.540498
-6.183945 4.545998
-6.199057 4.551497
-6.214189 4.556997
-6.229341 4.562497
-6.244513 4.567997
-6.259705 4.573497
-6.274916 4.578997
-6.290148 4.584496
-6.305399 4.589996
-6.320670 4.595496
-6.335961 4.600996
-6.351272 4.606496
-6.366602 4.611996
-6.381953 4.617496
-6.398930 4.631670
-6.415933 4.645845
-6.432962 4.660020
-6.450017 4.674195
-6.467099 4.688370
-6.484207 4.702545
-6.501341 4.716720
-6.518502 4.730895
-6.535688 4.745070
-6.552901 4.759245
-6.570140 4.773420
-6.587406 4.787595
-6.604697 4.801770
-6.622015 4.815945
-6.639359 4.830120
-6.656730 4.844295
-6.674127 4.858469
-6.691550 4.872644
-6.708999 4.886819
-6.726475 4.900994
-6.743977 4.915169
-6.761505 4.929344
-6.779059 4.943519
-6.796639 4.957694
-6.814246 4.971869
-6.831879 4.986044
-6.849538 5.000219
-6.867224 5.014394
-6.884935 5.028569
-6.902673 5.042744
-6.920437 5.056919
-6.938228 5.071094
-6.956044 5.085268
-6.973887 5.099443
-6.991756 5.113618
-7.009652 5.127793
-7.027574 5.141968
-7.045522 5.156143
-7.063497 5.170318
-7.081497 5.184493
-7.089020 5.193718
-7.096527 5.202943
-7.104018 5.212168
-7.111493 5.221393
-7.118953 5.230618
-7.126398 5.239842
-7.133826 5.249067
-7.141240 5.258292
-7.148637 5.267517
-7.156019 5.276742
-7.163385 5.285967
-7.170736 5.295192
-7.178071 5.304417
-7.185391 5.313642
-7.192695 5.322866
-7.199984 5.332091
-7.207256 5.341316
-7.214513 5.350541
-7.221755 5.359766
-7.228981 5.368991
-7.236191 5.378216
-7.243386 5.387441
-7.250566 5.396666
-7.257729 5.405890
-7.264877 5.415115
-7.272009 5.424340
-7.279126 5.433565
-7.286227 5.442790
-7.293313 5.452015
-7.300383 5.461240
-7.307437 5.470465
-7.314476 5.479690
-7.321499 5.488914
-7.328507 5.498139
-7.335499 5.507364
-7.342475 5.516589
-7.349436 5.525814
-7.356381 5.535039
-7.363311 5.544264
-7.370225 5.553489
-7.380060 5.555989
-7.389892 5.558489
-7.399719 5.560989
-7.409542 5.563489
-7.419362 5.565989
-7.429177 5.568489
-7.438989 5.570989
-7.448797 5.573489
-7.458601 5.575989
-7.468400 5.578489
-7.478197 5.580989
-7.487989 5.583489
-7.497777 5.585989
-7.507562 5.588490
-7.517342 5.590990
-7.527119 5.593490
-7.536891 5.595990
-7.546660 5.598490
-7.556425 5.600990
-7.566186 5.603490
-7.575943 5.605990
-7.585696 5.608490
-7.595446 5.610990
-7.605191 5.613490
-7.614933 5.615990
-7.624670 5.618490
-7.634404 5.620990
-7.644134 5.623490
-7.653860 5.625990
-7.663582 5.628490
-7.673300 5.630991
-7.683014 5.633491
-7.692724 5.635991
-7.702431 5.638491
-7.712133 5.640991
-7.721832 5.643491
-7.731526 5.645991
-7.741217 5.648491
-7.750904 5.650991
-7.760587 5.653491
-7.775085 5.661066
-7.789599 5.668641
-7.804128 5.676216
-7.818672 5.683791
-7.833231 5.691366
-7.847806 5.698941
-7.862397 5.706516
-7.877002 5.714091
-7.891623 5.721666
-7.906259 5.729241
-7.920910 5.736816
-7.935577 5.744391
-7.950259 5.751966
-7.964956 5.759542
-7.979668 5.767117
-7.994396 5.774692
-8.009139 5.782267
-8.023897 5.789842
-8.038671 5.797417
-8.053459 5.804992
-8.068263 5.812567
-8.083082 5.820142
-8.097918 5.827717
-8.112768 5.835292
-8.127634 5.842867
-8.142515 5.850442
-8.157412 5.858017
-8.172323 5.865592
-8.187250 5.873167
-8.202192 5.880742
-8.217150 5.888317
-8.232122 5.895892
-8.247110 5.903467
-8.262114 5.911042
-8.277132 5.918617
-8.292166 5.926192
-8.307215 5.933767
-8.322279 5.941342
-8.337358 5.948917
-8.352453 5.956492
-8.360825 5.956768
-8.369184 5.957043
-8.377531 5.957318
-8.385867 5.957593
-8.394192 5.957868
-8.402505 5.958143
-8.410807 5.958418
-8.419097 5.958694
-8.427376 5.958969
-8.435643 5.959244
-8.443898 5.959519
-8.452142 5.959794
-8.460374 5.960069
-8.468595 5.960344
-8.476804 5.960619
-8.485002 5.960895
-8.493188 5.961170
-8.501363 5.961445
-8.509526 5.961720
-8.517677 5.961995
-8.525817 5.962270
-8.533945 5.962545
-8.542062 5.962821
-8.550167 5.963096
-8.558261 5.963371
-8.566343 5.963646
-8.574414 5.963921
-8.582474 5.964196
-8.590521 5.964471
-8.598557 5.964746
-8.606581 5.965022
-8.614594 5.965297
-8.622595 5.965572
-8.630585 5.965847
-8.638563 5.966122
-8.646530 5.966397
-8.654486 5.966672
-8.662429 5.966948
-8.670361 5.967223
-8.678281 5.967498
-8.688411 5.956010
-8.698539 5.944523
-8.708664 5.933035
-8.718786 5.921548
-8.728906 5.910060
-8.739022 5.898573
-8.749136 5.887085
-8.759248 5.875598
-8.769357 5.864110
-8.779463 5.852623
-8.789566 5.841136
-8.799666 5.829648
-8.809764 5.818161
-8.819860 5.806673
-8.829952 5.795186
-8.840042 5.783698
-8.850129 5.772211
-8.860213 5.760723
-8.870295 5.749236
-8.880374 5.737748
-8.890450 5.726261
-8.900524 5.714773
-8.910595 5.703286
-8.920663 5.691798
-8.930728 5.680311
-8.940791 5.668823
-8.950851 5.657336
-8.960909 5.645848
-8.970963 5.634361
-8.981015 5.622873
-8.991064 5.611386
-9.001111 5.599898
-9.011155 5.588411
-9.021196 5.576923
-9.031235 5.565436
-9.041270 5.553948
-9.051303 5.542461
-9.061334 5.530973
-9.071362 5.519486
-9.081387 5.507998
-9.095927 5.512536
-9.110483 5.517074
-9.125054 5.521611
-9.139641 5.526149
-9.154243 5.530686
-9.168859 5.535224
-9.183492 5.539762
-9.198139 5.544299
-9.212802 5.548837
-9.227480 5.553374
-9.242173 5.557912
-9.256882 5.562449
-9.271605 5.566987
-9.286345 5.571525
-9.301099 5.576062
-9.315868 5.580600
-9.330653 5.585137
-9.345453 5.589675
-9.360269 5.594213
-9.375099 5.598750
-9.389945 5.603288
-9.404807 5.607825
-9.419684 5.612363
-9.434577 5.616900
-9.449485 5.621438
-9.464408 5.625976
-9.479346 5.630513
-9.494300 5.635051
-9.509269 5.639588
-9.524253 5.644126
-9.539252 5.648664
-9.554267 5.653201
-9.569297 5.657739
-9.584342 5.662276
-9.599402 5.666814
-9.614478 5.671351
-9.629569 5.675889
-9.644675 5.680427
-9.659797 5.684964
-9.674933 5.689502
-9.681840 5.692089
-9.688729 5.694676
-9.695601 5.697264
-9.702456 5.699851
-9.709292 5.702438
-9.716111 5.705026
-9.722913 5.707613
-9.729697 5.710200
-9.736464 5.712788
-9.743213 5.715375
-9.749944 5.717962
-9.756658 5.720550
-9.763354 5.723137
-9.770033 5.725724
-9.776694 5.728312
-9.783338 5.730899
-9.789964 5.733486
-9.796573 5.736073
-9.803164 5.738661
-9.809737 5.741248
-9.816293 5.743835
-9.822831 5.746423
-9.829352 5.749010
-9.835855 5.751597
-9.842341 5.754185
-9.848809 5.756772
-9.855260 5.759359
-9.861693 5.761947
-9.868109 5.764534
-9.874507 5.767121
-9.880887 5.769709
-9.887250 5.772296
-9.893596 5.774883
-9.899923 5.777471
-9.906234 5.780058
-9.912526 5.782645
-9.918801 5.785233
-9.925059 5.787820
-9.931299 5.790407
-9.937522 5.792994
-9.949211 5.796619
-9.960905 5.800244
-9.972603 5.803869
-9.984305 5.807494
-9.996012 5.811119
-10.007723 5.814744
-10.019438 5.818369
-10.031157 5.821994
-10.042881 5.825619
-10.054609 5.829244
-10.066341 5.832869
-10.078078 5.836493
-10.089819 5.840118
-10.101564 5.843743
-10.113314 5.847368
-10.125068 5.850993
-10.136826 5.854618
-10.148588 5.858243
-10.160355 5.861868
-10.172126 5.865493
-10.183901 5.869118
-10.195681 5.872743
-10.207464 5.876368
-10.219253 5.879992
-10.231045 5.883617
-10.242842 5.887242
-10.254642 5.890867
-10.266448 5.894492
-10.278257 5.898117
-10.290071 5.901742
-10.301889 5.905367
-10.313712 5.908992
-10.325539 5.912617
-10.337370 5.916242
-10.349205 5.919867
-10.361045 5.923491
-10.372889 5.927116
-10.384737 5.930741
-10.396589 5.934366
-10.408446 5.937991
-10.412112 5.947441
-10.415750 5.956891
-10.419359 5.966341
-10.422940 5.975791
-10.426493 5.985241
-10.430017 5.994691
-10.433514 6.004141
-10.436981 6.013591
-10.440420 6.023041
-10.443831 6.032491
-10.447214 6.041941
-10.450568 6.051391
-10.453894 6.060841
-10.457191 6.070291
-10.460461 6.079741
-10.463701 6.089190
-10.466914 6.098640
-10.470098 6.108090
-10.473254 6.117540
-10.476381 6.126990
-10.479481 6.136440
-10.482552 6.145890
-10.485594 6.155340
-10.488607 6.164790
-10.491593 6.174240
-10.494551 6.183690
-10.497479 6.193140
-10.500381 6.202590
-10.503253 6.212040
-10.506097 6.221490
-10.508912 6.230940
-10.511700 6.240390
-10.514459 6.249840
-10.517189 6.259290
-10.519891 6.268740
-10.522565 6.278190
-10.525210 6.287640
-10.527827 6.297090
-10.530416 6.306540
-10.532977 6.315989
-10.540203 6.325590
-10.547420 6.335190
-10.554626 6.344790
-10.561823 6.354390
-10.569010 6.363990
-10.576187 6.373590
-10.583355 6.383191
-10.590513 6.392791
-10.597662 6.402391
-10.604801 6.411991
-10.611931 6.421591
-10.619050 6.431191
-10.626160 6.440792
-10.633260 6.450392
-10.640350 6.459992
-10.647431 6.469592
-10.654503 6.479192
-10.661565 6.488792
-10.668617 6.498393
-10.675660 6.507993
-10.682693 6.517593
-10.689715 6.527193
-10.696729 6.536793
-10.703732 6.546393
-10.710727 6.555994
-10.717711 6.565594
-10.724687 6.575194
-10.731652 6.584794
-10.738607 6.594394
-10.745553 6.603994
-10.752489 6.613595
-10.759416 6.623195
-10.766333 6.632795
-10.773240 6.642395
-10.780138 6.651995
-10.787026 6.661595
-10.793905 6.671196
-10.800774 6.680796
-10.807632 6.690396
-10.814482 6.699996
-10.828237 6.710234
-10.842010 6.720471
-10.855801 6.730709
-10.869609 6.740947
-10.883435 6.751184
-10.897280 6.761422
-10.911142 6.771660
-10.925022 6.781898
-10.938920 6.792135
-10.952836 6.802373
-10.966770 6.812611
-10.980721 6.822848
-10.994691 6.833086
-11.008678 6.843324
-11.022684 6.853561
-11.036708 6.863799
-11.050749 6.874037
-11.064808 6.884274
-11.078885 6.894512
-11.092980 6.904750
-11.107093 6.914988
-11.121223 6.925225
-11.135372 6.935463
-11.149539 6.945701
-11.163723 6.955938
-11.177925 6.966176
-11.192145 6.976414
-11.206384 6.986651
-11.220640 6.996889
-11.234914 7.007127
-11.249206 7.017365
-11.263515 7.027602
-11.277843 7.037840
-11.292189 7.048078
-11.306552 7.058315
-11.320933 7.068553
-11.335333 7.078791
-11.349750 7.089028
-11.364184 7.099266
-11.378637 7.109504
-11.390322 7.117179
-11.402013 7.124854
-11.413712 7.132529
-11.425417 7.140204
-11.437129 7.147880
-11.448848 7.155555
-11.460573 7.163230
-11.472305 7.170905
-11.484044 7.178580
-11.495790 7.186255
-11.507544 7.193931
-11.519303 7.201606
-11.531070 7.209281
-11.542843 7.216956
-11.554623 7.224631
-11.566409 7.232306
-11.578202 7.239982
-11.590003 7.247657
-11.601810 7.255332
-11.613625 7.263007
-11.625445 7.270682
-11.637273 7.278358
-11.649107 7.286033
-11.660948 7.293708
-11.672796 7.301383
-11.684651 7.309058
-11.696513 7.316733
-11.708382 7.324409
-11.720257 7.332084
-11.732139 7.339759
-11.744027 7.347434
-11.755922 7.355109
-11.767825 7.362784
-11.779735 7.370460
-11.791651 7.378135
-11.803574 7.385810
-11.815503 7.393485
-11.827439 7.401160
-11.839382 7.408835
-11.851332 7.416511
-11.867743 7.419273
-11.884180 7.422035
-11.900641 7.424798
-11.917127 7.427560
-11.933637 7.430322
-11.950171 7.433084
-11.966731 7.435847
-11.983315 7.438609
-11.999923 7.441371
-12.016556 7.444134
-12.033214 7.446896
-12.049895 7.449658
-12.066602 7.452421
-12.083333 7.455183
-12.100089 7.457945
-12.116869 7.460708
-12.133674 7.463470
-12.150503 7.466232
-12.167357 7.468995
-12.184236 7.471757
-12.201138 7.474519
-12.218066 7.477282
-12.235019 7.480044
-12.251995 7.482806
-12.268996 7.485569
-12.286022 7.488331
-12.303073 7.491093
-12.320148 7.493855
-12.337247 7.496618
-12.354371 7.499380
-12.371520 7.502142
-12.388693 7.504905
-12.405890 7.507667
-12.423113 7.510429
-12.440359 7.513192
-12.457630 7.515954
-12.474926 7.518716
-12.492247 7.521479
-12.509591 7.524241
-12.526960 7.527003
-12.548270 7.522241
-12.569620 7.517478
-12.591010 7.512715
-12.612440 7.507953
-12.633910 7.503190
-12.655420 7.498427
-12.676970 7.493665
-12.698561 7.488902
-12.720192 7.484139
-12.741863 7.479377
-12.763575 7.474614
-12.785326 7.469851
-12.807117 7.465089
-12.828949 7.460326
-12.850821 7.455564
-12.872732 7.450801
-12.894684 7.446038
-12.916676 7.441276
-12.938708 7.436513
-12.960781 7.431750
-12.982894 7.426988
-13.005047 7.422225
-13.027240 7.417462
-13.049473 7.412700
-13.071746 7.407937
-13.094059 7.403174
-13.116412 7.398412
-13.138805 7.393649
-13.161240 7.388886
-13.183714 7.384124
-13.206228 7.379361
-13.228783 7.374599
-13.251377 7.369836
-13.274012 7.365073
-13.296686 7.360311
-13.319401 7.355548
-13.342155 7.350785
-13.364950 7.346023
-13.387786 7.341260
-13.410662 7.336497
-13.430289 7.341722
-13.449944 7.346948
-13.469625 7.352173
-13.489334 7.357398
-13.509069 7.362623
-13.528832 7.367848
-13.548622 7.373074
-13.568439 7.378299
-13.588284 7.383524
-13.608154 7.388749
-13.628053 7.393974
-13.647978 7.399199
-13.667930 7.404425
-13.687909 7.409650
-13.707915 7.414875
-13.727948 7.420100
-13.748009 7.425325
-13.768096 7.430551
-13.788211 7.435776
-13.808352 7.441001
-13.828521 7.446226
-13.848717 7.451451
-13.868939 7.456676
-13.889189 7.461902
-13.909466 7.467127
-13.929770 7.472352
-13.950100 7.477577
-13.970458 7.482802
-13.990843 7.488028
-14.011255 7.493253
-14.031694 7.498478
-14.052160 7.503703
-14.072654 7.508928
-14.093174 7.514153
-14.113721 7.519379
-14.134295 7.524604
-14.154897 7.529829
-14.175525 7.535054
-14.196180 7.540279
-14.216863 7.545505
-14.226214 7.549604
-14.235548 7.553704
-14.244864 7.557804
-14.254161 7.561904
-14.263440 7.566004
-14.272701 7.570104
-14.281944 7.574203
-14.291168 7.578303
-14.300374 7.582403
-14.309562 7.586503
-14.318731 7.590603
-14.327883 7.594703
-14.337016 7.598803
-14.346131 7.602902
-14.355228 7.607002
-14.364307 7.611102
-14.373368 7.615202
-14.382411 7.619302
-14.391436 7.623402
-14.400441 7.627501
-14.409429 7.631601
-14.418398 7.635701
-14.427349 7.639801
-14.436282 7.643901
-14.445197 7.648001
-14.454094 7.652101
-14.462973 7.656200
-14.471833 7.660300
-14.480676 7.664400
-14.489500 7.668500
-14.498306 7.672600
-14.507093 7.676700
-14.515862 7.680799
-14.524613 7.684899
-14.533346 7.688999
-14.542061 7.693099
-14.550757 7.697199
-14.559436 7.701299
-14.568096 7.705399
-14.576738 7.709498
-14.582551 7.712111
-14.588334 7.714724
-14.594088 7.717336
-14.599812 7.719949
-14.605507 7.722561
-14.611173 7.725174
-14.616809 7.727787
-14.622416 7.730399
-14.627993 7.733012
-14.633540 7.735624
-14.639059 7.738237
-14.644548 7.740849
-14.650008 7.743462
-14.655438 7.746075
-14.660839 7.748687
-14.666211 7.751300
-14.671554 7.753912
-14.676867 7.756525
-14.682150 7.759138
-14.687404 7.761750
-14.692628 7.764363
-14.697824 7.766975
-14.702990 7.769588
-14.708126 7.772201
-14.713233 7.774813
-14.718310 7.777426
-14.723358 7.780038
-14.728377 7.782651
-14.733367 7.785264
-14.738327 7.787876
-14.743258 7.790489
-14.748158 7.793101
-14.753030 7.795714
-14.757873 7.798326
-14.762686 7.800939
-14.767469 7.803552
-14.772223 7.806164
-14.776948 7.808777
-14.781643 7.811389
-14.786309 7.814002
-14.798275 7.826702
-14.810241 7.839402
-14.822206 7.852102
-14.834171 7.864802
-14.846136 7.877502
-14.858101 7.890203
-14.870066 7.902903
-14.882030 7.915603
-14.893994 7.928303
-14.905958 7.941003
-14.917922 7.953703
-14.929886 7.966403
-14.941850 7.979103
-14.953813 7.991803
-14.965775 8.004503
-14.977738 8.017203
-14.989701 8.029903
-15.001663 8.042603
-15.013625 8.055304
-15.025587 8.068004
-15.037549 8.080704
-15.049511 8.093404
-15.061472 8.106104
-15.073433 8.118804
-15.085394 8.131504
-15.097355 8.144204
-15.109316 8.156904
-15.121276 8.169604
-15.133236 8.182304
-15.145196 8.195004
-15.157156 8.207705
-15.169116 8.220405
-15.181075 8.233105
-15.193034 8.245805
-15.204993 8.258505
-15.216952 8.271205
-15.228910 8.283905
-15.240869 8.296605
-15.252827 8.309305
-15.264785 8.322005
-15.278738 8.325268
-15.292699 8.328530
-15.306667 8.331793
-15.320643 8.335055
-15.334628 8.338318
-15.348620 8.341580
-15.362620 8.344843
-15.376628 8.348105
-15.390643 8.351368
-15.404666 8.354630
-15.418696 8.357893
-15.432734 8.361156
-15.446781 8.364418
-15.460835 8.367681
-15.474897 8.370943
-15.488967 8.374206
-15.503044 8.377468
-15.517129 8.380731
-15.531221 8.383993
-15.545321 8.387256
-15.559430 8.390518
-15.573546 8.393781
-15.587670 8.397043
-15.601802 8.400306
-15.615941 8.403568
-15.630088 8.406831
-15.644242 8.410093
-15.658404 8.413356
-15.672575 8.416618
-15.686753 8.419881
-15.700939 8.423143
-15.715133 8.426406
-15.729334 8.429668
-15.743543 8.432931
-15.757759 8.436193
-15.771983 8.439456
-15.786216 8.442719
-15.800456 8.445981
-15.814704 8.449244
-15.828959 8.452506
-15.844641 8.446568
-15.860335 8.440631
-15.876043 8.434693
-15.891765 8.428756
-15.907499 8.422818
-15.923247 8.416881
-15.939009 8.410943
-15.954783 8.405005
-15.970572 8.399068
-15.986374 8.393130
-16.002190 8.387193
-16.018019 8.381255
-16.033861 8.375318
-16.049717 8.369380
-16.065586 8.363442
-16.081469 8.357505
-16.097364 8.351567
-16.113274 8.345630
-16.129196 8.339692
-16.145132 8.333755
-16.161081 8.327817
-16.177044 8.321879
-16.193020 8.315942
-16.209009 8.310004
-16.225012 8.304067
-16.241028 8.298129
-16.257057 8.292192
-16.273100 8.286254
-16.289156 8.280316
-16.305225 8.274379
-16.321308 8.268441
-16.337404 8.262504
-16.353514 8.256566
-16.369637 8.250628
-16.385773 8.244691
-16.401922 8.238753
-16.418085 8.232816
-16.434261 8.226878
-16.450453 8.220941
-16.466658 8.215003
-16.488159 8.209628
-16.509695 8.204253
-16.531265 8.198878
-16.552870 8.193503
-16.574509 8.188128
-16.596182 8.182754
-16.617889 8.177379
-16.639631 8.172004
-16.661407 8.166629
-16.683218 8.161254
-16.705063 8.155879
-16.726942 8.150504
-16.748856 8.145129
-16.770803 8.139754
-16.792788 8.134379
-16.814806 8.129004
-16.836859 8.123630
-16.858946 8.118255
-16.881067 8.112880
-16.903223 8.107505
-16.925413 8.102130
-16.947638 8.096755
-16.969896 8.091380
-16.992189 8.086005
-17.014517 8.080630
-17.036879 8.075255
-17.059275 8.069880
-17.081705 8.064506
-17.104170 8.059131
-17.126669 8.053756
-17.149204 8.048381
-17.171774 8.043006
-17.194378 8.037631
-17.217016 8.032256
-17.239689 8.026881
-17.262396 8.021506
-17.285137 8.016131
-17.307913 8.010756
-17.330723 8.005382
-17.353567 8.000007
-17.375179 7.986882
-17.396820 7.973757
-17.418489 7.960632
-17.440189 7.947507
-17.461918 7.934382
-17.483677 7.921257
-17.505465 7.908132
-17.527281 7.895007
-17.549128 7.881882
-17.571003 7.868757
-17.592909 7.855632
-17.614843 7.842507
-17.636808 7.829382
-17.658802 7.816257
-17.680824 7.803133
-17.702877 7.790008
-17.724958 7.776883
-17.747070 7.763758
-17.769211 7.750633
-17.791380 7.737508
-17.813580 7.724383
-17.835808 7.711258
-17.858067 7.698133
-17.880354 7.685008
-17.902670 7.671883
-17.925016 7.658758
-17.947392 7.645633
-17.969797 7.632508
-17.992231 7.619383
-18.014696 7.606258
-18.037189 7.593133
-18.059711 7.580009
-18.082264 7.566884
-18.104845 7.553759
-18.127457 7.540634
-18.150097 7.527509
-18.172766 7.514384
-18.195465 7.501259
-18.218193 7.488134
-18.240952 7.475009
-18.271696 7.473022
-18.302502 7.471034
-18.333368 7.469047
-18.364296 7.467059
-18.395285 7.465072
-18.426334 7.463084
-18.457445 7.461097
-18.488617 7.459109
-18.519850 7.457122
-18.551144 7.455134
-18.582499 7.453147
-18.613914 7.451159
-18.645391 7.449172
-18.676929 7.447185
-18.708529 7.445197
-18.740189 7.443210
-18.771910 7.441222
-18.803692 7.439235
-18.835535 7.437247
-18.867439 7.435260
-18.899405 7.433272
-18.931431 7.431285
-18.963518 7.429297
-18.995668 7.427310
-19.027880 7.425323
-19.060152 7.423335
-19.092485 7.421348
-19.124880 7.419360
-19.157335 7.417373
-19.189852 7.415385
-19.222429 7.413398
-19.255068 7.411410
-19.287767 7.409423
-19.320528 7.407435
-19.353350 7.405448
-19.386232 7.403461
-19.419176 7.401473
-19.452181 7.399486
-19.485247 7.397498
-19.518373 7.395511
-19.552402 7.382311
-19.586496 7.369111
-19.620655 7.355911
-19.654877 7.342711
-19.689163 7.329512
-19.723515 7.316312
-19.757931 7.303112
-19.792410 7.289912
-19.826954 7.276712
-19.861563 7.263513
-19.896236 7.250313
-19.930975 7.237113
-19.965776 7.223913
-20.000643 7.210713
-20.035574 7.197514
-20.070570 7.184314
-20.105631 7.171114
-20.140755 7.157914
-20.175943 7.144714
-20.211197 7.131515
-20.246515 7.118315
-20.281898 7.105115
-20.317345 7.091915
-20.352856 7.078715
-20.388432 7.065516
-20.424072 7.052316
-20.459776 7.039116
-20.495544 7.025916
-20.531378 7.012716
-20.567276 6.999516
-20.603239 6.986317
-20.639265 6.973117
-20.675356 6.959917
-20.711512 6.946717
-20.747732 6.933517
-20.784018 6.920318
-20.820366 6.907118
-20.856779 6.893918
-20.893257 6.880718
-20.929800 6.867518
-20.962051 6.857769
-20.994350 6.848019
-21.026697 6.838269
-21.059090 6.828519
-21.091530 6.818769
-21.124018 6.809019
-21.156553 6.799269
-21.189135 6.789519
-21.221764 6.779769
-21.254440 6.770020
-21.287163 6.760270
-21.319933 6.750520
-21.352751 6.740770
-21.385614 6.731020
-21.418526 6.721270
-21.451485 6.711520
-21.484489 6.701770
-21.517542 6.692020
-21.550642 6.682271
-21.583790 6.672521
-21.616983 6.662771
-21.650225 6.653021
-21.683514 6.643271
-21.716848 6.633521
-21.750231 6.623771
-21.783661 6.614021
-21.817137 6.604271
-21.850660 6.594522
-21.884232 6.584772
-21.917849 6.575022
-21.951513 6.565272
-21.985226 6.555522
-22.018986 6.545772
-22.052792 6.536022
-22.086645 6.526272
-22.120546 6.516522
-22.154493 6.506773
-22.188488 6.497023
-22.222530 6.487273
-22.256618 6.477523
-22.289976 6.473198
-22.323378 6.468873
-22.356823 6.464548
-22.390312 6.460223
-22.423845 6.455898
-22.457424 6.451573
-22.491047 6.447248
-22.524714 6.442924
-22.558424 6.438599
-22.592178 6.434274
-22.625977 6.429949
-22.659819 6.425624
-22.693705 6.421299
-22.727634 6.416974
-22.761608 6.412649
-22.795626 6.408324
-22.829687 6.403999
-22.863792 6.399674
-22.897942 6.395350
-22.932135 6.391025
-22.966373 6.386700
-23.000656 6.382375
-23.034983 6.378050
-23.069353 6.373725
-23.103767 6.369400
-23.138226 6.365075
-23.172728 6.360750
-23.207273 6.356425
-23.241863 6.352100
-23.276497 6.347775
-23.311174 6.343451
-23.345896 6.339126
-23.380661 6.334801
-23.415470 6.330476
-23.450325 6.326151
-23.485224 6.321826
-23.520166 6.317501
-23.555153 6.313176
-23.590183 6.308851
-23.625257 6.304526
-23.658619 6.302239
-23.692017 6.299952
-23.725452 6.297664
-23.758924 6.295377
-23.792433 6.293089
-23.825979 6.290802
-23.859562 6.288515
-23.893183 6.286227
-23.926840 6.283940
-23.960533 6.281652
-23.994265 6.279365
-24.028032 6.277078
-24.061838 6.274790
-24.095680 6.272503
-24.129559 6.270216
-24.163475 6.267928
-24.197428 6.265641
-24.231419 6.263353
-24.265446 6.261066
-24.299509 6.258779
-24.333611 6.256491
-24.367748 6.254204
-24.401922 6.251916
-24.436134 6.249629
-24.470383 6.247342
-24.504669 6.245054
-24.538992 6.242767
-24.573351 6.240479
-24.607748 6.238192
-24.642181 6.235905
-24.676653 6.233617
-24.711161 6.231330
-24.745705 6.229043
-24.780287 6.226755
-24.814905 6.224468
-24.849562 6.222180
-24.884254 6.219893
-24.918983 6.217606
-24.953751 6.215318
-24.988554 6.213031
-25.021788 6.208418
-25.055052 6.203806
-25.088348 6.199193
-25.121675 6.194581
-25.155033 6.189969
-25.188421 6.185356
-25.221840 6.180744
-25.255289 6.176131
-25.288769 6.171519
-25.322279 6.166906
-25.355820 6.162294
-25.389391 6.157681
-25.422993 6.153069
-25.456625 6.148457
-25.490288 6.143844
-25.523981 6.139232
-25.557705 6.134619
-25.591459 6.130007
-25.625244 6.125394
-25.659060 6.120782
-25.692905 6.116169
-25.726782 6.111557
-25.760689 6.106945
-25.794626 6.102332
-25.828594 6.097720
-25.862595 6.093107
-25.896626 6.088495
-25.930687 6.083882
-25.964779 6.079270
-25.998901 6.074657
-26.033054 6.070045
-26.067238 6.065433
-26.101452 6.060820
-26.135696 6.056208
-26.169971 6.051595
-26.204277 6.046983
-26.238613 6.042370
-26.272980 6.037758
-26.307377 6.033145
-26.341805 6.028533
-26.343971 6.026371
-26.346041 6.024208
-26.348013 6.022046
-26.349886 6.019883
-26.351662 6.017721
-26.353338 6.015558
-26.354918 6.013396
-26.356398 6.011233
-26.357780 6.009071
-26.359066 6.006908
-26.360252 6.004746
-26.361341 6.002584
-26.362331 6.000421
-26.363224 5.998259
-26.364019 5.996096
-26.364716 5.993934
-26.365314 5.991771
-26.365814 5.989609
-26.366217 5.987446
-26.366522 5.985284
-26.366728 5.983121
-26.366837 5.980959
-26.366846 5.978796
-26.366758 5.976634
-26.366573 5.974472
-26.366289 5.972309
-26.365908 5.970147
-26.365427 5.967984
-26.364849 5.965822
-26.364174 5.963659
-26.363400 5.961497
-26.362528 5.959334
-26.361557 5.957172
-26.360489 5.955009
-26.359324 5.952847
-26.358059 5.950685
-26.356697 5.948522
-26.355236 5.946360
-26.353678 5.944197
-26.352020 5.942035
-26.338896 5.933072
-26.325628 5.924109
-26.312216 5.915147
-26.298660 5.906184
-26.284962 5.897222
-26.271120 5.888259
-26.257135 5.879296
-26.243008 5.870334
-26.228735 5.861371
-26.214319 5.852408
-26.199760 5.843446
-26.185059 5.834483
-26.170214 5.825521
-26.155226 5.816558
-26.140095 5.807595
-26.124819 5.798633
-26.109400 5.789670
-26.093838 5.780707
-26.078133 5.771745
-26.062284 5.762782
-26.046293 5.753819
-26.030157 5.744857
-26.013878 5.735894
-25.997456 5.726932
-25.980890 5.717969
-25.964182 5.709006
-25.947330 5.700044
-25.930336 5.691081
-25.913197 5.682118
-25.895914 5.673156
-25.878489 5.664193
-25.860920 5.655231
-25.843208 5.646268
-25.825354 5.637305
-25.807354 5.628343
-25.789211 5.619380
-25.770926 5.610417
-25.752497 5.601455
-25.733925 5.592492
-25.715210 5.583529
-25.695185 5.583129
-25.675011 5.582729
-25.654688 5.582329
-25.634218 5.581929
-25.613600 5.581529
-25.592834 5.581129
-25.571920 5.580729
-25.550858 5.580329
-25.529648 5.579929
-25.508289 5.579529
-25.486784 5.579129
-25.465130 5.578729
-25.443327 5.578329
-25.421377 5.577929
-25.399279 5.577528
-25.377033 5.577128
-25.354639 5.576728
-25.332096 5.576328
-25.309406 5.575928
-25.286568 5.575528
-25.263582 5.575128
-25.240448 5.574728
-25.217165 5.574328
-25.193735 5.573928
-25.170156 5.573528
-25.146431 5.573128
-25.122557 5.572728
-25.098536 5.572328
-25.074366 5.571928
-25.050047 5.571527
-25.025581 5.571127
-25.000967 5.570727
-24.976206 5.570327
-24.951296 5.569927
-24.926237 5.569527
-24.901031 5.569127
-24.875677 5.568727
-24.850176 5.568327
-24.824526 5.567927
-24.798727 5.567527
-24.788292 5.556190
-24.777771 5.544852
-24.767164 5.533515
-24.756472 5.522178
-24.745693 5.510840
-24.734827 5.499503
-24.723875 5.488166
-24.712837 5.476829
-24.701714 5.465491
-24.690504 5.454154
-24.679207 5.442817
-24.667824 5.431479
-24.656355 5.420142
-24.644800 5.408805
-24.633160 5.397468
-24.621433 5.386130
-24.609619 5.374793
-24.597719 5.363456
-24.585733 5.352118
-24.573662 5.340781
-24.561504 5.329444
-24.549259 5.318107
-24.536928 5.306769
-24.524511 5.295432
-24.512009 5.284095
-24.499420 5.272758
-24.486744 5.261420
-24.473982 5.250083
-24.461134 5.238746
-24.448200 5.227408
-24.435181 5.216071
-24.422073 5.204734
-24.408880 5.193397
-24.395601 5.182059
-24.382236 5.170722
-24.368786 5.159385
-24.355247 5.148047
-24.341623 5.136710
-24.327913 5.125373
-24.314117 5.114036
-24.310488 5.101248
-24.306814 5.088461
-24.303095 5.075674
-24.299330 5.062886
-24.295519 5.050099
-24.291664 5.037312
-24.287764 5.024524
-24.283817 5.011737
-24.279825 4.998950
-24.275787 4.986162
-24.271706 4.973375
-24.267578 4.960588
-24.263405 4.947800
-24.259186 4.935013
-24.254923 4.922225
-24.250614 4.909438
-24.246260 4.896651
-24.241859 4.883863
-24.237413 4.871076
-24.232924 4.858289
-24.228388 4.845501
-24.223806 4.832714
-24.219179 4.819927
-24.214508 4.807139
-24.209791 4.794352
-24.205029 4.781565
-24.200220 4.768777
-24.195366 4.755990
-24.190468 4.743203
-24.185524 4.730415
-24.180534 4.717628
-24.175499 4.704841
-24.170420 4.692053
-24.165295 4.679266
-24.160124 4.666479
-24.154907 4.653691
-24.149645 4.640904
-24.144339 4.628117
-24.138987 4.615329
-24.133589 4.602542
-24.124821 4.598879
-24.115993 4.595217
-24.107107 4.591554
-24.098164 4.587892
-24.089161 4.584229
-24.080099 4.580566
-24.070978 4.576904
-24.061800 4.573241
-24.052563 4.569579
-24.043266 4.565916
-24.033911 4.562253
-24.024498 4.558591
-24.015026 4.554928
-24.005495 4.551266
-23.995907 4.547603
-23.986259 4.543941
-23.976553 4.540278
-23.966787 4.536615
-23.956964 4.532953
-23.947083 4.529290
-23.937141 4.525628
-23.927141 4.521965
-23.917084 4.518302
-23.906967 4.514640
-23.896791 4.510977
-23.886559 4.507315
-23.876266 4.503652
-23.865915 4.499990
-23.855505 4.496327
-23.845037 4.492664
-23.834511 4.489002
-23.823925 4.485339
-23.813282 4.481677
-23.802580 4.478014
-23.791819 4.474351
-23.780998 4.470689
-23.770121 4.467026
-23.759184 4.463364
-23.748188 4.459701
-23.737133 4.456038
-23.726046 4.452814
-23.714899 4.449589
-23.703695 4.446364
-23.692432 4.443139
-23.681110 4.439914
-23.669731 4.436689
-23.658293 4.433465
-23.646795 4.430240
-23.635241 4.427015
-23.623627 4.423790
-23.611954 4.420565
-23.600224 4.417340
-23.588434 4.414115
-23.576586 4.410891
-23.564680 4.407666
-23.552715 4.404441
-23.540691 4.401216
-23.528610 4.397991
-23.516470 4.394766
-23.504271 4.391541
-23.492012 4.388317
-23.479696 4.385092
-23.467321 4.381867
-23.454887 4.378642
-23.442396 4.375417
-23.429846 4.372192
-23.417236 4.368968
-23.404570 4.365743
-23.391844 4.362518
-23.379059 4.359293
-23.366217 4.356068
-23.353315 4.352843
-23.340355 4.349618
-23.327337 4.346394
-23.314260 4.343169
-23.301125 4.339944
-23.287931 4.336719
-23.274679 4.333494
-23.261368 4.330269
-23.247999 4.327044
-23.234421 4.321532
-23.220783 4.316019
-23.207087 4.310506
-23.193331 4.304994
-23.179516 4.299481
-23.165642 4.293968
-23.151709 4.288455
-23.137716 4.282943
-23.123665 4.277430
-23.109554 4.271917
-23.095385 4.266405
-23.081156 4.260892
-23.066868 4.255379
-23.052521 4.249866
-23.038115 4.244354
-23.023649 4.238841
-23.009125 4.233328
-22.994541 4.227816
-22.979898 4.222303
-22.965197 4.216790
-22.950436 4.211277
-22.935616 4.205765
-22.920736 4.200252
-22.905798 4.194739
-22.890800 4.189227
-22.875744 4.183714
-22.860628 4.178201
-22.845455 4.172688
-22.830223 4.167176
-22.814932 4.161663
-22.799582 4.156150
-22.784172 4.150638
-22.768703 4.145125
-22.753176 4.139612
-22.737589 4.134099
-22.721943 4.128587
-22.706238 4.123074
-22.690474 4.117561
-22.674650 4.112049
-22.658768 4.106536
-22.651836 4.103986
-22.644882 4.101436
-22.637905 4.098886
-22.630905 4.096335
-22.623880 4.093785
-22.616833 4.091235
-22.609762 4.088685
-22.602669 4.086135
-22.595552 4.083585
-22.588413 4.081035
-22.581249 4.078485
-22.574062 4.075934
-22.566853 4.073384
-22.559620 4.070834
-22.552364 4.068284
-22.545086 4.065734
-22.537783 4.063184
-22.530457 4.060634
-22.523108 4.058084
-22.515736 4.055533
-22.508341 4.052983
-22.500923 4.050433
-22.493481 4.047883
-22.486015 4.045333
-22.478527 4.042783
-22.471016 4.040233
-22.463482 4.037683
-22.455925 4.035132
-22.448343 4.032582
-22.440739 4.030032
-22.433111 4.027482
-22.425461 4.024932
-22.417788 4.022382
-22.410091 4.019832
-22.402370 4.017282
-22.394627 4.014731
-22.386860 4.012181
-22.379070 4.009631
-22.371258 4.007081
-22.363422 4.004531
-22.354370 4.002531
-22.345291 4.000531
-22.336184 3.998531
-22.327047 3.996531
-22.317884 3.994531
-22.308693 3.992531
-22.299473 3.990531
-22.290226 3.988531
-22.280951 3.986531
-22.271648 3.984530
-22.262318 3.982530
-22.252958 3.980530
-22.243572 3.978530
-22.234158 3.976530
-22.224714 3.974530
-22.215244 3.972530
-22.205746 3.970530
-22.196218 3.968530
-22.186665 3.966530
-22.177082 3.964530
-22.167471 3.962529
-22.157833 3.960529
-22.148167 3.958529
-22.138472 3.956529
-22.128750 3.954529
-22.118999 3.952529
-22.109221 3.950529
-22.099415 3.948529
-22.089581 3.946529
-22.079718 3.944529
-22.069828 3.942528
-22.059910 3.940528
-22.049963 3.938528
-22.039989 3.936528
-22.029987 3.934528
-22.019958 3.932528
-22.009901 3.930528
-21.999815 3.928528
-21.989702 3.926528
-21.979561 3.924528
-21.970558 3.924240
-21.961533 3.923953
-21.952484 3.923665
-21.943413 3.923378
-21.934317 3.923090
-21.925198 3.922802
-21.916056 3.922515
-21.906891 3.922227
-21.897701 3.921940
-21.888489 3.921652
-21.879253 3.921365
-21.869995 3.921077
-21.860714 3.920790
-21.851408 3.920502
-21.842079 3.920215
-21.832727 3.919927
-21.823353 3.919640
-21.813953 3.919352
-21.804531 3.919065
-21.795086 3.918777
-21.785618 3.918489
-21.776127 3.918202
-21.766611 3.917914
-21.757072 3.917627
-21.747511 3.917339
-21.737926 3.917052
-21.728319 3.916764
-21.718687 3.916477
-21.709032 3.916189
-21.699354 3.915902
-21.689653 3.915614
-21.679928 3.915327
-21.670179 3.915039
-21.660408 3.914752
-21.650614 3.914464
-21.640797 3.914176
-21.630955 3.913889
-21.621090 3.913601
-21.611202 3.913314
-21.601292 3.913026
-21.592047 3.911351
-21.582783 3.909677
-21.573498 3.908002
-21.564192 3.906327
-21.554865 3.904652
-21.545519 3.902977
-21.536152 3.901302
-21.526764 3.899627
-21.517355 3.897952
-21.507925 3.896277
-21.498476 3.894603
-21.489006 3.892928
-21.479515 3.891253
-21.470003 3.889578
-21.460472 3.887903
-21.450920 3.886228
-21.441347 3.884553
-21.431753 3.882878
-21.422138 3.881203
-21.412504 3.879529
-21.402849 3.877854
-21.393173 3.876179
-21.383476 3.874504
-21.373760 3.872829
-21.364023 3.871154
-21.354265 3.869479
-21.344486 3.867804
-21.334688 3.866129
-21.324869 3.864455
-21.315029 3.862780
-21.305168 3.861105
-21.295286 3.859430
-21.285385 3.857755
-21.275463 3.856080
-21.265520 3.854405
-21.255556 3.852730
-21.245573 3.851055
-21.235569 3.849380
-21.225544 3.847706
-21.215498 3.846031
-21.210615 3.845106
-21.205732 3.844181
-21.200850 3.843256
-21.195967 3.842330
-21.191084 3.841405
-21.186201 3.840480
-21.181318 3.839555
-21.176435 3.838630
-21.171553 3.837705
-21.166670 3.836780
-21.161787 3.835855
-21.156904 3.834930
-21.152023 3.834005
-21.147142 3.833080
-21.142262 3.832155
-21.137381 3.831230
-21.132500 3.830305
-21.127619 3.829380
-21.122738 3.828454
-21.117857 3.827529
-21.112976 3.826604
-21.108095 3.825679
-21.103214 3.824754
-21.098333 3.823829
-21.093452 3.822904
-21.088572 3.821979
-21.083691 3.821054
-21.078810 3.820129
-21.073929 3.819204
-21.069048 3.818279
-21.064167 3.817354
-21.059288 3.816429
-21.054409 3.815504
-21.049530 3.814579
-21.044651 3.813653
-21.039772 3.812728
-21.034893 3.811803
-21.030014 3.810878
-21.025135 3.809953
-21.020256 3.809028
-21.020134 3.806828
-21.020031 3.804628
-21.019947 3.802428
-21.019882 3.800229
-21.019836 3.798029
-21.019810 3.795829
-21.019802 3.793629
-21.019814 3.791429
-21.019844 3.789229
-21.019894 3.787029
-21.019962 3.784829
-21.020050 3.782629
-21.020157 3.780430
-21.020283 3.778230
-21.020428 3.776030
-21.020592 3.773830
-21.020775 3.771630
-21.020977 3.769430
-21.021198 3.767230
-21.021439 3.765030
-21.021698 3.762830
-21.021976 3.760631
-21.022272 3.758431
-21.022587 3.756231
-21.022921 3.754031
-21.023273 3.751831
-21.023645 3.749631
-21.024036 3.747431
-21.024446 3.745231
-21.024876 3.743032
-21.025324 3.740832
-21.025791 3.738632
-21.026278 3.736432
-21.026783 3.734232
-21.027308 3.732032
-21.027851 3.729832
-21.028414 3.727632
-21.028996 3.725432
-21.029596 3.723233
-21.030216 3.721033
-21.029474 3.715720
-21.028748 3.710408
-21.028034 3.705095
-21.027334 3.699783
-21.026648 3.694470
-21.025974 3.689158
-21.025314 3.683846
-21.024668 3.678533
-21.024035 3.673221
-21.023415 3.667908
-21.022810 3.662596
-21.022219 3.657283
-21.021641 3.651971
-21.021076 3.646658
-21.020525 3.641346
-21.019987 3.636034
-21.019463 3.630721
-21.018951 3.625409
-21.018454 3.620096
-21.017969 3.614784
-21.017500 3.609471
-21.017044 3.604159
-21.016602 3.598846
-21.016172 3.593534
-21.015757 3.588222
-21.015354 3.582909
-21.014965 3.577597
-21.014589 3.572284
-21.014227 3.566972
-21.013880 3.561659
-21.013546 3.556347
-21.013226 3.551034
-21.012918 3.545722
-21.012625 3.540410
-21.012344 3.535097
-21.012077 3.529785
-21.011824 3.524472
-21.011583 3.519160
-21.011356 3.513847
-21.011145 3.508535
-21.012741 3.504697
-21.014357 3.500860
-21.015993 3.497022
-21.017651 3.493185
-21.019329 3.489347
-21.021029 3.485509
-21.022749 3.481672
-21.024490 3.477834
-21.026251 3.473997
-21.028032 3.470159
-21.029835 3.466321
-21.031658 3.462484
-21.033503 3.458646
-21.035368 3.454809
-21.037254 3.450971
-21.039160 3.447134
-21.041086 3.443296
-21.043034 3.439458
-21.045002 3.435621
-21.046991 3.431783
-21.049002 3.427946
-21.051031 3.424108
-21.053082 3.420270
-21.055153 3.416433
-21.057245 3.412595
-21.059359 3.408758
-21.061493 3.404920
-21.063648 3.401083
-21.065823 3.397245
-21.068018 3.393407
-21.070234 3.389570
-21.072472 3.385732
-21.074730 3.381895
-21.077009 3.378057
-21.079309 3.374219
-21.081629 3.370382
-21.083969 3.366544
-21.086330 3.362707
-21.088713 3.358869
-21.091116 3.355031
-21.094757 3.349594
-21.098423 3.344156
-21.102116 3.338719
-21.105833 3.333281
-21.109577 3.327843
-21.113346 3.322406
-21.117140 3.316968
-21.120960 3.311531
-21.124805 3.306093
-21.128675 3.300655
-21.132572 3.295218
-21.136494 3.289780
-21.140442 3.284343
-21.144415 3.278905
-21.148413 3.273467
-21.152437 3.268030
-21.156487 3.262592
-21.160563 3.257154
-21.164663 3.251717
-21.168789 3.246279
-21.172941 3.240842
-21.177118 3.235404
-21.181322 3.229966
-21.185551 3.224529
-21.189804 3.219091
-21.194084 3.213654
-21.198389 3.208216
-21.202721 3.202778
-21.207077 3.197341
-21.211458 3.191903
-21.215866 3.186466
-21.220299 3.181028
-21.224758 3.175590
-21.229242 3.170153
-21.233751 3.164715
-21.238287 3.159277
-21.242847 3.153840
-21.247435 3.148402
-21.252047 3.142965
-21.256683 3.137527
-21.261045 3.136615
-21.265432 3.135702
-21.269842 3.134790
-21.274277 3.133877
-21.278736 3.132965
-21.283220 3.132052
-21.287727 3.131140
-21.292259 3.130228
-21.296816 3.129315
-21.301397 3.128403
-21.306002 3.127490
-21.310631 3.126578
-21.315285 3.125665
-21.319963 3.124753
-21.324667 3.123841
-21.329393 3.122928
-21.334145 3.122016
-21.338921 3.121103
-21.343721 3.120191
-21.348545 3.119278
-21.353394 3.118366
-21.358267 3.117454
-21.363165 3.116541
-21.368086 3.115629
-21.373032 3.114716
-21.378002 3.113804
-21.382998 3.112891
-21.388018 3.111979
-21.393061 3.111067
-21.398129 3.110154
-21.403221 3.109242
-21.408339 3.108329
-21.413479 3.107417
-21.418644 3.106504
-21.423834 3.105592
-21.429049 3.104680
-21.434286 3.103767
-21.439548 3.102855
-21.444836 3.101942
-21.450148 3.101030
-21.450262 3.094242
-21.450380 3.087455
-21.450502 3.080667
-21.450628 3.073880
-21.450758 3.067092
-21.450891 3.060305
-21.451027 3.053517
-21.451166 3.046730
-21.451309 3.039942
-21.451456 3.033154
-21.451607 3.026367
-21.451761 3.019579
-21.451920 3.012792
-21.452080 3.006004
-21.452244 2.999217
-21.452412 2.992429
-21.452583 2.985642
-21.452759 2.978854
-21.452938 2.972067
-21.453121 2.965279
-21.453306 2.958492
-21.453495 2.951704
-21.453688 2.944916
-21.453884 2.938129
-21.454084 2.931341
-21.454288 2.924554
-21.454496 2.917766
-21.454708 2.910979
-21.454922 2.904191
-21.455139 2.897404
-21.455360 2.890616
-21.455585 2.883829
-21.455814 2.877041
-21.456047 2.870254
-21.456284 2.863466
-21.456522 2.856678
-21.456764 2.849891
-21.457010 2.843103
-21.457260 2.836316
-21.457514 2.829528
-21.463444 2.824828
-21.469400 2.820128
-21.475382 2.815428
-21.481390 2.810729
-21.487425 2.806029
-21.493484 2.801329
-21.499571 2.796629
-21.505684 2.791929
-21.511822 2.787229
-21.517986 2.782529
-21.524178 2.777829
-21.530396 2.773129
-21.536638 2.768429
-21.542908 2.763729
-21.549204 2.759029
-21.555525 2.754329
-21.561872 2.749629
-21.568247 2.744929
-21.574648 2.740229
-21.581074 2.735529
-21.587526 2.730829
-21.594006 2.726130
-21.600510 2.721430
-21.607040 2.716730
-21.613598 2.712030
-21.620182 2.707330
-21.626791 2.702630
-21.633427 2.697930
-21.640089 2.693230
-21.646776 2.688530
-21.653490 2.683830
-21.660231 2.679130
-21.666998 2.674430
-21.673790 2.669730
-21.680609 2.665030
-21.687454 2.660330
-21.694324 2.655630
-21.701221 2.650930
-21.708145 2.646230
-21.715096 2.641531
-21.716387 2.641268
-21.717680 2.641006
-21.718977 2.640743
-21.720278 2.640481
-21.721582 2.640218
-21.722891 2.639956
-21.724203 2.639693
-21.725517 2.639431
-21.726835 2.639168
-21.728157 2.638906
-21.729483 2.638643
-21.730812 2.638381
-21.732145 2.638118
-21.733480 2.637856
-21.734819 2.637593
-21.736162 2.637331
-21.737509 2.637068
-21.738859 2.636806
-21.740213 2.636543
-21.741570 2.636281
-21.742929 2.636018
-21.744293 2.635756
-21.745661 2.635493
-21.747032 2.635231
-21.748407 2.634968
-21.749784 2.634706
-21.751165 2.634443
-21.752550 2.634181
-21.753939 2.633918
-21.755331 2.633656
-21.756727 2.633393
-21.758125 2.633131
-21.759527 2.632868
-21.760933 2.632606
-21.762342 2.632343
-21.763756 2.632081
-21.765173 2.631818
-21.766592 2.631556
-21.768015 2.631293
-21.769442 2.631031
-21.773144 2.626118
-21.776857 2.621205
-21.780584 2.616293
-21.784325 2.611380
-21.788076 2.606467
-21.791842 2.601555
-21.795618 2.596642
-21.799408 2.591730
-21.803211 2.586817
-21.807026 2.581904
-21.810854 2.576992
-21.814693 2.572079
-21.818546 2.567167
-21.822411 2.562254
-21.826288 2.557341
-21.830179 2.552429
-21.834082 2.547516
-21.837997 2.542603
-21.841925 2.537691
-21.845865 2.532778
-21.849819 2.527866
-21.853785 2.522953
-21.857763 2.518040
-21.861753 2.513128
-21.865757 2.508215
-21.869772 2.503303
-21.873800 2.498390
-21.877842 2.493477
-21.881895 2.488565
-21.885962 2.483652
-21.890039 2.478740
-21.894131 2.473827
-21.898233 2.468914
-21.902349 2.464002
-21.906479 2.459089
-21.910620 2.454176
-21.914774 2.449264
-21.918940 2.444351
-21.923119 2.439439
-21.927311 2.434526
-21.932770 2.427626
-21.938246 2.420726
-21.943739 2.413826
-21.949251 2.406926
-21.954781 2.400026
-21.960327 2.393126
-21.965891 2.386225
-21.971472 2.379325
-21.977072 2.372425
-21.982689 2.365525
-21.988323 2.358625
-21.993975 2.351725
-21.999643 2.344825
-22.005331 2.337925
-22.011036 2.331025
-22.016758 2.324125
-22.022497 2.317225
-22.028254 2.310325
-22.034029 2.303425
-22.039822 2.296525
-22.045631 2.289624
-22.051458 2.282724
-22.057302 2.275824
-22.063166 2.268924
-22.069046 2.262024
-22.074944 2.255124
-22.080858 2.248224
-22.086792 2.241324
-22.092743 2.234424
-22.098711 2.227524
-22.104696 2.220624
-22.110699 2.213724
-22.116720 2.206824
-22.122759 2.199924
-22.128815 2.193023
-22.134888 2.186123
-22.140978 2.179223
-22.147087 2.172323
-22.153214 2.165423
-22.159357 2.158523
-22.167614 2.154498
-22.175898 2.150473
-22.184206 2.146448
-22.192541 2.142423
-22.200901 2.138398
-22.209288 2.134373
-22.217699 2.130348
-22.226137 2.126323
-22.234602 2.122298
-22.243092 2.118273
-22.251608 2.114248
-22.260149 2.110223
-22.268717 2.106198
-22.277309 2.102173
-22.285929 2.098148
-22.294575 2.094123
-22.303246 2.090098
-22.311943 2.086073
-22.320665 2.082048
-22.329414 2.078023
-22.338190 2.073998
-22.346991 2.069973
-22.355818 2.065948
-22.364670 2.061924
-22.373549 2.057899
-22.382452 2.053874
-22.391382 2.049849
-22.400339 2.045824
-22.409321 2.041799
-22.418329 2.037774
-22.427362 2.033749
-22.436422 2.029724
-22.445507 2.025699
-22.454618 2.021674
-22.463757 2.017649
-22.472919 2.013624
-22.482109 2.009599
-22.491323 2.005574
-22.500565 2.001549
-22.509832 1.997524
-22.521358 1.989911
-22.532921 1.982299
-22.544518 1.974686
-22.556149 1.967074
-22.567814 1.959461
-22.579515 1.951849
-22.591251 1.944237
-22.603022 1.936624
-22.614826 1.929012
-22.626667 1.921399
-22.638542 1.913787
-22.650452 1.906174
-22.662395 1.898562
-22.674374 1.890949
-22.686388 1.883337
-22.698437 1.875724
-22.710520 1.868112
-22.722637 1.860499
-22.734791 1.852887
-22.746979 1.845274
-22.759201 1.837662
-22.771458 1.830050
-22.783751 1.822437
-22.796078 1.814825
-22.808439 1.807212
-22.820835 1.799600
-22.833267 1.791987
-22.845734 1.784375
-22.858234 1.776762
-22.870770 1.769150
-22.883341 1.761537
-22.895947 1.753925
-22.908587 1.746312
-22.921261 1.738700
-22.933971 1.731087
-22.946716 1.723475
-22.959496 1.715863
-22.972309 1.708250
-22.985159 1.700638
-22.998043 1.693025
-23.016823 1.679975
-23.035660 1.666925
-23.054556 1.653875
-23.073509 1.640825
-23.092522 1.627775
-23.111591 1.614725
-23.130720 1.601675
-23.149906 1.588625
-23.169151 1.575575
-23.188454 1.562526
-23.207815 1.549476
-23.227234 1.536426
-23.246712 1.523376
-23.266247 1.510326
-23.285841 1.497276
-23.305492 1.484226
-23.325203 1.471176
-23.344971 1.458126
-23.364798 1.445076
-23.384682 1.432026
-23.404625 1.418976
-23.424625 1.405926
-23.444685 1.392876
-23.464802 1.379826
-23.484978 1.366776
-23.505211 1.353726
-23.525503 1.340676
-23.545853 1.327626
-23.566261 1.314576
-23.586727 1.301526
-23.607252 1.288476
-23.627834 1.275426
-23.648474 1.262376
-23.669172 1.249326
-23.689928 1.236277
-23.710743 1.223227
-23.731615 1.210177
-23.752546 1.197127
-23.773535 1.184077
-23.794582 1.171027
-23.815048 1.163127
-23.835569 1.155227
-23.856146 1.147327
-23.876778 1.139427
-23.897465 1.131527
-23.918209 1.123627
-23.939009 1.115727
-23.959864 1.107827
-23.980774 1.099927
-24.001740 1.092027
-24.022760 1.084127
-24.043837 1.076227
-24.064970 1.068327
-24.086159 1.060427
-24.107403 1.052527
-24.128702 1.044627
-24.150057 1.036727
-24.171467 1.028827
-24.192934 1.020927
-24.214457 1.013027
-24.236034 1.005127
-24.257668 0.997227
-24.279356 0.989327
-24.301100 0.981427
-24.322899 0.973527
-24.344755 0.965627
-24.366667 0.957727
-24.388634 0.949827
-24.410656 0.941927
-24.432734 0.934027
-24.454866 0.926127
-24.477055 0.918227
-24.499300 0.910327
-24.521601 0.902427
-24.543957 0.894527
-24.566368 0.886627
-24.588835 0.878727
-24.611357 0.870827
-24.633936 0.862927
-24.656570 0.855027
-24.678858 0.847227
-24.701200 0.839427
-24.723597 0.831627
-24.746046 0.823827
-24.768551 0.816027
-24.791109 0.808227
-24.813721 0.800427
-24.836386 0.792627
-24.859106 0.784827
-24.881880 0.777027
-24.904707 0.769227
-24.927589 0.761427
-24.950525 0.753627
-24.973515 0.745827
-24.996559 0.738027
-25.019657 0.730227
-25.042809 0.722427
-25.066015 0.714627
-25.089275 0.706827
-25.112589 0.699027
-25.135958 0.691227
-25.159380 0.683427
-25.182856 0.675627
-25.206385 0.667827
-25.229969 0.660027
-25.253607 0.652227
-25.277298 0.644427
-25.301044 0.636627
-25.324844 0.628827
-25.348698 0.621027
-25.372606 0.613227
-25.396568 0.605427
-25.420584 0.597627
-25.444654 0.589827
-25.468779 0.582027
-25.492956 0.574227
-25.517189 0.566427
-25.541475 0.558627
-25.565815 0.550827
-25.590208 0.543027
-25.613777 0.532202
-25.637398 0.521377
-25.661068 0.510552
-25.684790 0.499727
-25.708561 0.488902
-25.732384 0.478077
-25.756256 0.467252
-25.780178 0.456427
-25.804152 0.445602
-25.828175 0.434777
-25.852249 0.423952
-25.876373 0.413127
-25.900549 0.402302
-25.924774 0.391477
-25.949051 0.380652
-25.973377 0.369827
-25.997755 0.359002
-26.022182 0.348177
-26.046661 0.337352
-26.071190 0.326527
-26.095770 0.315702
-26.120399 0.304877
-26.145081 0.294052
-26.169811 0.283227
-26.194593 0.272402
-26.219425 0.261577
-26.244308 0.250752
-26.269241 0.239927
-26.294224 0.229102
-26.319258 0.218277
-26.344341 0.207452
-26.369476 0.196627
-26.394661 0.185802
-26.419897 0.174977
-26.445183 0.164152
-26.470520 0.153327
-26.495907 0.142502
-26.521345 0.131677
-26.546833 0.120852
-26.572372 0.110027
-26.592829 0.097290
-26.613316 0.084552
-26.633833 0.071815
-26.654379 0.059077
-26.674955 0.046340
-26.695562 0.033602
-26.716200 0.020865
-26.736866 0.008127
-26.757563 -0.004610
-26.778290 -0.017348
-26.799047 -0.030085
-26.819834 -0.042823
-26.840651 -0.055560
-26.861498 -0.068298
-26.882376 -0.081035
-26.903282 -0.093773
-26.924219 -0.106510
-26.945187 -0.119248
-26.966185 -0.131985
-26.987211 -0.144723
-27.008268 -0.157460
-27.029356 -0.170198
-27.050474 -0.182935
-27.071621 -0.195673
-27.092798 -0.208410
-27.114006 -0.221148
-27.135244 -0.233885
-27.156511 -0.246623
-27.177809 -0.259360
-27.199137 -0.272098
-27.220495 -0.284835
-27.241882 -0.297573
-27.263300 -0.310310
-27.284748 -0.323048
-27.306227 -0.335785
-27.327734 -0.348523
-27.349272 -0.361260
-27.370840 -0.373998
-27.392439 -0.386735
-27.414068 -0.399473
-27.458506 -0.398248
-27.503063 -0.397023
-27.547741 -0.395798
-27.592541 -0.394573
-27.637461 -0.393348
-27.682501 -0.392123
-27.727663 -0.390898
-27.772945 -0.389673
-27.818348 -0.388448
-27.863873 -0.387223
-27.909517 -0.385998
-27.955282 -0.384773
-28.001169 -0.383548
-28.047176 -0.382323
-28.093304 -0.381098
-28.139553 -0.379873
-28.185923 -0.378648
-28.232412 -0.377423
-28.279024 -0.376198
-28.325756 -0.374973
-28.372608 -0.373748
-28.419582 -0.372523
-28.466677 -0.371298
-28.513891 -0.370073
-28.561228 -0.368848
-28.608685 -0.367623
-28.656261 -0.366398
-28.703960 -0.365173
-28.751780 -0.363948
-28.799719 -0.362723
-28.847780 -0.361498
-28.895962 -0.360273
-28.944263 -0.359048
-28.992687 -0.357823
-29.041231 -0.356598
-29.089895 -0.355373
-29.138681 -0.354148
-29.187588 -0.352923
-29.236614 -0.351698
-29.285763 -0.350473
-29.293516 -0.363836
-29.301226 -0.377198
-29.308889 -0.390561
-29.316509 -0.403923
-29.324083 -0.417286
-29.331614 -0.430648
-29.339100 -0.444011
-29.346540 -0.457373
-29.353937 -0.470736
-29.361290 -0.484098
-29.368597 -0.497461
-29.375860 -0.510824
-29.383078 -0.524186
-29.390251 -0.537549
-29.397381 -0.550911
-29.404465 -0.564274
-29.411505 -0.577636
-29.418499 -0.590999
-29.425449 -0.604361
-29.432356 -0.617724
-29.439217 -0.631086
-29.446033 -0.644449
-29.452806 -0.657811
-29.459534 -0.671174
-29.466217 -0.684536
-29.472855 -0.697899
-29.479448 -0.711261
-29.485998 -0.724624
-29.492502 -0.737987
-29.498962 -0.751349
-29.505377 -0.764712
-29.511747 -0.778074
-29.518074 -0.791437
-29.524355 -0.804799
-29.530592 -0.818162
-29.536785 -0.831524
-29.542933 -0.844887
-29.549036 -0.858249
-29.555094 -0.871612
-29.561108 -0.884974
-29.550713 -0.891999
-29.540207 -0.899024
-29.529591 -0.906049
-29.518866 -0.913074
-29.508030 -0.920099
-29.497086 -0.927124
-29.486031 -0.934149
-29.474867 -0.941174
-29.463593 -0.948199
-29.452208 -0.955224
-29.440714 -0.962249
-29.429110 -0.969274
-29.417397 -0.976299
-29.405573 -0.983324
-29.393641 -0.990349
-29.381598 -0.997374
-29.369446 -1.004399
-29.357183 -1.011424
-29.344810 -1.018449
-29.332329 -1.025474
-29.319736 -1.032499
-29.307035 -1.039524
-29.294224 -1.046549
-29.281303 -1.053574
-29.268272 -1.060599
-29.255131 -1.067624
-29.241880 -1.074649
-29.228519 -1.081674
-29.215050 -1.088699
-29.201469 -1.095724
-29.187780 -1.102749
-29.173981 -1.109774
-29.160070 -1.116799
-29.146051 -1.123824
-29.131922 -1.130849
-29.117683 -1.137874
-29.103334 -1.144899
-29.088877 -1.151924
-29.074308 -1.158949
-29.059629 -1.165974
-29.050928 -1.171362
-29.042141 -1.176750
-29.033268 -1.182137
-29.024311 -1.187525
-29.015268 -1.192912
-29.006140 -1.198300
-28.996925 -1.203687
-28.987625 -1.209075
-28.978239 -1.214462
-28.968767 -1.219850
-28.959211 -1.225237
-28.949570 -1.230625
-28.939842 -1.236013
-28.930029 -1.241400
-28.920130 -1.246788
-28.910145 -1.252175
-28.900074 -1.257563
-28.889919 -1.262950
-28.879679 -1.268338
-28.869352 -1.273725
-28.858940 -1.279113
-28.848442 -1.284500
-28.837858 -1.289888
-28.827188 -1.295276
-28.816435 -1.300663
-28.805595 -1.306051
-28.794670 -1.311438
-28.783659 -1.316826
-28.772562 -1.322213
-28.761379 -1.327601
-28.750113 -1.332988
-28.738760 -1.338376
-28.727322 -1.343763
-28.715797 -1.349151
-28.704187 -1.354539
-28.692492 -1.359926
-28.680710 -1.365314
-28.668844 -1.370701
-28.656893 -1.376089
-28.644855 -1.381476
-28.643425 -1.393226
-28.641951 -1.404976
-28.640434 -1.416726
-28.638874 -1.428476
-28.637272 -1.440226
-28.635626 -1.451976
-28.633938 -1.463726
-28.632206 -1.475476
-28.630432 -1.487226
-28.628614 -1.498976
-28.626755 -1.510726
-28.624851 -1.522476
-28.622906 -1.534226
-28.620916 -1.545976
-28.618885 -1.557726
-28.616810 -1.569476
-28.614693 -1.581226
-28.612532 -1.592976
-28.610329 -1.604726
-28.608082 -1.616476
-28.605793 -1.628226
-28.603460 -1.639976
-28.601086 -1.651726
-28.598667 -1.663476
-28.596207 -1.675226
-28.593702 -1.686976
-28.591156 -1.698726
-28.588566 -1.710476
-28.585932 -1.722226
-28.583256 -1.733976
-28.580536 -1.745726
-28.577774 -1.757476
-28.574968 -1.769226
-28.572121 -1.780976
-28.569229 -1.792726
-28.566296 -1.804476
-28.563318 -1.816226
-28.560299 -1.827976
-28.557236 -1.839726
-28.554131 -1.851476
-28.565001 -1.854001
-28.575884 -1.856526
-28.586779 -1.859051
-28.597687 -1.861575
-28.608608 -1.864100
-28.619543 -1.866625
-28.630491 -1.869150
-28.641451 -1.871675
-28.652424 -1.874200
-28.663410 -1.876725
-28.674410 -1.879250
-28.685421 -1.881775
-28.696445 -1.884300
-28.707483 -1.886825
-28.718534 -1.889350
-28.729597 -1.891875
-28.740673 -1.894400
-28.751762 -1.896925
-28.762865 -1.899450
-28.773979 -1.901975
-28.785107 -1.904500
-28.796247 -1.907025
-28.807402 -1.909550
-28.818567 -1.912075
-28.829746 -1.914600
-28.840939 -1.917125
-28.852144 -1.919650
-28.863363 -1.922175
-28.874594 -1.924700
-28.885838 -1.927225
-28.897095 -1.929750
-28.908365 -1.932275
-28.919647 -1.934800
-28.930943 -1.937325
-28.942251 -1.939850
-28.953573 -1.942375
-28.964907 -1.944900
-28.976254 -1.947425
-28.987614 -1.949950
-28.998987 -1.952474
-28.992628 -1.955524
-28.986210 -1.958574
-28.979734 -1.961624
-28.973202 -1.964674
-28.966610 -1.967724
-28.959961 -1.970774
-28.953255 -1.973824
-28.946489 -1.976874
-28.939667 -1.979924
-28.932787 -1.982974
-28.925850 -1.986024
-28.918854 -1.989074
-28.911800 -1.992124
-28.904690 -1.995174
-28.897520 -1.998224
-28.890293 -2.001274
-28.883009 -2.004324
-28.875666 -2.007374
-28.868265 -2.010424
-28.860807 -2.013474
-28.853292 -2.016525
-28.845718 -2.019575
-28.838087 -2.022625
-28.830399 -2.025675
-28.822651 -2.028725
-28.814846 -2.031775
-28.806984 -2.034825
-28.799063 -2.037875
-28.791084 -2.040925
-28.783049 -2.043975
-28.774954 -2.047025
-28.766802 -2.050076
-28.758593 -2.053126
-28.750326 -2.056176
-28.742001 -2.059226
-28.733618 -2.062276
-28.725178 -2.065326
-28.716679 -2.068376
-28.708122 -2.071426
-28.699509 -2.074476
-28.697464 -2.078851
-28.695387 -2.083226
-28.693279 -2.087601
-28.691139 -2.091976
-28.688969 -2.096351
-28.686766 -2.100726
-28.684532 -2.105101
-28.682266 -2.109476
-28.679970 -2.113851
-28.677641 -2.118226
-28.675282 -2.122601
-28.672892 -2.126976
-28.670469 -2.131351
-28.668016 -2.135726
-28.665531 -2.140101
-28.663015 -2.144476
-28.660467 -2.148851
-28.657888 -2.153226
-28.655277 -2.157601
-28.652636 -2.161976
-28.649961 -2.166351
-28.647257 -2.170726
-28.644520 -2.175101
-28.641752 -2.179476
-28.638952 -2.183851
-28.636122 -2.188226
-28.633261 -2.192601
-28.630367 -2.196976
-28.627443 -2.201351
-28.624487 -2.205726
-28.621500 -2.210101
-28.618481 -2.214476
-28.615431 -2.218851
-28.612349 -2.223226
-28.609236 -2.227601
-28.606091 -2.231976
-28.602915 -2.236351
-28.599707 -2.240726
-28.596468 -2.245100
-28.593199 -2.249475
-28.596071 -2.258213
-28.598938 -2.266951
-28.601797 -2.275688
-28.604650 -2.284426
-28.607496 -2.293163
-28.610336 -2.301901
-28.613169 -2.310638
-28.615993 -2.319376
-28.618813 -2.328114
-28.621624 -2.336851
-28.624430 -2.345589
-28.627228 -2.354326
-28.630020 -2.363064
-28.632805 -2.371801
-28.635582 -2.380539
-28.638353 -2.389277
-28.641117 -2.398014
-28.643875 -2.406752
-28.646626 -2.415489
-28.649370 -2.424227
-28.652107 -2.432964
-28.654837 -2.441702
-28.657560 -2.450439
-28.660276 -2.459177
-28.662987 -2.467915
-28.665689 -2.476652
-28.668386 -2.485390
-28.671076 -2.494127
-28.673759 -2.502865
-28.676435 -2.511602
-28.679104 -2.520340
-28.681767 -2.529078
-28.684422 -2.537815
-28.687071 -2.546553
-28.689713 -2.555290
-28.692348 -2.564028
-28.694977 -2.572765
-28.697598 -2.581503
-28.700212 -2.590240
-28.702820 -2.598978
-28.710228 -2.603390
-28.717648 -2.607803
-28.725080 -2.612215
-28.732525 -2.616628
-28.739983 -2.621040
-28.747452 -2.625453
-28.754934 -2.629865
-28.762428 -2.634277
-28.769936 -2.638690
-28.777454 -2.643102
-28.784986 -2.647515
-28.792530 -2.651927
-28.800087 -2.656339
-28.807655 -2.660752
-28.815235 -2.665164
-28.822828 -2.669577
-28.830433 -2.673989
-28.838051 -2.678401
-28.845680 -2.682814
-28.853323 -2.687226
-28.860977 -2.691639
-28.868645 -2.696051
-28.876324 -2.700464
-28.884016 -2.704876
-28.891720 -2.709288
-28.899437 -2.713701
-28.907166 -2.718113
-28.914907 -2.722526
-28.922661 -2.726938
-28.930428 -2.731350
-28.938206 -2.735763
-28.945997 -2.740175
-28.953800 -2.744588
-28.961615 -2.749000
-28.969442 -2.753412
-28.977282 -2.757825
-28.985134 -2.762237
-28.992998 -2.766650
-29.000875 -2.771062
-29.008764 -2.775475
-29.010378 -2.784387
-29.011980 -2.793300
-29.013569 -2.802212
-29.015144 -2.811125
-29.016708 -2.820037
-29.018259 -2.828950
-29.019796 -2.837862
-29.021322 -2.846775
-29.022835 -2.855688
-29.024334 -2.864600
-29.025822 -2.873513
-29.027296 -2.882425
-29.028757 -2.891338
-29.030207 -2.900250
-29.031643 -2.909163
-29.033066 -2.918076
-29.034477 -2.926988
-29.035875 -2.935901
-29.037260 -2.944813
-29.038633 -2.953726
-29.039993 -2.962638
-29.041340 -2.971551
-29.042675 -2.980464
-29.043997 -2.989376
-29.045307 -2.998289
-29.046604 -3.007201
-29.047888 -3.016114
-29.049160 -3.025026
-29.050419 -3.033939
-29.051664 -3.042851
-29.052898 -3.051764
-29.054119 -3.060677
-29.055326 -3.069589
-29.056522 -3.078502
-29.057705 -3.087414
-29.058874 -3.096327
-29.060032 -3.105239
-29.061176 -3.114152
-29.062307 -3.123065
-29.063427 -3.131977
-29.041002 -3.142827
-29.018471 -3.153677
-28.995832 -3.164527
-28.973087 -3.175377
-28.950237 -3.186227
-28.927280 -3.197077
-28.904217 -3.207927
-28.881046 -3.218777
-28.857769 -3.229627
-28.834387 -3.240477
-28.810898 -3.251327
-28.787302 -3.262177
-28.763599 -3.273026
-28.739790 -3.283876
-28.715874 -3.294726
-28.691853 -3.305576
-28.667725 -3.316426
-28.643490 -3.327276
-28.619148 -3.338126
-28.594700 -3.348976
-28.570147 -3.359826
-28.545486 -3.370676
-28.520720 -3.381526
-28.495846 -3.392376
-28.470865 -3.403226
-28.445780 -3.414076
-28.420588 -3.424926
-28.395288 -3.435776
-28.369883 -3.446626
-28.344370 -3.457476
-28.318752 -3.468326
-28.293028 -3.479176
-28.267197 -3.490026
-28.241259 -3.500875
-28.215214 -3.511725
-28.189062 -3.522575
-28.162806 -3.533425
-28.136442 -3.544275
-28.109972 -3.555125
-28.083395 -3.565975
-28.044338 -3.576975
-28.005125 -3.587975
-27.965755 -3.598975
-27.926231 -3.609975
-27.886551 -3.620975
-27.846714 -3.631975
-27.806723 -3.642975
-27.766575 -3.653975
-27.726271 -3.664974
-27.685812 -3.675974
-27.645197 -3.686974
-27.604425 -3.697974
-27.563499 -3.708974
-27.522417 -3.719974
-27.481180 -3.730974
-27.439787 -3.741974
-27.398237 -3.752974
-27.356533 -3.763974
-27.314672 -3.774974
-27.272655 -3.785974
-27.230484 -3.796973
-27.188156 -3.807973
-27.145672 -3.818973
-27.103033 -3.829973
-27.060238 -3.840973
-27.017286 -3.851973
-26.974180 -3.862973
-26.930918 -3.873973
-26.887499 -3.884973
-26.843925 -3.895973
-26.800196 -3.906973
-26.756310 -3.917973
-26.712269 -3.928972
-26.668072 -3.939972
-26.623718 -3.950972
-26.579210 -3.961972
-26.534546 -3.972972
-26.489725 -3.983972
-26.444750 -3.994972
-26.399618 -4.005972
-26.371073 -4.007684
-26.342438 -4.009397
-26.313713 -4.011109
-26.284901 -4.012821
-26.255999 -4.014534
-26.227007 -4.016246
-26.197927 -4.017958
-26.168758 -4.019670
-26.139500 -4.021383
-26.110153 -4.023095
-26.080717 -4.024807
-26.051191 -4.026520
-26.021578 -4.028232
-25.991875 -4.029944
-25.962082 -4.031657
-25.932201 -4.033369
-25.902231 -4.035081
-25.872171 -4.036794
-25.842022 -4.038506
-25.811785 -4.040218
-25.781458 -4.041931
-25.751041 -4.043643
-25.720537 -4.045355
-25.689943 -4.047068
-25.659260 -4.048780
-25.628489 -4.050492
-25.597628 -4.052205
-25.566677 -4.053917
-25.535639 -4.055629
-25.504511 -4.057342
-25.473293 -4.059054
-25.441988 -4.060766
-25.410593 -4.062479
-25.379108 -4.064191
-25.347534 -4.065903
-25.315872 -4.067616
-25.284121 -4.069328
-25.252279 -4.071040
-25.220350 -4.072752
-25.188332 -4.074465
-25.145796 -4.075515
-25.103128 -4.076565
-25.060331 -4.077615
-25.017403 -4.078665
-24.974344 -4.079715
-24.931154 -4.080765
-24.887835 -4.081815
-24.844383 -4.082865
-24.800802 -4.083915
-24.757090 -4.084965
-24.713247 -4.086015
-24.669273 -4.087065
-24.625170 -4.088115
-24.580935 -4.089165
-24.536570 -4.090215
-24.492073 -4.091265
-24.447447 -4.092315
-24.402691 -4.093365
-24.357803 -4.094415
-24.312786 -4.095465
-24.267637 -4.096515
-24.222359 -4.097565
-24.176949 -4.098615
-24.131409 -4.099665
-24.085737 -4.100715
-24.039936 -4.101765
-23.994003 -4.102815
-23.947941 -4.103865
-23.901747 -4.104915
-23.855423 -4.105965
-23.808968 -4.107015
-23.762383 -4.108065
-23.715666 -4.109115
-23.668819 -4.110165
-23.621841 -4.111215
-23.574734 -4.112265
-23.527496 -4.113315
-23.480127 -4.114365
-23.432629 -4.115415
-23.384998 -4.116465
-23.338606 -4.127152
-23.292088 -4.137839
-23.245445 -4.148527
-23.198677 -4.159214
-23.151783 -4.169901
-23.104765 -4.180589
-23.057621 -4.191276
-23.010353 -4.201963
-22.962959 -4.212651
-22.915440 -4.223338
-22.867796 -4.234025
-22.820026 -4.244713
-22.772131 -4.255400
-22.724112 -4.266088
-22.675966 -4.276775
-22.627697 -4.287462
-22.579302 -4.298150
-22.530781 -4.308837
-22.482136 -4.319524
-22.433365 -4.330212
-22.384470 -4.340899
-22.335449 -4.351586
-22.286303 -4.362274
-22.237032 -4.372961
-22.187635 -4.383648
-22.138113 -4.394336
-22.088467 -4.405023
-22.038694 -4.415710
-21.988798 -4.426398
-21.938776 -4.437085
-21.888628 -4.447773
-21.838356 -4.458460
-21.787958 -4.469147
-21.737436 -4.479835
-21.686789 -4.490522
-21.636015 -4.501209
-21.585117 -4.511897
-21.534094 -4.522584
-21.482944 -4.533271
-21.431671 -4.543959
-21.397842 -4.548209
-21.363958 -4.552459
-21.330019 -4.556709
-21.296024 -4.560959
-21.261974 -4.565209
-21.227869 -4.569459
-21.193710 -4.573709
-21.159496 -4.577959
-21.125227 -4.582209
-21.090902 -4.586459
-21.056522 -4.590709
-21.022087 -4.594959
-20.987597 -4.599209
-20.953051 -4.603459
-20.918449 -4.607709
-20.883793 -4.611959
-20.849081 -4.616210
-20.814314 -4.620460
-20.779493 -4.624710
-20.744617 -4.628960
-20.709686 -4.633210
-20.674700 -4.637460
-20.639658 -4.641710
-20.604561 -4.645960
-20.569408 -4.650210
-20.534201 -4.654460
-20.498938 -4.658710
-20.463619 -4.662960
-20.428246 -4.667210
-20.392818 -4.671460
-20.357336 -4.675710
-20.321798 -4.679960
-20.286205 -4.684210
-20.250557 -4.688460
-20.214853 -4.692710
-20.179094 -4.696960
-20.143280 -4.701210
-20.107410 -4.705461
-20.071486 -4.709711
-20.035505 -4.713961
-19.994814 -4.719511
-19.954050 -4.725060
-19.913212 -4.730610
-19.872299 -4.736160
-19.831314 -4.741710
-19.790255 -4.747260
-19.749123 -4.752810
-19.707916 -4.758360
-19.666636 -4.763910
-19.625282 -4.769460
-19.583855 -4.775010
-19.542353 -4.780560
-19.500778 -4.786109
-19.459129 -4.791659
-19.417406 -4.797209
-19.375610 -4.802759
-19.333740 -4.808309
-19.291796 -4.813859
-19.249779 -4.819409
-19.207687 -4.824959
-19.165524 -4.830509
-19.123285 -4.836059
-19.080973 -4.841609
-19.038588 -4.847158
-18.996128 -4.852708
-18.953594 -4.858258
-18.910988 -4.863808
-18.868307 -4.869358
-18.825552 -4.874908
-18.782724 -4.880458
-18.739822 -4.886008
-18.696848 -4.891558
-18.653799 -4.897108
-18.610676 -4.902658
-18.567480 -4.908207
-18.524210 -4.913757
-18.480865 -4.919307
-18.437449 -4.924857
-18.393957 -4.930407
-18.350391 -4.935957
-18.315248 -4.936632
-18.280066 -4.937307
-18.244844 -4.937983
-18.209583 -4.938658
-18.174282 -4.939333
-18.138941 -4.940008
-18.103559 -4.940683
-18.068138 -4.941359
-18.032677 -4.942034
-17.997175 -4.942709
-17.961634 -4.943384
-17.926052 -4.944059
-17.890432 -4.944735
-17.854773 -4.945410
-17.819073 -4.946085
-17.783333 -4.946760
-17.747553 -4.947435
-17.711733 -4.948111
-17.675873 -4.948786
-17.639973 -4.949461
-17.604033 -4.950136
-17.568054 -4.950811
-17.532036 -4.951487
-17.495977 -4.952162
-17.459879 -4.952837
-17.423740 -4.953512
-17.387562 -4.954187
-17.351343 -4.954863
-17.315084 -4.955538
-17.278786 -4.956213
-17.242449 -4.956888
-17.206072 -4.957563
-17.169655 -4.958239
-17.133198 -4.958914
-17.096701 -4.959589
-17.060163 -4.960264
-17.023586 -4.960939
-16.986969 -4.961615
-16.950312 -4.962290
-16.913614 -4.962965
-16.873150 -4.968015
-16.832632 -4.973065
-16.792059 -4.978116
-16.751431 -4.983166
-16.710749 -4.988216
-16.670012 -4.993266
-16.629219 -4.998316
-16.588373 -5.003366
-16.547472 -5.008417
-16.506516 -5.013467
-16.465506 -5.018517
-16.424440 -5.023567
-16.383320 -5.028617
-16.342146 -5.033668
-16.300917 -5.038718
-16.259632 -5.043768
-16.218294 -5.048818
-16.176901 -5.053868
-16.135452 -5.058918
-16.093948 -5.063969
-16.052391 -5.069019
-16.010778 -5.074069
-15.969111 -5.079119
-15.927390 -5.084169
-15.885613 -5.089220
-15.843782 -5.094270
-15.801896 -5.099320
-15.759955 -5.104370
-15.717960 -5.109420
-15.675910 -5.114470
-15.633805 -5.119521
-15.591646 -5.124571
-15.549432 -5.129621
-15.507163 -5.134671
-15.464840 -5.139721
-15.422462 -5.144772
-15.380029 -5.149822
-15.337542 -5.154872
-15.294999 -5.159922
-15.252402 -5.164972
-15.212637 -5.170635
-15.172829 -5.176297
-15.132977 -5.181960
-15.093082 -5.187622
-15.053144 -5.193285
-15.013164 -5.198947
-14.973139 -5.204609
-14.933071 -5.210272
-14.892961 -5.215934
-14.852806 -5.221597
-14.812609 -5.227259
-14.772368 -5.232922
-14.732085 -5.238584
-14.691758 -5.244246
-14.651388 -5.249909
-14.610975 -5.255571
-14.570518 -5.261234
-14.530019 -5.266896
-14.489476 -5.272559
-14.448890 -5.278221
-14.408260 -5.283884
-14.367588 -5.289546
-14.326873 -5.295208
-14.286114 -5.300871
-14.245312 -5.306533
-14.204467 -5.312196
-14.163578 -5.317858
-14.122646 -5.323521
-14.081672 -5.329183
-14.040653 -5.334846
-13.999592 -5.340508
-13.958488 -5.346170
-13.917340 -5.351833
-13.876149 -5.357495
-13.834915 -5.363158
-13.793638 -5.368820
-13.752317 -5.374483
-13.710954 -5.380145
-13.669547 -5.385808
-13.628098 -5.391470
-13.585249 -5.398158
-13.542352 -5.404845
-13.499406 -5.411533
-13.456411 -5.418221
-13.413368 -5.424908
-13.370276 -5.431596
-13.327136 -5.438283
-13.283947 -5.444971
-13.240709 -5.451659
-13.197423 -5.458346
-13.154088 -5.465034
-13.110704 -5.471722
-13.067272 -5.478409
-13.023792 -5.485097
-12.980264 -5.491785
-12.936687 -5.498472
-12.893061 -5.505160
-12.849386 -5.511847
-12.805663 -5.518535
-12.761891 -5.525223
-12.718071 -5.531910
-12.674202 -5.538598
-12.630284 -5.545286
-12.586318 -5.551973
-12.542303 -5.558661
-12.498240 -5.565349
-12.454127 -5.572036
-12.409966 -5.578724
-12.365757 -5.585412
-12.321499 -5.592099
-12.277192 -5.598787
-12.232837 -5.605474
-12.188433 -5.612162
-12.143980 -5.618850
-12.099479 -5.625537
-12.054929 -5.632225
-12.010330 -5.638913
-11.965683 -5.645600
-11.920987 -5.652288
-11.876244 -5.658976
-11.832393 -5.665488
-11.788496 -5.672001
-11.744555 -5.678514
-11.700568 -5.685026
-11.656537 -5.691539
-11.612461 -5.698051
-11.568340 -5.704564
-11.524175 -5.711077
-11.479964 -5.717589
-11.435709 -5.724102
-11.391409 -5.730615
-11.347064 -5.737127
-11.302674 -5.743640
-11.258240 -5.750153
-11.213760 -5.756665
-11.169236 -5.763178
-11.124667 -5.769691
-11.080053 -5.776203
-11.035395 -5.782716
-10.990691 -5.789228
-10.945943 -5.795741
-10.901150 -5.802254
-10.856312 -5.808766
-10.811429 -5.815279
-10.766501 -5.821792
-10.721529 -5.828304
-10.676512 -5.834817
-10.631450 -5.841330
-10.586343 -5.847842
-10.541191 -5.854355
-10.495995 -5.860868
-10.450753 -5.867380
-10.405467 -5.873893
-10.360136 -5.880405
-10.314760 -5.886918
-10.269340 -5.893431
-10.223874 -5.899943
-10.178364 -5.906456
-10.132808 -5.912969
-10.087207 -5.919481
-10.043469 -5.925982
-9.999695 -5.932482
-9.955883 -5.938982
-9.912034 -5.945482
-9.868147 -5.951982
-9.824223 -5.958483
-9.780261 -5.964983
-9.736262 -5.971483
-9.692226 -5.977983
-9.648153 -5.984484
-9.604043 -5.990984
-9.559896 -5.997484
-9.515711 -6.003984
-9.471489 -6.010485
-9.427230 -6.016985
-9.382934 -6.023485
-9.338600 -6.029985
-9.294230 -6.036486
-9.249822 -6.042986
-9.205377 -6.049486
-9.160894 -6.055986
-9.116374 -6.062487
-9.071816 -6.068987
-9.027222 -6.075487
-8.982590 -6.081987
-8.937921 -6.088488
-8.893214 -6.094988
-8.848471 -6.101488
-8.803690 -6.107988
-8.758872 -6.114489
-8.714017 -6.120989
-8.669125 -6.127489
-8.624195 -6.133989
-8.579228 -6.140490
-8.534225 -6.146990
-8.489183 -6.153490
-8.444105 -6.159990
-8.398990 -6.166491
-8.353836 -6.172991
-8.308645 -6.179491
-8.264924 -6.186479
-8.221171 -6.193466
-8.177387 -6.200454
-8.133572 -6.207441
-8.089725 -6.214429
-8.045847 -6.221416
-8.001938 -6.228404
-7.957997 -6.235392
-7.914026 -6.242379
-7.870023 -6.249367
-7.825989 -6.256354
-7.781923 -6.263342
-7.737827 -6.270329
-7.693699 -6.277317
-7.649539 -6.284305
-7.605349 -6.291292
-7.561127 -6.298280
-7.516874 -6.305267
-7.472590 -6.312255
-7.428275 -6.319242
-7.383928 -6.326230
-7.339550 -6.333218
-7.295141 -6.340205
-7.250700 -6.347193
-7.206229 -6.354180
-7.161726 -6.361168
-7.117192 -6.368155
-7.072626 -6.375143
-7.028029 -6.382131
-6.983401 -6.389118
-6.938742 -6.396106
-6.894052 -6.403093
-6.849330 -6.410081
-6.804577 -6.417068
-6.759793 -6.424056
-6.714977 -6.431044
-6.670131 -6.438031
-6.625253 -6.445019
-6.580344 -6.452006
-6.535403 -6.458994
-6.489465 -6.466869
-6.443492 -6.474744
-6.397484 -6.482619
-6.351440 -6.490494
-6.305362 -6.498369
-6.259248 -6.506244
-6.213099 -6.514119
-6.166916 -6.521994
-6.120697 -6.529869
-6.074443 -6.537744
-6.028154 -6.545619
-5.981830 -6.553493
-5.935471 -6.561368
-5.889076 -6.569243
-5.842647 -6.577118
-5.796182 -6.584993
-5.749682 -6.592868
-5.703147 -6.600743
-5.656578 -6.608618
-5.609972 -6.616493
-5.563333 -6.624368
-5.516657 -6.632243
-5.469947 -6.640118
-5.423202 -6.647993
-5.376421 -6.655868
-5.329606 -6.663743
-5.282755 -6.671618
-5.235869 -6.679493
-5.188948 -6.687368
-5.141992 -6.695243
-5.095001 -6.703118
-5.047975 -6.710993
-5.000914 -6.718868
-4.953817 -6.726743
-4.906686 -6.734618
-4.859519 -6.742493
-4.812318 -6.750368
-4.765081 -6.758243
-4.717809 -6.766118
-4.670502 -6.773993
-4.620337 -6.784105
-4.570124 -6.794217
-4.519866 -6.804329
-4.469561 -6.814442
-4.419209 -6.824554
-4.368812 -6.834666
-4.318368 -6.844779
-4.267878 -6.854891
-4.217341 -6.865003
-4.166758 -6.875115
-4.116129 -6.885228
-4.065453 -6.895340
-4.014731 -6.905452
-3.963963 -6.915565
-3.913148 -6.925677
-3.862287 -6.935789
-3.811379 -6.945901
-3.760426 -6.956014
-3.709425 -6.966126
-3.658379 -6.976238
-3.607286 -6.986351
-3.556147 -6.996463
-3.504961 -7.006575
-3.453730 -7.016687
-3.402452 -7.026800
-3.351127 -7.036912
-3.299756 -7.047024
-3.248339 -7.057137
-3.196875 -7.067249
-3.145365 -7.077361
-3.093809 -7.087473
-3.042206 -7.097586
-2.990557 -7.107698
-2.938862 -7.117810
-2.887120 -7.127923
-2.835332 -7.138035
-2.783498 -7.148147
-2.731617 -7.158259
-2.679690 -7.168372
-2.627717 -7.178484
-2.577027 -7.188184
-2.526297 -7.197884
-2.475525 -7.207583
-2.424712 -7.217283
-2.373858 -7.226983
-2.322964 -7.236683
-2.272028 -7.246383
-2.221051 -7.256083
-2.170033 -7.265782
-2.118974 -7.275482
-2.067874 -7.285182
-2.016733 -7.294882
-1.965551 -7.304582
-1.914328 -7.314281
-1.863064 -7.323981
-1.811758 -7.333681
-1.760412 -7.343381
-1.709025 -7.353081
-1.657596 -7.362781
-1.606127 -7.372480
-1.554616 -7.382180
-1.503065 -7.391880
-1.451472 -7.401580
-1.399839 -7.411280
-1.348164 -7.420979
-1.296448 -7.430679
-1.244691 -7.440379
-1.192894 -7.450079
-1.141055 -7.459779
-1.089175 -7.469479
-1.037254 -7.479178
-0.985292 -7.488878
-0.933289 -7.498578
-0.881244 -7.508278
-0.829159 -7.517978
-0.777033 -7.527678
-0.724866 -7.537377
-0.672657 -7.547077
-0.620408 -7.556777
-0.568118 -7.566477
