-0.046637 0.038675
-0.122700 0.104800
-0.228187 0.198375
-0.363100 0.319400
-0.527437 0.467875
-0.721200 0.643800
-0.944387 0.847175
-1.197000 1.078000
-1.479037 1.336275
-1.790499 1.622000
-2.131387 1.935175
-2.501699 2.275800
-2.901437 2.643875
-3.330599 3.039400
-3.789186 3.462374
-4.277199 3.912799
-4.794636 4.390674
-5.341498 4.895999
-5.917786 5.428774
-6.523498 5.988999
-7.158635 6.576674
-7.823197 7.191798
-8.517184 7.834373
-9.240597 8.504397
-9.993434 9.201872
-10.775696 9.926797
-11.587383 10.679172
-12.428495 11.458996
-13.299032 12.266271
-14.198994 13.100995
-15.128381 13.963169
-16.087193 14.852794
-17.075430 15.769868
-18.093092 16.714392
-19.140179 17.686367
-20.216690 18.685791
-21.322626 19.712666
-22.457989 20.766991
-23.622776 21.848764
-24.816988 22.957989
-26.039650 24.095713
-27.291086 25.261587
-28.571299 26.455612
-29.880285 27.677786
-31.218048 28.928110
-32.584583 30.206585
-33.979897 31.513208
-35.403984 32.847980
-36.856846 34.210903
-38.338482 35.601978
-39.848892 37.021202
-41.388081 38.468575
-42.956043 39.944099
-44.552780 41.447773
-46.178291 42.979595
-47.832577 44.539570
-49.515640 46.127693
-51.227478 47.743965
-52.968090 49.388390
-54.737476 51.060963
-56.535637 52.761684
-58.362572 54.490559
-60.218285 56.247581
-62.102772 58.032753
-64.016037 59.846077
-65.958076 61.687550
-67.928886 63.557175
-69.928474 65.454948
-71.956833 67.380875
-74.013969 69.334946
-76.099884 71.317169
-78.214569 73.327545
-80.358032 75.366066
-82.530266 77.432739
-84.731277 79.527565
-86.961067 81.650536
-89.219627 83.801659
-91.506966 85.980934
-93.823074 88.188354
-96.167961 90.423927
-98.537949 92.691216
-100.934258 94.989029
-103.356895 97.317368
-105.805855 99.676231
-108.281143 102.065620
-110.782753 104.485535
-113.310692 106.935974
-115.864952 109.416931
-118.445541 111.928413
-121.052452 114.470421
-123.685684 117.042953
-126.345245 119.646011
-129.031128 122.279594
-131.743332 124.943703
-134.481873 127.638336
-137.246735 130.363495
-140.037918 133.119186
-142.855423 135.905396
-145.699265 138.722137
-148.569427 141.569397
-151.465912 144.447189
-154.388718 147.355499
-157.337860 150.294342
-160.313324 153.263702
-163.315109 156.263580
-166.343216 159.293991
-169.397644 162.354919
-172.478409 165.446381
-175.585495 168.568359
-178.718903 171.720871
-181.878632 174.903900
-185.064697 178.117462
-188.277084 181.361542
-191.515793 184.636154
-194.780823 187.941284
-198.072189 191.276947
-201.389877 194.643127
-204.733887 198.039841
-208.104218 201.467072
-211.500885 204.924835
-214.911240 208.377228
-218.339493 211.836227
-221.785645 215.301819
-225.249695 218.774017
-228.731644 222.252808
-232.231491 225.738205
-235.749237 229.230194
-239.284882 232.728790
-242.838425 236.233994
-246.409866 239.745789
-249.999222 243.264191
-253.606476 246.789185
-257.231628 250.320786
-260.874664 253.858978
-264.535614 257.403778
-268.214447 260.955170
-271.911194 264.513153
-275.625854 268.077759
-279.358398 271.648956
-283.108856 275.226746
-286.877197 278.811127
-290.663452 282.402130
-294.467590 285.999725
-298.289642 289.603912
-302.129578 293.214722
-305.987427 296.832123
-309.863190 300.456116
-313.756836 304.086700
-317.668396 307.723907
-321.597839 311.367706
-325.545197 315.018097
-329.510437 318.675079
-333.493591 322.338684
-337.494629 326.008881
-341.513580 329.685669
-345.550415 333.369049
-349.605164 337.059052
-353.677826 340.755646
-357.768372 344.458832
-361.876831 348.168640
-365.987701 351.871490
-370.106140 355.571930
-374.232147 359.269928
-378.365723 362.965515
-382.506897 366.658661
-386.655640 370.349396
-390.811951 374.037689
-394.975830 377.723572
-399.147278 381.407043
-403.326324 385.088074
-407.512939 388.766693
-411.707123 392.442871
-415.908875 396.116638
-420.118225 399.787964
-424.335144 403.456879
-428.559631 407.123352
-432.791687 410.787415
-437.031311 414.449036
-441.278534 418.108246
-445.533325 421.765015
-449.795685 425.419373
-454.065613 429.071320
-458.343109 432.720825
-462.628204 436.367920
-466.920868 440.012573
-471.221100 443.654816
-475.528900 447.294617
-479.844299 450.932007
-484.167267 454.566956
-488.497803 458.199493
-492.835907 461.829590
-497.181580 465.457275
-501.534851 469.082520
-505.895691 472.705353
-510.264099 476.325775
-514.640076 479.943756
-519.023621 483.559326
-523.414734 487.172455
-527.813416 490.783173
-532.219727 494.391449
-536.623352 498.045654
-541.027710 501.729645
-545.432861 505.443451
-549.838745 509.187042
-554.245361 512.960449
-558.652710 516.763672
-563.060852 520.596680
-567.469727 524.459473
-571.879333 528.352051
-576.289734 532.274475
-580.700867 536.226685
-585.112732 540.208679
-589.525330 544.220459
-593.938721 548.262024
-598.352844 552.333435
-602.767700 556.434631
-607.183350 560.565613
-611.599731 564.726379
-616.016846 568.916992
-620.434692 573.137390
-624.853333 577.387573
-629.272705 581.667542
-633.692810 585.977356
-638.113708 590.316956
-642.535339 594.686340
-646.957703 599.085510
-651.380798 603.514526
-655.804688 607.973328
-660.229309 612.461914
-664.654663 616.980286
-669.080811 621.528503
-673.507690 626.106506
-677.935303 630.714294
-682.363708 635.351868
-686.792847 640.019287
-691.222717 644.716492
-695.653320 649.443481
-700.084717 654.200256
-704.516846 658.986877
-708.949707 663.803284
-713.361816 668.650024
-717.760376 673.526978
-722.145386 678.434082
-726.516785 683.371338
-730.874634 688.338806
-735.218872 693.336426
-739.549561 698.364258
-743.866699 703.422241
-748.170227 708.510376
-752.460205 713.628723
-756.736572 718.777222
-760.999390 723.955933
-765.248657 729.164795
-769.484314 734.403809
-773.706421 739.673035
-777.914917 744.972412
-782.109863 750.301941
-786.291199 755.661682
-790.458984 761.051575
-794.613220 766.471680
-798.753845 771.921936
-802.880920 777.402344
-806.994385 782.912964
-811.094299 788.453735
-815.180664 794.024719
-819.253418 799.625854
-823.312622 805.257141
-827.358215 810.918640
-831.390259 816.610291
-835.408691 822.332153
-839.413574 828.084167
-843.404907 833.866333
-847.382629 839.678711
-851.346802 845.521240
-855.297363 851.393982
-859.234375 857.296875
-863.157837 863.229919
-867.067688 869.193176
-870.963989 875.186584
-874.846680 881.210144
-878.730957 887.284973
-882.611694 893.403992
-886.488953 899.567200
-890.362671 905.774597
-894.232910 912.026184
-898.099670 918.321960
-901.962891 924.661987
-905.822632 931.046204
-909.678894 937.474609
-913.531616 943.947205
-917.380859 950.463989
-921.226624 957.024963
-925.068848 963.630188
-928.907593 970.279602
-932.742859 976.973206
-936.574585 983.710999
-940.402832 990.492981
-944.227600 997.319153
-948.048828 1004.189575
-951.866577 1011.104187
-955.680847 1018.062988
-959.491577 1025.066040
-963.298828 1032.113281
-967.102600 1039.204712
-970.902832 1046.340332
-974.699585 1053.520142
-978.492859 1060.744141
-982.282593 1068.012329
-986.068848 1075.324707
-989.851624 1082.681274
-993.630859 1090.082031
-997.406616 1097.526978
-1001.178894 1105.016235
-1004.947632 1112.549683
-1008.712891 1120.127319
-1012.474609 1127.749146
-1016.232849 1135.415161
-1019.987610 1143.125366
-1023.738831 1150.879761
-1027.486572 1158.678345
-1031.223267 1166.533813
-1034.951416 1174.442017
-1038.671021 1182.402832
-1042.382202 1190.416382
-1046.084839 1198.482544
-1049.778931 1206.601440
-1053.464478 1214.772949
-1057.141479 1222.997192
-1060.809937 1231.274048
-1064.469971 1239.603638
-1068.121460 1247.985840
-1071.764404 1256.420776
-1075.398804 1264.908447
-1079.024658 1273.448730
-1082.641968 1282.041748
-1086.250854 1290.687378
-1089.851196 1299.385742
-1093.442993 1308.136719
-1097.026245 1316.940430
-1100.600952 1325.796753
-1104.167114 1334.705811
-1107.724854 1343.667480
-1111.274048 1352.681885
-1114.814697 1361.748901
-1118.346802 1370.868652
-1121.870361 1380.041016
-1125.385376 1389.266113
-1128.891968 1398.543823
-1132.390015 1407.874268
-1135.879517 1417.257324
-1139.360474 1426.693115
-1142.832886 1436.181519
-1146.296753 1445.722656
-1149.752197 1455.316406
-1153.199097 1464.962891
-1156.637451 1474.661987
-1160.067261 1484.413818
-1163.488525 1494.218262
-1166.901245 1504.075439
-1170.305542 1513.985229
-1173.691162 1523.902832
-1177.061646 1533.843140
-1180.416870 1543.806152
-1183.756836 1553.791870
-1187.081543 1563.800415
-1190.391113 1573.831665
-1193.685425 1583.885620
-1196.964478 1593.962280
-1200.228394 1604.061646
-1203.477051 1614.183716
-1206.710449 1624.328613
-1209.928589 1634.496216
-1213.131592 1644.686523
-1216.319336 1654.899536
-1219.491821 1665.135254
-1222.649170 1675.393677
-1225.791260 1685.674927
-1228.918091 1695.978882
-1232.029663 1706.305542
-1235.126099 1716.654907
-1238.207275 1727.026978
-1241.273193 1737.421753
-1244.323853 1747.839355
-1247.359375 1758.279663
-1250.379639 1768.742676
-1253.384644 1779.228394
-1256.374512 1789.736816
-1259.349121 1800.267944
-1262.308472 1810.821899
-1265.252563 1821.398560
-1268.181519 1831.997925
-1271.095215 1842.619995
-1273.993652 1853.264771
-1276.876953 1863.932251
-1279.744995 1874.622559
-1282.597778 1885.335571
-1285.435303 1896.071289
-1288.257690 1906.829712
-1291.064819 1917.610840
-1293.856689 1928.414673
-1296.663574 1939.231201
-1299.475342 1950.063721
-1302.292114 1960.912231
-1305.113770 1971.776733
-1307.940308 1982.657227
-1310.771851 1993.553711
-1313.608276 2004.466187
-1316.449585 2015.394653
-1319.295898 2026.339111
-1322.147095 2037.299561
-1325.003296 2048.276123
-1327.864380 2059.268555
-1330.730347 2070.277100
-1333.601318 2081.301514
-1336.477173 2092.342041
-1339.357910 2103.398438
-1342.243652 2114.470947
-1345.134277 2125.559570
-1348.029785 2136.664062
-1350.930298 2147.784668
-1353.835693 2158.921143
-1356.745972 2170.073730
-1359.661255 2181.242188
-1362.581421 2192.426758
-1365.506470 2203.627197
-1368.436523 2214.843750
-1371.371460 2226.076172
-1374.311279 2237.324707
-1377.256104 2248.589111
-1380.205811 2259.869629
-1383.160400 2271.166016
-1386.119995 2282.478516
-1389.084473 2293.807129
-1392.053833 2305.151611
-1395.028198 2316.512207
-1398.007446 2327.888672
-1400.991699 2339.281250
-1403.980835 2350.689697
-1406.974854 2362.114258
-1409.973877 2373.554688
-1412.982544 2385.037109
-1415.999390 2396.552979
-1419.024292 2408.102295
-1422.057373 2419.684814
-1425.098511 2431.300781
-1428.147827 2442.949951
-1431.205322 2454.632568
-1434.270874 2466.348633
-1437.344604 2478.097900
-1440.426392 2489.880615
-1443.516357 2501.696533
-1446.614380 2513.545898
-1449.720581 2525.428711
-1452.834961 2537.344727
-1455.957397 2549.294189
-1459.088013 2561.276855
-1462.226685 2573.292969
-1465.373535 2585.342529
-1468.528442 2597.425293
-1471.691528 2609.541504
-1474.862671 2621.690918
-1478.041992 2633.873779
-1481.229492 2646.090088
-1484.425049 2658.339600
-1487.628784 2670.622559
-1490.840576 2682.938721
-1494.060547 2695.288330
-1497.288574 2707.671387
-1500.524780 2720.087646
-1503.769043 2732.537354
-1507.021484 2745.020264
-1510.282104 2757.536621
-1513.550781 2770.086426
-1516.827637 2782.669434
-1520.112549 2795.285889
-1523.405640 2807.935547
-1526.706787 2820.618652
-1530.016113 2833.335205
-1533.333618 2846.084961
-1536.659180 2858.868164
-1539.961548 2871.669922
-1543.251099 2884.495117
-1546.527832 2897.343750
-1549.791748 2910.215820
-1553.042847 2923.111328
-1556.281128 2936.030273
-1559.506592 2948.972656
-1562.719360 2961.938477
-1565.919312 2974.927734
-1569.106445 2987.940430
-1572.280762 3000.976562
-1575.442261 3014.036133
-1578.590942 3027.119141
-1581.726807 3040.225586
-1584.849976 3053.355469
-1587.960327 3066.508789
-1591.057861 3079.685547
-1594.142578 3092.885986
-1597.214478 3106.109863
-1600.273560 3119.357178
-1603.319824 3132.627930
-1606.353394 3145.922119
-1609.374146 3159.239746
-1612.382080 3172.580811
-1615.377197 3185.945312
-1618.359497 3199.333252
-1621.328979 3212.744629
-1624.285645 3226.179443
-1627.229614 3239.637695
-1630.160767 3253.119385
-1633.079102 3266.624512
-1635.984619 3280.153076
-1638.877319 3293.705078
-1641.757202 3307.280518
-1644.624268 3320.879395
-1647.478638 3334.501709
-1650.320190 3348.147461
-1653.148926 3361.816895
-1655.964844 3375.509766
-1658.767944 3389.226074
-1661.567017 3402.945557
-1664.359131 3416.675049
-1667.144287 3430.414551
-1669.922485 3444.164062
-1672.693726 3457.923584
-1675.458008 3471.693115
-1678.215454 3485.472656
-1680.965942 3499.262207
-1683.709473 3513.061768
-1686.446045 3526.871338
-1689.175659 3540.690918
-1691.898315 3554.520508
-1694.614014 3568.360107
-1697.322754 3582.209717
-1700.024536 3596.069336
-1702.719360 3609.938721
-1705.407227 3623.818115
-1708.088135 3637.707520
-1710.762085 3651.606934
-1713.429077 3665.516357
-1716.089111 3679.435791
-1718.742310 3693.365234
-1721.388550 3707.304688
-1724.027832 3721.254150
-1726.660156 3735.213623
-1729.285522 3749.183105
-1731.903931 3763.162598
-1734.515381 3777.152100
-1737.119873 3791.151611
-1739.717407 3805.161133
-1742.307983 3819.180664
-1744.891602 3833.210205
-1747.468262 3847.249756
-1750.037964 3861.299316
-1752.600708 3875.358887
-1755.156494 3889.428467
-1757.705322 3903.508057
-1760.247314 3917.597656
-1762.782349 3931.697266
-1765.310425 3945.806885
-1767.845947 3959.941650
-1770.384033 3974.096436
-1772.924805 3988.271484
-1775.468262 4002.466553
-1778.014404 4016.681885
-1780.563110 4030.917480
-1783.114502 4045.173096
-1785.668579 4059.448975
-1788.225220 4073.744873
-1790.784546 4088.061035
-1793.346558 4102.397461
-1795.911255 4116.753906
-1798.478516 4131.130371
-1801.048462 4145.526855
-1803.621094 4159.943848
-1806.196289 4174.380859
-1808.774170 4188.837891
-1811.354736 4203.314941
-1813.937866 4217.812500
-1816.523682 4232.330078
-1819.112183 4246.867676
-1821.703369 4261.425781
-1824.297119 4276.003906
-1826.893555 4290.602051
-1829.492676 4305.220215
-1832.094360 4319.858887
-1834.698730 4334.517578
-1837.305786 4349.196289
-1839.915527 4363.895020
-1842.527832 4378.614258
-1845.142822 4393.353516
-1847.760498 4408.112793
-1850.380737 4422.892090
-1853.003662 4437.691895
-1855.629272 4452.511719
-1858.257568 4467.351562
-1860.888428 4482.211914
-1863.521973 4497.092285
-1866.158203 4511.992676
-1868.796997 4526.913086
-1871.418335 4541.832031
-1874.028931 4556.756348
-1876.628784 4571.686523
-1879.217773 4586.622070
-1881.796021 4601.562988
-1884.363525 4616.509766
-1886.920288 4631.461914
-1889.466187 4646.419434
-1892.001343 4661.382812
-1894.525757 4676.351562
-1897.039307 4691.325684
-1899.542114 4706.305664
-1902.034180 4721.291016
-1904.515503 4736.282227
-1906.985962 4751.278809
-1909.445679 4766.280762
-1911.894653 4781.288574
-1914.332886 4796.301758
-1916.760254 4811.320312
-1919.176880 4826.344727
-1921.582764 4841.374512
-1923.977783 4856.409668
-1926.362061 4871.450684
-1928.735596 4886.497070
-1931.098389 4901.549316
-1933.450317 4916.606934
-1935.791504 4931.669922
-1938.121948 4946.738770
-1940.441650 4961.812988
-1942.750488 4976.892578
-1945.048584 4991.978027
-1947.335938 5007.068848
-1949.612427 5022.165527
-1951.878174 5037.267578
-1954.133179 5052.375000
-1956.377441 5067.488281
-1958.610840 5082.606934
-1960.833496 5097.730957
-1963.045410 5112.860840
-1965.246582 5127.996094
-1967.443604 5143.101562
-1969.634277 5158.188965
-1971.818604 5173.258789
-1973.996582 5188.310547
-1976.168213 5203.344238
-1978.333496 5218.359863
-1980.492432 5233.357422
-1982.645020 5248.337402
-1984.791260 5263.299316
-1986.931152 5278.243164
-1989.064697 5293.168945
-1991.191772 5308.076660
-1993.312500 5322.966309
-1995.426880 5337.838379
-1997.534912 5352.692383
-1999.636597 5367.528320
-2001.731934 5382.346191
-2003.820923 5397.145996
-2005.903564 5411.928223
-2007.979858 5426.692383
-2010.049805 5441.438477
-2012.113403 5456.166504
-2014.170654 5470.876465
-2016.221558 5485.568848
-2018.266113 5500.243164
-2020.304321 5514.899414
-2022.336182 5529.537598
-2024.361694 5544.157715
-2026.380859 5558.759766
-2028.393677 5573.344238
-2030.400146 5587.910645
-2032.400269 5602.458984
-2034.394043 5616.989258
-2036.381470 5631.501465
-2038.362549 5645.996094
-2040.337280 5660.472656
-2042.305664 5674.931152
-2044.267700 5689.371582
-2046.223389 5703.793945
-2048.172607 5718.198730
-2050.129150 5732.633301
-2052.088379 5747.082031
-2054.050049 5761.544922
-2056.014404 5776.021973
-2057.981445 5790.512695
-2059.951172 5805.017578
-2061.923584 5819.536621
-2063.898682 5834.069824
-2065.876465 5848.617188
-2067.856689 5863.178711
-2069.839600 5877.753906
-2071.825195 5892.343262
-2073.813477 5906.946777
-2075.804443 5921.564453
-2077.798096 5936.196289
-2079.794434 5950.842285
-2081.793213 5965.501953
-2083.794678 5980.175781
-2085.798828 5994.863770
-2087.805664 6009.565918
-2089.815186 6024.282227
-2091.827393 6039.012695
-2093.842285 6053.756836
-2095.859619 6068.515137
-2097.879639 6083.287598
-2099.902344 6098.074219
-2101.927734 6112.875000
-2103.955811 6127.689453
-2105.986572 6142.518066
-2108.020020 6157.360840
-2110.055908 6172.217773
-2112.094482 6187.088867
-2114.135742 6201.974121
-2116.179688 6216.873047
-2118.226318 6231.786133
-2120.275635 6246.713379
-2122.327637 6261.654785
-2124.382080 6276.610352
-2126.439209 6291.580078
-2128.499023 6306.563477
-2130.536865 6321.555176
-2132.561035 6336.557129
-2134.571289 6351.569336
-2136.567871 6366.591797
-2138.550537 6381.624512
-2140.519531 6396.666992
-2142.474609 6411.719727
-2144.416016 6426.782715
-2146.343750 6441.855957
-2148.257568 6456.939453
-2150.157715 6472.033203
-2152.043945 6487.136719
-2153.916504 6502.250488
-2155.775391 6517.374512
-2157.620361 6532.508789
-2159.451660 6547.653320
-2161.269043 6562.808105
-2163.072754 6577.972656
-2164.862549 6593.147461
-2166.638672 6608.332520
-2168.401123 6623.527832
-2170.149658 6638.733398
-2171.884521 6653.949219
-2173.605469 6669.174805
-2175.312744 6684.410645
-2177.006104 6699.656738
-2178.685791 6714.913086
-2180.351807 6730.179688
-2182.003906 6745.456543
-2183.642334 6760.743652
-2185.266846 6776.040527
-2186.877686 6791.347656
-2188.474854 6806.665039
-2190.058105 6821.992676
-2191.627686 6837.330566
-2193.183350 6852.678711
-2194.725342 6868.036621
-2196.253418 6883.404785
-2197.767822 6898.783203
-2199.268555 6914.171875
-2200.771729 6929.573730
-2202.272217 6944.987793
-2203.769775 6960.414062
-2205.264404 6975.852539
-2206.756348 6991.303223
-2208.245361 7006.766602
-2209.731445 7022.242188
-2211.214844 7037.729980
-2212.695312 7053.229980
-2214.172852 7068.742188
-2215.647705 7084.266602
-2217.119629 7099.803223
-2218.588623 7115.352051
-2220.054688 7130.913086
-2221.518066 7146.486328
-2222.978516 7162.071777
-2224.436035 7177.669922
-2225.890869 7193.280273
-2227.342773 7208.902832
-2228.791748 7224.537598
-2230.238037 7240.184570
-2231.681396 7255.843750
-2233.121826 7271.515137
-2234.559570 7287.198730
-2235.994385 7302.894531
-2237.426270 7318.602539
-2238.855469 7334.322754
-2240.281738 7350.055176
-2241.705078 7365.800293
-2243.125732 7381.557617
-2244.543457 7397.327148
-2245.958252 7413.108887
-2247.370361 7428.902832
-2248.779541 7444.708984
-2250.185791 7460.527344
-2251.589355 7476.357910
-2252.989990 7492.200684
-2254.387695 7508.055664
-2255.782715 7523.922852
-2257.174805 7539.802734
-2258.539551 7555.711914
-2259.885010 7571.645020
-2261.211426 7587.602051
-2262.518555 7603.583008
-2263.806641 7619.587891
-2265.075439 7635.616699
-2266.325195 7651.669434
-2267.555664 7667.746094
-2268.767090 7683.846680
-2269.959229 7699.971191
-2271.132324 7716.119629
-2272.286133 7732.291992
-2273.420898 7748.488281
-2274.536377 7764.708496
-2275.632568 7780.952637
-2276.709717 7797.220703
-2277.767578 7813.512695
-2278.806396 7829.828125
-2279.825928 7846.167480
-2280.826416 7862.530762
-2281.807617 7878.917969
-2282.769775 7895.329102
-2283.712646 7911.764160
-2284.636475 7928.223145
-2285.541016 7944.706055
-2286.426270 7961.212891
-2287.292480 7977.743652
-2288.139404 7994.298340
-2288.967285 8010.876953
-2289.775879 8027.479492
-2290.565430 8044.105957
-2291.335693 8060.756348
-2292.086914 8077.430664
-2292.818848 8094.128906
-2293.531738 8110.851074
-2294.225342 8127.597168
-2294.899902 8144.366699
-2295.555176 8161.160156
-2296.191162 8177.977539
-2296.808105 8194.819336
-2297.419922 8211.685547
-2298.021973 8228.575195
-2298.614014 8245.489258
-2299.196289 8262.427734
-2299.768799 8279.390625
-2300.331543 8296.376953
-2300.884277 8313.387695
-2301.427246 8330.422852
-2301.960449 8347.482422
-2302.483887 8364.566406
-2302.997314 8381.673828
-2303.500977 8398.805664
-2303.994873 8415.961914
-2304.479004 8433.142578
-2304.953125 8450.347656
-2305.417480 8467.576172
-2305.872070 8484.829102
-2306.316895 8502.106445
-2306.751709 8519.408203
-2307.176758 8536.733398
-2307.592041 8554.083008
-2307.997559 8571.457031
-2308.393066 8588.855469
-2308.778809 8606.278320
-2309.154785 8623.724609
-2309.520996 8641.195312
-2309.877441 8658.690430
-2310.223877 8676.209961
-2310.560547 8693.752930
-2310.887451 8711.320312
-2311.204590 8728.912109
-2311.511719 8746.528320
-2311.809082 8764.168945
-2312.096680 8781.833008
-2312.374512 8799.521484
-2312.642334 8817.234375
-2312.900391 8834.971680
-2313.148682 8852.732422
-2313.387207 8870.517578
-2313.615723 8888.327148
-2313.855225 8906.163086
-2314.098633 8924.024414
-2314.345947 8941.911133
-2314.597168 8959.823242
-2314.852295 8977.760742
-2315.111572 8995.723633
-2315.374756 9013.711914
-2315.641846 9031.725586
-2315.912842 9049.764648
-2316.187744 9067.830078
-2316.466797 9085.920898
-2316.749756 9104.037109
-2317.036621 9122.178711
-2317.327393 9140.345703
-2317.622070 9158.538086
-2317.920654 9176.755859
-2318.223389 9194.999023
-2318.530029 9213.267578
-2318.840576 9231.561523
-2319.155029 9249.880859
-2319.473389 9268.226562
-2319.795654 9286.597656
-2320.122070 9304.994141
-2320.452393 9323.416016
-2320.786621 9341.863281
-2321.124756 9360.335938
-2321.466797 9378.833984
-2321.812988 9397.357422
-2322.163086 9415.906250
-2322.517090 9434.480469
-2322.875000 9453.080078
-2323.236816 9471.705078
-2323.602539 9490.356445
-2323.972412 9509.033203
-2324.346191 9527.735352
-2324.723877 9546.462891
-2325.105469 9565.215820
-2325.490967 9583.994141
-2325.880615 9602.797852
-2326.274170 9621.626953
-2326.663330 9640.473633
-2327.050781 9659.340820
-2327.436768 9678.228516
-2327.821045 9697.136719
-2328.203857 9716.065430
-2328.584961 9735.014648
-2328.964355 9753.983398
-2329.342285 9772.972656
-2329.718506 9791.982422
-2330.093262 9811.012695
-2330.466309 9830.063477
-2330.837891 9849.134766
-2331.207764 9868.225586
-2331.576172 9887.336914
-2331.942871 9906.468750
-2332.308105 9925.621094
-2332.671631 9944.793945
-2333.033447 9963.987305
-2333.393799 9983.200195
-2333.752441 10002.433594
-2334.109619 10021.687500
-2334.465088 10040.961914
-2334.819092 10060.256836
-2335.171387 10079.572266
-2335.522217 10098.907227
-2335.871338 10118.262695
-2336.218750 10137.638672
-2336.564697 10157.035156
-2336.908936 10176.452148
-2337.251709 10195.889648
-2337.592773 10215.346680
-2337.932373 10234.824219
-2338.270264 10254.322266
-2338.606689 10273.840820
-2338.941406 10293.379883
-2339.274414 10312.939453
-2339.605957 10332.519531
-2339.935791 10352.119141
-2340.264160 10371.739258
-2340.590820 10391.379883
-2340.929199 10411.026367
-2341.274902 10430.683594
-2341.627930 10450.350586
-2341.988281 10470.028320
-2342.355713 10489.716797
-2342.730469 10509.416016
-2343.112549 10529.125000
-2343.501953 10548.844727
-2343.898682 10568.575195
-2344.302490 10588.316406
-2344.713623 10608.068359
-2345.132080 10627.830078
-2345.557861 10647.602539
-2345.990967 10667.385742
-2346.431152 10687.179688
-2346.878662 10706.983398
-2347.333496 10726.797852
-2347.795654 10746.623047
-2348.265137 10766.458984
-2348.741699 10786.305664
-2349.225586 10806.162109
-2349.716797 10826.029297
-2350.215332 10845.907227
-2350.721191 10865.795898
-2351.234131 10885.694336
-2351.754395 10905.603516
-2352.281982 10925.523438
-2352.816895 10945.454102
-2353.359131 10965.395508
-2353.908447 10985.346680
-2354.465088 11005.308594
-2355.029053 11025.281250
-2355.600342 11045.264648
-2356.178955 11065.257812
-2356.764648 11085.261719
-2357.357666 11105.276367
-2357.958008 11125.301758
-2358.565674 11145.337891
-2359.180664 11165.383789
-2359.802734 11185.440430
-2360.443848 11205.485352
-2361.100098 11225.525391
-2361.771484 11245.560547
-2362.457764 11265.591797
-2363.159180 11285.618164
-2363.875732 11305.640625
-2364.607422 11325.658203
-2365.354004 11345.670898
-2366.115723 11365.679688
-2366.892578 11385.683594
-2367.684570 11405.682617
-2368.491455 11425.677734
-2369.313477 11445.667969
-2370.150635 11465.654297
-2371.002930 11485.635742
-2371.870117 11505.612305
-2372.752441 11525.584961
-2373.649902 11545.552734
-2374.562500 11565.515625
-2375.489990 11585.474609
-2376.432617 11605.428711
-2377.390381 11625.377930
-2378.363037 11645.323242
-2379.350830 11665.263672
-2380.353760 11685.200195
-2381.371826 11705.131836
-2382.404785 11725.058594
-2383.452881 11744.981445
-2384.516113 11764.899414
-2385.594482 11784.812500
-2386.687744 11804.721680
-2387.796143 11824.625977
-2388.919678 11844.526367
-2390.058350 11864.421875
-2391.211914 11884.312500
-2392.380615 11904.199219
-2393.564453 11924.081055
-2394.763428 11943.958008
-2395.977295 11963.831055
-2397.206299 11983.699219
-2398.440674 12003.592773
-2399.683594 12023.501953
-2400.935059 12043.426758
-2402.194824 12063.367188
-2403.463135 12083.322266
-2404.739990 12103.292969
-2406.025391 12123.279297
-2407.319336 12143.281250
-2408.621826 12163.298828
-2409.932861 12183.332031
-2411.252441 12203.379883
-2412.580566 12223.443359
-2413.917236 12243.522461
-2415.262451 12263.617188
-2416.616211 12283.727539
-2417.978271 12303.852539
-2419.348877 12323.993164
-2420.728027 12344.149414
-2422.115723 12364.321289
-2423.511963 12384.508789
-2424.916748 12404.711914
-2426.330078 12424.929688
-2427.751953 12445.163086
-2429.182373 12465.412109
-2430.621338 12485.676758
-2432.068848 12505.957031
-2433.524902 12526.251953
-2434.989258 12546.562500
-2436.462158 12566.888672
-2437.943604 12587.230469
-2439.433594 12607.587891
-2440.932129 12627.960938
-2442.439209 12648.348633
-2443.954834 12668.751953
-2445.479004 12689.170898
-2447.011719 12709.605469
-2448.552979 12730.055664
-2450.102783 12750.520508
-2451.661133 12771.000977
-2453.228027 12791.497070
-2454.769287 12812.004883
-2456.296631 12832.526367
-2457.809814 12853.061523
-2459.308838 12873.609375
-2460.793701 12894.170898
-2462.264648 12914.745117
-2463.721436 12935.333008
-2465.164062 12955.933594
-2466.592529 12976.547852
-2468.007080 12997.174805
-2469.407471 13017.815430
-2470.793701 13038.468750
-2472.165771 13059.135742
-2473.523926 13079.815430
-2474.867920 13100.508789
-2476.197754 13121.214844
-2477.513428 13141.934570
-2478.815186 13162.666992
-2480.102783 13183.413086
-2481.376221 13204.171875
-2482.635498 13224.944336
-2483.880859 13245.729492
-2485.112061 13266.528320
-2486.329102 13287.339844
-2487.531982 13308.165039
-2488.720947 13329.002930
-2489.895752 13349.854492
-2491.056396 13370.718750
-2492.202881 13391.596680
-2493.335449 13412.487305
-2494.453857 13433.391602
-2495.558105 13454.309570
-2496.648193 13475.240234
-2497.724365 13496.184570
-2498.786377 13517.141602
-2499.834229 13538.112305
-2500.867920 13559.095703
-2501.887695 13580.092773
-2502.893311 13601.102539
-2503.884766 13622.125977
-2504.853760 13643.158203
-2505.802979 13664.200195
-2506.732666 13685.252930
-2507.642578 13706.315430
-2508.532715 13727.388672
-2509.403076 13748.471680
-2510.253906 13769.564453
-2511.084961 13790.667969
-2511.896240 13811.781250
-2512.687988 13832.905273
-2513.459961 13854.039062
-2514.212158 13875.183594
-2514.944824 13896.337891
-2515.657715 13917.502930
-2516.350830 13938.677734
-2517.024414 13959.863281
-2517.678223 13981.058594
-2518.312256 14002.264648
-2518.926514 14023.480469
-2519.521240 14044.707031
-2520.096191 14065.943359
-2520.651367 14087.190430
-2521.187012 14108.447266
-2521.702881 14129.713867
-2522.198975 14150.991211
-2522.675537 14172.278320
-2523.132324 14193.576172
-2523.569336 14214.883789
-2523.986816 14236.202148
-2524.384521 14257.530273
-2524.762451 14278.869141
-2525.120605 14300.217773
-2525.459229 14321.577148
-2525.778076 14342.946289
-2526.077148 14364.326172
-2526.356689 14385.715820
-2526.616455 14407.116211
-2526.856445 14428.526367
-2527.076904 14449.947266
-2527.277588 14471.377930
-2527.480469 14492.848633
-2527.678223 14514.350586
-2527.870850 14535.882812
-2528.058350 14557.445312
-2528.240723 14579.038086
-2528.417969 14600.661133
-2528.590332 14622.314453
-2528.757568 14643.998047
-2528.919678 14665.711914
-2529.076660 14687.457031
-2529.228516 14709.232422
-2529.375244 14731.038086
-2529.516846 14752.874023
-2529.653320 14774.740234
-2529.784668 14796.636719
-2529.911133 14818.563477
-2530.032471 14840.520508
-2530.148682 14862.508789
-2530.259766 14884.527344
-2530.365723 14906.576172
-2530.466553 14928.655273
-2530.562256 14950.764648
-2530.652832 14972.904297
-2530.738281 14995.074219
-2530.818848 15017.275391
-2530.894287 15039.506836
-2530.964600 15061.768555
-2531.029785 15084.060547
-2531.089844 15106.382812
-2531.144775 15128.735352
-2531.194580 15151.118164
-2531.239258 15173.531250
-2531.278809 15195.975586
-2531.313477 15218.450195
-2531.343018 15240.955078
-2531.367432 15263.490234
-2531.386719 15286.055664
-2531.400879 15308.651367
-2531.409912 15331.277344
-2531.413818 15353.933594
-2531.418701 15376.592773
-2531.422363 15399.262695
-2531.425049 15421.944336
-2531.426514 15444.637695
-2531.426758 15467.342773
-2531.426025 15490.059570
-2531.424072 15512.787109
-2531.421143 15535.526367
-2531.416992 15558.277344
-2531.411621 15581.040039
-2531.405273 15603.814453
-2531.397705 15626.599609
-2531.388916 15649.396484
-2531.379150 15672.205078
-2531.368164 15695.025391
-2531.356201 15717.857422
-2531.343018 15740.700195
-2531.328613 15763.554688
-2531.313232 15786.420898
-2531.296631 15809.298828
-2531.279053 15832.188477
-2531.260254 15855.088867
-2531.240234 15878.000977
-2531.219238 15900.924805
-2531.197021 15923.860352
-2531.173828 15946.807617
-2531.149414 15969.765625
-2531.123779 15992.735352
-2531.097168 16015.716797
-2531.069336 16038.709961
-2531.040527 16061.714844
-2531.010498 16084.730469
-2530.979248 16107.757812
-2530.947021 16130.796875
-2530.913574 16153.847656
-2530.878906 16176.910156
-2530.843262 16199.983398
-2530.806396 16223.068359
-2530.768555 16246.165039
-2530.729492 16269.273438
-2530.693604 16292.365234
-2530.659424 16315.450195
-2530.626953 16338.528320
-2530.596191 16361.599609
-2530.567139 16384.664062
-2530.539795 16407.722656
-2530.514160 16430.773438
-2530.490234 16453.818359
-2530.468018 16476.855469
-2530.447266 16499.886719
-2530.428223 16522.910156
-2530.410889 16545.925781
-2530.395264 16568.935547
-2530.381348 16591.937500
-2530.369141 16614.933594
-2530.358643 16637.921875
-2530.349854 16660.904297
-2530.342773 16683.878906
-2530.337402 16706.847656
-2530.333740 16729.808594
-2530.331787 16752.763672
-2530.331543 16775.710938
-2530.333008 16798.652344
-2530.336182 16821.585938
-2530.341064 16844.513672
-2530.347656 16867.433594
-2530.355957 16890.347656
-2530.365967 16913.253906
-2530.377686 16936.154297
-2530.391113 16959.046875
-2530.406250 16981.933594
-2530.423096 17004.812500
-2530.441650 17027.685547
-2530.461914 17050.550781
-2530.483887 17073.410156
-2530.507568 17096.261719
-2530.532715 17119.105469
-2530.559570 17141.943359
-2530.588135 17164.773438
-2530.618408 17187.597656
-2530.666260 17210.416016
-2530.726318 17233.228516
-2530.798584 17256.035156
-2530.883057 17278.835938
-2530.979736 17301.630859
-2531.088623 17324.421875
-2531.209717 17347.207031
-2531.343262 17369.986328
-2531.489014 17392.759766
-2531.646973 17415.527344
-2531.817139 17438.289062
-2531.999512 17461.044922
-2532.194092 17483.794922
-2532.400879 17506.539062
-2532.619873 17529.277344
-2532.851074 17552.009766
-2533.094482 17574.736328
-2533.350098 17597.457031
-2533.617920 17620.171875
-2533.897949 17642.880859
-2534.190186 17665.583984
-2534.494873 17688.281250
-2534.811768 17710.972656
-2535.140869 17733.660156
-2535.482178 17756.341797
-2535.835693 17779.017578
-2536.201416 17801.687500
-2536.579346 17824.351562
-2536.969482 17847.009766
-2537.371826 17869.662109
-2537.786377 17892.308594
-2538.213135 17914.949219
-2538.652100 17937.583984
-2539.103271 17960.212891
-2539.566895 17982.835938
-2540.042725 18005.453125
-2540.530762 18028.064453
-2541.031006 18050.669922
-2541.543457 18073.269531
-2542.068115 18095.863281
-2542.601074 18118.429688
-2543.143799 18140.974609
-2543.696289 18163.498047
-2544.258545 18186.000000
-2544.830322 18208.480469
-2545.411865 18230.939453
-2546.003174 18253.376953
-2546.604248 18275.792969
-2547.214844 18298.189453
-2547.835205 18320.564453
-2548.465332 18342.917969
-2549.104980 18365.250000
-2549.754395 18387.560547
-2550.413574 18409.849609
-2551.082520 18432.117188
-2551.760986 18454.363281
-2552.449219 18476.589844
-2553.147217 18498.794922
-2553.854980 18520.978516
-2554.572266 18543.140625
-2555.299316 18565.281250
-2556.036133 18587.400391
-2556.782715 18609.498047
-2557.538818 18631.574219
-2558.304688 18653.628906
-2559.080322 18675.664062
-2559.865479 18697.677734
-2560.660400 18719.669922
-2561.465088 18741.640625
-2562.279541 18763.589844
-2563.103516 18785.517578
-2563.937256 18807.423828
-2564.780762 18829.308594
-2565.634033 18851.173828
-2566.496826 18873.017578
-2567.369385 18894.839844
-2568.251709 18916.640625
-2569.143555 18938.419922
-2570.045166 18960.177734
-2570.956543 18981.914062
-2571.901367 19003.664062
-2572.871826 19025.414062
-2573.867676 19047.166016
-2574.889160 19068.917969
-2575.936279 19090.671875
-2577.008789 19112.425781
-2578.106934 19134.181641
-2579.230713 19155.937500
-2580.379883 19177.695312
-2581.554688 19199.453125
-2582.755127 19221.212891
-2583.980957 19242.972656
-2585.232422 19264.734375
-2586.509521 19286.496094
-2587.812012 19308.259766
-2589.140137 19330.023438
-2590.493896 19351.789062
-2591.873047 19373.554688
-2593.277832 19395.322266
-2594.708008 19417.089844
-2596.163818 19438.859375
-2597.645264 19460.630859
-2599.152100 19482.402344
-2600.684570 19504.175781
-2602.242676 19525.949219
-2603.826172 19547.724609
-2605.435303 19569.500000
-2607.070068 19591.277344
-2608.730225 19613.054688
-2610.416016 19634.833984
-2612.127441 19656.613281
-2613.864258 19678.394531
-2615.626709 19700.175781
-2617.414795 19721.958984
-2619.228271 19743.742188
-2621.067383 19765.527344
-2622.932129 19787.312500
-2624.822266 19809.099609
-2626.738037 19830.886719
-2628.679443 19852.675781
-2630.648682 19874.431641
-2632.645264 19896.166016
-2634.669189 19917.878906
-2636.720215 19939.570312
-2638.798584 19961.240234
-2640.904053 19982.888672
-2643.036865 20004.517578
-2645.196777 20026.125000
-2647.384033 20047.710938
-2649.598389 20069.275391
-2651.840088 20090.818359
-2654.108887 20112.339844
-2656.405029 20133.839844
-2658.728271 20155.318359
-2661.078857 20176.775391
-2663.456543 20198.210938
-2665.861572 20219.625000
-2668.293701 20241.017578
-2670.753174 20262.388672
-2673.239746 20283.738281
-2675.753662 20305.066406
-2678.294678 20326.373047
-2680.863037 20347.658203
-2683.458496 20368.921875
-2686.081299 20390.164062
-2688.731201 20411.384766
-2691.408447 20432.583984
-2694.112793 20453.761719
-2696.844482 20474.917969
-2699.603271 20496.054688
-2702.389404 20517.169922
-2705.202637 20538.263672
-2708.043213 20559.335938
-2710.910889 20580.386719
-2713.805908 20601.416016
-2716.728027 20622.423828
-2719.677490 20643.410156
-2722.654053 20664.375000
-2725.657959 20685.318359
-2728.689209 20706.240234
-2731.734619 20727.150391
-2734.798584 20748.046875
-2737.881104 20768.927734
-2740.982178 20789.794922
-2744.101807 20810.648438
-2747.239990 20831.486328
-2750.396729 20852.310547
-2753.572021 20873.119141
-2756.765869 20893.914062
-2759.978271 20914.693359
-2763.209229 20935.458984
-2766.458740 20956.210938
-2769.726562 20976.947266
-2773.012939 20997.669922
-2776.317871 21018.376953
-2779.641357 21039.070312
-2782.983398 21059.748047
-2786.343994 21080.412109
-2789.723145 21101.062500
-2793.120850 21121.697266
-2796.537109 21142.318359
-2799.971924 21162.923828
-2803.425293 21183.515625
-2806.897217 21204.093750
-2810.387695 21224.656250
-2813.896729 21245.205078
-2817.424316 21265.738281
-2820.970459 21286.257812
-2824.535156 21306.761719
-2828.118408 21327.251953
-2831.720215 21347.728516
-2835.340576 21368.189453
-2838.979492 21388.636719
-2842.636963 21409.068359
-2846.312988 21429.486328
-2850.007568 21449.888672
-2853.720703 21470.277344
-2857.452393 21490.652344
-2861.202637 21511.011719
-2864.971436 21531.357422
-2868.756348 21551.705078
-2872.558350 21572.048828
-2876.377441 21592.388672
-2880.213379 21612.724609
-2884.066406 21633.056641
-2887.936523 21653.384766
-2891.823486 21673.708984
-2895.727539 21694.031250
-2899.648438 21714.349609
-2903.586426 21734.664062
-2907.541504 21754.974609
-2911.513428 21775.281250
-2915.502441 21795.583984
-2919.508545 21815.882812
-2923.531494 21836.177734
-2927.571533 21856.470703
-2931.628662 21876.759766
-2935.702637 21897.044922
-2939.793701 21917.326172
-2943.901611 21937.603516
-2948.026611 21957.876953
-2952.168701 21978.146484
-2956.327637 21998.414062
-2960.503662 22018.677734
-2964.696777 22038.937500
-2968.906738 22059.193359
-2973.133789 22079.445312
-2977.377686 22099.693359
-2981.638672 22119.937500
-2985.916748 22140.177734
-2990.211670 22160.416016
-2994.523682 22180.650391
-2998.852783 22200.880859
-3003.198730 22221.107422
-3007.561768 22241.330078
-3011.941895 22261.548828
-3016.338867 22281.763672
-3020.752930 22301.974609
-3025.183838 22322.183594
-3029.631836 22342.388672
-3034.091553 22362.595703
-3038.564941 22382.802734
-3043.051758 22403.009766
-3047.552002 22423.218750
-3052.065674 22443.427734
-3056.593018 22463.636719
-3061.133789 22483.845703
-3065.687988 22504.056641
-3070.255859 22524.267578
-3074.837158 22544.478516
-3079.431885 22564.689453
-3084.040039 22584.900391
-3088.661865 22605.113281
-3093.297119 22625.326172
-3097.945801 22645.539062
-3102.608154 22665.751953
-3107.283936 22685.966797
-3111.973145 22706.181641
-3116.676025 22726.396484
-3121.392334 22746.611328
-3126.122070 22766.826172
-3130.865234 22787.042969
-3135.622070 22807.259766
-3140.392334 22827.476562
-3145.176025 22847.693359
-3149.973389 22867.910156
-3154.784180 22888.128906
-3159.608398 22908.347656
-3164.446289 22928.566406
-3169.297607 22948.785156
-3174.162354 22969.005859
-3179.040527 22989.226562
-3183.932373 23009.447266
-3188.837646 23029.667969
-3193.756348 23049.888672
-3198.688721 23070.111328
-3203.634521 23090.333984
-3208.593750 23110.556641
-3213.566406 23130.779297
-3218.552734 23151.003906
-3223.547607 23171.220703
-3228.552979 23191.433594
-3233.568604 23211.642578
-3238.594482 23231.847656
-3243.630615 23252.048828
-3248.677002 23272.244141
-3253.733887 23292.435547
-3258.801025 23312.623047
-3263.878418 23332.806641
-3268.966064 23352.986328
-3274.063965 23373.162109
-3279.172363 23393.332031
-3284.291016 23413.498047
-3289.419922 23433.660156
-3294.559082 23453.818359
-3299.708496 23473.972656
-3304.868164 23494.123047
-3310.038330 23514.267578
-3315.218750 23534.408203
-3320.409424 23554.544922
-3325.610352 23574.677734
-3330.821533 23594.806641
-3336.043213 23614.931641
-3341.275146 23635.050781
-3346.517334 23655.166016
-3351.769775 23675.277344
-3357.032471 23695.384766
-3362.305664 23715.488281
-3367.589111 23735.587891
-3372.882812 23755.681641
-3378.186768 23775.771484
-3383.500977 23795.857422
-3388.825439 23815.939453
-3394.160400 23836.017578
-3399.505615 23856.091797
-3404.861084 23876.160156
-3410.226807 23896.224609
-3415.602783 23916.285156
-3420.989258 23936.341797
-3426.385986 23956.394531
-3431.696533 23976.449219
-3436.953125 23996.505859
-3442.155518 24016.562500
-3447.303955 24036.619141
-3452.398438 24056.677734
-3457.438721 24076.736328
-3462.425049 24096.794922
-3467.357422 24116.855469
-3472.235596 24136.916016
-3477.059814 24156.978516
-3481.830078 24177.041016
-3486.546387 24197.103516
-3491.208496 24217.167969
-3495.816650 24237.232422
-3500.370850 24257.296875
-3504.870850 24277.363281
-3509.316895 24297.429688
-3513.708984 24317.496094
-3518.047119 24337.564453
-3522.331055 24357.632812
-3526.561035 24377.701172
-3530.737061 24397.771484
-3534.858887 24417.841797
-3538.926758 24437.912109
-3542.940674 24457.984375
-3546.900635 24478.056641
-3550.806396 24498.128906
-3554.658203 24518.203125
-3558.456055 24538.277344
-3562.199707 24558.351562
-3565.889404 24578.427734
-3569.525146 24598.503906
-3573.106934 24618.580078
-3576.634521 24638.658203
-3580.108154 24658.736328
-3583.527832 24678.814453
-3586.893311 24698.894531
-3590.204834 24718.974609
-3593.462402 24739.056641
-3596.666016 24759.138672
-3599.781494 24779.201172
-3602.820312 24799.250000
-3605.782471 24819.287109
-3608.667969 24839.310547
-3611.476807 24859.320312
-3614.208984 24879.318359
-3616.864502 24899.302734
-3619.443359 24919.273438
-3621.945557 24939.232422
-3624.371094 24959.177734
-3626.719971 24979.111328
-3628.991943 24999.031250
-3631.187256 25018.937500
-3633.305908 25038.832031
-3635.347900 25058.712891
-3637.313232 25078.582031
-3639.201904 25098.437500
-3641.013916 25118.279297
-3642.749268 25138.109375
-3644.407959 25157.925781
-3645.989990 25177.728516
-3647.495361 25197.519531
-3648.924072 25217.296875
-3650.276123 25237.062500
-3651.551514 25256.814453
-3652.750244 25276.552734
-3653.872314 25296.279297
-3654.917725 25315.992188
-3655.886230 25335.691406
-3656.778076 25355.378906
-3657.593262 25375.052734
-3658.331787 25394.714844
-3658.993652 25414.363281
-3659.578857 25433.998047
-3660.087402 25453.621094
-3660.519287 25473.230469
-3660.874512 25492.828125
-3661.153076 25512.412109
-3661.354980 25531.982422
-3661.480225 25551.541016
-3661.525146 25571.111328
-3661.491211 25590.685547
-3661.378174 25610.265625
-3661.186279 25629.849609
-3660.915283 25649.437500
-3660.565430 25669.029297
-3660.136475 25688.625000
-3659.628418 25708.224609
-3659.041504 25727.828125
-3658.375488 25747.437500
-3657.630615 25767.050781
-3656.806641 25786.667969
-3655.903564 25806.289062
-3654.921631 25825.914062
-3653.860596 25845.542969
-3652.720703 25865.175781
-3651.501709 25884.814453
-3650.203857 25904.457031
-3648.826904 25924.103516
-3647.370850 25943.753906
-3645.835938 25963.408203
-3644.221924 25983.066406
-3642.529053 26002.730469
-3640.757080 26022.398438
-3638.906006 26042.070312
-3636.976074 26061.746094
-3634.967041 26081.425781
-3632.879150 26101.109375
-3630.712158 26120.796875
-3628.466309 26140.490234
-3626.141357 26160.187500
-3623.737305 26179.888672
-3621.254395 26199.593750
-3618.692383 26219.302734
-3616.051514 26239.015625
-3613.331543 26258.734375
-3610.532471 26278.457031
-3607.654541 26298.183594
-3604.697510 26317.914062
-3601.661621 26337.648438
-3598.593018 26357.353516
-3595.476318 26377.041016
-3592.311523 26396.710938
-3589.098633 26416.363281
-3585.837646 26435.998047
-3582.528564 26455.615234
-3579.171387 26475.214844
-3575.766113 26494.796875
-3572.312744 26514.361328
-3568.811279 26533.908203
-3565.261719 26553.437500
-3561.664062 26572.949219
-3558.018311 26592.443359
-3554.324463 26611.919922
-3550.582520 26631.378906
-3546.792480 26650.820312
-3542.954346 26670.244141
-3539.068115 26689.650391
-3535.133789 26709.039062
-3531.151367 26728.410156
-3527.120850 26747.761719
-3523.042236 26767.095703
-3518.915527 26786.412109
-3514.740723 26805.710938
-3510.517822 26824.992188
-3506.246582 26844.255859
-3501.927246 26863.501953
-3497.559814 26882.730469
-3493.144287 26901.941406
-3488.680664 26921.134766
-3484.168945 26940.310547
-3479.609131 26959.468750
-3475.001221 26978.609375
-3470.345215 26997.732422
-3465.641113 27016.837891
-3460.888916 27035.925781
-3456.088623 27054.996094
-3451.240234 27074.048828
-3446.343750 27093.083984
-3441.399170 27112.101562
-3436.437256 27131.095703
-3431.447510 27150.070312
-3426.430176 27169.023438
-3421.385254 27187.957031
-3416.312500 27206.869141
-3411.212158 27225.761719
-3406.084229 27244.632812
-3400.928467 27263.484375
-3395.745117 27282.314453
-3390.534180 27301.123047
-3385.295410 27319.912109
-3380.029053 27338.679688
-3374.734863 27357.427734
-3369.413086 27376.154297
-3364.063721 27394.861328
-3358.686523 27413.546875
-3353.281738 27432.212891
-3347.849365 27450.857422
-3342.389160 27469.482422
-3336.901367 27488.085938
-3331.385986 27506.669922
-3325.842773 27525.232422
-3320.271973 27543.773438
-3314.673584 27562.294922
-3309.047363 27580.794922
-3303.393555 27599.275391
-3297.711914 27617.734375
-3292.002686 27636.173828
-3286.265869 27654.591797
-3280.501221 27672.990234
-3274.708984 27691.367188
-3268.889160 27709.724609
-3263.041504 27728.060547
-3257.166260 27746.376953
-3251.263428 27764.671875
-3245.332764 27782.947266
-3239.374512 27801.201172
-3233.388428 27819.433594
-3227.374756 27837.646484
-3221.333496 27855.837891
-3215.254639 27874.037109
-3209.141357 27892.234375
-3202.993896 27910.429688
-3196.812012 27928.621094
-3190.595947 27946.810547
-3184.345459 27964.998047
-3178.060791 27983.183594
-3171.741699 28001.367188
-3165.388428 28019.546875
-3159.000732 28037.724609
-3152.578857 28055.900391
-3146.122559 28074.074219
-3139.632080 28092.246094
-3133.107178 28110.414062
-3126.548096 28128.580078
-3119.954590 28146.744141
-3113.326904 28164.906250
-3106.664795 28183.066406
-3099.968506 28201.222656
-3093.237793 28219.376953
-3086.472900 28237.529297
-3079.673584 28255.679688
-3072.840088 28273.828125
-3065.972168 28291.974609
-3059.070068 28310.117188
-3052.133545 28328.257812
-3045.162842 28346.396484
-3038.157715 28364.533203
-3031.118408 28382.667969
-3024.044678 28400.798828
-3016.936768 28418.927734
-3009.794434 28437.054688
-3002.617920 28455.179688
-2995.406982 28473.302734
-2988.161865 28491.421875
-2980.882324 28509.539062
-2973.568604 28527.654297
-2966.220703 28545.767578
-2958.838379 28563.878906
-2951.421875 28581.986328
-2943.970947 28600.093750
-2936.485840 28618.199219
-2928.966553 28636.302734
-2921.412842 28654.406250
-2913.824951 28672.507812
-2906.202881 28690.607422
-2898.546631 28708.705078
-2890.855957 28726.802734
-2883.131104 28744.898438
-2875.372070 28762.992188
-2867.578613 28781.085938
-2859.750977 28799.177734
-2851.889160 28817.267578
-2843.993164 28835.355469
-2836.062744 28853.443359
-2828.098145 28871.529297
-2820.099365 28889.613281
-2812.066162 28907.695312
-2803.998779 28925.777344
-2795.897217 28943.857422
-2787.761475 28961.935547
-2779.591309 28980.011719
-2771.386963 28998.087891
-2763.148438 29016.162109
-2754.875488 29034.234375
-2746.568359 29052.304688
-2738.227051 29070.375000
-2729.851562 29088.443359
-2721.441650 29106.509766
-2712.997559 29124.574219
-2704.519287 29142.638672
-2696.006592 29160.701172
-2687.459717 29178.761719
-2678.878662 29196.820312
-2670.263428 29214.878906
-2661.613770 29232.935547
-2652.929932 29250.990234
-2644.211914 29269.042969
-2635.459473 29287.095703
-2626.672852 29305.146484
-2617.851562 29323.189453
-2608.995605 29341.226562
-2600.105225 29359.257812
-2591.180176 29377.281250
-2582.220703 29395.298828
-2573.226562 29413.310547
-2564.197998 29431.316406
-2555.134766 29449.316406
-2546.037109 29467.310547
-2536.904785 29485.298828
-2527.738037 29503.281250
-2518.536621 29521.257812
-2509.300781 29539.228516
-2500.030273 29557.193359
-2490.725342 29575.152344
-2481.385742 29593.103516
-2472.011719 29611.048828
-2462.603027 29628.988281
-2453.159912 29646.921875
-2443.682129 29664.849609
-2434.169922 29682.771484
-2424.623047 29700.687500
-2415.041748 29718.597656
-2405.425781 29736.501953
-2395.775391 29754.400391
-2386.090332 29772.292969
-2376.370850 29790.179688
-2366.616699 29808.058594
-2356.828125 29825.931641
-2347.004883 29843.798828
-2337.146973 29861.660156
-2327.254639 29879.515625
-2317.327637 29897.365234
-2307.366211 29915.208984
-2297.370117 29933.046875
-2287.339600 29950.878906
-2277.274414 29968.705078
-2267.174805 29986.525391
-2257.040527 30004.339844
-2246.871826 30022.146484
-2236.695557 30039.957031
-2226.502686 30057.767578
-2216.293213 30075.578125
-2206.067139 30093.388672
-2195.824463 30111.199219
-2185.565186 30129.009766
-2175.289307 30146.820312
-2164.996826 30164.630859
-2154.687744 30182.439453
-2144.362061 30200.248047
-2134.019775 30218.056641
-2123.660889 30235.865234
-2113.285400 30253.673828
-2102.893311 30271.482422
-2092.484619 30289.291016
-2082.059326 30307.099609
-2071.617432 30324.908203
-2061.158936 30342.716797
-2050.683838 30360.525391
-2040.192139 30378.333984
-2029.683838 30396.142578
-2019.158936 30413.951172
-2008.617432 30431.759766
-1998.059326 30449.568359
-1987.484619 30467.376953
-1976.893311 30485.185547
-1966.285400 30502.994141
-1955.660889 30520.802734
-1945.019775 30538.609375
-1934.362061 30556.416016
-1923.687744 30574.222656
-1912.996826 30592.029297
-1902.289307 30609.835938
-1891.565186 30627.642578
-1880.824463 30645.449219
-1870.067139 30663.255859
-1859.293213 30681.062500
-1848.502686 30698.869141
-1837.695557 30716.675781
-1826.871826 30734.482422
-1816.027954 30752.291016
-1805.165039 30770.099609
-1794.283203 30787.910156
-1783.382324 30805.720703
-1772.462524 30823.533203
-1761.523682 30841.345703
-1750.565918 30859.160156
-1739.589233 30876.974609
-1728.593506 30894.791016
-1717.578857 30912.607422
-1706.545166 30930.425781
-1695.492554 30948.244141
-1684.420898 30966.064453
-1673.330322 30983.884766
-1662.220703 31001.707031
-1651.092163 31019.529297
-1639.944702 31037.353516
-1628.778198 31055.177734
-1617.592773 31073.003906
-1606.388306 31090.830078
-1595.164917 31108.658203
-1583.922485 31126.486328
-1572.661133 31144.316406
-1561.380737 31162.146484
-1550.081421 31179.978516
-1538.763184 31197.812500
-1527.425903 31215.646484
-1516.069702 31233.482422
-1504.694458 31251.318359
-1493.300293 31269.156250
-1481.887085 31286.994141
-1470.454956 31304.833984
-1459.003784 31322.673828
-1447.533691 31340.515625
-1436.044678 31358.357422
-1424.536621 31376.201172
-1413.009644 31394.044922
-1401.463623 31411.890625
-1389.898682 31429.736328
-1378.314697 31447.583984
-1366.715210 31465.437500
-1355.099121 31483.294922
-1343.466431 31501.156250
-1331.817017 31519.023438
-1320.151001 31536.894531
-1308.468262 31554.769531
-1296.768921 31572.648438
-1285.052979 31590.533203
-1273.320312 31608.421875
-1261.571045 31626.314453
-1249.805054 31644.210938
-1238.022461 31662.113281
-1226.223267 31680.019531
-1214.407349 31697.929688
-1202.574829 31715.845703
-1190.725586 31733.765625
-1178.859741 31751.689453
-1166.977295 31769.617188
-1155.078125 31787.550781
-1143.162354 31805.488281
-1131.229858 31823.429688
-1119.280762 31841.375000
-1107.315063 31859.326172
-1095.332642 31877.281250
-1083.333618 31895.240234
-1071.317871 31913.203125
-1059.285522 31931.171875
-1047.236572 31949.144531
-1035.170898 31967.121094
-1023.088623 31985.103516
-1010.989685 32003.089844
-998.874084 32021.080078
-986.741821 32039.074219
-974.592957 32057.074219
-962.427429 32075.078125
-950.245239 32093.085938
-938.046387 32111.097656
-925.830872 32129.115234
-913.598755 32147.136719
-901.349976 32165.162109
-889.086609 32183.187500
-876.807983 32201.214844
-864.514038 32219.244141
-852.204834 32237.275391
-839.880371 32255.308594
-827.540649 32273.343750
-815.185608 32291.378906
-802.815308 32309.416016
-790.429749 32327.455078
-778.028870 32345.496094
-765.612732 32363.539062
-753.181335 32381.583984
-740.734680 32399.628906
-728.272705 32417.675781
-715.795471 32435.724609
-703.302979 32453.775391
-690.795227 32471.828125
-678.272156 32489.882812
-665.733826 32507.939453
-653.180237 32525.996094
-640.611389 32544.054688
-628.027222 32562.115234
-615.427795 32580.177734
-602.813110 32598.242188
-590.183105 32616.308594
-577.537842 32634.375000
-564.877319 32652.443359
-552.201538 32670.513672
-539.510437 32688.585938
-526.804077 32706.660156
-514.082458 32724.736328
-501.345551 32742.812500
-488.593384 32760.890625
-475.825928 32778.972656
-463.043213 32797.054688
-450.245209 32815.136719
-437.431946 32833.222656
-424.603394 32851.308594
-411.759552 32869.398438
-398.900452 32887.488281
-386.041565 32905.582031
-373.177734 32923.679688
-360.308960 32941.781250
-347.435211 32959.886719
-334.556519 32977.992188
-321.672882 32996.101562
-308.784302 33014.214844
-295.890778 33032.332031
-282.992279 33050.453125
-270.088837 33068.574219
-257.180450 33086.699219
-244.267120 33104.828125
-231.348831 33122.960938
-218.425598 33141.097656
-205.497421 33159.234375
-192.564285 33177.375000
-179.626205 33195.519531
-166.683167 33213.667969
-153.735184 33231.820312
-140.782257 33249.972656
-127.824379 33268.128906
-114.861549 33286.289062
-101.893768 33304.453125
-88.921036 33322.621094
-75.943359 33340.789062
-62.960732 33358.960938
-49.973152 33377.136719
-36.980625 33395.316406
-23.983147 33413.500000
-10.980720 33431.683594
2.026657 33449.871094
15.038983 33468.062500
28.056259 33486.257812
41.078484 33504.457031
54.105659 33522.660156
67.137787 33540.863281
80.174858 33559.070312
93.216881 33577.281250
106.263855 33595.496094
119.315781 33613.714844
132.358444 33631.929688
145.396576 33650.148438
158.430191 33668.367188
171.459274 33686.585938
184.483826 33704.804688
197.503860 33723.023438
210.519363 33741.242188
223.530350 33759.460938
236.536804 33777.683594
249.538742 33795.906250
262.536163 33814.128906
275.529053 33832.351562
288.517395 33850.574219
301.501221 33868.796875
314.480530 33887.023438
327.455322 33905.250000
340.425568 33923.476562
353.391296 33941.703125
366.352509 33959.929688
379.309204 33978.156250
392.261353 33996.382812
405.208984 34014.613281
418.152100 34032.843750
431.090668 34051.074219
444.024719 34069.304688
456.954254 34087.535156
469.879272 34105.765625
482.799744 34124.000000
495.715698 34142.234375
508.627136 34160.468750
521.534058 34178.703125
534.436462 34196.937500
547.334290 34215.171875
560.227600 34233.406250
573.116394 34251.644531
586.000671 34269.882812
598.880432 34288.121094
611.755676 34306.359375
624.626404 34324.597656
637.492554 34342.835938
650.358337 34361.066406
663.222351 34379.292969
676.084595 34397.511719
688.945068 34415.726562
701.803772 34433.933594
714.660706 34452.136719
727.515808 34470.335938
740.369141 34488.527344
753.220703 34506.714844
766.070496 34524.894531
778.918518 34543.070312
791.764771 34561.238281
804.609253 34579.402344
817.451965 34597.558594
830.292908 34615.710938
843.132080 34633.859375
855.969482 34652.000000
868.805115 34670.136719
881.638916 34688.265625
894.470947 34706.390625
907.301208 34724.507812
920.129700 34742.621094
932.956421 34760.726562
945.781372 34778.828125
958.604553 34796.925781
971.425964 34815.015625
984.245605 34833.101562
997.063477 34851.179688
1009.879578 34869.253906
1022.693909 34887.320312
1035.506470 34905.382812
1048.317261 34923.441406
1061.126221 34941.492188
1073.933472 34959.539062
1086.738892 34977.578125
1099.542603 34995.613281
1112.344482 35013.640625
1125.144653 35031.664062
1137.942993 35049.679688
1150.739502 35067.691406
1163.528931 35085.703125
1176.312988 35103.710938
1189.091675 35121.714844
1201.864990 35139.718750
1214.633057 35157.718750
1227.395752 35175.714844
1240.153076 35193.710938
1252.905029 35211.703125
1265.651611 35229.691406
1278.392944 35247.679688
1291.128906 35265.664062
1303.859497 35283.644531
1316.584717 35301.621094
1329.304565 35319.597656
1342.019043 35337.570312
1354.728271 35355.539062
1367.432129 35373.507812
1380.130615 35391.472656
1392.823730 35409.433594
1405.511475 35427.394531
1418.193848 35445.351562
1430.870972 35463.304688
1443.542725 35481.257812
1456.209106 35499.207031
1468.870117 35517.152344
1481.525757 35535.097656
1494.176025 35553.039062
1506.821045 35570.976562
1519.460693 35588.914062
1532.094971 35606.847656
1544.723877 35624.777344
1557.347412 35642.703125
1569.965576 35660.628906
1582.578491 35678.550781
1595.186035 35696.468750
1607.788208 35714.386719
1620.385010 35732.300781
1632.976440 35750.210938
1645.562500 35768.121094
1658.143311 35786.027344
1670.715088 35803.925781
1683.279053 35821.820312
1695.835327 35839.707031
1708.383789 35857.589844
1720.924438 35875.464844
1733.457397 35893.335938
1745.982544 35911.199219
1758.499878 35929.058594
1771.009399 35946.910156
1783.511230 35964.757812
1796.005249 35982.597656
1808.491455 36000.433594
1820.969971 36018.261719
1833.440674 36036.085938
1845.903564 36053.902344
1858.358765 36071.714844
1870.806152 36089.519531
1883.245728 36107.320312
1895.677612 36125.113281
1908.101685 36142.898438
1920.517944 36160.679688
1932.926392 36178.453125
1945.327148 36196.222656
1957.720093 36213.984375
1970.105225 36231.742188
1982.482666 36249.492188
1994.852295 36267.238281
2007.214111 36284.976562
2019.568237 36302.710938
2031.914551 36320.437500
2044.253052 36338.160156
2056.583740 36355.875000
2068.906738 36373.585938
2081.221924 36391.289062
2093.529297 36408.988281
2105.828857 36426.679688
2118.120605 36444.367188
2130.404785 36462.046875
2142.681152 36479.722656
2154.949707 36497.390625
2167.211426 36515.066406
2179.465820 36532.746094
2191.713135 36550.429688
2203.953369 36568.117188
2216.186279 36585.808594
2228.412109 36603.500000
2240.630615 36621.195312
2252.842041 36638.894531
2265.046387 36656.597656
2277.243408 36674.304688
2289.433350 36692.015625
2301.616211 36709.726562
2313.791748 36727.441406
2325.960205 36745.160156
2338.121338 36762.882812
2350.275391 36780.609375
2362.422363 36798.335938
2374.562012 36816.066406
2386.694580 36833.800781
2398.819824 36851.539062
2410.937988 36869.281250
2423.049072 36887.023438
2435.152832 36904.769531
2447.249512 36922.519531
2459.338867 36940.273438
2471.421143 36958.031250
2483.496338 36975.792969
2495.564209 36993.554688
2507.625000 37011.320312
2519.678467 37029.089844
2531.724854 37046.863281
2543.764160 37064.640625
2555.796143 37082.417969
2567.821045 37100.199219
2579.838867 37117.984375
2591.849365 37135.773438
2603.852783 37153.566406
2615.848877 37171.359375
2627.837891 37189.156250
2639.819824 37206.957031
2651.810059 37224.742188
2663.803467 37242.519531
2675.800049 37260.289062
2687.800049 37278.050781
2699.803223 37295.804688
2711.809570 37313.546875
2723.819092 37331.281250
2735.832031 37349.007812
2747.848145 37366.726562
2759.867432 37384.437500
2771.889893 37402.136719
2783.915527 37419.828125
2795.944580 37437.511719
2807.976807 37455.187500
2820.012207 37472.855469
2832.050781 37490.511719
2844.092529 37508.160156
2856.137695 37525.800781
2868.186035 37543.433594
2880.237549 37561.058594
2892.292236 37578.671875
2904.350098 37596.277344
2916.411377 37613.875000
2928.475830 37631.464844
2940.543457 37649.046875
2952.614258 37666.621094
2964.688477 37684.183594
2976.765869 37701.738281
2988.846436 37719.285156
3000.930176 37736.824219
3013.017090 37754.355469
3025.107422 37771.875000
3037.200928 37789.386719
3049.297607 37806.890625
3061.397461 37824.386719
3073.500488 37841.875000
3085.606934 37859.351562
3097.716553 37876.820312
3109.829346 37894.281250
3121.945312 37911.734375
3134.047607 37929.183594
3146.141846 37946.628906
3158.228027 37964.070312
3170.306152 37981.507812
3182.376221 37998.941406
3194.438232 38016.371094
3206.492188 38033.792969
3218.538086 38051.210938
3230.575684 38068.625000
3242.605225 38086.035156
3254.626709 38103.441406
3266.640137 38120.843750
3278.645508 38138.242188
3290.642822 38155.636719
3302.632080 38173.023438
3314.613281 38190.406250
3326.586426 38207.785156
3338.551514 38225.160156
3350.508545 38242.531250
3362.457520 38259.898438
3374.398438 38277.261719
3386.331299 38294.621094
3398.255859 38311.972656
3410.172363 38329.320312
3422.080811 38346.664062
3433.981201 38364.003906
3445.873535 38381.339844
3457.757812 38398.671875
3469.634033 38416.000000
3481.502197 38433.324219
3493.362305 38450.640625
3505.214355 38467.953125
3517.058350 38485.261719
3528.894287 38502.566406
3540.722168 38519.867188
3552.541748 38537.164062
3564.353271 38554.457031
3576.156738 38571.746094
3587.952148 38589.027344
3599.739502 38606.304688
3611.535889 38623.593750
3623.335449 38640.886719
3635.138184 38658.183594
3646.944336 38675.484375
3658.753662 38692.789062
3670.566162 38710.097656
3682.382080 38727.410156
3694.201172 38744.730469
3706.023438 38762.054688
3717.849121 38779.382812
3729.677979 38796.714844
3741.510010 38814.050781
3753.345215 38831.390625
3765.183838 38848.734375
3777.025635 38866.085938
3788.870605 38883.441406
3800.718994 38900.800781
3812.570557 38918.164062
3824.425293 38935.531250
3836.283447 38952.902344
3848.144775 38970.277344
3860.009277 38987.660156
3871.877197 39005.046875
3883.748291 39022.437500
3895.622559 39039.832031
3907.500244 39057.230469
3919.381104 39074.632812
3931.265137 39092.039062
3943.152344 39109.453125
3955.042969 39126.871094
3966.936768 39144.292969
3978.833740 39161.718750
3990.734131 39179.148438
4002.637695 39196.582031
4014.544434 39214.019531
4026.454590 39231.464844
4038.367920 39248.914062
4050.284424 39266.367188
4062.204346 39283.824219
4074.127441 39301.285156
4086.046875 39318.738281
4097.965332 39336.187500
4109.882324 39353.628906
4121.797852 39371.066406
4133.712402 39388.500000
4145.625488 39405.929688
4157.537598 39423.351562
4169.448242 39440.769531
4181.357422 39458.183594
4193.265625 39475.593750
4205.172363 39492.996094
4217.077637 39510.394531
4228.981934 39527.789062
4240.884766 39545.179688
4252.786621 39562.562500
4264.687012 39579.941406
4276.585938 39597.316406
4288.483887 39614.687500
4300.380371 39632.054688
4312.275879 39649.414062
4324.169922 39666.769531
4336.062500 39684.121094
4347.954102 39701.468750
4359.844238 39718.808594
4371.733398 39736.144531
4383.621094 39753.476562
4395.507324 39770.804688
4407.392578 39788.125000
4419.276367 39805.441406
4431.158691 39822.753906
4443.040039 39840.062500
4454.919922 39857.363281
4466.798828 39874.660156
4478.676270 39891.953125
4490.552246 39909.242188
4502.427246 39926.527344
4514.300781 39943.804688
4526.173340 39961.078125
4538.044434 39978.347656
4549.914062 39995.613281
4561.778809 40012.867188
4573.639648 40030.113281
4585.497070 40047.347656
4597.350586 40064.574219
4609.200195 40081.792969
4621.045898 40099.003906
4632.888184 40116.203125
4644.726562 40133.394531
4656.561035 40150.578125
4668.391602 40167.753906
4680.218750 40184.917969
4692.041992 40202.074219
4703.861328 40219.222656
4715.677246 40236.363281
4727.489258 40253.492188
4739.297363 40270.613281
4751.101562 40287.726562
4762.902344 40304.832031
4774.699219 40321.925781
4786.492188 40339.011719
4798.281250 40356.089844
4810.066895 40373.160156
4821.848633 40390.218750
4833.626465 40407.269531
4845.400879 40424.312500
4857.171387 40441.347656
4868.937988 40458.371094
4880.700684 40475.386719
4892.459961 40492.394531
4904.215332 40509.394531
4915.966797 40526.382812
4927.714355 40543.363281
4939.458496 40560.335938
4951.198730 40577.300781
4962.935059 40594.253906
4974.667480 40611.199219
4986.396484 40628.136719
4998.121582 40645.062500
5009.842773 40661.980469
5021.560547 40678.890625
5033.268066 40695.800781
5044.967773 40712.707031
5056.659180 40729.609375
5068.342773 40746.511719
5080.018555 40763.410156
5091.686523 40780.304688
5103.346191 40797.195312
5114.998047 40814.082031
5126.642090 40830.968750
5138.277832 40847.851562
5149.905762 40864.730469
5161.525879 40881.605469
5173.138184 40898.480469
5184.742188 40915.351562
5196.338379 40932.218750
5207.926758 40949.082031
5219.507324 40965.941406
5231.079590 40982.800781
5242.644043 40999.656250
5254.200684 41016.507812
5265.749023 41033.355469
5277.289551 41050.203125
5288.822266 41067.046875
5300.347168 41083.886719
5311.863770 41100.722656
5323.372559 41117.554688
5334.873535 41134.386719
5346.366211 41151.214844
5357.851074 41168.039062
5369.328125 41184.859375
5380.797363 41201.679688
5392.258301 41218.496094
5403.711426 41235.308594
5415.156738 41252.117188
5426.593750 41268.921875
5438.022949 41285.726562
5449.444336 41302.527344
5460.857910 41319.324219
5472.263184 41336.117188
5483.660645 41352.906250
5495.043457 41369.683594
5506.414062 41386.449219
5517.771973 41403.207031
5529.117676 41419.953125
5540.451172 41436.687500
5551.771973 41453.414062
5563.080566 41470.128906
5574.376465 41486.835938
5585.660156 41503.531250
5596.931641 41520.214844
5608.190430 41536.890625
5619.437012 41553.554688
5630.670898 41570.210938
5641.892578 41586.855469
5653.102051 41603.488281
5664.298828 41620.113281
5675.483398 41636.726562
5686.655273 41653.328125
5697.814941 41669.921875
5708.962402 41686.503906
5720.097168 41703.078125
5731.219727 41719.640625
5742.329590 41736.191406
5753.427246 41752.734375
5764.512695 41769.265625
5775.585449 41785.789062
5786.645996 41802.300781
5797.693848 41818.800781
5808.729492 41835.292969
5819.752930 41851.773438
5830.763672 41868.242188
5841.762207 41884.703125
5852.748047 41901.152344
5863.721680 41917.593750
5874.683105 41934.023438
5885.631836 41950.441406
5896.568359 41966.851562
5907.492188 41983.250000
5918.403809 41999.636719
5929.303223 42016.015625
5940.172363 42032.367188
5951.017578 42048.699219
5961.838867 42065.007812
5972.636230 42081.296875
5983.409180 42097.562500
5994.158203 42113.808594
6004.883301 42130.035156
6015.583984 42146.238281
6026.260742 42162.421875
6036.913574 42178.582031
6047.541992 42194.722656
6058.146484 42210.843750
6068.727051 42226.941406
6079.283203 42243.019531
6089.815430 42259.074219
6100.323730 42275.109375
6110.808105 42291.125000
6121.268066 42307.117188
6131.704102 42323.089844
6142.116211 42339.039062
6152.503906 42354.968750
6162.867676 42370.878906
6173.207520 42386.765625
6183.522949 42402.632812
6193.814453 42418.476562
6204.082031 42434.300781
6214.325684 42450.105469
6224.544922 42465.886719
6234.740234 42481.648438
6244.911621 42497.386719
6255.058594 42513.105469
6265.181641 42528.804688
6275.280762 42544.480469
6285.355469 42560.136719
6295.406250 42575.769531
6305.433105 42591.382812
6315.435547 42606.976562
6325.414062 42622.546875
6335.368652 42638.097656
6345.299316 42653.625000
6355.207520 42669.148438
6365.092773 42684.660156
6374.955566 42700.160156
6384.795410 42715.652344
6394.612305 42731.132812
6404.406738 42746.601562
6414.178223 42762.058594
6423.926758 42777.507812
6433.652832 42792.945312
6443.355957 42808.371094
6453.036133 42823.785156
6462.693848 42839.191406
6472.328613 42854.585938
6481.940430 42869.968750
6491.529297 42885.339844
6501.095703 42900.699219
6510.639160 42916.050781
6520.159668 42931.390625
6529.657715 42946.718750
6539.132812 42962.035156
6548.584961 42977.343750
6558.014648 42992.640625
6567.421387 43007.925781
6576.805176 43023.199219
6586.166016 43038.464844
6595.504395 43053.718750
6604.819824 43068.960938
6614.112305 43084.191406
6623.382324 43099.414062
6632.629395 43114.625000
6641.853516 43129.824219
6651.055176 43145.011719
6660.233887 43160.187500
6669.389648 43175.355469
6678.522949 43190.511719
6687.633301 43205.656250
6696.720703 43220.789062
6705.785156 43235.914062
6714.827148 43251.027344
6723.846191 43266.128906
6732.843750 43281.218750
6741.819336 43296.300781
6750.772949 43311.371094
6759.704590 43326.429688
6768.614258 43341.480469
6777.501953 43356.519531
6786.367188 43371.546875
6795.210449 43386.562500
6804.031738 43401.570312
6812.831055 43416.566406
6821.608398 43431.550781
6830.363770 43446.527344
6839.097168 43461.492188
6847.808594 43476.445312
6856.498047 43491.386719
6865.165527 43506.320312
6873.811035 43521.242188
6882.434570 43536.152344
6891.036133 43551.054688
6899.615723 43565.945312
6908.173340 43580.824219
6916.708984 43595.691406
6925.222656 43610.550781
6933.714355 43625.398438
6942.183594 43640.234375
6950.630859 43655.062500
6959.056152 43669.878906
6967.459473 43684.683594
6975.840820 43699.476562
6984.200195 43714.261719
6992.537598 43729.035156
7000.853027 43743.796875
7009.146484 43758.550781
7017.417969 43773.292969
7025.667480 43788.023438
7033.895020 43802.742188
7042.100586 43817.453125
7050.284180 43832.152344
7058.445801 43846.839844
7066.585449 43861.519531
7074.705566 43876.179688
7082.805176 43890.820312
7090.884766 43905.445312
7098.944336 43920.054688
7106.983398 43934.648438
7115.002441 43949.222656
7123.000977 43963.781250
7130.979492 43978.324219
7138.937500 43992.847656
7146.875488 44007.355469
7154.792969 44021.847656
7162.690430 44036.324219
7170.567383 44050.781250
7178.424316 44065.222656
7186.260742 44079.648438
7194.077148 44094.058594
7201.873047 44108.449219
7209.648926 44122.824219
7217.404297 44137.183594
7225.139648 44151.527344
7232.854492 44165.851562
7240.549316 44180.160156
7248.224121 44194.453125
7255.878418 44208.730469
7263.512695 44222.988281
7271.126465 44237.230469
7278.720215 44251.457031
7286.293457 44265.664062
7293.846680 44279.855469
7301.379395 44294.031250
7308.892090 44308.191406
7316.384277 44322.332031
7323.856445 44336.457031
7331.308105 44350.566406
7338.739746 44364.660156
7346.150879 44378.734375
7353.541992 44392.792969
7360.912598 44406.835938
7368.263184 44420.863281
7375.593750 44434.871094
7382.918945 44448.859375
7390.234375 44462.824219
7397.539551 44476.769531
7404.834961 44490.695312
7412.120117 44504.601562
7419.395508 44518.484375
7426.660645 44532.347656
7433.916016 44546.191406
7441.161133 44560.015625
7448.396484 44573.816406
7455.621582 44587.597656
7462.836914 44601.359375
7470.041992 44615.101562
7477.237305 44628.820312
7484.422363 44642.519531
7491.597656 44656.199219
7498.762695 44669.859375
7505.917480 44683.500000
7513.062500 44697.117188
7520.197266 44710.714844
7527.322266 44724.292969
7534.437012 44737.851562
7541.541992 44751.386719
7548.636719 44764.902344
7555.721680 44778.398438
7562.796387 44791.875000
7569.861328 44805.328125
7576.916016 44818.761719
7583.960938 44832.175781
7590.995605 44845.570312
7598.020508 44858.941406
7605.035156 44872.292969
7612.039551 44885.625000
7619.034180 44898.937500
7626.018555 44912.226562
7632.993164 44925.496094
7639.957520 44938.746094
7646.912109 44951.976562
7653.856445 44965.183594
7660.791016 44978.371094
7667.647461 44991.582031
7674.448242 45004.800781
7681.193848 45018.023438
7687.883789 45031.253906
7694.518555 45044.492188
7701.098145 45057.738281
7707.622070 45070.992188
7714.090820 45084.253906
7720.503906 45097.523438
7726.861816 45110.800781
7733.164062 45124.085938
7739.411133 45137.378906
7745.602539 45150.679688
7751.738770 45163.984375
7757.819336 45177.296875
7763.844727 45190.617188
7769.814453 45203.945312
7775.729004 45217.281250
7781.588379 45230.625000
7787.392090 45243.976562
7793.140625 45257.335938
7798.833496 45270.703125
7804.471191 45284.078125
7810.053223 45297.460938
7815.580078 45310.847656
7821.051270 45324.242188
7826.467285 45337.644531
7831.827637 45351.054688
7837.132812 45364.472656
7842.382812 45377.898438
7847.577148 45391.332031
7852.716309 45404.773438
7857.799805 45418.222656
7862.828125 45431.679688
7867.800781 45445.144531
7872.718262 45458.613281
7877.580078 45472.089844
7882.386719 45485.574219
7887.137695 45499.066406
7891.833496 45512.566406
7896.598145 45526.031250
7901.389648 45539.472656
7906.208496 45552.894531
7911.054688 45566.292969
7915.928223 45579.671875
7920.829102 45593.027344
7925.757324 45606.359375
7930.712891 45619.671875
7935.695801 45632.960938
7940.706055 45646.230469
7945.743652 45659.476562
7950.808594 45672.703125
7955.900391 45685.906250
7961.019531 45699.085938
7966.166016 45712.246094
7971.339844 45725.382812
7976.541016 45738.500000
7981.769531 45751.593750
7987.025391 45764.667969
7992.308594 45777.718750
7997.619141 45790.750000
8002.957031 45803.757812
8008.322266 45816.742188
8013.714355 45829.707031
8019.133789 45842.648438
8024.580566 45855.570312
8030.054688 45868.468750
8035.556152 45881.347656
8041.084961 45894.203125
8046.641113 45907.035156
8052.224609 45919.847656
8057.835449 45932.636719
8063.473633 45945.406250
8069.139160 45958.152344
8074.831543 45970.878906
8080.551270 45983.582031
8086.298340 45996.265625
8092.072754 46008.925781
8097.874512 46021.562500
8103.703613 46034.179688
8109.608887 46046.792969
8115.574219 46059.398438
8121.599121 46071.996094
8127.684082 46084.582031
8133.829102 46097.160156
8140.033691 46109.730469
8146.298340 46122.289062
8152.623047 46134.839844
8159.007324 46147.382812
8165.451660 46159.914062
8171.956055 46172.437500
8178.520508 46184.953125
8185.144531 46197.457031
8191.828613 46209.953125
8198.572266 46222.441406
8205.375977 46234.917969
8212.239258 46247.386719
8219.163086 46259.847656
8226.146484 46272.296875
8233.189453 46284.738281
8240.292969 46297.171875
8247.456055 46309.597656
8254.678711 46322.011719
8261.961914 46334.417969
8269.304688 46346.816406
8276.707031 46359.203125
8284.169922 46371.582031
8291.692383 46383.953125
8299.274414 46396.312500
8306.916992 46408.664062
8314.619141 46421.007812
8322.380859 46433.339844
8330.203125 46445.664062
8338.084961 46457.980469
8346.027344 46470.285156
8354.029297 46482.582031
8362.090820 46494.871094
8370.212891 46507.148438
8378.394531 46519.417969
8386.635742 46531.679688
8394.918945 46543.937500
8403.250000 46556.187500
8411.628906 46568.433594
8420.055664 46580.671875
8428.530273 46592.906250
8437.052734 46605.132812
8445.622070 46617.355469
8454.239258 46629.570312
8462.904297 46641.781250
8471.617188 46653.984375
8480.377930 46666.183594
8489.186523 46678.375000
8498.042969 46690.562500
8506.947266 46702.746094
8515.899414 46714.921875
8524.899414 46727.093750
8533.947266 46739.257812
8543.042969 46751.417969
8552.186523 46763.570312
8561.376953 46775.718750
8570.615234 46787.859375
8579.901367 46799.996094
8589.235352 46812.125000
8598.617188 46824.250000
8608.046875 46836.367188
8617.524414 46848.480469
8627.049805 46860.585938
8636.623047 46872.687500
8646.244141 46884.781250
8655.913086 46896.871094
8665.629883 46908.953125
8675.393555 46921.031250
8685.205078 46933.101562
8695.064453 46945.167969
8704.971680 46957.226562
8714.926758 46969.281250
8724.929688 46981.332031
8734.980469 46993.375000
8745.079102 47005.414062
8755.225586 47017.445312
8765.387695 47029.453125
8775.576172 47041.441406
8785.791016 47053.410156
8796.032227 47065.363281
8806.300781 47077.296875
8816.595703 47089.210938
8826.916992 47101.105469
8837.264648 47112.984375
8847.638672 47124.843750
8858.039062 47136.683594
8868.465820 47148.503906
8878.918945 47160.308594
8889.398438 47172.093750
8899.905273 47183.859375
8910.438477 47195.605469
8920.998047 47207.335938
8931.583984 47219.046875
8942.196289 47230.738281
8952.834961 47242.410156
8963.500000 47254.066406
8974.191406 47265.703125
8984.909180 47277.320312
8995.653320 47288.921875
9006.424805 47300.503906
9017.222656 47312.066406
9028.046875 47323.609375
9038.897461 47335.136719
9049.774414 47346.644531
9060.677734 47358.132812
9071.607422 47369.601562
9082.563477 47381.054688
9093.545898 47392.488281
9104.555664 47403.902344
9115.591797 47415.296875
9126.654297 47426.675781
9137.743164 47438.035156
9148.858398 47449.375000
9160.000000 47460.695312
9171.167969 47472.000000
9182.362305 47483.285156
9193.541992 47494.578125
9204.719727 47505.871094
9215.896484 47517.164062
9227.071289 47528.457031
9238.245117 47539.750000
9249.416992 47551.042969
9260.587891 47562.335938
9271.756836 47573.628906
9282.924805 47584.921875
9294.090820 47596.214844
9305.255859 47607.507812
9316.418945 47618.800781
9327.581055 47630.093750
9338.741211 47641.386719
9349.900391 47652.679688
9361.057617 47663.972656
9372.213867 47675.265625
9383.368164 47686.558594
9394.521484 47697.851562
9405.672852 47709.144531
9416.823242 47720.437500
9427.971680 47731.730469
9439.119141 47743.023438
9450.264648 47754.316406
9461.409180 47765.609375
9472.551758 47776.902344
9483.693359 47788.195312
9494.833984 47799.488281
9505.972656 47810.781250
9517.110352 47822.074219
9528.246094 47833.367188
9539.380859 47844.660156
9550.513672 47855.953125
9561.645508 47867.246094
9572.775391 47878.539062
9583.904297 47889.832031
9595.031250 47901.125000
9606.157227 47912.417969
9617.281250 47923.710938
9628.404297 47935.003906
9639.579102 47946.292969
9650.787109 47957.582031
9662.029297 47968.871094
9673.305664 47980.160156
9684.615234 47991.445312
9695.958984 48002.730469
9707.336914 48014.015625
9718.749023 48025.296875
9730.194336 48036.578125
9741.673828 48047.859375
9753.187500 48059.140625
9764.734375 48070.417969
9776.315430 48081.695312
9787.930664 48092.972656
9799.580078 48104.250000
9811.262695 48115.523438
9822.979492 48126.796875
9834.730469 48138.070312
9846.514648 48149.339844
9858.333008 48160.609375
9870.185547 48171.878906
9882.072266 48183.148438
9893.992188 48194.414062
9905.946289 48205.679688
9917.934570 48216.945312
9929.956055 48228.207031
9942.011719 48239.468750
9954.101562 48250.730469
9966.225586 48261.992188
9978.382812 48273.250000
9990.574219 48284.507812
10002.799805 48295.765625
10015.058594 48307.019531
10027.351562 48318.273438
10039.678711 48329.527344
10052.040039 48340.781250
10064.434570 48352.031250
10076.863281 48363.281250
10089.326172 48374.531250
10101.822266 48385.777344
10114.333008 48397.019531
10126.864258 48408.257812
10139.416016 48419.492188
10151.988281 48430.722656
10164.582031 48441.949219
10177.196289 48453.171875
10189.831055 48464.390625
10202.486328 48475.605469
10215.162109 48486.816406
10227.859375 48498.027344
10240.577148 48509.234375
10253.315430 48520.437500
10266.074219 48531.636719
10278.853516 48542.832031
10291.654297 48554.023438
10304.475586 48565.210938
10317.317383 48576.394531
10330.179688 48587.574219
10343.062500 48598.750000
10355.966797 48609.921875
10368.891602 48621.089844
10381.836914 48632.253906
10394.802734 48643.414062
10407.789062 48654.570312
10420.796875 48665.722656
10433.825195 48676.871094
10446.874023 48688.015625
10459.943359 48699.156250
10473.033203 48710.292969
10486.144531 48721.425781
10499.276367 48732.554688
10512.428711 48743.679688
10525.601562 48754.800781
10538.794922 48765.917969
10552.009766 48777.035156
10565.245117 48788.148438
10578.500977 48799.257812
10591.777344 48810.363281
10605.074219 48821.464844
10618.391602 48832.562500
10631.711914 48843.640625
10645.040039 48854.707031
10658.376953 48865.761719
10671.722656 48876.804688
10685.076172 48887.835938
10698.438477 48898.851562
10711.808594 48909.855469
10725.187500 48920.847656
10738.575195 48931.828125
10751.970703 48942.796875
10765.375000 48953.750000
10778.787109 48964.691406
10792.208008 48975.621094
10805.637695 48986.539062
10819.075195 48997.445312
10832.521484 49008.339844
10845.975586 49019.218750
10859.438477 49030.085938
10872.910156 49040.941406
10886.389648 49051.785156
10899.877930 49062.617188
10913.374023 49073.433594
10926.878906 49084.238281
10940.392578 49095.031250
10953.914062 49105.812500
10967.444336 49116.582031
10980.982422 49127.335938
10994.529297 49138.078125
11008.084961 49148.808594
11021.648438 49159.527344
11035.220703 49170.234375
11048.800781 49180.925781
11062.389648 49191.605469
11075.987305 49202.273438
11089.592773 49212.929688
11103.207031 49223.574219
11116.829102 49234.203125
11130.459961 49244.820312
11144.099609 49255.425781
11157.747070 49266.019531
11171.388672 49276.613281
11185.029297 49287.203125
11198.668945 49297.789062
11212.307617 49308.371094
11225.944336 49318.949219
11239.580078 49329.523438
11253.214844 49340.093750
11266.848633 49350.660156
11280.481445 49361.222656
11294.112305 49371.781250
11307.742188 49382.335938
11321.371094 49392.886719
11334.999023 49403.433594
11348.625977 49413.976562
11362.250977 49424.515625
11375.875000 49435.050781
11389.498047 49445.582031
11403.120117 49456.109375
11416.740234 49466.632812
11430.359375 49477.152344
11443.977539 49487.667969
11457.594727 49498.179688
11471.210938 49508.687500
11484.825195 49519.191406
11498.438477 49529.691406
11512.050781 49540.191406
11525.662109 49550.687500
11539.272461 49561.179688
11552.880859 49571.667969
11566.488281 49582.152344
11580.094727 49592.632812
11593.700195 49603.109375
11607.304688 49613.582031
11620.907227 49624.050781
11634.508789 49634.515625
11648.109375 49644.976562
11661.708984 49655.433594
11675.307617 49665.886719
11688.904297 49676.335938
11702.500000 49686.781250
11716.113281 49697.207031
11729.738281 49707.621094
11743.375000 49718.023438
11757.022461 49728.414062
11770.681641 49738.789062
11784.351562 49749.152344
11798.033203 49759.503906
11811.726562 49769.839844
11825.430664 49780.164062
11839.146484 49790.476562
11852.873047 49800.777344
11866.611328 49811.062500
11880.361328 49821.335938
11894.122070 49831.597656
11907.894531 49841.843750
11921.678711 49852.078125
11935.473633 49862.300781
11949.280273 49872.511719
11963.097656 49882.707031
11976.926758 49892.890625
11990.767578 49903.062500
12004.619141 49913.218750
12018.482422 49923.363281
12032.357422 49933.496094
12046.243164 49943.617188
12060.140625 49953.722656
12074.048828 49963.816406
12087.968750 49973.898438
12101.900391 49983.964844
12115.842773 49994.019531
12129.796875 50004.062500
12143.762695 50014.093750
12157.739258 50024.109375
12171.727539 50034.113281
12185.726562 50044.105469
12199.737305 50054.082031
12213.759766 50064.046875
12227.792969 50074.000000
12241.837891 50083.941406
12255.894531 50093.867188
12270.032227 50103.777344
12284.228516 50113.667969
12298.482422 50123.542969
12312.794922 50133.402344
12327.166016 50143.242188
12341.594727 50153.066406
12356.082031 50162.875000
12370.626953 50172.667969
12385.230469 50182.441406
12399.892578 50192.199219
12414.612305 50201.941406
12429.390625 50211.667969
12444.227539 50221.375000
12459.122070 50231.066406
12474.075195 50240.742188
12489.085938 50250.398438
12504.155273 50260.039062
12519.283203 50269.664062
12534.468750 50279.273438
12549.712891 50288.863281
12565.015625 50298.437500
12580.375977 50307.996094
12595.794922 50317.539062
12611.271484 50327.062500
12626.806641 50336.570312
12642.400391 50346.062500
12658.051758 50355.535156
12673.761719 50364.992188
12689.530273 50374.433594
12705.356445 50383.859375
12721.241211 50393.265625
12737.183594 50402.656250
12753.184570 50412.031250
12769.244141 50421.386719
12785.361328 50430.726562
12801.537109 50440.050781
12817.771484 50449.359375
12834.063477 50458.648438
12850.414062 50467.921875
12866.822266 50477.179688
12883.326172 50486.417969
12899.913086 50495.640625
12916.583008 50504.847656
12933.334961 50514.035156
12950.169922 50523.207031
12967.087891 50532.363281
12984.088867 50541.500000
13001.172852 50550.621094
13018.339844 50559.726562
13035.589844 50568.812500
13052.922852 50577.882812
13070.337891 50586.937500
13087.835938 50595.972656
13105.416992 50604.992188
13123.081055 50613.996094
13140.828125 50622.980469
13158.658203 50631.949219
13176.571289 50640.898438
13194.566406 50649.832031
13212.644531 50658.750000
13230.805664 50667.648438
13249.049805 50676.531250
13267.376953 50685.398438
13285.787109 50694.246094
13304.280273 50703.078125
13322.855469 50711.894531
13341.513672 50720.691406
13360.254883 50729.472656
13379.079102 50738.238281
13397.986328 50746.984375
13416.976562 50755.714844
13436.049805 50764.429688
13455.206055 50773.125000
13474.444336 50781.804688
13493.765625 50790.464844
13513.169922 50799.109375
13532.657227 50807.738281
13552.227539 50816.347656
13571.880859 50824.941406
13591.617188 50833.519531
13611.385742 50842.105469
13631.204102 50850.695312
13651.072266 50859.285156
13670.989258 50867.878906
13690.956055 50876.472656
13710.972656 50885.070312
13731.038086 50893.667969
13751.153320 50902.265625
13771.318359 50910.867188
13791.533203 50919.468750
13811.796875 50928.074219
13832.110352 50936.679688
13852.473633 50945.285156
13872.885742 50953.894531
13893.347656 50962.503906
13913.859375 50971.117188
13934.420898 50979.730469
13955.031250 50988.343750
13975.691406 50996.960938
13996.401367 51005.578125
14017.160156 51014.199219
14037.968750 51022.820312
14058.827148 51031.441406
14079.735352 51040.066406
14100.692383 51048.691406
14121.699219 51057.320312
14142.755859 51065.949219
14163.861328 51074.578125
14185.016602 51083.210938
14206.221680 51091.843750
14227.476562 51100.480469
14248.780273 51109.117188
14270.133789 51117.753906
14291.537109 51126.394531
14312.989258 51135.035156
14334.491211 51143.679688
14356.042969 51152.324219
14377.644531 51160.968750
14399.294922 51169.617188
14420.995117 51178.265625
14442.776367 51186.917969
14464.627930 51195.574219
14486.549805 51204.234375
14508.541992 51212.894531
14530.604492 51221.558594
14552.737305 51230.226562
14574.940430 51238.898438
14597.213867 51247.570312
14619.557617 51256.246094
14641.971680 51264.925781
14664.455078 51273.609375
14687.008789 51282.292969
14709.632812 51290.980469
14732.327148 51299.671875
14755.091797 51308.367188
14777.926758 51317.062500
14800.832031 51325.761719
14823.807617 51334.464844
14846.853516 51343.167969
14869.969727 51351.875000
14893.156250 51360.585938
14916.413086 51369.300781
14939.740234 51378.015625
14963.137695 51386.734375
14986.605469 51395.457031
15010.143555 51404.183594
15033.751953 51412.910156
15057.430664 51421.640625
15081.179688 51430.375000
15104.999023 51439.113281
15128.888672 51447.851562
15152.848633 51456.593750
15176.878906 51465.339844
15200.979492 51474.089844
15225.150391 51482.839844
15249.391602 51491.593750
15273.703125 51500.351562
15298.084961 51509.113281
15322.537109 51517.875000
15347.059570 51526.640625
15371.648438 51535.378906
15396.304688 51544.101562
15421.028320 51552.808594
15445.819336 51561.500000
15470.678711 51570.175781
15495.605469 51578.832031
15520.599609 51587.472656
15545.661133 51596.097656
15570.790039 51604.707031
15595.987305 51613.300781
15621.251953 51621.878906
15646.583984 51630.437500
15671.983398 51638.980469
15697.450195 51647.507812
15722.985352 51656.019531
15748.587891 51664.515625
15774.257812 51672.992188
15799.995117 51681.453125
15825.799805 51689.898438
15851.672852 51698.328125
15877.613281 51706.742188
15903.621094 51715.136719
15929.696289 51723.515625
15955.838867 51731.878906
15982.049805 51740.226562
16008.328125 51748.558594
16034.673828 51756.871094
16061.086914 51765.167969
16087.567383 51773.449219
16114.116211 51781.714844
16140.732422 51789.964844
16167.416016 51798.195312
16194.166992 51806.410156
16220.985352 51814.609375
16247.872070 51822.792969
16274.826172 51830.960938
16301.847656 51839.113281
16328.936523 51847.246094
16356.092773 51855.363281
16383.317383 51863.464844
16410.556641 51871.570312
16437.828125 51879.671875
16465.132812 51887.769531
16492.470703 51895.863281
16519.839844 51903.953125
16547.242188 51912.039062
16574.677734 51920.121094
16602.144531 51928.199219
16629.644531 51936.277344
16657.177734 51944.351562
16684.742188 51952.421875
16712.339844 51960.488281
16739.970703 51968.550781
16767.632812 51976.609375
16795.328125 51984.664062
16823.056641 51992.714844
16850.816406 52000.761719
16878.609375 52008.804688
16906.435547 52016.847656
16934.292969 52024.886719
16962.183594 52032.921875
16990.107422 52040.953125
17018.062500 52048.980469
17046.050781 52057.003906
17074.072266 52065.023438
17102.125000 52073.039062
17130.210938 52081.050781
17158.330078 52089.058594
17186.482422 52097.066406
17214.666016 52105.070312
17242.882812 52113.070312
17271.132812 52121.066406
17299.414062 52129.058594
17327.728516 52137.046875
17356.076172 52145.031250
17384.455078 52153.011719
17412.867188 52160.988281
17441.312500 52168.964844
17469.789062 52176.937500
17498.298828 52184.906250
17526.855469 52192.867188
17555.453125 52200.820312
17584.093750 52208.769531
17612.775391 52216.710938
17641.498047 52224.648438
17670.263672 52232.578125
17699.070312 52240.500000
17727.919922 52248.417969
17756.810547 52256.328125
17785.744141 52264.234375
17814.718750 52272.132812
17843.734375 52280.027344
17872.792969 52287.914062
17901.892578 52295.796875
17931.035156 52303.671875
17960.218750 52311.539062
17989.445312 52319.402344
18018.712891 52327.257812
18048.021484 52335.109375
18077.373047 52342.953125
18106.765625 52350.792969
18136.201172 52358.625000
18165.677734 52366.449219
18195.197266 52374.269531
18224.757812 52382.082031
18254.359375 52389.890625
18284.003906 52397.691406
18313.689453 52405.488281
18343.417969 52413.277344
18373.187500 52421.062500
18403.000000 52428.839844
18432.853516 52436.609375
18462.748047 52444.375000
18492.685547 52452.132812
18522.664062 52459.886719
18552.685547 52467.632812
18582.748047 52475.375000
18612.853516 52483.109375
18643.000000 52490.839844
18673.187500 52498.562500
18703.392578 52506.292969
18733.623047 52514.027344
18763.876953 52521.765625
18794.156250 52529.507812
18824.460938 52537.253906
18854.791016 52545.003906
18885.144531 52552.757812
18915.523438 52560.515625
18945.927734 52568.277344
18976.357422 52576.042969
19006.810547 52583.808594
19037.289062 52591.578125
19067.792969 52599.351562
19098.322266 52607.128906
19128.876953 52614.910156
19159.455078 52622.695312
19190.058594 52630.484375
19220.687500 52638.277344
19251.341797 52646.074219
19282.019531 52653.875000
19312.722656 52661.679688
19343.451172 52669.488281
19374.205078 52677.300781
19404.982422 52685.117188
19435.785156 52692.937500
19466.613281 52700.757812
19497.466797 52708.582031
19528.343750 52716.410156
19559.246094 52724.242188
19590.173828 52732.078125
19621.126953 52739.917969
19652.103516 52747.761719
19683.105469 52755.609375
19714.132812 52763.460938
19745.185547 52771.316406
19776.263672 52779.175781
19807.365234 52787.039062
19838.492188 52794.906250
19869.644531 52802.777344
19900.822266 52810.652344
19932.035156 52818.515625
19963.281250 52826.375000
19994.558594 52834.230469
20025.869141 52842.078125
20057.210938 52849.921875
20088.585938 52857.761719
20119.992188 52865.593750
20151.431641 52873.421875
20182.904297 52881.246094
20214.408203 52889.062500
20245.945312 52896.875000
20277.513672 52904.683594
20309.115234 52912.484375
20340.748047 52920.281250
20372.414062 52928.074219
20404.111328 52935.863281
20435.841797 52943.644531
20467.605469 52951.421875
20499.400391 52959.195312
20531.228516 52966.960938
20563.087891 52974.722656
20594.980469 52982.480469
20626.904297 52990.230469
20658.861328 52997.976562
20690.851562 53005.718750
20722.873047 53013.457031
20754.927734 53021.187500
20787.013672 53028.914062
20819.132812 53036.636719
20851.283203 53044.351562
20883.466797 53052.062500
20915.681641 53059.769531
20947.929688 53067.468750
20980.210938 53075.164062
21012.523438 53082.855469
21044.869141 53090.539062
21077.246094 53098.218750
21109.656250 53105.894531
21142.097656 53113.566406
21174.572266 53121.230469
21207.070312 53128.886719
21239.595703 53136.539062
21272.146484 53144.183594
21304.724609 53151.824219
21337.330078 53159.457031
21369.960938 53167.082031
21402.619141 53174.703125
21435.302734 53182.316406
21468.013672 53189.925781
21500.751953 53197.527344
21533.515625 53205.121094
21566.306641 53212.710938
21599.125000 53220.292969
21631.968750 53227.867188
21664.839844 53235.437500
21697.736328 53243.000000
21730.660156 53250.558594
21763.611328 53258.109375
21796.587891 53265.652344
21829.591797 53273.191406
21862.623047 53280.722656
21895.679688 53288.246094
21928.763672 53295.765625
21961.873047 53303.277344
21995.009766 53310.785156
22028.173828 53318.285156
22061.363281 53325.777344
22094.580078 53333.265625
22127.822266 53340.746094
22161.091797 53348.218750
22194.388672 53355.687500
22227.710938 53363.148438
22261.060547 53370.605469
22294.437500 53378.054688
22327.839844 53385.496094
22361.269531 53392.933594
22394.724609 53400.363281
22428.207031 53407.789062
22461.716797 53415.207031
22495.251953 53422.617188
22528.818359 53430.019531
22562.414062 53437.414062
22596.039062 53444.800781
22629.693359 53452.175781
22663.376953 53459.542969
22697.089844 53466.902344
22730.832031 53474.253906
22764.603516 53481.597656
22798.404297 53488.933594
22832.234375 53496.261719
22866.093750 53503.578125
22899.982422 53510.886719
22933.900391 53518.187500
22967.847656 53525.480469
23001.824219 53532.765625
23035.830078 53540.042969
23069.865234 53547.312500
23103.929688 53554.570312
23138.023438 53561.820312
23172.146484 53569.062500
23206.298828 53576.296875
23240.480469 53583.523438
23274.691406 53590.742188
23308.931641 53597.953125
23343.201172 53605.152344
23377.500000 53612.343750
23411.828125 53619.527344
23446.185547 53626.703125
23480.572266 53633.871094
23514.988281 53641.031250
23549.433594 53648.183594
23583.908203 53655.324219
23618.412109 53662.457031
23652.945312 53669.582031
23687.507812 53676.699219
23722.099609 53683.808594
23756.720703 53690.910156
23791.371094 53698.003906
23826.050781 53705.085938
23860.759766 53712.160156
23895.496094 53719.226562
23930.259766 53726.285156
23965.050781 53733.335938
23999.869141 53740.378906
24034.714844 53747.414062
24069.587891 53754.441406
24104.488281 53761.460938
24139.416016 53768.472656
24174.371094 53775.476562
24209.353516 53782.472656
24244.363281 53789.460938
24279.400391 53796.441406
24314.464844 53803.414062
24349.556641 53810.378906
24384.675781 53817.335938
24419.822266 53824.281250
24454.996094 53831.218750
24490.197266 53838.148438
24525.425781 53845.070312
24560.681641 53851.984375
24595.964844 53858.890625
24631.275391 53865.789062
24666.615234 53872.679688
24701.982422 53879.562500
24737.376953 53886.437500
24772.798828 53893.304688
24808.248047 53900.164062
24843.724609 53907.015625
24879.228516 53913.859375
24914.759766 53920.695312
24950.318359 53927.523438
24985.904297 53934.343750
25021.517578 53941.156250
25057.158203 53947.957031
25092.826172 53954.750000
25128.521484 53961.535156
25164.244141 53968.312500
25199.994141 53975.082031
25235.771484 53981.843750
25271.576172 53988.597656
25307.402344 53995.343750
25343.251953 54002.082031
25379.126953 54008.812500
25415.025391 54015.535156
25450.947266 54022.250000
25486.892578 54028.957031
25522.861328 54035.656250
25558.853516 54042.347656
25594.869141 54049.031250
25630.908203 54055.707031
25666.970703 54062.375000
25703.056641 54069.035156
25739.166016 54075.687500
25775.300781 54082.328125
25811.458984 54088.960938
25847.640625 54095.585938
25883.845703 54102.203125
25920.074219 54108.812500
25956.326172 54115.414062
25992.601562 54122.007812
26028.900391 54128.593750
26065.222656 54135.171875
26101.568359 54141.742188
26137.939453 54148.304688
26174.333984 54154.859375
26210.751953 54161.406250
26247.193359 54167.945312
26283.658203 54174.476562
26320.146484 54181.000000
26356.658203 54187.515625
26393.193359 54194.023438
26429.751953 54200.523438
26466.333984 54207.015625
26502.939453 54213.500000
26539.570312 54219.972656
26576.224609 54226.437500
26612.902344 54232.894531
26649.603516 54239.343750
26686.328125 54245.785156
26723.076172 54252.218750
26759.843750 54258.644531
26796.630859 54265.062500
26833.439453 54271.468750
26870.269531 54277.867188
26907.119141 54284.257812
26943.990234 54290.636719
26980.880859 54297.007812
27017.792969 54303.371094
27054.724609 54309.722656
27091.677734 54316.066406
27128.650391 54322.402344
27165.644531 54328.730469
27202.660156 54335.046875
27239.695312 54341.355469
27276.751953 54347.656250
27313.828125 54353.945312
27350.925781 54360.226562
27388.042969 54366.500000
27425.181641 54372.761719
27462.341797 54379.015625
27499.521484 54385.261719
27536.722656 54391.500000
27573.943359 54397.726562
27611.185547 54403.945312
27648.447266 54410.156250
27685.730469 54416.355469
27723.033203 54422.546875
27760.357422 54428.730469
27797.703125 54434.902344
27835.068359 54441.066406
27872.455078 54447.222656
27909.861328 54453.371094
27947.289062 54459.507812
27984.736328 54465.636719
28022.205078 54471.757812
28059.693359 54477.867188
28097.203125 54483.968750
28134.734375 54490.062500
28172.285156 54496.144531
28209.857422 54502.218750
28247.453125 54508.281250
28285.070312 54514.332031
28322.710938 54520.375000
28360.373047 54526.406250
28398.058594 54532.425781
28435.765625 54538.433594
28473.496094 54544.433594
28511.250000 54550.421875
28549.025391 54556.398438
28586.824219 54562.363281
28624.644531 54568.320312
28662.488281 54574.265625
28700.353516 54580.199219
28738.242188 54586.121094
28776.152344 54592.035156
28814.085938 54597.937500
28852.041016 54603.828125
28890.019531 54609.707031
28928.021484 54615.578125
28966.044922 54621.437500
29004.091797 54627.285156
29042.160156 54633.121094
29080.251953 54638.949219
29118.365234 54644.765625
29156.501953 54650.570312
29194.660156 54656.363281
29232.841797 54662.148438
29271.044922 54667.921875
29309.271484 54673.683594
29347.521484 54679.433594
29385.792969 54685.175781
29424.087891 54690.906250
29462.404297 54696.625000
29500.744141 54702.332031
29539.105469 54708.031250
29577.490234 54713.718750
29615.896484 54719.394531
29654.326172 54725.058594
29692.777344 54730.714844
29731.251953 54736.359375
29769.757812 54741.984375
29808.291016 54747.597656
29846.853516 54753.195312
29885.443359 54758.777344
29924.062500 54764.343750
29962.708984 54769.894531
30001.382812 54775.429688
30040.085938 54780.949219
30078.816406 54786.453125
30117.576172 54791.941406
30156.363281 54797.414062
30195.179688 54802.875000
30234.023438 54808.320312
30272.894531 54813.750000
30311.794922 54819.164062
30350.722656 54824.562500
30389.679688 54829.945312
30428.664062 54835.312500
30467.677734 54840.664062
30506.718750 54846.000000
30545.787109 54851.320312
30584.884766 54856.628906
30624.009766 54861.921875
30663.164062 54867.199219
30702.345703 54872.460938
30741.556641 54877.707031
30780.794922 54882.937500
30820.060547 54888.152344
30859.355469 54893.351562
30898.677734 54898.535156
30938.029297 54903.703125
30977.408203 54908.859375
31016.816406 54914.000000
31056.251953 54919.125000
31095.714844 54924.234375
31135.207031 54929.328125
31174.726562 54934.406250
31214.275391 54939.468750
31253.851562 54944.515625
31293.455078 54949.546875
31333.083984 54954.566406
31372.738281 54959.570312
31412.417969 54964.558594
31452.123047 54969.535156
31491.853516 54974.496094
31531.609375 54979.441406
31571.390625 54984.375000
31611.197266 54989.292969
31651.029297 54994.195312
31690.886719 54999.085938
31730.771484 55003.960938
31770.681641 55008.820312
31810.617188 55013.667969
31850.578125 55018.500000
31890.564453 55023.316406
31930.576172 55028.121094
31970.613281 55032.910156
32010.675781 55037.683594
32050.763672 55042.441406
32090.876953 55047.187500
32131.015625 55051.917969
32171.179688 55056.632812
32211.369141 55061.335938
32251.583984 55066.023438
32291.826172 55070.695312
32332.093750 55075.355469
32372.386719 55080.000000
32412.705078 55084.628906
32453.048828 55089.246094
32493.417969 55093.847656
32533.812500 55098.433594
32574.232422 55103.007812
32614.677734 55107.566406
32655.148438 55112.109375
32695.644531 55116.640625
32736.166016 55121.156250
32776.714844 55125.656250
32817.289062 55130.140625
32857.886719 55134.613281
32898.511719 55139.070312
