-0.047137 0.026175
-0.125700 0.069800
-0.235687 0.130875
-0.377100 0.209400
-0.549937 0.305375
-0.754200 0.418800
-0.989887 0.549675
-1.256999 0.698000
-1.555537 0.863775
-1.885499 1.047001
-2.246886 1.247676
-2.639699 1.465801
-3.063936 1.701376
-3.519598 1.954401
-4.006686 2.224876
-4.525198 2.512801
-5.075135 2.818176
-5.656497 3.141002
-6.269284 3.481277
-6.913497 3.839002
-7.589134 4.214177
-8.296196 4.606802
-9.034683 5.016877
-9.804595 5.444403
-10.605932 5.889378
-11.438694 6.351803
-12.302881 6.831678
-13.198493 7.329004
-14.125530 7.843779
-15.083992 8.376004
-16.073879 8.925679
-17.095191 9.492805
-18.147928 10.077380
-19.232090 10.679405
-20.347677 11.298881
-21.494689 11.935806
-22.673126 12.590181
-23.882988 13.262006
-25.124275 13.951282
-26.396987 14.658007
-27.700149 15.383233
-29.034085 16.126608
-30.398797 16.888133
-31.794284 17.667809
-33.220546 18.465634
-34.677582 19.281610
-36.165394 20.115735
-37.683981 20.968011
-39.233342 21.838436
-40.813479 22.727012
-42.424391 23.633737
-44.066077 24.558613
-45.738539 25.501638
-47.441775 26.462814
-49.175787 27.442139
-50.940573 28.439615
-52.736134 29.455241
-54.562471 30.489016
-56.419582 31.540942
-58.307468 32.611018
-60.226130 33.699243
-62.175566 34.805619
-64.155777 35.930145
-66.166763 37.072821
-68.208525 38.233646
-70.281061 39.412622
-72.384372 40.609748
-74.518458 41.825024
-76.683319 43.058450
-78.878955 44.310025
-81.105366 45.579751
-83.362552 46.867627
-85.650513 48.173653
-87.969249 49.497829
-90.318760 50.840155
-92.699046 52.200631
-95.110107 53.579257
-97.551943 54.976033
-100.024554 56.390959
-102.527939 57.824035
-105.058425 59.278823
-107.617236 60.754137
-110.204372 62.249975
-112.819832 63.766339
-115.463618 65.303227
-118.135729 66.860641
-120.836165 68.438579
-123.564925 70.037043
-126.322011 71.656031
-129.107421 73.295545
-131.921157 74.955584
-134.763218 76.636147
-137.633603 78.337236
-140.532314 80.058849
-143.459349 81.800988
-146.414710 83.563651
-149.398396 85.346840
-152.410406 87.150553
-155.450742 88.974792
-158.519402 90.819555
-161.616387 92.684844
-164.741698 94.570657
-167.895333 96.476996
-171.077294 98.403859
-174.287579 100.351248
-177.526190 102.319161
-180.793125 104.307600
-184.088385 106.316563
-187.411971 108.346052
-190.763881 110.396066
-194.144116 112.466604
-197.552676 114.557668
-200.989562 116.669256
-204.454772 118.801370
-207.948307 120.954008
-211.470167 123.127172
-215.020353 125.320860
-218.598863 127.535074
-222.205698 129.769812
-225.840858 132.025076
-229.491706 134.264977
-233.162454 136.501478
-236.853101 138.734579
-240.563649 140.964280
-244.294097 143.190581
-248.044445 145.413482
-251.814693 147.632983
-255.604841 149.849084
-259.414888 152.061785
-263.244836 154.271086
-267.094684 156.476987
-270.964432 158.679488
-274.854080 160.878589
-278.763628 163.074290
-282.693076 165.266591
-286.642424 167.455492
-290.611672 169.640993
-294.600821 171.823094
-298.609869 174.001795
-302.638817 176.177096
-306.687665 178.348997
-310.756413 180.517498
-314.845061 182.682599
-318.953610 184.844299
-323.082058 187.002600
-327.230406 189.157501
-331.398655 191.309002
-335.586803 193.457103
-339.794851 195.601804
-344.022800 197.743105
-348.270648 199.881006
-352.538397 202.015507
-356.826045 204.146607
-361.133594 206.274308
-365.461042 208.398609
-369.808391 210.519510
-374.175639 212.637011
-378.562788 214.751112
-382.969836 216.861813
-387.396785 218.969113
-391.828146 221.059477
-396.269082 223.137415
-400.719593 225.202929
-405.179680 227.256017
-409.649341 229.296681
-414.128577 231.324919
-418.617388 233.340733
-423.115774 235.344122
-427.623736 237.335085
-432.141272 239.313624
-436.668383 241.279738
-441.205069 243.233427
-445.751331 245.174691
-450.307167 247.103529
-454.872578 249.019943
-459.447564 250.923932
-464.032126 252.815496
-468.626262 254.694635
-473.229973 256.561350
-477.843260 258.415639
-482.466121 260.257503
-487.098557 262.086942
-491.740569 263.903956
-496.392155 265.708546
-501.053316 267.500710
-505.724053 269.280449
-510.404364 271.047764
-515.094250 272.802653
-519.793712 274.545118
-524.502748 276.275157
-529.221360 277.992772
-533.949546 279.697961
-538.687308 281.390726
-543.434644 283.071066
-548.191555 284.738980
-552.958042 286.394470
-557.734103 288.037535
-562.519740 289.668175
-567.314951 291.286390
-572.119738 292.892180
-576.923862 294.533882
-581.730736 296.195384
-586.540360 297.876687
-591.352734 299.577789
-596.167858 301.298692
-600.985732 303.039394
-605.806357 304.799896
-610.629731 306.580199
-615.455855 308.380301
-620.284729 310.200204
-625.116354 312.039906
-629.950728 313.899408
-634.787852 315.778711
-639.627727 317.677813
-644.470351 319.596716
-649.315725 321.535418
-654.163850 323.493920
-659.014724 325.472223
-663.868349 327.470325
-668.724723 329.488228
-673.583848 331.525930
-678.445722 333.583432
-683.310347 335.660735
-688.177721 337.757837
-693.047846 339.874740
-697.920721 342.011442
-702.796345 344.167944
-707.674720 346.344247
-712.555845 348.540349
-717.439719 350.756252
-722.326344 352.991954
-727.215719 355.247456
-732.107844 357.522759
-737.002719 359.817861
-741.900343 362.132764
-746.800718 364.467466
-751.703843 366.821968
-756.609718 369.196271
-761.518343 371.590373
-766.429718 374.004276
-771.322356 376.438541
-776.203418 378.892980
-781.072905 381.367595
-785.930818 383.862385
-790.777155 386.377350
-795.611917 388.912490
-800.435105 391.467805
-805.246717 394.043294
-810.046754 396.638959
-814.835217 399.254799
-819.612104 401.890814
-824.377416 404.547003
-829.131153 407.223368
-833.873315 409.919908
-838.603902 412.636623
-843.322915 415.373512
-848.030352 418.130577
-852.726214 420.907817
-857.410501 423.705231
-862.083213 426.522821
-866.744350 429.360586
-871.393912 432.218525
-876.031899 435.096640
-880.658311 437.994929
-885.273148 440.913394
-889.876410 443.852033
-894.468097 446.810848
-899.048208 449.789838
-903.616745 452.789002
-908.173707 455.808342
-912.719094 458.847856
-917.252906 461.907546
-921.775142 464.987410
-926.285804 468.087450
-930.784891 471.207664
-935.272403 474.348054
-939.748339 477.508618
-944.212701 480.689357
-948.665488 483.890272
-953.106699 487.111361
-957.551448 490.373663
-961.994698 493.670165
-966.436447 497.000867
-970.876696 500.365769
-975.315445 503.764871
-979.752694 507.198172
-984.188444 510.665674
-988.622693 514.167376
-993.055442 517.703278
-997.486691 521.273380
-1001.916441 524.877681
-1006.344690 528.516183
-1010.771439 532.188885
-1015.196688 535.895787
-1019.620438 539.636888
-1024.042687 543.412190
-1028.463436 547.221692
-1032.882686 551.065394
-1037.300435 554.943295
-1041.716685 558.855397
-1046.131434 562.801699
-1050.544683 566.782200
-1054.956433 570.796902
-1059.366682 574.845804
-1063.775432 578.928905
-1068.182681 583.046207
-1072.588431 587.197709
-1076.992680 591.383410
-1081.395429 595.603312
-1085.796679 599.857414
-1090.196428 604.145715
-1094.594678 608.468217
-1098.991428 612.824918
-1103.386677 617.215820
-1107.780427 621.640922
-1112.172676 626.100223
-1116.563426 630.593725
-1120.952675 635.121426
-1125.340425 639.683328
-1129.726675 644.279429
-1134.103887 648.922443
-1138.474574 653.608132
-1142.838736 658.336496
-1147.196373 663.107535
-1151.547485 667.921250
-1155.892072 672.777639
-1160.230134 677.676703
-1164.561672 682.618442
-1168.886684 687.602856
-1173.205171 692.629945
-1177.517133 697.699710
-1181.822570 702.812149
-1186.121482 707.967263
-1190.413870 713.165052
-1194.699732 718.405517
-1198.979069 723.688656
-1203.251881 729.014470
-1207.518168 734.382960
-1211.777931 739.794124
-1216.031168 745.247964
-1220.277880 750.744478
-1224.518067 756.283667
-1228.751729 761.865532
-1232.978867 767.490071
-1237.199479 773.157286
-1241.413566 778.867175
-1245.621128 784.619740
-1249.822166 790.414979
-1254.016678 796.252894
-1258.204665 802.133483
-1262.386127 808.056748
-1266.561065 814.022688
-1270.729477 820.031302
-1274.891364 826.082592
-1279.046727 832.176557
-1283.195564 838.313196
-1287.337876 844.492511
-1291.473663 850.714501
-1295.602926 856.979165
-1299.725663 863.286505
-1303.831825 869.591595
-1307.924763 875.909410
-1312.004475 882.239950
-1316.070962 888.583214
-1320.124225 894.939204
-1324.164262 901.307919
-1328.191074 907.689359
-1332.204662 914.083524
-1336.205024 920.490414
-1340.192162 926.910029
-1344.166074 933.342369
-1348.126761 939.787434
-1352.074224 946.245224
-1356.008461 952.715739
-1359.929474 959.198979
-1363.837261 965.694944
-1367.731823 972.203634
-1371.613161 978.725049
-1375.481273 985.259189
-1379.336161 991.806054
-1383.177823 998.365644
-1387.006261 1004.937959
-1390.821473 1011.523000
-1394.623461 1018.120765
-1398.412223 1024.731255
-1402.187761 1031.354470
-1405.950073 1037.990410
-1409.699161 1044.639076
-1413.435023 1051.300466
-1417.157661 1057.974581
-1420.867073 1064.661422
-1424.563261 1071.360987
-1428.246223 1078.073277
-1431.915961 1084.798293
-1435.572473 1091.536033
-1439.215761 1098.286498
-1442.845824 1105.049689
-1446.462661 1111.825604
-1450.066274 1118.614245
-1453.656661 1125.415610
-1457.264049 1132.219613
-1460.878362 1139.029616
-1464.499599 1145.845619
-1468.127762 1152.667622
-1471.762850 1159.495625
-1475.404862 1166.329628
-1479.053800 1173.169631
-1482.709663 1180.015634
-1486.372451 1186.867638
-1490.042163 1193.725641
-1493.718801 1200.589644
-1497.402364 1207.459647
-1501.092852 1214.335650
-1504.790265 1221.217653
-1508.494602 1228.105656
-1512.205865 1234.999659
-1515.924053 1241.899663
-1519.649166 1248.805666
-1523.381204 1255.717669
-1527.120167 1262.635672
-1530.866055 1269.559675
-1534.618868 1276.489679
-1538.378606 1283.425682
-1542.145269 1290.367685
-1545.918857 1297.315689
-1549.699370 1304.269692
-1553.486808 1311.229695
-1557.281171 1318.195698
-1561.082459 1325.167702
-1564.890672 1332.145705
-1568.705810 1339.129708
-1572.527873 1346.119712
-1576.356862 1353.115715
-1580.192775 1360.117719
-1584.035613 1367.125722
-1587.885376 1374.139725
-1591.742064 1381.159729
-1595.605678 1388.185732
-1599.476216 1395.217736
-1603.353679 1402.255739
-1607.242867 1409.325768
-1611.142180 1416.419146
-1615.051619 1423.535875
-1618.971182 1430.675953
-1622.900870 1437.839382
-1626.840683 1445.026160
-1630.790621 1452.236289
-1634.750684 1459.469767
-1638.720872 1466.726596
-1642.701185 1474.006775
-1646.691623 1481.310303
-1650.692186 1488.637182
-1654.702874 1495.987411
-1658.723687 1503.360989
-1662.754625 1510.757918
-1666.795687 1518.178197
-1670.846875 1525.621825
-1674.908188 1533.088804
-1678.979626 1540.579133
-1683.061188 1548.092812
-1687.152876 1555.629840
-1691.254689 1563.190219
-1695.366626 1570.773948
-1699.488689 1578.381027
-1703.620877 1586.011456
-1707.763189 1593.665234
-1711.915627 1601.342363
-1716.078189 1609.042842
-1720.250877 1616.766671
-1724.433689 1624.513850
-1728.626627 1632.284379
-1732.829689 1640.078258
-1737.042877 1647.895487
-1741.266189 1655.736066
-1745.499626 1663.599995
-1749.743189 1671.487274
-1753.996876 1679.397903
-1758.260688 1687.331882
-1762.534625 1695.289211
-1766.818687 1703.269890
-1771.081487 1711.259069
-1775.333487 1719.261698
-1779.574687 1727.277777
-1783.805086 1735.307307
-1788.024686 1743.350286
-1792.233485 1751.406715
-1796.431485 1759.476594
-1800.618685 1767.559923
-1804.795084 1775.656703
-1808.960684 1783.766932
-1813.115484 1791.890611
-1817.259483 1800.027740
-1821.392683 1808.178320
-1825.515082 1816.342349
-1829.626682 1824.519829
-1833.727481 1832.710758
-1837.817481 1840.915137
-1841.896680 1849.132967
-1845.965080 1857.364246
-1850.022679 1865.608976
-1854.069479 1873.867155
-1858.105478 1882.138785
-1862.130678 1890.423864
-1866.145077 1898.722394
-1870.148677 1907.034373
-1874.141476 1915.359803
-1878.123475 1923.698682
-1882.094675 1932.051012
-1886.055074 1940.416792
-1890.004673 1948.796021
-1893.943473 1957.188701
-1897.871472 1965.594831
-1901.788671 1974.014410
-1905.695071 1982.447440
-1909.590670 1990.893920
-1913.475469 1999.353849
-1917.349469 2007.827229
-1921.212668 2016.314059
-1925.065067 2024.814339
-1928.906666 2033.328069
-1932.746241 2041.835074
-1936.580865 2050.342078
-1940.410539 2058.849083
-1944.235263 2067.356088
-1948.055038 2075.863093
-1951.869862 2084.370098
-1955.679736 2092.877103
-1959.484660 2101.384108
-1963.284634 2109.891113
-1967.079659 2118.398117
-1970.869733 2126.905122
-1974.654857 2135.412127
-1978.435031 2143.919132
-1982.210255 2152.426137
-1985.980529 2160.933142
-1989.745853 2169.440147
-1993.506227 2177.947152
-1997.261651 2186.454157
-2001.012126 2194.961162
-2004.757650 2203.468167
-2008.498224 2211.975172
-2012.233848 2220.482177
-2015.964522 2228.989182
-2019.690246 2237.496187
-2023.411020 2246.003192
-2027.126844 2254.510197
-2030.837718 2263.017202
-2034.543642 2271.524207
-2038.244616 2280.031212
-2041.940640 2288.538217
-2045.631714 2297.045222
-2049.317838 2305.552227
-2052.999012 2314.059232
-2056.675236 2322.566237
-2060.346509 2331.073242
-2064.012833 2339.580248
-2067.674207 2348.087253
-2071.330631 2356.594258
-2074.982105 2365.101263
-2078.628629 2373.608268
-2082.284603 2382.130498
-2085.945227 2390.662878
-2089.610501 2399.205408
-2093.280425 2407.758088
-2096.954999 2416.320918
-2100.634223 2424.893898
-2104.318097 2433.477028
-2108.006621 2442.070308
-2111.699796 2450.673738
-2115.397620 2459.287318
-2119.100094 2467.911047
-2122.807218 2476.544927
-2126.518993 2485.188957
-2130.235417 2493.843137
-2133.956492 2502.507466
-2137.682216 2511.181946
-2141.412591 2519.866575
-2145.147615 2528.561355
-2148.887290 2537.266285
-2152.631614 2545.981364
-2156.380589 2554.706594
-2160.134213 2563.441973
-2163.892488 2572.187502
-2167.655413 2580.943182
-2171.422988 2589.709011
-2175.195212 2598.484991
-2178.972087 2607.271120
-2182.753612 2616.067399
-2186.539787 2624.873828
-2190.330612 2633.690408
-2194.126087 2642.517137
-2197.926212 2651.354016
-2201.730987 2660.201045
-2205.540412 2669.058224
-2209.354487 2677.925553
-2213.173212 2686.803032
-2216.996587 2695.690662
-2220.824613 2704.588441
-2224.657288 2713.496369
-2228.494613 2722.414448
-2232.316451 2731.320777
-2236.129514 2740.222656
-2239.933801 2749.120085
-2243.729314 2758.013064
-2247.516052 2766.901593
-2251.294014 2775.785672
-2255.063202 2784.665302
-2258.823615 2793.540481
-2262.575253 2802.411210
-2266.318115 2811.277489
-2270.052203 2820.139318
-2273.777516 2828.996697
-2277.494053 2837.849626
-2281.201816 2846.698105
-2284.900804 2855.542134
-2288.591017 2864.381714
-2292.272454 2873.216843
-2295.945117 2882.047522
-2299.609005 2890.873751
-2303.264117 2899.695531
-2306.910455 2908.512860
-2310.548018 2917.325739
-2314.176805 2926.134168
-2317.796818 2934.938148
-2321.408056 2943.737677
-2325.010518 2952.532756
-2328.604206 2961.323386
-2332.189119 2970.109565
-2335.765256 2978.891294
-2339.332619 2987.668574
-2342.891207 2996.441403
-2346.441019 3005.209783
-2349.982057 3013.973712
-2353.514319 3022.733191
-2357.037807 3031.488221
-2360.552520 3040.238800
-2364.058457 3048.984930
-2367.555620 3057.726609
-2371.044008 3066.463839
-2374.523620 3075.196618
-2378.001095 3083.889660
-2381.474220 3092.554727
-2384.942996 3101.191819
-2388.407421 3109.800936
-2391.867496 3118.382078
-2395.323221 3126.935246
-2398.774597 3135.460438
-2402.221622 3143.957655
-2405.664297 3152.426897
-2409.102623 3160.868164
-2412.536598 3169.281456
-2415.966224 3177.666773
-2419.391499 3186.024115
-2422.812424 3194.353482
-2426.229000 3202.654874
-2429.641225 3210.928292
-2433.049101 3219.173734
-2436.452626 3227.391201
-2439.851802 3235.580693
-2443.246628 3243.742210
-2446.637103 3251.875752
-2450.023229 3259.981319
-2453.405005 3268.058912
-2456.782430 3276.108529
-2460.155506 3284.130171
-2463.524232 3292.123838
-2466.888607 3300.089530
-2470.248633 3308.027248
-2473.604309 3315.936990
-2476.955635 3323.818757
-2480.302611 3331.672549
-2483.645237 3339.498367
-2486.983512 3347.296209
-2490.317438 3355.066076
-2493.647014 3362.807968
-2496.972240 3370.521886
-2500.293116 3378.207828
-2503.609642 3385.865795
-2506.921818 3393.495787
-2510.229644 3401.097805
-2513.546620 3408.719922
-2516.868247 3416.346114
-2520.194523 3423.976382
-2523.525449 3431.610724
-2526.861025 3439.249141
-2530.201251 3446.891634
-2533.546128 3454.538201
-2536.895654 3462.188844
-2540.249830 3469.843561
-2543.608657 3477.502353
-2546.972133 3485.165221
-2550.340260 3492.832163
-2553.713036 3500.503181
-2557.090463 3508.178273
-2560.472539 3515.857441
-2563.859266 3523.540683
-2567.250643 3531.228001
-2570.646669 3538.919393
-2574.047346 3546.614861
-2577.452673 3554.314404
-2580.862649 3562.018021
-2584.277276 3569.725714
-2587.696553 3577.437481
-2591.120480 3585.153324
-2594.549057 3592.873242
-2597.982284 3600.597234
-2601.420161 3608.325302
-2604.862688 3616.057445
-2608.309865 3623.793662
-2611.761692 3631.533955
-2615.218169 3639.278323
-2618.679296 3647.026765
-2622.145073 3654.779283
-2625.615501 3662.535876
-2629.090578 3670.296544
-2632.570305 3678.061286
-2636.054683 3685.830104
-2639.543710 3693.602997
-2643.037387 3701.379965
-2646.535715 3709.161008
-2650.014055 3716.940275
-2653.480620 3724.719718
-2656.935409 3732.499336
-2660.378424 3740.279129
-2663.809664 3748.059097
-2667.229129 3755.839240
-2670.636819 3763.619558
-2674.032734 3771.400052
-2677.416874 3779.180720
-2680.789239 3786.961563
-2684.149829 3794.742581
-2687.498643 3802.523774
-2690.835683 3810.305143
-2694.160948 3818.086686
-2697.474438 3825.868404
-2700.776153 3833.650298
-2704.066093 3841.432366
-2707.344258 3849.214610
-2710.610648 3856.997028
-2713.865262 3864.779622
-2717.108102 3872.562391
-2720.339167 3880.345334
-2723.558457 3888.128453
-2726.765972 3895.911747
-2729.961712 3903.695215
-2733.145677 3911.478859
-2736.317866 3919.262678
-2739.478281 3927.046672
-2742.626921 3934.830841
-2745.763786 3942.615185
-2748.888876 3950.399704
-2752.002191 3958.184398
-2755.103731 3965.969267
-2758.193495 3973.754311
-2761.271485 3981.539530
-2764.337700 3989.324924
-2767.392140 3997.110493
-2770.434805 4004.896237
-2773.465695 4012.682157
-2776.484809 4020.468251
-2779.508537 4028.257633
-2782.531414 4036.049264
-2785.553441 4043.843146
-2788.574619 4051.639278
-2791.594946 4059.437660
-2794.614424 4067.238291
-2797.633051 4075.041173
-2800.650828 4082.846305
-2803.667756 4090.653687
-2806.683833 4098.463318
-2809.699061 4106.275200
-2812.713438 4114.089332
-2815.726965 4121.905713
-2818.739643 4129.724345
-2821.751470 4137.545227
-2824.762448 4145.368358
-2827.772575 4153.193740
-2830.781853 4161.021372
-2833.790280 4168.851253
-2836.797858 4176.683385
-2839.804585 4184.517767
-2842.810463 4192.354398
-2845.815490 4200.193280
-2848.819668 4208.034412
-2851.822995 4215.877793
-2854.825473 4223.723425
-2857.827100 4231.571306
-2860.827878 4239.421438
-2863.827806 4247.273820
-2866.826883 4255.128451
-2869.825111 4262.985333
-2872.822488 4270.844464
-2875.819016 4278.705846
-2878.814693 4286.569477
-2881.809521 4294.435359
-2884.803499 4302.303490
-2887.796626 4310.173872
-2890.788904 4318.046504
-2893.780332 4325.921385
-2896.770909 4333.798517
-2899.736149 4341.695373
-2902.684215 4349.606130
-2905.615105 4357.530786
-2908.528820 4365.469343
-2911.425360 4373.421799
-2914.304725 4381.388156
-2917.166915 4389.368412
-2920.011930 4397.362569
-2922.839770 4405.370626
-2925.650435 4413.392582
-2928.443925 4421.428439
-2931.220240 4429.478195
-2933.979380 4437.541852
-2936.721345 4445.619409
-2939.446135 4453.710865
-2942.153750 4461.816222
-2944.844190 4469.935479
-2947.517455 4478.068635
-2950.173545 4486.215692
-2952.812460 4494.376649
-2955.434200 4502.551505
-2958.038765 4510.740262
-2960.626154 4518.942919
-2963.196369 4527.159475
-2965.749409 4535.389932
-2968.285274 4543.634289
-2970.803964 4551.892546
-2973.305479 4560.164702
-2975.789819 4568.450759
-2978.256983 4576.750716
-2980.706973 4585.064573
-2983.139788 4593.392329
-2985.555428 4601.733986
-2987.953892 4610.089543
-2990.335182 4618.459000
-2992.699297 4626.842357
-2995.046237 4635.239613
-2997.376001 4643.650770
-2999.688591 4652.075827
-3001.984006 4660.514784
-3004.276270 4668.968091
-3006.560710 4677.435598
-3008.837325 4685.917304
-3011.106114 4694.413211
-3013.367079 4702.923318
-3015.620219 4711.447625
-3017.865534 4719.986132
-3020.103023 4728.538839
-3022.332688 4737.105746
-3024.554528 4745.686853
-3026.768542 4754.282160
-3028.974732 4762.891667
-3031.173097 4771.515374
-3033.363636 4780.153281
-3035.546351 4788.805388
-3037.721241 4797.471695
-3039.888305 4806.152202
-3042.047545 4814.846909
-3044.198960 4823.555816
-3046.342549 4832.278923
-3048.478314 4841.016231
-3050.606253 4849.767738
-3052.726368 4858.533445
-3054.838658 4867.313352
-3056.943122 4876.107459
-3059.039762 4884.915766
-3061.128577 4893.738274
-3063.209566 4902.574981
-3065.282731 4911.425888
-3067.348071 4920.290995
-3069.405585 4929.170302
-3071.455275 4938.063810
-3073.497139 4946.971517
-3075.531179 4955.893424
-3077.557394 4964.829532
-3079.575783 4973.779839
-3081.586348 4982.744346
-3083.589088 4991.723054
-3085.584002 5000.715961
-3087.571092 5009.723068
-3089.571019 5018.746288
-3091.576896 5027.784983
-3093.588723 5036.839153
-3095.606500 5045.908798
-3097.630227 5054.993918
-3099.659905 5064.094513
-3101.695532 5073.210583
-3103.737109 5082.342127
-3105.784636 5091.489147
-3107.838113 5100.651642
-3109.897540 5109.829612
-3111.962917 5119.023057
-3114.034245 5128.231977
-3116.111522 5137.456372
-3118.194749 5146.696242
-3120.283926 5155.951587
-3122.379053 5165.222407
-3124.480131 5174.508702
-3126.587158 5183.810472
-3128.700135 5193.127717
-3130.819062 5202.460437
-3132.943939 5211.808632
-3135.074767 5221.172302
-3137.211544 5230.551447
-3139.354271 5239.946067
-3141.502948 5249.356162
-3143.657575 5258.781732
-3145.818153 5268.222777
-3147.984680 5277.679297
-3150.157157 5287.151292
-3152.335584 5296.638762
-3154.519962 5306.141707
-3156.710289 5315.660127
-3158.906566 5325.194022
-3161.108793 5334.743392
-3163.316970 5344.308237
-3165.531098 5353.888557
-3167.751175 5363.484352
-3169.977202 5373.095622
-3172.209180 5382.722367
-3174.438782 5392.356899
-3176.668784 5402.001782
-3178.899186 5411.657015
-3181.129989 5421.322597
-3183.361191 5430.998530
-3185.592793 5440.684812
-3187.824796 5450.381445
-3190.057198 5460.088427
-3192.290001 5469.805760
-3194.523203 5479.533442
-3196.756806 5489.271475
-3198.990808 5499.019857
-3201.225210 5508.778590
-3203.460013 5518.547672
-3205.695215 5528.327105
-3207.930818 5538.116887
-3210.166820 5547.917020
-3212.403223 5557.727502
-3214.640025 5567.548335
-3216.877228 5577.379517
-3219.114831 5587.221050
-3221.352833 5597.072932
-3223.591236 5606.935165
-3225.830038 5616.807747
-3228.069241 5626.690680
-3230.308844 5636.583962
-3232.548846 5646.487595
-3234.789249 5656.401577
-3237.030052 5666.325909
-3239.271254 5676.260592
-3241.512857 5686.205624
-3243.754860 5696.161007
-3245.997263 5706.126739
-3248.240065 5716.102822
-3250.483268 5726.089254
-3252.726871 5736.086037
-3254.970874 5746.093169
-3257.215277 5756.110651
-3259.460079 5766.138484
-3261.705282 5776.176666
-3263.964198 5786.210461
-3266.232388 5796.244781
-3268.509853 5806.279626
-3270.796593 5816.314996
-3273.092609 5826.350891
-3275.397899 5836.387311
-3277.712464 5846.424255
-3280.036304 5856.461725
-3282.369420 5866.499720
-3284.711810 5876.538240
-3287.063475 5886.577285
-3289.424415 5896.616855
-3291.794631 5906.656950
-3294.174121 5916.697570
-3296.562886 5926.738715
-3298.960926 5936.780384
-3301.368241 5946.822579
-3303.784831 5956.865299
-3306.210696 5966.908544
-3308.645837 5976.952314
-3311.090252 5986.996609
-3313.543942 5997.041429
-3316.006907 6007.086774
-3318.479147 6017.132643
-3320.960662 6027.179038
-3323.451452 6037.225958
-3325.951517 6047.273403
-3328.460857 6057.321373
-3330.979472 6067.369868
-3333.507362 6077.418887
-3336.044527 6087.468432
-3338.590967 6097.518502
-3341.146682 6107.569097
-3343.711672 6117.620217
-3346.285937 6127.671862
-3348.869477 6137.724031
-3351.462292 6147.776726
-3354.064382 6157.829946
-3356.675747 6167.883691
-3359.296387 6177.937961
-3361.938002 6187.970181
-3364.596692 6197.987876
-3367.272457 6207.991045
-3369.965297 6217.979690
-3372.675212 6227.953810
-3375.402202 6237.913406
-3378.146267 6247.858476
-3380.907407 6257.789021
-3383.685622 6267.705041
-3386.480912 6277.606536
-3389.293277 6287.493506
-3392.122717 6297.365951
-3394.969232 6307.223872
-3397.832822 6317.067267
-3400.713488 6326.896137
-3403.611228 6336.710483
-3406.526043 6346.510303
-3409.457933 6356.295599
-3412.406898 6366.066369
-3415.372939 6375.822615
-3418.356054 6385.564335
-3421.356244 6395.291531
-3424.373510 6405.004201
-3427.407850 6414.702347
-3430.459265 6424.385968
-3433.527756 6434.055063
-3436.613321 6443.709634
-3439.715961 6453.349680
-3442.835677 6462.975201
-3445.972467 6472.586197
-3449.126333 6482.182667
-3452.297273 6491.764613
-3455.485289 6501.332034
-3458.690379 6510.884930
-3461.912545 6520.423301
-3465.151785 6529.947147
-3468.408101 6539.456468
-3471.681491 6548.951264
-3474.971957 6558.431536
-3478.279497 6567.897282
-3481.594288 6577.378466
-3484.919604 6586.865099
-3488.255445 6596.357183
-3491.601810 6605.854717
-3494.958701 6615.357701
-3498.326117 6624.866135
-3501.704058 6634.380018
-3505.092524 6643.899352
-3508.491515 6653.424136
-3511.901031 6662.954370
-3515.321072 6672.490054
-3518.751639 6682.031188
-3522.192730 6691.577773
-3525.644346 6701.129807
-3529.106487 6710.687291
-3532.579154 6720.250225
-3536.062345 6729.818609
-3539.556062 6739.392444
-3543.060303 6748.971728
-3546.575070 6758.556462
-3550.100361 6768.146647
-3553.636178 6777.742281
-3557.182520 6787.343365
-3560.739387 6796.949900
-3564.306778 6806.561884
-3567.884695 6816.179319
-3571.473137 6825.802203
-3575.072104 6835.430538
-3578.681596 6845.064323
-3582.301613 6854.703557
-3585.932155 6864.348242
-3589.573222 6873.998377
-3593.224815 6883.653962
-3596.886932 6893.314996
-3600.559574 6902.981481
-3604.242742 6912.653416
-3607.936434 6922.330801
-3611.640651 6932.013636
-3615.355394 6941.701921
-3619.080661 6951.395656
-3622.782516 6961.091466
-3626.472271 6970.790476
-3630.149926 6980.492686
-3633.815481 6990.198096
-3637.468936 6999.906706
-3641.110291 7009.618516
-3644.739546 7019.333526
-3648.356701 7029.051736
-3651.961756 7038.773146
-3655.554711 7048.497756
-3659.135566 7058.225566
-3662.704321 7067.956576
-3666.260975 7077.690786
-3669.805530 7087.428196
-3673.337985 7097.168806
-3676.858340 7106.912617
-3680.366595 7116.659627
-3683.862749 7126.409837
-3687.346804 7136.163247
-3690.818759 7145.919857
-3694.278614 7155.679667
-3697.726369 7165.442678
-3701.162023 7175.208888
-3704.585578 7184.978298
-3707.997033 7194.750908
-3711.396387 7204.526718
-3714.783642 7214.305729
-3718.158797 7224.087939
-3721.521852 7233.873349
-3724.872806 7243.661959
-3728.211661 7253.453770
-3731.538416 7263.248780
-3734.853070 7273.046990
-3738.155625 7282.848400
-3741.446079 7292.653011
-3744.724434 7302.460821
-3747.990689 7312.271831
-3751.244843 7322.086042
-3754.486898 7331.903452
-3757.716852 7341.724062
-3760.926307 7351.543410
-3764.118061 7361.362983
-3767.292116 7371.182781
-3770.448471 7381.002804
-3773.587125 7390.823052
-3776.708080 7400.643524
-3779.811335 7410.464222
-3782.896889 7420.285145
-3785.964744 7430.106293
-3789.014898 7439.927666
-3792.047353 7449.749264
-3795.062108 7459.571087
-3798.059163 7469.393134
-3801.038517 7479.215407
-3804.000172 7489.037905
-3806.944127 7498.860628
-3809.870381 7508.683576
-3812.778936 7518.506749
-3815.669791 7528.330147
-3818.542946 7538.153769
-3821.398400 7547.977617
-3824.236155 7557.801690
-3827.056210 7567.625988
-3829.858565 7577.450511
-3832.643220 7587.275259
-3835.410174 7597.100231
-3838.159429 7606.925429
-3840.890984 7616.750852
-3843.604839 7626.576500
-3846.300994 7636.402373
-3848.979449 7646.228471
-3851.640203 7656.054794
-3854.283258 7665.881341
-3856.908613 7675.708114
-3859.516268 7685.535112
-3862.106223 7695.362335
-3864.678478 7705.189783
-3867.233033 7715.017456
-3869.769888 7724.845354
-3872.289043 7734.673476
-3874.812398 7744.532087
-3877.332653 7754.411097
-3879.849808 7764.310508
-3882.363863 7774.230318
-3884.874817 7784.170529
-3887.382672 7794.131139
-3889.887427 7804.112150
-3892.389082 7814.113561
-3894.887637 7824.135371
-3897.383092 7834.177582
-3899.875447 7844.240193
-3902.364702 7854.323204
-3904.850857 7864.426615
-3907.333912 7874.550426
-3909.813867 7884.694637
-3912.290722 7894.859248
-3914.764477 7905.044259
-3917.235132 7915.249670
-3919.702687 7925.475481
-3922.167142 7935.721692
-3924.628497 7945.988303
-3927.086751 7956.275315
-3929.541906 7966.582726
-3931.993961 7976.910537
-3934.442916 7987.258749
-3936.888771 7997.627360
-3939.331526 8008.016371
-3941.771181 8018.425783
-3944.207736 8028.855594
-3946.641191 8039.305806
-3949.071546 8049.776418
-3951.498801 8060.267429
-3953.922956 8070.778841
-3956.344011 8081.310653
-3958.761966 8091.862864
-3961.176821 8102.435476
-3963.588575 8113.028488
-3965.997230 8123.641900
-3968.402785 8134.275712
-3970.805240 8144.929924
-3973.210558 8155.576223
-3975.616750 8166.224048
-3978.023818 8176.873397
-3980.431760 8187.524272
-3982.840577 8198.176672
-3985.250270 8208.830596
-3987.660837 8219.486046
-3990.072280 8230.143021
-3992.484597 8240.801520
-3994.897790 8251.461545
-3997.311857 8262.123095
-3999.726800 8272.786170
-4002.142617 8283.450770
-4004.559310 8294.116894
-4006.976877 8304.784544
-4009.395320 8315.453719
-4011.814637 8326.124419
-4014.234830 8336.796644
-4016.655897 8347.470394
-4019.077840 8358.145669
-4021.500657 8368.822469
-4023.924350 8379.500794
-4026.348917 8390.180645
-4028.774360 8400.862020
-4031.200677 8411.544920
-4033.627870 8422.229345
-4036.055937 8432.915295
-4038.484880 8443.602771
-4040.914697 8454.291771
-4043.345390 8464.982296
-4045.776958 8475.674347
-4048.209400 8486.367922
-4050.642718 8497.063023
-4053.076910 8507.759648
-4055.511978 8518.457799
-4057.947920 8529.157474
-4060.384738 8539.858675
-4062.822430 8550.561400
-4065.260998 8561.265651
-4067.700441 8571.971426
-4070.144996 8582.651127
-4072.593251 8593.313953
-4075.045206 8603.959904
-4077.500861 8614.588979
-4079.960216 8625.201180
-4082.423271 8635.796506
-4084.890026 8646.374957
-4087.360481 8656.936532
-4089.834636 8667.481233
-4092.312491 8678.009059
-4094.794046 8688.520010
-4097.279301 8699.014086
-4099.768255 8709.491287
-4102.260910 8719.951613
-4104.757265 8730.395064
-4107.257320 8740.821640
-4109.761075 8751.231341
-4112.268530 8761.624167
-4114.779685 8772.000118
-4117.294540 8782.359194
-4119.813094 8792.701395
-4122.335349 8803.026721
-4124.861304 8813.335173
-4127.390959 8823.626749
-4129.924314 8833.901450
-4132.461368 8844.159276
-4135.002123 8854.400228
-4137.546578 8864.624304
-4140.094732 8874.831505
-4142.646587 8885.021832
-4145.202142 8895.195283
-4147.761397 8905.351859
-4150.324351 8915.491561
-4152.891006 8925.614387
-4155.461361 8935.720339
-4158.035415 8945.809415
-4160.613170 8955.881617
-4163.194624 8965.936943
-4165.779779 8975.975395
-4168.368634 8985.996971
-4170.976976 8996.003360
-4173.599543 9005.993999
-4176.236335 9015.968888
-4178.887352 9025.928027
-4181.552594 9035.871416
-4184.232061 9045.799055
-4186.925753 9055.710944
-4189.633670 9065.607083
-4192.355813 9075.487472
-4195.092180 9085.352111
-4197.842772 9095.201000
-4200.607589 9105.034138
-4203.386631 9114.851527
-4206.179898 9124.653166
-4208.987390 9134.439055
-4211.809107 9144.209193
-4214.645049 9153.963582
-4217.495216 9163.702221
-4220.359608 9173.425109
-4223.238225 9183.132248
-4226.131068 9192.823637
-4229.038135 9202.499275
-4231.959427 9212.159164
-4234.894944 9221.803302
-4237.844686 9231.431691
-4240.808653 9241.044329
-4243.786845 9250.641218
-4246.779262 9260.222356
-4249.785904 9269.787745
-4252.806771 9279.337383
-4255.841863 9288.871272
-4258.891180 9298.389410
-4261.954722 9307.891799
-4265.032489 9317.378437
-4268.124481 9326.849325
-4271.230698 9336.304464
-4274.351140 9345.743852
-4277.485808 9355.167490
-4280.634700 9364.575378
-4283.797817 9373.967517
-4286.971371 9383.320655
-4290.156626 9392.642543
-4293.353581 9401.933181
-4296.562235 9411.192570
-4299.782590 9420.420708
-4303.014645 9429.617596
-4306.258400 9438.783235
-4309.513854 9447.917623
-4312.781009 9457.020761
-4316.059864 9466.092650
-4319.350419 9475.133288
-4322.652674 9484.142677
-4325.966629 9493.120815
-4329.292284 9502.067704
-4332.629639 9510.983342
-4335.978694 9519.867731
-4339.339449 9528.720869
-4342.711905 9537.542758
-4346.096060 9546.333396
-4349.491915 9555.092785
-4352.899470 9563.820923
-4356.318726 9572.517812
-4359.749681 9581.183450
-4363.192336 9589.817839
-4366.646692 9598.420978
-4370.112747 9606.992866
-4373.590503 9615.533505
-4377.079958 9624.042893
-4380.581114 9632.521032
-4384.093969 9640.967921
-4387.618525 9649.383560
-4391.154781 9657.767948
-4394.702736 9666.121087
-4398.262392 9674.442976
-4401.833748 9682.733615
-4405.416804 9690.993003
-4409.011560 9699.221142
-4412.618015 9707.418031
-4416.236171 9715.583670
-4419.866027 9723.718059
-4423.531358 9731.854610
-4427.224239 9739.982186
-4430.944670 9748.100788
-4434.692651 9756.210414
-4438.468182 9764.311066
-4442.271262 9772.402742
-4446.101893 9780.485443
-4449.960074 9788.559170
-4453.845805 9796.623921
-4457.759086 9804.679698
-4461.699917 9812.726499
-4465.668297 9820.764326
-4469.664228 9828.793177
-4473.687709 9836.813054
-4477.738740 9844.823956
-4481.817320 9852.825882
-4485.923451 9860.818834
-4490.057132 9868.802810
-4494.218363 9876.777812
-4498.407143 9884.743839
-4502.623474 9892.700890
-4506.867355 9900.648967
-4511.138785 9908.588069
-4515.437766 9916.518196
-4519.764297 9924.439347
-4524.118377 9932.351524
-4528.500008 9940.254726
-4532.909188 9948.148953
-4537.345919 9956.034204
-4541.810200 9963.910481
-4546.302030 9971.777783
-4550.821411 9979.636110
-4555.368341 9987.485462
-4559.942822 9995.325839
-4564.544852 10003.157240
-4569.174433 10010.979667
-4573.831563 10018.793119
-4578.516244 10026.597596
-4583.228474 10034.393098
-4587.968255 10042.179625
-4592.738098 10049.923540
-4597.537166 10057.636054
-4602.365459 10065.317168
-4607.222977 10072.966883
-4612.109719 10080.585197
-4617.025687 10088.172112
-4621.970880 10095.727626
-4626.945298 10103.251740
-4631.948940 10110.744455
-4636.981808 10118.205769
-4642.043901 10125.635684
-4647.135218 10133.034198
-4652.255761 10140.401312
-4657.405528 10147.737027
-4662.584521 10155.041341
-4667.792738 10162.314255
-4673.030181 10169.555769
-4678.296848 10176.765884
-4683.592741 10183.944598
-4688.917858 10191.091912
-4694.272200 10198.207826
-4699.655768 10205.292341
-4705.068560 10212.345455
-4710.510577 10219.367169
-4715.981820 10226.357483
-4721.482287 10233.316398
-4727.011979 10240.243912
-4732.570896 10247.140026
-4738.159038 10254.004740
-4743.776405 10260.838054
-4749.422997 10267.639968
-4755.098814 10274.410483
-4760.803856 10281.149597
-4766.538123 10287.857311
-4772.301615 10294.533625
-4778.094332 10301.178539
-4783.916274 10307.792053
-4789.767441 10314.374167
-4795.647832 10320.924881
-4801.557449 10327.444195
-4807.483278 10333.942459
-4813.429658 10340.416223
-4819.396587 10346.865487
-4825.384066 10353.290251
-4831.392095 10359.690516
-4837.420674 10366.066280
-4843.469803 10372.417544
-4849.539482 10378.744308
-4855.629711 10385.046572
-4861.740490 10391.324336
-4867.871819 10397.577600
-4874.023698 10403.806364
-4880.196127 10410.010628
-4886.389105 10416.190392
-4892.602634 10422.345656
-4898.836713 10428.476420
-4905.091342 10434.582684
-4911.366520 10440.664448
-4917.662249 10446.721712
-4923.978527 10452.754475
-4930.315356 10458.762739
-4936.672735 10464.746503
-4943.050663 10470.705767
-4949.449142 10476.640531
-4955.868170 10482.550795
-4962.307748 10488.436559
-4968.767877 10494.297823
-4975.248555 10500.134587
-4981.749784 10505.946851
-4988.271562 10511.734615
-4994.813890 10517.497879
-5001.376768 10523.236643
-5007.960197 10528.950907
-5014.564175 10534.640670
-5021.188703 10540.305934
-5027.833781 10545.946698
-5034.499409 10551.562962
-5041.185587 10557.154726
-5047.892315 10562.721990
-5054.619593 10568.264754
-5061.365096 10573.799293
-5068.129599 10579.320181
-5074.913102 10584.827420
-5081.715605 10590.321009
-5088.537108 10595.800948
-5095.377611 10601.267237
-5102.237114 10606.719876
-5109.115617 10612.158865
-5116.013120 10617.584203
-5122.929623 10622.995892
-5129.865126 10628.393931
-5136.819629 10633.778320
-5143.793132 10639.149059
-5150.785635 10644.506148
-5157.797138 10649.849587
-5164.827641 10655.179375
-5171.877144 10660.495514
-5178.945647 10665.798003
-5186.033150 10671.086842
-5193.139653 10676.362031
-5200.265156 10681.623570
-5207.409659 10686.871459
-5214.573162 10692.105698
-5221.755665 10697.326286
-5228.957168 10702.533225
-5236.177671 10707.726514
-5243.417174 10712.906153
-5250.675677 10718.072142
-5257.953180 10723.224481
-5265.249683 10728.363170
-5272.565186 10733.488208
-5279.899689 10738.599597
-5287.253192 10743.697336
-5294.625695 10748.781425
-5302.017198 10753.851864
-5309.427701 10758.908653
-5316.857204 10763.951792
-5324.305708 10768.981280
-5331.773211 10773.997119
-5339.259714 10778.999308
-5346.759967 10783.993960
-5354.275720 10788.979036
-5361.806973 10793.954538
-5369.353726 10798.920464
-5376.915979 10803.876816
-5384.493732 10808.823593
-5392.086985 10813.760795
-5399.695738 10818.688421
-5407.319991 10823.606473
-5414.959744 10828.514950
-5422.614997 10833.413852
-5430.285750 10838.303179
-5437.972003 10843.182932
-5445.673756 10848.053109
-5453.391009 10852.913711
-5461.123762 10857.764738
-5468.872015 10862.606191
-5476.635769 10867.438068
-5484.415022 10872.260371
-5492.209775 10877.073098
-5500.020028 10881.876251
-5507.845781 10886.669828
-5515.687034 10891.453831
-5523.543787 10896.228259
-5531.416040 10900.993112
-5539.303793 10905.748390
-5547.207046 10910.494093
-5555.125799 10915.230221
-5563.060052 10919.956774
-5571.009806 10924.673752
-5578.975059 10929.381155
-5586.955812 10934.078983
-5594.952065 10938.767236
-5602.963818 10943.445915
-5610.991071 10948.115018
-5619.033824 10952.774547
-5627.092077 10957.424500
-5635.165830 10962.064879
-5643.255083 10966.695682
-5651.359836 10971.316911
-5659.475290 10975.921590
-5667.603043 10980.512043
-5675.743096 10985.088272
-5683.895449 10989.650276
-5692.060102 10994.198055
-5700.237055 10998.731608
-5708.426308 11003.250937
-5716.627862 11007.756041
-5724.841715 11012.246919
-5733.067868 11016.723573
-5741.306321 11021.186002
-5749.557074 11025.634205
-5757.820127 11030.068184
-5766.095481 11034.487938
-5774.383134 11038.893466
-5782.683087 11043.284770
-5790.995340 11047.661849
-5799.319894 11052.024702
-5807.656747 11056.373331
-5816.005900 11060.707735
-5824.367353 11065.027914
-5832.741107 11069.333867
-5841.127160 11073.625596
-5849.525513 11077.903100
-5857.936166 11082.166378
-5866.359120 11086.415432
-5874.794373 11090.650261
-5883.241926 11094.870864
-5891.701780 11099.077243
-5900.173933 11103.269397
-5908.658386 11107.447326
-5917.155140 11111.611029
-5925.664193 11115.760508
-5934.185546 11119.895762
-5942.719200 11124.016790
-5951.265153 11128.123594
-5959.823406 11132.216173
-5968.393960 11136.294527
-5976.976813 11140.358655
-5985.571966 11144.408559
-5994.082932 11148.451588
-6002.541873 11152.485291
-6010.948789 11156.509670
-6019.303680 11160.524724
-6027.606546 11164.530452
-6035.857387 11168.526856
-6044.056203 11172.513935
-6052.202994 11176.491688
-6060.297760 11180.460117
-6068.340501 11184.419221
-6076.331217 11188.368999
-6084.269908 11192.309453
-6092.156574 11196.240581
-6099.991215 11200.162385
-6107.773831 11204.074863
-6115.504423 11207.978017
-6123.182989 11211.871845
-6130.809530 11215.756349
-6138.384046 11219.631527
-6145.906537 11223.497381
-6153.377003 11227.353909
-6160.795444 11231.201113
-6168.161861 11235.038991
-6175.476252 11238.867545
-6182.738618 11242.686773
-6189.948959 11246.496676
-6197.107276 11250.297255
-6204.213567 11254.088508
-6211.267833 11257.870436
-6218.270074 11261.643040
-6225.220291 11265.406318
-6232.118482 11269.160271
-6238.964648 11272.904900
-6245.758790 11276.640203
-6252.500906 11280.366181
-6259.190997 11284.082835
-6265.829064 11287.790163
-6272.415105 11291.488166
-6278.949122 11295.176844
-6285.431113 11298.856197
-6291.827105 11302.505826
-6298.148421 11306.132529
-6304.395062 11309.736307
-6310.567029 11313.317160
-6316.664320 11316.875089
-6322.686937 11320.410092
-6328.634878 11323.922170
-6334.508145 11327.411324
-6340.306737 11330.877552
-6346.030653 11334.320855
-6351.679895 11337.741234
-6357.254461 11341.138687
-6362.754353 11344.513215
-6368.179570 11347.864819
-6373.530111 11351.193497
-6378.805978 11354.499251
-6384.007169 11357.782079
-6389.133686 11361.041982
-6394.185528 11364.278961
-6399.162695 11367.493014
-6404.065186 11370.684143
-6408.893003 11373.852346
-6413.646145 11376.997625
-6418.324611 11380.119978
-6422.928403 11383.219407
-6427.457520 11386.295910
-6431.911962 11389.349489
-6436.291729 11392.380142
-6440.596820 11395.387871
-6444.827237 11398.372674
-6448.982979 11401.334553
-6453.064046 11404.273506
-6457.070438 11407.189535
-6461.002155 11410.082638
-6464.859197 11412.952817
-6468.641564 11415.800071
-6472.349256 11418.624399
-6475.982272 11421.425803
-6479.540614 11424.204281
-6483.024281 11426.959835
-6486.429786 11429.718151
-6489.758290 11432.470668
-6493.009795 11435.217384
-6496.184300 11437.958300
-6499.281804 11440.693416
-6502.302309 11443.422733
-6505.245814 11446.146249
-6508.112318 11448.863966
-6510.901823 11451.575882
-6513.614328 11454.281999
-6516.249833 11456.982315
-6518.808338 11459.676832
-6521.289842 11462.365548
-6523.694347 11465.048465
-6526.021852 11467.725582
-6528.272357 11470.396899
-6530.445862 11473.062415
-6532.542367 11475.722132
-6534.561872 11478.376049
-6536.504377 11481.024166
-6538.369883 11483.666483
-6540.158388 11486.303000
-6541.869893 11488.933717
-6543.504398 11491.558634
-6545.061903 11494.177751
-6546.542409 11496.791068
-6547.945914 11499.398585
-6549.272419 11502.000302
-6550.521925 11504.596219
-6551.694430 11507.186337
-6552.789935 11509.770654
-6553.808441 11512.349171
-6554.749946 11514.921889
-6555.614452 11517.488806
-6556.401957 11520.049923
-6557.112463 11522.605241
-6557.745969 11525.154758
-6558.302474 11527.698476
-6558.781980 11530.236393
-6559.184486 11532.768511
-6559.556341 11535.262016
-6559.882097 11537.727846
-6560.161753 11540.166001
-6560.395308 11542.576481
-6560.582764 11544.959287
-6560.724120 11547.314417
-6560.819375 11549.641872
-6560.868531 11551.941652
-6560.871587 11554.213757
-6560.828542 11556.458187
-6560.739398 11558.674942
-6560.604154 11560.864022
-6560.422810 11563.025428
-6560.195365 11565.159158
-6559.921821 11567.265213
-6559.602177 11569.343593
-6559.236432 11571.394298
-6558.824588 11573.417328
-6558.366644 11575.412683
-6557.862599 11577.380364
-6557.312455 11579.320369
-6556.716211 11581.232699
-6556.073867 11583.117354
-6555.385422 11584.974334
-6554.650878 11586.803640
-6553.870234 11588.605270
-6553.043490 11590.379225
-6552.170645 11592.125505
-6551.251701 11593.844110
-6550.286657 11595.535041
-6549.275513 11597.198296
-6548.218268 11598.833876
-6547.114924 11600.441781
-6545.965480 11602.022012
-6544.769935 11603.574567
-6543.528291 11605.099447
-6542.240547 11606.596652
-6540.906703 11608.066183
-6539.526758 11609.508038
-6538.100714 11610.922218
-6536.659208 11612.304373
-6535.192026 11613.655954
-6533.699169 11614.976959
-6532.180637 11616.267389
-6530.636431 11617.527245
-6529.066549 11618.756525
-6527.470992 11619.955231
-6525.849761 11621.123361
-6524.202854 11622.260917
-6522.530272 11623.367897
-6520.832016 11624.444303
-6519.108084 11625.490133
-6517.358477 11626.505389
-6515.583196 11627.490069
-6513.782239 11628.444175
-6511.955608 11629.367706
-6510.103301 11630.260661
-6508.225319 11631.123042
-6506.321663 11631.954848
-6504.392331 11632.756078
-6502.437325 11633.526734
-6500.456643 11634.266815
-6498.450287 11634.976321
-6496.418255 11635.655252
-6494.360549 11636.303607
-6492.277167 11636.921388
-6490.168111 11637.508594
-6488.033379 11638.065225
-6485.872973 11638.591281
-6483.686891 11639.086762
-6481.475135 11639.551668
-6479.237703 11639.985999
-6476.974597 11640.389755
-6474.685815 11640.762936
-6472.371359 11641.105542
-6470.031227 11641.417573
-6467.665421 11641.699029
-6465.273940 11641.949910
-6462.856783 11642.170217
-6460.413952 11642.359948
-6457.935508 11642.546479
-6455.424764 11642.720685
-6452.881720 11642.882566
-6450.306376 11643.032123
-6447.698733 11643.169354
-6445.058789 11643.294260
-6442.386545 11643.406841
-6439.682001 11643.507098
-6436.945158 11643.595029
-6434.176014 11643.670636
-6431.374570 11643.733917
-6428.540827 11643.784873
-6425.674783 11643.823505
-6422.776439 11643.849811
-6419.845796 11643.863793
-6416.882852 11643.865449
-6413.887609 11643.854781
-6410.860065 11643.831787
-6407.800222 11643.796469
-6404.708078 11643.748825
-6401.583635 11643.688857
-6398.426891 11643.616563
-6395.237848 11643.531945
-6392.016504 11643.435002
-6388.762861 11643.325733
-6385.476917 11643.204140
-6382.158674 11643.070222
-6378.808131 11642.923978
-6375.425287 11642.765410
-6372.010144 11642.594517
-6368.562701 11642.411298
-6365.082958 11642.215755
-6361.570914 11642.007887
-6358.026571 11641.787694
-6354.449928 11641.555176
-6350.840985 11641.310333
-6347.199742 11641.053164
-6343.526198 11640.783671
-6339.820355 11640.501853
-6336.082212 11640.207710
-6332.311844 11639.902555
-6328.509226 11639.585949
-6324.674358 11639.257893
-6320.807240 11638.918388
-6316.907872 11638.567432
-6312.976254 11638.205027
-6309.012386 11637.831171
-6305.016268 11637.445866
-6300.987900 11637.049110
-6296.927282 11636.640905
-6292.834414 11636.221249
-6288.709296 11635.790144
-6284.551928 11635.347588
-6280.362310 11634.893583
-6276.140442 11634.428127
-6271.886324 11633.951222
-6267.599956 11633.462866
-6263.281338 11632.963061
-6258.930470 11632.451805
-6254.547353 11631.929100
-6250.131985 11631.394945
-6245.684367 11630.849339
-6241.204499 11630.292284
-6236.692381 11629.723778
-6232.148014 11629.143823
-6227.571396 11628.552418
-6222.962528 11627.949562
-6218.321410 11627.335257
-6213.648043 11626.709501
-6208.942425 11626.072296
-6204.204557 11625.423641
-6199.434439 11624.763535
-6194.632072 11624.091980
-6189.797454 11623.408975
-6184.930586 11622.714519
-6180.031469 11622.008614
-6175.100101 11621.291259
-6170.136483 11620.562453
-6165.140616 11619.822198
-6160.112498 11619.070493
-6155.051681 11618.300475
-6149.958313 11617.514432
-6144.832395 11616.712364
-6139.673928 11615.894272
-6134.482910 11615.060154
-6129.259343 11614.210011
-6124.003225 11613.343843
-6118.714557 11612.461651
-6113.393340 11611.563433
-6108.039572 11610.649190
-6102.653255 11609.718922
-6097.234387 11608.772629
-6091.782969 11607.810312
-6086.299002 11606.831969
-6080.782484 11605.837601
-6075.233417 11604.827208
-6069.651799 11603.800790
-6064.037631 11602.758348
-6058.390914 11601.699880
-6052.711646 11600.625387
-6046.999829 11599.534869
-6041.255461 11598.428327
-6035.478543 11597.305759
-6029.669076 11596.167166
-6023.827058 11595.012548
-6017.952491 11593.841905
-6012.045373 11592.655238
-6006.105705 11591.452545
-6000.133488 11590.233827
-5994.128720 11588.999084
-5988.091403 11587.748317
-5982.021535 11586.481524
-5975.919118 11585.198706
-5969.784150 11583.899863
-5963.616632 11582.584996
-5957.416565 11581.254103
-5951.183947 11579.907185
-5944.918780 11578.544242
-5938.621062 11577.165274
-5932.290794 11575.770282
-5925.954902 11574.368151
-5919.604409 11572.955921
-5913.239317 11571.533591
-5906.859624 11570.101161
-5900.465332 11568.658631
-5894.056439 11567.206000
-5887.632947 11565.743270
-5881.194854 11564.270440
-5874.742162 11562.787510
-5868.274869 11561.294480
-5861.792977 11559.791350
-5855.296484 11558.278120
-5848.785392 11556.754790
-5842.259700 11555.221360
-5835.719407 11553.677830
-5829.164515 11552.124200
-5822.595023 11550.560470
-5816.010930 11548.986640
-5809.412238 11547.402710
-5802.798946 11545.808680
-5796.171053 11544.204550
-5789.528561 11542.590320
-5782.871469 11540.965990
-5776.199777 11539.331560
-5769.513484 11537.687030
-5762.812592 11536.032400
-5756.097100 11534.367671
-5749.367008 11532.692841
-5742.622315 11531.007911
-5735.863023 11529.312881
-5729.089131 11527.607751
-5722.300639 11525.892522
-5715.497547 11524.167192
-5708.679855 11522.431762
-5701.847563 11520.686232
-5695.000670 11518.930603
-5688.139178 11517.164873
-5681.263086 11515.389043
-5674.372394 11513.603114
-5667.467102 11511.807084
-5660.543648 11510.002604
-5653.603218 11508.189125
-5646.645814 11506.366645
-5639.671434 11504.535165
-5632.680080 11502.694685
-5625.671751 11500.845206
-5618.646446 11498.986726
-5611.604167 11497.119246
-5604.544912 11495.242766
-5597.468683 11493.357286
-5590.375479 11491.462806
-5583.265300 11489.559327
-5576.138145 11487.646847
-5568.994016 11485.725367
-5561.832912 11483.794887
-5554.654833 11481.855407
-5547.459779 11479.906927
-5540.247749 11477.949447
-5533.018745 11475.982967
-5525.772766 11474.007487
-5518.509812 11472.023007
-5511.229883 11470.029527
-5503.932979 11468.027047
-5496.619100 11466.015567
-5489.288246 11463.995086
-5481.940417 11461.965606
-5474.575613 11459.927126
-5467.193834 11457.879646
-5459.795080 11455.823166
-5452.379351 11453.757686
-5444.946648 11451.683205
-5437.496969 11449.599725
-5430.030315 11447.507245
-5422.546686 11445.405765
-5415.046082 11443.295284
-5407.528504 11441.175804
-5399.993950 11439.047324
-5392.442421 11436.909843
-5384.873917 11434.763363
-5377.288439 11432.607882
-5369.689473 11430.448540
-5362.075856 11428.283622
-5354.447590 11426.113129
-5346.804674 11423.937062
-5339.147108 11421.755419
-5331.474892 11419.568202
-5323.788025 11417.375409
-5316.086509 11415.177042
-5308.370343 11412.973100
-5300.639527 11410.763583
-5292.894060 11408.548490
-5285.133944 11406.327823
-5277.359178 11404.101581
-5269.569761 11401.869764
-5261.765695 11399.632373
-5253.946979 11397.389406
-5246.113612 11395.140864
-5238.265596 11392.886747
-5230.402930 11390.627056
-5222.525613 11388.361789
-5214.633647 11386.090948
-5206.727031 11383.814531
-5198.805764 11381.532540
-5190.869848 11379.244974
-5182.919281 11376.951833
-5174.954065 11374.653116
-5166.974198 11372.348825
-5158.979682 11370.038959
-5150.970516 11367.723518
-5142.946699 11365.402503
-5134.908233 11363.075912
-5126.855116 11360.743746
-5118.787350 11358.406005
-5110.704933 11356.062690
-5102.607867 11353.713799
-5094.496150 11351.359334
-5086.369784 11348.999293
-5078.228767 11346.633678
-5070.073101 11344.262488
-5061.902784 11341.885722
-5053.719880 11339.499220
-5045.523701 11337.104367
-5037.314247 11334.701164
-5029.091518 11332.289612
-5020.855514 11329.869709
-5012.606235 11327.441457
-5004.343681 11325.004854
-4996.067852 11322.559902
-4987.778748 11320.106600
-4979.476369 11317.644947
-4971.160715 11315.174945
-4962.831786 11312.696593
-4954.489582 11310.209890
-4946.134103 11307.714838
-4937.765349 11305.211436
-4929.383321 11302.699684
-4920.988017 11300.179582
-4912.579438 11297.651130
-4904.157584 11295.114328
-4895.722455 11292.569176
-4887.274051 11290.015674
-4878.812372 11287.453822
-4870.337419 11284.883620
-4861.849190 11282.305068
-4853.347686 11279.718166
-4844.832907 11277.122915
-4836.304853 11274.519313
-4827.763525 11271.907361
-4819.208921 11269.287060
-4810.641042 11266.658408
-4802.059888 11264.021406
-4793.465460 11261.376055
-4784.857756 11258.722353
-4776.236777 11256.060302
-4767.602524 11253.389900
-4758.954995 11250.711149
-4750.294191 11248.024048
-4741.620113 11245.328596
-4732.932759 11242.624795
-4724.232130 11239.912644
-4715.533714 11237.194393
-4706.832348 11234.469292
-4698.128032 11231.737340
-4689.420766 11228.998539
-4680.710549 11226.252888
-4671.997383 11223.500387
-4663.281267 11220.741036
-4654.562201 11217.974835
-4645.840185 11215.201784
-4637.115218 11212.421883
-4628.387302 11209.635132
-4619.656436 11206.841532
-4610.922620 11204.041081
-4602.185853 11201.233780
-4593.446137 11198.419629
-4584.703471 11195.598629
-4575.957855 11192.770778
-4567.209288 11189.936077
-4558.457772 11187.094527
-4549.703306 11184.246126
-4540.945890 11181.390876
-4532.185523 11178.528775
-4523.422207 11175.659825
-4514.655941 11172.784024
-4505.886725 11169.901374
-4497.114558 11167.011873
-4488.339442 11164.115523
-4479.561376 11161.212323
-4470.780359 11158.302272
-4461.996393 11155.385372
-4453.209477 11152.461622
-4444.419610 11149.531022
-4435.626794 11146.593572
-4426.831028 11143.649272
-4418.032311 11140.698121
-4409.230645 11137.740121
-4400.426029 11134.775271
-4391.618462 11131.803571
-4382.807946 11128.825021
-4373.994480 11125.839622
-4365.192276 11122.843547
-4356.396597 11119.838072
-4347.607443 11116.823197
-4338.824814 11113.798922
-4330.048711 11110.765247
-4321.279132 11107.722173
-4312.516078 11104.669698
-4303.759550 11101.607823
-4295.009546 11098.536549
-4286.266067 11095.455874
-4277.529114 11092.365799
-4268.798685 11089.266325
-4260.074782 11086.157450
-4251.357403 11083.039176
-4242.646550 11079.911501
-4233.942221 11076.774427
-4225.244418 11073.627952
-4216.553140 11070.472078
-4207.868386 11067.306803
-4199.190158 11064.132129
-4190.518454 11060.948055
-4181.853276 11057.754580
-4173.194623 11054.551706
-4164.542495 11051.339432
-4155.896891 11048.117757
-4147.257813 11044.886683
-4138.625260 11041.646209
-4129.999232 11038.396335
-4121.379729 11035.137061
-4112.766751 11031.868387
-4104.160298 11028.590313
-4095.560369 11025.302839
-4086.966966 11022.005965
-4078.380088 11018.699691
-4069.799735 11015.384017
-4061.225907 11012.058943
-4052.658605 11008.724469
-4044.097827 11005.380595
-4035.543574 11002.027321
-4026.995846 10998.664647
-4018.450518 10995.283236
-4009.908965 10991.886200
-4001.371187 10988.473538
-3992.837185 10985.045252
-3984.306957 10981.601341
-3975.780504 10978.141805
-3967.257826 10974.666644
-3958.738924 10971.175858
-3950.223796 10967.669447
-3941.712443 10964.147411
-3933.204865 10960.609751
-3924.701063 10957.056465
-3916.201035 10953.487554
-3907.704782 10949.903018
-3899.212305 10946.302858
-3890.723602 10942.687072
-3882.238675 10939.055662
-3873.757522 10935.408626
-3865.280144 10931.745966
-3856.806542 10928.067680
-3848.336714 10924.373770
-3839.870662 10920.664234
-3831.408384 10916.939074
-3822.949882 10913.198289
-3814.495154 10909.441879
-3806.044202 10905.669844
-3797.597024 10901.882183
-3789.153622 10898.078898
-3780.713995 10894.259988
-3772.278142 10890.425453
-3763.846065 10886.575293
-3755.417762 10882.709509
-3746.993235 10878.828099
-3738.572483 10874.931064
-3730.155505 10871.018404
-3721.742303 10867.090119
-3713.332876 10863.146210
-3704.927223 10859.186675
-3696.525346 10855.211516
-3688.127244 10851.220731
-3679.738279 10847.218746
-3671.356664 10843.204087
-3662.982400 10839.176752
-3654.615485 10835.136743
-3646.255920 10831.084058
-3637.903706 10827.018699
-3629.558841 10822.940664
-3621.221326 10818.849955
-3612.891161 10814.746570
-3604.568347 10810.630511
-3596.252882 10806.501776
-3587.944767 10802.360367
-3579.644003 10798.206282
-3571.350588 10794.039523
-3563.064523 10789.860088
-3554.785809 10785.667979
-3546.514444 10781.463194
-3538.250429 10777.245735
-3529.993765 10773.015600
-3521.744450 10768.772791
-3513.502485 10764.517307
-3505.267871 10760.249147
-3497.040606 10755.968313
-3488.820691 10751.674803
-3480.608127 10747.368619
-3472.402912 10743.049759
-3464.205048 10738.718225
-3456.014533 10734.374016
-3447.831368 10730.017131
-3439.655554 10725.647572
-3431.487089 10721.265337
-3423.325975 10716.870428
-3415.172210 10712.462844
-3407.025796 10708.042584
-3398.886731 10703.609650
-3390.755016 10699.164041
-3382.630652 10694.705756
-3374.513637 10690.234797
-3366.403973 10685.751163
-3358.301658 10681.254853
-3350.210331 10676.741069
-3342.128779 10672.211410
-3334.057002 10667.665875
-3325.995000 10663.104466
-3317.942773 10658.527182
-3309.900321 10653.934023
-3301.867644 10649.324988
-3293.844742 10644.700079
-3285.831615 10640.059295
-3277.828263 10635.402636
-3269.834686 10630.730102
-3261.850884 10626.041693
-3253.876857 10621.337408
-3245.912605 10616.617249
-3237.958128 10611.881215
-3230.013426 10607.129306
-3222.078499 10602.361522
-3214.153347 10597.577863
-3206.237970 10592.778329
-3198.332368 10587.962920
-3190.436542 10583.131636
-3182.550490 10578.284477
-3174.674213 10573.421443
-3166.807711 10568.542535
-3158.950984 10563.647751
-3151.104032 10558.737092
-3143.266855 10553.810558
-3135.439453 10548.868149
-3127.621826 10543.909865
-3119.813974 10538.935706
-3112.015897 10533.945673
-3104.227596 10528.939764
-3096.449069 10523.917980
-3088.680317 10518.880321
-3080.921340 10513.826788
-3073.172138 10508.757379
-3065.432711 10503.672095
-3057.703059 10498.570937
-3049.983183 10493.453903
-3042.273081 10488.320995
-3034.571854 10483.185786
-3026.879802 10478.043752
-3019.196925 10472.894894
-3011.523223 10467.739210
-3003.858697 10462.576702
-2996.203345 10457.407368
-2988.557168 10452.231210
-2980.920166 10447.048226
-2973.292339 10441.858418
-2965.673688 10436.661784
-2958.064211 10431.458326
-2950.463909 10426.248042
-2942.872782 10421.030934
-2935.290830 10415.807000
-2927.718054 10410.576242
-2920.154452 10405.338659
-2912.600025 10400.094250
-2905.054773 10394.843017
-2897.518696 10389.584959
-2889.991795 10384.320075
-2882.474068 10379.048367
-2874.965516 10373.769834
-2867.466139 10368.484476
-2859.975938 10363.192292
-2852.494911 10357.893284
-2845.023059 10352.587451
-2837.560382 10347.274793
-2830.106881 10341.955309
-2822.662554 10336.629001
-2815.227402 10331.295868
-2807.801425 10325.955910
-2800.384623 10320.609127
-2792.976997 10315.255519
-2785.578545 10309.895085
-2778.189268 10304.527827
-2770.809167 10299.153744
-2763.438240 10293.772836
-2756.076488 10288.385103
-2748.723911 10282.990545
-2741.380510 10277.589162
-2734.030683 10272.163329
-2726.679631 10266.718921
-2719.327354 10261.255938
-2711.973852 10255.774381
-2704.619126 10250.274248
-2697.263174 10244.755540
-2689.905997 10239.218257
-2682.547595 10233.662400
-2675.187968 10228.087967
-2667.827116 10222.494959
-2660.465039 10216.883377
-2653.101737 10211.253219
-2645.737210 10205.604487
-2638.371458 10199.937179
-2631.004481 10194.251297
-2623.636279 10188.546839
-2616.266852 10182.823807
-2608.896200 10177.082200
-2601.524323 10171.322017
-2594.151221 10165.543260
-2586.776894 10159.745928
-2579.401342 10153.930021
-2572.024565 10148.095539
-2564.646563 10142.242482
-2557.267336 10136.370850
-2549.886883 10130.480643
-2542.505206 10124.571861
-2535.122304 10118.644504
-2527.738177 10112.698572
-2520.352824 10106.734065
-2512.966247 10100.750983
-2505.578445 10094.749327
-2498.189418 10088.729095
-2490.799165 10082.690288
-2483.407688 10076.632907
-2476.014986 10070.556950
-2468.621058 10064.462419
-2461.225906 10058.349312
-2453.829528 10052.217631
-2446.431926 10046.067374
-2439.050049 10039.904805
-2431.678246 10033.727836
-2424.316519 10027.536468
-2416.964867 10021.330699
-2409.623289 10015.110530
-2402.291787 10008.875961
-2394.970360 10002.626992
-2387.659007 9996.363624
-2380.357730 9990.085855
-2373.066528 9983.793686
-2365.785401 9977.487118
-2358.514349 9971.166149
-2351.253371 9964.830780
-2344.002469 9958.481012
-2336.761642 9952.116843
-2329.530890 9945.738275
-2322.310213 9939.345306
-2315.099611 9932.937938
-2307.899084 9926.516169
-2300.708632 9920.080001
-2293.528255 9913.629432
-2286.357953 9907.164464
-2279.197726 9900.685095
-2272.047574 9894.191327
-2264.907497 9887.683159
-2257.777495 9881.160590
-2250.657568 9874.623622
-2243.547716 9868.072254
-2236.447939 9861.506486
-2229.358237 9854.926317
-2222.278610 9848.331749
-2215.209059 9841.722781
-2208.149582 9835.099413
-2201.100180 9828.461645
-2194.060853 9821.809477
-2187.031601 9815.142909
-2180.012425 9808.461941
-2173.003323 9801.766573
-2166.004296 9795.056805
-2159.015345 9788.332637
-2152.019480 9781.607381
-2145.022366 9774.876601
-2138.024002 9768.140295
-2131.024388 9761.398465
-2124.023524 9754.651109
-2117.021410 9747.898229
-2110.018046 9741.139823
-2103.013432 9734.375893
-2096.007568 9727.606437
-2089.000454 9720.831457
-2081.992090 9714.050951
-2074.982476 9707.264921
-2067.971612 9700.473365
-2060.959498 9693.676284
-2053.946135 9686.873679
-2046.931521 9680.065548
-2039.915657 9673.251893
-2032.898543 9666.432712
-2025.880179 9659.608006
-2018.860566 9652.777776
-2011.839702 9645.942020
-2004.817588 9639.100739
-1997.794225 9632.253934
-1990.769611 9625.401603
-1983.743747 9618.543747
-1976.716634 9611.680367
-1969.688270 9604.811461
-1962.658657 9597.937030
-1955.627793 9591.057075
-1948.595680 9584.171594
-1941.562316 9577.280588
-1934.527703 9570.384057
-1927.491840 9563.482002
-1920.454726 9556.574421
-1913.416363 9549.661315
-1906.376749 9542.742685
-1899.335886 9535.818529
-1892.293773 9528.888848
-1885.250410 9521.953642
-1878.205796 9515.012911
-1871.166721 9508.052706
-1864.130920 9501.077675
-1857.098394 9494.087819
-1850.069143 9487.083138
-1843.043168 9480.063633
-1836.020467 9473.029302
-1829.001041 9465.980146
-1821.984891 9458.916165
-1814.972015 9451.837360
-1807.962414 9444.743729
-1800.956088 9437.635273
-1793.953038 9430.511993
-1786.953262 9423.373887
-1779.956762 9416.220956
-1772.963536 9409.053200
-1765.973585 9401.870620
-1758.986910 9394.673214
-1752.003509 9387.460983
-1745.023383 9380.233928
-1738.046533 9372.992047
-1731.072957 9365.735341
-1724.102657 9358.463811
-1717.135631 9351.177455
-1710.171880 9343.876274
-1703.211405 9336.560269
-1696.254204 9329.229438
-1689.300279 9321.883783
-1682.349628 9314.523302
-1675.402253 9307.147996
-1668.458152 9299.757866
-1661.517326 9292.352910
-1654.579776 9284.933130
-1647.645500 9277.498524
-1640.714500 9270.049093
-1633.786774 9262.584838
-1626.862324 9255.105757
-1619.941148 9247.611852
-1613.023248 9240.103121
-1606.108622 9232.579566
-1599.197272 9225.041185
-1592.292946 9217.482017
-1585.394396 9209.904049
-1578.501621 9202.307281
-1571.614620 9194.691713
-1564.733395 9187.057345
-1557.857944 9179.404177
-1550.988269 9171.732209
-1544.124369 9164.041441
-1537.266243 9156.331873
-1530.413893 9148.603505
-1523.567318 9140.856337
-1516.726517 9133.090369
-1509.891492 9125.305601
-1503.062242 9117.502033
-1496.238766 9109.679665
-1489.421066 9101.838497
-1482.609141 9093.978529
-1475.802990 9086.099761
-1469.002615 9078.202193
-1462.208015 9070.285825
-1455.419190 9062.350657
-1448.636140 9054.396689
-1441.858864 9046.423921
-1435.087364 9038.432353
-1428.321639 9030.421985
-1421.561689 9022.392817
-1414.807514 9014.344849
-1408.059114 9006.278081
-1401.316489 8998.192513
-1394.579638 8990.088145
-1387.848563 8981.964977
-1381.123263 8973.823009
-1374.403738 8965.662241
-1367.689988 8957.482673
-1360.982013 8949.284305
-1354.279813 8941.067137
-1347.583388 8932.831169
-1340.892738 8924.576401
-1334.207863 8916.302833
-1327.528763 8908.010465
-1320.861700 8899.707922
-1314.204588 8891.392330
-1307.557425 8883.063687
-1300.920213 8874.721994
-1294.292950 8866.367251
-1287.675637 8857.999459
-1281.068274 8849.618616
-1274.470862 8841.224724
-1267.883399 8832.817781
-1261.305886 8824.397789
-1254.738323 8815.964746
-1248.180710 8807.518654
-1241.633047 8799.059512
-1235.095334 8790.587319
-1228.567571 8782.102077
-1222.049758 8773.603785
-1215.541895 8765.092443
-1209.043982 8756.568051
-1202.556019 8748.030609
-1196.078006 8739.480117
-1189.609943 8730.916575
-1183.151829 8722.339983
-1176.703666 8713.750341
-1170.265453 8705.147649
-1163.837190 8696.531907
-1157.418876 8687.903116
-1151.010513 8679.261274
-1144.612099 8670.606382
-1138.223636 8661.938441
-1131.845122 8653.257449
-1125.476559 8644.563408
-1119.117945 8635.856317
-1112.769282 8627.136175
-1106.430568 8618.402984
-1100.101804 8609.656743
-1093.782991 8600.897451
-1087.474127 8592.125110
-1081.175213 8583.339719
-1074.886250 8574.541278
-1068.607236 8565.729787
-1062.344847 8556.894483
-1056.096858 8548.038955
-1049.863269 8539.163201
-1043.644080 8530.267223
-1037.439291 8521.351019
-1031.248902 8512.414591
-1025.072913 8503.457937
-1018.911324 8494.481059
-1012.764135 8485.483955
-1006.631346 8476.466627
-1000.512957 8467.429073
-994.408967 8458.371294
-988.319378 8449.293291
-982.244189 8440.195062
-976.183400 8431.076609
-970.137010 8421.937930
-964.105021 8412.779027
-958.087431 8403.599899
-952.084242 8394.400545
-946.095453 8385.180967
-940.121063 8375.941163
-934.161074 8366.681135
-928.215484 8357.400881
-922.284294 8348.100403
-916.367505 8338.779699
-910.465115 8329.438771
-904.577126 8320.077617
-898.703536 8310.696239
-892.844346 8301.294635
-886.999556 8291.872807
-881.169166 8282.430754
-875.353177 8272.968475
-869.551587 8263.485972
-863.764397 8253.983243
-857.991607 8244.460290
-852.233217 8234.917111
-846.489227 8225.353708
-840.759637 8215.770080
-835.044447 8206.166226
-829.343657 8196.542148
-823.674779 8186.881532
-818.031977 8177.189816
-812.415249 8167.467000
-806.824596 8157.713085
-801.260019 8147.928069
-795.721516 8138.111953
-790.209088 8128.264737
-784.722736 8118.386422
-779.262458 8108.477006
-773.828255 8098.536490
-768.420128 8088.564875
-763.038075 8078.562159
-757.682097 8068.528344
-752.352195 8058.463428
-747.048367 8048.367413
-741.770614 8038.240297
-736.518936 8028.082082
-731.293334 8017.892766
-726.093806 8007.672351
-720.920353 7997.420835
-715.772975 7987.138220
-710.651673 7976.824505
-705.556445 7966.479689
-700.487292 7956.103774
-695.444214 7945.696759
-690.427211 7935.258644
-685.436283 7924.789428
-680.471431 7914.289113
-675.532653 7903.757698
-670.619950 7893.195183
-665.733322 7882.601568
-660.872769 7871.976853
-656.038291 7861.321038
-651.229888 7850.634123
-646.447560 7839.916108
-641.691307 7829.166993
-636.961130 7818.386778
-632.257027 7807.575463
-627.578999 7796.733048
-622.927046 7785.859533
-618.299255 7774.970368
-613.696265 7764.060403
-609.118074 7753.129638
-604.564684 7742.178073
-600.036093 7731.205708
-595.532303 7720.212544
-591.053313 7709.198579
-586.599122 7698.163814
-582.169732 7687.108249
-577.765141 7676.031884
-573.385351 7664.934719
-569.030360 7653.816754
-564.700170 7642.677990
-560.394780 7631.518425
-556.114189 7620.338060
-551.858399 7609.136895
-547.627408 7597.914930
-543.421218 7586.672166
-539.239828 7575.408601
-535.083237 7564.124236
-530.951447 7552.819071
-526.844456 7541.493106
-522.762266 7530.146342
-518.704876 7518.778777
-514.672285 7507.390412
-510.664495 7495.981247
-506.681504 7484.551283
-502.723314 7473.100518
-498.789924 7461.628953
-494.881333 7450.136588
-490.997543 7438.623424
-487.138553 7427.089459
-483.304362 7415.534694
-479.494972 7403.959129
-475.710381 7392.362765
-471.950591 7380.745600
-468.215601 7369.107635
-464.505410 7357.448871
-460.820020 7345.769306
-457.159430 7334.068941
-453.522439 7322.348077
-449.909449 7310.606612
-446.320459 7298.844547
-442.755468 7287.061883
-439.214478 7275.258618
-435.697488 7263.434753
-432.204498 7251.590289
-428.735508 7239.725224
-425.290517 7227.839560
-421.869527 7215.933295
-418.472537 7204.006430
-415.099547 7192.058966
-411.750557 7180.090901
-408.425567 7168.102237
-405.124577 7156.092972
-401.847587 7144.063108
-398.594597 7132.012643
-395.365607 7119.941579
-392.160617 7107.849914
-388.979627 7095.737650
-385.822637 7083.604785
-382.689647 7071.451321
-379.580657 7059.277256
-376.495667 7047.082592
-373.434677 7034.867327
-370.397687 7022.631463
-367.384698 7010.374998
-364.395708 6998.097934
-361.430718 6985.800270
-358.489728 6973.482005
-355.572738 6961.143141
-352.679749 6948.783676
-349.810759 6936.403612
-346.965769 6924.002948
-344.144780 6911.581683
-341.347790 6899.139819
-338.574800 6886.677355
-335.825811 6874.194290
-333.100821 6861.690626
-330.399831 6849.166362
-327.720217 6836.612422
-325.062852 6824.031833
-322.427737 6811.424594
-319.814873 6798.790704
-317.224258 6786.130165
-314.655893 6773.442976
-312.109778 6760.729136
-309.585914 6747.988647
-307.084299 6735.221508
-304.604934 6722.427718
-302.147819 6709.607279
-299.712954 6696.760190
-297.300339 6683.886451
-294.909974 6670.986061
-292.541859 6658.059022
-290.195994 6645.105333
-287.872379 6632.124994
-285.571014 6619.118004
-283.291899 6606.084365
-281.035034 6593.024076
-278.800419 6579.937137
-276.588053 6566.823547
-274.397938 6553.683308
-272.230073 6540.516419
-270.084458 6527.322880
-267.961092 6514.102690
-265.859977 6500.855851
-263.781112 6487.582362
-261.724496 6474.282223
-259.690131 6460.955433
-257.678016 6447.601994
-255.688150 6434.221905
-253.720535 6420.815166
-251.775169 6407.381777
-249.852054 6393.921737
-247.951188 6380.435048
-246.072573 6366.921709
-244.216207 6353.381720
-242.382092 6339.815081
-240.570226 6326.221791
-238.765273 6312.596115
-236.972345 6298.939963
-235.191441 6285.253336
-233.422563 6271.536235
-231.665710 6257.788658
-229.920882 6244.010606
-228.188079 6230.202080
-226.467301 6216.363078
-224.758547 6202.493601
-223.061819 6188.593650
-221.377116 6174.663223
-219.704438 6160.702321
-218.043784 6146.710945
-216.395156 6132.689093
-214.758553 6118.636766
-213.133975 6104.553965
-211.521421 6090.440688
-209.920893 6076.296936
-208.332390 6062.122710
-206.755911 6047.918008
-205.191458 6033.682831
-203.639030 6019.417180
-202.098626 6005.121053
-200.570248 5990.794451
-199.053895 5976.437375
-197.549566 5962.049823
-196.057263 5947.631796
-194.576985 5933.183295
-193.108731 5918.704318
-191.652503 5904.194867
-190.208299 5889.654940
-188.776121 5875.084538
-187.355968 5860.483662
-185.947839 5845.852310
-184.551736 5831.190483
-183.167657 5816.498182
-181.795604 5801.775405
-180.435575 5787.022154
-179.087572 5772.238427
-177.751593 5757.424225
-176.495703 5742.621436
-175.297212 5727.816097
-174.156121 5713.008208
-173.072430 5698.197769
-172.046139 5683.384780
-171.077248 5668.569241
-170.165758 5653.751152
-169.311667 5638.930513
-168.514976 5624.107324
-167.775686 5609.281585
-167.093795 5594.453296
-166.469304 5579.622457
-165.902214 5564.789068
-165.392523 5549.953130
-164.940233 5535.114641
-164.545343 5520.273602
-164.207852 5505.430013
-163.927762 5490.583874
-163.705071 5475.735185
-163.539781 5460.883947
-163.431891 5446.030158
-163.381401 5431.173819
-163.388310 5416.314930
-163.452620 5401.453492
-163.574330 5386.589503
-163.753440 5371.722964
-163.989950 5356.853876
-164.283860 5341.982237
-164.635170 5327.108048
-165.043880 5312.231310
-165.509990 5297.352021
-166.033500 5282.470183
-166.614410 5267.585794
-167.252720 5252.698856
-167.948431 5237.809367
-168.701541 5222.917329
-169.512051 5208.022740
-170.379961 5193.125602
-171.305272 5178.225913
-172.287982 5163.323675
-173.204042 5148.375124
-174.094803 5133.394848
-174.960263 5118.382847
-175.800423 5103.339121
-176.615283 5088.263670
-177.404844 5073.156494
-178.169104 5058.017593
-178.908064 5042.846967
-179.621724 5027.644615
-180.310084 5012.410539
-180.973144 4997.144738
-181.610904 4981.847212
-182.223365 4966.517961
-182.810525 4951.156985
-183.372385 4935.764284
-183.908945 4920.339858
-184.420205 4904.883707
-184.906165 4889.395830
-185.366825 4873.876229
-185.802185 4858.324903
-186.212245 4842.741852
-186.597005 4827.127076
-186.956464 4811.480574
-187.290624 4795.802348
-187.599484 4780.092397
-187.883044 4764.350721
-188.141304 4748.577319
-188.374264 4732.772193
-188.581923 4716.935342
-188.764283 4701.066765
-188.921343 4685.166464
-189.053103 4669.234438
-189.159562 4653.270686
-189.240722 4637.275210
-189.296582 4621.248009
-189.327141 4605.189082
-189.332401 4589.098431
-189.312361 4572.976054
-189.267020 4556.821953
-189.196380 4540.636127
-189.051540 4524.437588
-188.848799 4508.219999
-188.588159 4491.983360
-188.269618 4475.727671
-187.893178 4459.452932
-187.458837 4443.159143
-186.966597 4426.846304
-186.416456 4410.514416
-185.808416 4394.163477
-185.142475 4377.793488
-184.418635 4361.404449
-183.636894 4344.996361
-182.797254 4328.569222
-181.899713 4312.123033
-180.944272 4295.657794
-179.930932 4279.173506
-178.859691 4262.670167
-177.730551 4246.147778
-176.543510 4229.606340
-175.298569 4213.045851
-173.995729 4196.466312
-172.634988 4179.867724
-171.216347 4163.250085
-169.739807 4146.613396
-168.205366 4129.957658
-166.613025 4113.282869
-164.962785 4096.589031
-163.254644 4079.876142
-161.488603 4063.144203
-159.664662 4046.393215
-157.782822 4029.623176
-155.843081 4012.834088
-153.845440 3996.025949
-151.789899 3979.198761
-149.676458 3962.352522
-147.505118 3945.487234
-145.275877 3928.602896
-142.988736 3911.699507
-140.643695 3894.777069
-138.240754 3877.835580
-135.798101 3860.879954
-133.309672 3843.908553
-130.775469 3826.921377
-128.195491 3809.918426
-125.569738 3792.899700
-122.898209 3775.865199
-120.180906 3758.814923
-117.417828 3741.748872
-114.608974 3724.667046
-111.754346 3707.569445
-108.853943 3690.456069
-105.907765 3673.326918
-102.915812 3656.181992
-99.878083 3639.021291
-96.794580 3621.844814
-93.665302 3604.652563
-90.490249 3587.444537
-87.269421 3570.220736
-84.002817 3552.981159
-80.690439 3535.725808
-77.332286 3518.454682
-73.928358 3501.167781
-70.478655 3483.865104
-66.983177 3466.546653
-63.441924 3449.212427
-59.854896 3431.862425
-56.222093 3414.496649
-52.543515 3397.115097
-48.819162 3379.717771
-45.049034 3362.304669
-41.233131 3344.875793
-37.371453 3327.431142
-33.464000 3309.970715
-29.510772 3292.494514
-25.511769 3275.002537
-21.466991 3257.494785
-17.376438 3239.971259
-13.240110 3222.431957
-9.058007 3204.876881
-4.830129 3187.306029
-0.588426 3169.700315
3.677752 3152.066101
7.968405 3134.403387
12.283533 3116.712173
16.623136 3098.992459
20.987214 3081.244245
25.375767 3063.467531
29.788795 3045.662317
34.226299 3027.828603
38.688277 3009.966388
43.174730 2992.075674
47.685658 2974.156460
52.221062 2956.208747
56.780940 2938.232533
61.365293 2920.227819
65.974122 2902.194605
70.607425 2884.132891
75.265203 2866.042677
79.947457 2847.923963
84.654185 2829.776749
89.385389 2811.601035
94.141067 2793.396821
98.921221 2775.164107
103.725849 2756.902893
108.554953 2738.613179
113.408532 2720.294966
118.286585 2701.948252
123.189114 2683.573038
128.116118 2665.169324
133.067596 2646.737110
138.043550 2628.276396
143.043979 2609.787183
148.068883 2591.269469
153.118262 2572.723255
158.192115 2554.148541
163.290444 2535.545327
168.413248 2516.913614
173.560527 2498.253400
178.732281 2479.564686
183.928510 2460.847472
189.107327 2442.129434
194.282693 2423.401345
199.454610 2404.663206
204.623076 2385.915018
209.788092 2367.156779
214.949659 2348.388491
220.107775 2329.610152
225.262442 2310.821763
230.413658 2292.023325
235.561424 2273.214836
240.705741 2254.396298
245.846607 2235.567710
250.984023 2216.729071
256.117990 2197.880383
261.248506 2179.021644
266.375572 2160.152856
271.499188 2141.274018
276.619355 2122.385129
281.736071 2103.486191
286.849337 2084.577203
291.959153 2065.658165
297.065519 2046.729076
302.168436 2027.789938
307.267902 2008.840750
312.363918 1989.881512
317.456484 1970.912224
322.545600 1951.932886
327.631266 1932.943498
332.713482 1913.944060
337.792248 1894.934572
342.867564 1875.915034
347.939431 1856.885446
353.007847 1837.845808
358.072813 1818.796120
363.134329 1799.736382
368.192395 1780.666594
373.247011 1761.586756
378.298177 1742.496868
383.345892 1723.396930
388.390158 1704.286943
393.483999 1685.165330
398.609740 1666.032617
403.767381 1646.888805
408.956922 1627.733892
414.178363 1608.567879
419.431704 1589.390767
424.716945 1570.202554
430.034086 1551.003242
435.383127 1531.792830
440.764068 1512.571317
446.176909 1493.338705
451.621650 1474.094993
457.098291 1454.840180
462.606832 1435.574268
468.147273 1416.297256
473.719613 1397.009144
479.323854 1377.709932
484.959995 1358.399620
490.628036 1339.078208
496.327977 1319.745696
502.059818 1300.402084
507.823559 1281.047372
513.619200 1261.681561
519.446741 1242.304649
525.306182 1222.916637
531.197523 1203.517526
537.120764 1184.107314
543.075905 1164.686002
549.062946 1145.253591
555.081887 1125.810079
561.132728 1106.355468
567.215469 1086.889757
573.330109 1067.412945
579.476650 1047.925034
585.655091 1028.426023
591.865432 1008.915911
598.107673 989.394700
604.381814 969.862389
610.687855 950.318978
617.025796 930.764467
623.375837 911.194881
629.744578 891.611545
636.132019 872.014459
642.538160 852.403623
648.963001 832.779037
655.406541 813.140700
661.868782 793.488614
668.349723 773.822778
674.849364 754.143192
681.367705 734.449856
687.904746 714.742770
694.460487 695.021934
701.034927 675.287348
707.628068 655.539012
714.239909 635.776926
720.870450 616.001090
727.519691 596.211503
734.187632 576.408167
740.874272 556.591081
747.579613 536.760245
754.303654 516.915659
761.046395 497.057323
767.807835 477.185237
774.587976 457.299401
781.386817 437.399815
788.204358 417.486478
795.040598 397.559392
801.895539 377.618556
808.769180 357.663970
815.661521 337.695634
822.572561 317.713548
829.502302 297.717712
836.450743 277.708126
843.417883 257.684789
850.403724 237.647703
857.408265 217.596867
864.431505 197.532281
871.473446 177.453945
878.534087 157.361859
885.613427 137.256023
892.693018 117.123349
899.779008 96.968200
906.871399 76.790577
913.970190 56.590478
921.075380 36.367905
928.186971 16.122856
935.304961 -4.144668
942.429352 -24.434666
949.560142 -44.747140
956.697333 -65.082088
963.840923 -85.439512
970.990914 -105.819410
978.147304 -126.221784
985.310095 -146.646632
992.479285 -167.093956
999.654876 -187.563754
1006.836866 -208.056028
1014.025257 -228.570776
1021.220047 -249.108000
1028.421237 -269.667698
1035.628828 -290.249871
1042.842818 -310.854520
1050.063209 -331.481643
1057.289999 -352.131242
1064.523189 -372.803315
1071.762780 -393.497863
1079.008770 -414.214887
1086.261160 -434.954385
1093.519951 -455.716358
1100.785141 -476.500807
1108.056731 -497.307730
1115.334722 -518.137128
1122.619112 -538.989002
1129.909902 -559.863350
1137.207092 -580.760173
1144.510683 -601.679471
1151.820673 -622.621245
1159.137063 -643.585493
1166.459853 -664.572216
1173.789043 -685.581414
1181.110271 -706.600112
1188.428324 -727.632636
1195.743201 -748.678984
1203.054904 -769.739157
1210.363432 -790.813156
1217.668784 -811.900979
1224.970962 -833.002627
1232.269965 -854.118101
1239.565792 -875.247399
1246.858445 -896.390522
1254.147923 -917.547471
1261.434225 -938.718244
1268.717353 -959.902842
1275.997306 -981.101266
1283.274083 -1002.313514
1290.547686 -1023.539588
1297.818113 -1044.779486
1305.085366 -1066.033210
1312.349444 -1087.300758
1319.610346 -1108.582132
1326.868074 -1129.877330
1334.122626 -1151.186354
1341.374004 -1172.509202
1348.622207 -1193.845876
1355.867234 -1215.196374
1363.109087 -1236.560698
1370.347764 -1257.938847
1377.583267 -1279.330820
1384.815594 -1300.736619
1392.044747 -1322.156243
1399.270724 -1343.589691
1406.493527 -1365.036965
1413.713154 -1386.498064
1420.929607 -1407.972987
1428.142884 -1429.461736
1435.352987 -1450.964310
1442.559914 -1472.480709
1449.763667 -1494.010932
1456.964244 -1515.554981
1464.161647 -1537.112855
1471.374662 -1558.698054
1478.597027 -1580.306077
1485.828742 -1601.936926
1493.069807 -1623.590600
1500.320222 -1645.267098
1507.579987 -1666.966422
1514.849102 -1688.688570
1522.127567 -1710.433544
1529.415382 -1732.201342
1536.712547 -1753.991966
1544.019062 -1775.805414
1551.334927 -1797.641687
1558.660142 -1819.500786
1565.994707 -1841.382709
1573.338622 -1863.287457
1580.691887 -1885.215030
1588.054502 -1907.165429
1595.426467 -1929.138652
1602.807782 -1951.134700
1610.198447 -1973.153573
1617.598462 -1995.195271
1625.007827 -2017.259794
1632.426542 -2039.347142
1639.854607 -2061.457315
1647.292022 -2083.590313
1654.738787 -2105.746136
1662.194902 -2127.924784
1669.660367 -2150.126256
1677.135182 -2172.350554
1684.619347 -2194.597677
1692.112862 -2216.867625
1699.615728 -2239.160397
1707.127943 -2261.475995
1714.649508 -2283.814417
1722.180423 -2306.175665
1729.720688 -2328.559738
1737.270303 -2350.966635
1744.829268 -2373.396357
1752.397583 -2395.848905
1759.975248 -2418.324277
1767.632576 -2440.828287
1775.346128 -2463.358997
1783.115906 -2485.916407
1790.941908 -2508.500517
1798.824136 -2531.111327
1806.762589 -2553.748837
1814.757266 -2576.413047
1822.808169 -2599.103957
1830.915296 -2621.821567
1839.078649 -2644.565877
1847.298227 -2667.336887
1855.574029 -2690.134596
1863.906057 -2712.959006
1872.294310 -2735.810116
1880.738788 -2758.687926
1889.239490 -2781.592436
1897.796418 -2804.523646
1906.409571 -2827.481556
1915.078948 -2850.466166
1923.804551 -2873.477476
1932.586379 -2896.515486
1941.424432 -2919.580196
1950.318710 -2942.671606
1959.269212 -2965.789716
1968.275940 -2988.934526
1977.338893 -3012.106037
1986.458071 -3035.304247
1995.633474 -3058.529157
2004.865101 -3081.780767
2014.152954 -3105.059077
2023.497032 -3128.364087
2032.897335 -3151.695797
2042.353863 -3175.054207
2051.866616 -3198.439317
2061.435594 -3221.851127
2071.060796 -3245.289637
2080.742224 -3268.754847
2090.479877 -3292.246757
2100.273755 -3315.765367
2110.123858 -3339.310677
2120.067161 -3362.883138
2130.091339 -3386.482598
2140.196392 -3410.109058
2150.382320 -3433.762518
2160.649122 -3457.442978
2170.996800 -3481.150438
2181.425353 -3504.884898
2191.934781 -3528.646358
2202.525084 -3552.434818
2213.196261 -3576.250278
2223.948314 -3600.092738
2234.781242 -3623.962198
2245.695044 -3647.858658
2256.689722 -3671.782118
2267.765274 -3695.732578
2278.921702 -3719.710038
2290.159005 -3743.714498
2301.477182 -3767.745958
2312.876235 -3791.804418
2324.356162 -3815.889878
2335.916965 -3840.002338
2347.558642 -3864.141798
2359.281195 -3888.308258
2371.084622 -3912.501718
2382.968924 -3936.722178
2394.934102 -3960.969638
2406.980154 -3985.244098
2419.107082 -4009.545558
2431.314884 -4033.874018
2443.603561 -4058.229478
2455.973114 -4082.611938
2468.423541 -4107.021398
2480.954843 -4131.457858
2493.567020 -4155.921318
2506.260072 -4180.411778
2519.034000 -4204.929238
2531.888802 -4229.473698
2544.824479 -4254.045158
2557.841031 -4278.643617
2570.938458 -4303.269077
2584.066735 -4327.893675
2597.242537 -4352.526697
2610.465864 -4377.168145
2623.736717 -4401.818017
2637.055094 -4426.476314
2650.420996 -4451.143037
2663.834423 -4475.818184
2677.295375 -4500.501756
2690.803852 -4525.193754
2704.359854 -4549.894176
2717.963381 -4574.603023
2731.614433 -4599.320295
2745.313010 -4624.045993
2759.059112 -4648.780115
2772.852739 -4673.522662
2786.693891 -4698.273634
2800.582568 -4723.033032
2814.518770 -4747.800854
2828.502497 -4772.577101
2842.533749 -4797.361773
2856.612527 -4822.154870
2870.738829 -4846.956393
2884.912656 -4871.766340
2899.134008 -4896.584712
2913.402885 -4921.411509
2927.719287 -4946.246731
2942.083214 -4971.090378
2956.494666 -4995.942450
2970.953643 -5020.802948
2985.460145 -5045.671870
3000.014172 -5070.549217
3014.615724 -5095.434989
3029.264801 -5120.329186
3043.961403 -5145.231808
3058.705529 -5170.142855
3073.497181 -5195.062327
3088.336358 -5219.990224
3103.223060 -5244.926546
3118.157287 -5269.871293
3133.139039 -5294.824465
3148.199479 -5319.784074
3163.328218 -5344.750784
3178.525258 -5369.724593
3193.790597 -5394.705502
3209.124237 -5419.693511
3224.526176 -5444.688620
3239.996415 -5469.690829
3255.534955 -5494.700138
3271.141794 -5519.716547
3286.816934 -5544.740056
3302.560373 -5569.770665
3318.372113 -5594.808374
3334.252152 -5619.853182
3350.200492 -5644.905091
3366.217131 -5669.964099
3382.302071 -5695.030208
3398.455310 -5720.103416
3414.676850 -5745.183724
3430.966689 -5770.271132
3447.324829 -5795.365641
3463.751268 -5820.467249
3480.246008 -5845.575957
3496.809047 -5870.691765
3513.440387 -5895.814672
3530.140026 -5920.944680
3546.907966 -5946.081788
3563.744205 -5971.225996
3580.648745 -5996.377303
3597.621584 -6021.535711
3614.662724 -6046.701218
3631.772163 -6071.873826
3648.949903 -6097.053533
3666.195942 -6122.240340
3683.510282 -6147.434248
3700.892921 -6172.635255
3718.343861 -6197.843362
3735.863100 -6223.058569
3753.450640 -6248.280876
3771.106479 -6273.510283
3788.830619 -6298.746790
3806.618971 -6324.019309
3824.472898 -6349.318203
3842.392400 -6374.643472
3860.377477 -6399.995117
3878.428129 -6425.373136
3896.544356 -6450.777530
3914.726158 -6476.208299
3932.973535 -6501.665443
3951.286487 -6527.148962
3969.665014 -6552.658857
3988.109116 -6578.195126
4006.618794 -6603.757770
4025.194046 -6629.346789
4043.834873 -6654.962183
4062.541275 -6680.603951
4081.313252 -6706.272095
4100.150804 -6731.966614
4119.053932 -6757.687508
4138.022634 -6783.434777
4157.056911 -6809.208421
4176.156763 -6835.008440
4195.322191 -6860.834833
4214.553193 -6886.687602
4233.849770 -6912.566746
4253.211922 -6938.472264
4272.639650 -6964.404158
4292.132952 -6990.362427
4311.691829 -7016.347070
4331.316282 -7042.358089
4351.006309 -7068.395482
4370.761911 -7094.459251
4390.583089 -7120.549394
4410.469841 -7146.665913
4430.422169 -7172.808806
4450.440071 -7198.978075
4470.523548 -7225.173718
4490.672601 -7251.395737
4510.887228 -7277.644130
4531.167431 -7303.918898
4551.513208 -7330.220041
4571.872061 -7356.528247
4592.261488 -7382.849953
4612.681490 -7409.185159
4633.132068 -7435.533864
4653.613220 -7461.896070
4674.124948 -7488.271776
4694.667250 -7514.660981
4715.240128 -7541.063687
4735.843580 -7567.479892
4756.477608 -7593.909598
4777.142210 -7620.352803
4797.837388 -7646.809509
4818.563140 -7673.279714
4839.319467 -7699.763420
4860.106370 -7726.260625
4880.923847 -7752.771331
4901.771900 -7779.295536
4922.650527 -7805.833241
4943.559730 -7832.384447
4964.499507 -7858.949152
4985.469860 -7885.527357
5006.470787 -7912.119062
5027.502289 -7938.724267
5048.564367 -7965.342973
5069.657019 -7991.975178
5090.780247 -8018.620883
5111.934049 -8045.280088
5133.118427 -8071.952793
5154.333379 -8098.638998
5175.578907 -8125.338703
5196.855009 -8152.051908
5218.161686 -8178.778613
5239.498939 -8205.518818
5260.866766 -8232.272523
5282.265169 -8259.039728
5303.694146 -8285.820433
5325.153699 -8312.614638
5346.643826 -8339.422343
5368.164529 -8366.243547
5389.715806 -8393.078252
5411.311571 -8419.930357
5432.947186 -8446.798562
5454.622651 -8473.682866
5476.337965 -8500.583271
5498.093130 -8527.499776
5519.888145 -8554.432380
5541.723010 -8581.381085
5563.597724 -8608.345889
5585.512289 -8635.326794
5607.466704 -8662.323798
5629.460968 -8689.336903
5651.495083 -8716.366107
5673.569048 -8743.411411
5695.682862 -8770.472816
5717.836527 -8797.550320
5740.030041 -8824.643924
5762.263406 -8851.753628
5784.536620 -8878.879433
5806.849685 -8906.021337
5829.202599 -8933.179341
5851.595363 -8960.353445
5874.027978 -8987.543649
5896.500442 -9014.749953
5919.012756 -9041.972357
5941.564921 -9069.210861
5964.156935 -9096.465465
5986.788799 -9123.736169
6009.460513 -9151.022973
6032.172078 -9178.325877
6054.923492 -9205.644880
6077.714756 -9232.979984
6100.545870 -9260.331188
6123.416834 -9287.698492
6146.327648 -9315.081895
6169.278312 -9342.481399
6192.268826 -9369.897002
6215.299190 -9397.328706
6238.369404 -9424.776510
6261.479468 -9452.240413
6284.629382 -9479.720417
6307.793758 -9507.201895
6330.981060 -9534.689723
6354.191286 -9562.183902
6377.424437 -9589.684430
6400.680513 -9617.191309
6423.959515 -9644.704537
6447.261441 -9672.224116
6470.586292 -9699.750044
6493.934068 -9727.282322
6517.304769 -9754.820951
6540.698395 -9782.365929
6564.114946 -9809.917257
6587.554422 -9837.474936
6611.016823 -9865.038964
6634.502149 -9892.609342
6658.010400 -9920.186071
6681.541576 -9947.769149
6705.095677 -9975.358577
6728.672703 -10002.954355
6752.272654 -10030.556484
6775.895529 -10058.164962
6799.541330 -10085.779790
6823.210056 -10113.400968
6846.901707 -10141.028496
6870.616282 -10168.662375
6894.353783 -10196.302603
6918.114209 -10223.949181
6941.897559 -10251.602109
6965.703835 -10279.261387
6989.533035 -10306.927015
7013.385161 -10334.598993
7037.260211 -10362.277322
7061.158187 -10389.962000
7085.079087 -10417.653028
7109.022912 -10445.350406
7132.989663 -10473.054134
7156.979338 -10500.764212
7180.991938 -10528.480640
7205.027464 -10556.203418
7229.085914 -10583.932546
7253.178427 -10611.681149
7277.301289 -10639.444852
7301.454502 -10667.223655
7325.638065 -10695.017558
7349.851978 -10722.826561
7374.096241 -10750.650664
7398.370854 -10778.489867
7422.675816 -10806.344170
7447.011129 -10834.213572
7471.376792 -10862.098075
7495.772805 -10889.997678
7520.199168 -10917.912381
7544.655881 -10945.842184
7569.142944 -10973.787087
7593.660357 -11001.747090
7618.208120 -11029.722192
7642.786233 -11057.712395
7667.394696 -11085.717698
7692.033509 -11113.738101
7716.702673 -11141.773603
7741.402186 -11169.824206
7766.132049 -11197.889909
7790.892262 -11225.970712
7815.682825 -11254.066614
7840.503738 -11282.177617
7865.355002 -11310.303720
7890.236615 -11338.444922
7915.148578 -11366.601225
7940.090891 -11394.772628
7965.063555 -11422.959130
7990.066568 -11451.160733
8015.099931 -11479.377435
8040.163645 -11507.609238
8065.257708 -11535.856141
8090.382122 -11564.118143
8115.536885 -11592.395246
8140.721998 -11620.687448
8165.937462 -11648.994751
8191.183275 -11677.317153
8216.459439 -11705.654656
8241.757327 -11734.009096
8267.079816 -11762.379861
8292.426904 -11790.766951
8317.798593 -11819.170366
8343.194882 -11847.590105
8368.615770 -11876.026170
8394.061259 -11904.478560
8419.531348 -11932.947275
8445.026036 -11961.432315
8470.545325 -11989.933679
8496.089214 -12018.451369
8521.657703 -12046.985384
8547.250791 -12075.535723
8572.868480 -12104.102388
8598.510769 -12132.685378
8624.177658 -12161.284692
8649.869147 -12189.900332
8675.585236 -12218.532296
8701.325925 -12247.180586
8727.091214 -12275.845200
8752.881103 -12304.526140
8778.695592 -12333.223404
8804.534681 -12361.936994
8830.398370 -12390.666908
8856.286659 -12419.413147
8882.199548 -12448.175712
8908.137037 -12476.954601
8934.099127 -12505.749815
8960.085816 -12534.561355
8986.097105 -12563.389219
9012.132994 -12592.233408
9038.193484 -12621.093922
9064.278573 -12649.970761
9090.388262 -12678.863926
9116.522552 -12707.773415
9142.681441 -12736.699229
9168.864931 -12765.641368
9195.073020 -12794.599832
9221.305709 -12823.574621
9247.562999 -12852.565735
9273.848938 -12881.576249
9300.162178 -12910.605138
9326.502717 -12939.652401
9352.870557 -12968.718040
9379.265696 -12997.802054
9405.688136 -13026.904443
9432.137875 -13056.025206
9458.614914 -13085.164345
9485.119254 -13114.321859
9511.650893 -13143.497747
9538.209832 -13172.692011
9564.796072 -13201.904649
9591.409611 -13231.135663
9618.050450 -13260.385051
9644.718589 -13289.652814
9671.414029 -13318.938953
9698.136768 -13348.243466
9724.886807 -13377.566354
9751.664146 -13406.907617
9778.468785 -13436.267255
9805.300725 -13465.645268
9832.159964 -13495.041656
9859.046503 -13524.456419
9885.960342 -13553.889557
9912.901481 -13583.341070
9939.869920 -13612.810958
9966.865659 -13642.299221
9993.888698 -13671.805859
10020.939037 -13701.330871
10048.016676 -13730.874259
10075.121615 -13760.436022
10102.253854 -13790.016159
10129.413393 -13819.614672
10156.600232 -13849.231559
10183.814371 -13878.866822
10211.055810 -13908.520459
10238.324549 -13938.192472
10265.620588 -13967.882859
10292.943927 -13997.591621
10320.294566 -14027.318759
10347.669692 -14057.063746
10375.070244 -14086.826758
10402.496220 -14116.607795
10429.947622 -14146.406857
10457.424448 -14176.223944
10484.926700 -14206.059057
10512.454376 -14235.912194
10540.007478 -14265.783356
10567.586004 -14295.672543
10595.189956 -14325.579755
10622.819332 -14355.504992
10650.474134 -14385.448254
10678.154360 -14415.409541
10705.860012 -14445.388852
10733.591088 -14475.386189
10761.347590 -14505.401551
10789.129516 -14535.434938
10816.936868 -14565.486350
10844.769644 -14595.555787
10872.627846 -14625.643248
10900.511473 -14655.748735
10928.420524 -14685.872247
10956.355001 -14716.013783
10984.314902 -14746.173345
11012.300229 -14776.350932
11040.310981 -14806.546543
11068.347157 -14836.760180
11096.408759 -14866.991841
11124.495786 -14897.241528
11152.608237 -14927.509239
11180.746114 -14957.794976
11208.909416 -14988.098737
11237.098143 -15018.420523
11265.312294 -15048.760335
11293.551871 -15079.118171
11321.816873 -15109.494032
11350.107299 -15139.887919
11378.423151 -15170.299830
11406.764428 -15200.729766
11435.131130 -15231.177727
11463.517556 -15261.643676
11491.925608 -15292.127625
11520.355285 -15322.629574
11548.806586 -15353.149522
11577.279513 -15383.687471
11605.774065 -15414.243420
11634.290241 -15444.817368
11662.828043 -15475.409317
11691.387469 -15506.019266
11719.968520 -15536.647214
11748.571197 -15567.293163
11777.195498 -15597.957111
11805.841424 -15628.639060
11834.508976 -15659.339009
11863.198152 -15690.056957
11891.908953 -15720.792906
11920.641379 -15751.546854
11949.395430 -15782.318803
11978.171106 -15813.108751
12006.968407 -15843.916700
12035.787333 -15874.742649
12064.627884 -15905.586597
12093.490060 -15936.448546
12122.373861 -15967.328494
12151.279287 -15998.226443
12180.206338 -16029.142391
12209.155013 -16060.076340
12238.125314 -16091.028288
12267.117240 -16121.998237
12296.130791 -16152.986185
12325.165966 -16183.992134
12354.222767 -16215.016082
12383.301192 -16246.058030
12412.401243 -16277.117979
12441.522918 -16308.195927
12470.666219 -16339.291876
12499.831144 -16370.405824
12529.017695 -16401.537773
12558.225870 -16432.687721
12587.455670 -16463.855669
12616.702595 -16495.043080
12645.968146 -16526.249466
12675.252321 -16557.474827
12704.555121 -16588.719162
12733.876546 -16619.982473
12763.216596 -16651.264758
12792.575271 -16682.566019
12821.952571 -16713.886254
12851.348496 -16745.225465
12880.763046 -16776.583650
12910.196221 -16807.960810
12939.648021 -16839.356945
12969.118445 -16870.772056
12998.607495 -16902.206141
13028.115170 -16933.659201
13057.641469 -16965.131236
13087.186394 -16996.622246
13116.749943 -17028.132230
13146.332118 -17059.661190
13175.932917 -17091.209125
13205.552342 -17122.776035
13235.190391 -17154.361919
13264.847065 -17185.966779
13294.522365 -17217.590614
13324.216289 -17249.233423
13353.928838 -17280.895207
13383.660012 -17312.575967
13413.409811 -17344.275701
13443.178236 -17375.994410
13472.965285 -17407.732095
13502.770959 -17439.488754
13532.595258 -17471.264388
13562.438181 -17503.058997
13592.299730 -17534.872581
13622.179904 -17566.705140
13652.078703 -17598.556674
13681.996127 -17630.427183
13711.932175 -17662.316666
13741.886849 -17694.225125
13771.860148 -17726.152559
13801.854959 -17758.101630
13831.870320 -17790.071451
13861.906231 -17822.062022
13891.962692 -17854.073343
13922.039703 -17886.105414
13952.137265 -17918.158236
13982.255376 -17950.231807
14012.394037 -17982.326128
14042.553248 -18014.441199
14072.733009 -18046.577020
14102.933321 -18078.733591
14133.154182 -18110.910912
14163.395593 -18143.108983
14193.657554 -18175.327804
14223.940066 -18207.567375
14254.243127 -18239.827696
14284.566738 -18272.108767
14314.910899 -18304.410588
14345.275611 -18336.733159
14375.660872 -18369.076480
14406.066683 -18401.440550
14436.493045 -18433.825371
14466.939956 -18466.230942
14497.407417 -18498.657263
14527.895429 -18531.104334
14558.403990 -18563.572155
14588.933102 -18596.060725
14619.482763 -18628.570046
14650.052974 -18661.100117
14680.643736 -18693.650938
14711.255047 -18726.222509
14741.886909 -18758.814829
14772.539320 -18791.427900
14803.212281 -18824.061721
14833.905793 -18856.716291
14864.619854 -18889.391612
14895.354466 -18922.087683
14926.109627 -18954.804503
14956.885339 -18987.542074
14987.681600 -19020.300395
15018.506849 -19053.086178
15049.358273 -19085.897186
15080.235872 -19118.733419
15111.139646 -19151.594877
15142.069595 -19184.481560
15173.025720 -19217.393468
15204.008019 -19250.330601
15235.016493 -19283.292959
15266.051142 -19316.280543
15297.111966 -19349.293351
15328.198966 -19382.331384
15359.312140 -19415.394642
15390.451489 -19448.483125
15421.617013 -19481.596833
15452.808713 -19514.735766
15484.026587 -19547.899924
15515.270636 -19581.089307
15546.540861 -19614.303915
15577.837260 -19647.543748
15609.159835 -19680.808806
15640.508584 -19714.099088
15671.883509 -19747.414596
15703.284608 -19780.755329
15734.711883 -19814.121287
15766.165332 -19847.512470
15797.644957 -19880.928878
15829.150756 -19914.370511
15860.682731 -19947.837369
15892.240881 -19981.329452
15923.825205 -20014.846760
15955.435705 -20048.389292
15987.072380 -20081.957050
16018.735229 -20115.550033
16050.424254 -20149.168241
16082.139454 -20182.811674
16113.880829 -20216.480332
16145.648378 -20250.174214
16177.442103 -20283.893322
16209.262003 -20317.637655
16241.108078 -20351.407213
16272.976353 -20385.200758
16304.868153 -20419.018703
16336.783478 -20452.861049
16368.722327 -20486.727794
16400.684702 -20520.618939
16432.670602 -20554.534484
16464.680027 -20588.474429
16496.712977 -20622.438775
16528.769452 -20656.427520
16560.849451 -20690.440665
16592.952976 -20724.478210
16625.080026 -20758.540155
16657.230601 -20792.626500
16689.404701 -20826.737245
16721.602326 -20860.872391
16753.823475 -20895.031936
16786.068150 -20929.215881
16818.336350 -20963.424226
16850.628075 -20997.656971
16882.943325 -21031.914116
16915.282099 -21066.195661
16947.644399 -21100.501606
16980.030224 -21134.831951
17012.439574 -21169.186696
17044.872448 -21203.565841
17077.328848 -21237.969386
17109.808773 -21272.397331
17142.312223 -21306.849676
17174.839197 -21341.326421
17207.389697 -21375.827566
17239.963722 -21410.353111
17272.561272 -21444.903055
17305.182346 -21479.477400
17337.826946 -21514.076145
17370.495071 -21548.699290
17403.186721 -21583.346835
17435.901895 -21618.018780
17468.640595 -21652.715125
17501.402820 -21687.435869
17534.188569 -21722.181014
