-0.045637 0.026175
-0.121700 0.069800
-0.228187 0.130875
-0.365100 0.209400
-0.532437 0.305375
-0.730200 0.418800
-0.958387 0.549675
-1.216999 0.698000
-1.506037 0.863775
-1.825499 1.047001
-2.175386 1.247676
-2.555699 1.465801
-2.966436 1.701376
-3.407598 1.954401
-3.879185 2.224876
-4.381197 2.512801
-4.913635 2.818176
-5.476497 3.141002
-6.069784 3.481277
-6.693496 3.839002
-7.347633 4.214177
-8.032195 4.606802
-8.747182 5.016877
-9.492594 5.444403
-10.268432 5.889378
-11.074694 6.351803
-11.911381 6.831678
-12.778493 7.329004
-13.676030 7.843779
-14.603992 8.376004
-15.562378 8.925679
-16.551190 9.492805
-17.570427 10.077380
-18.620089 10.679405
-19.700176 11.298881
-20.810688 11.935806
-21.951625 12.590181
-23.122987 13.262006
-24.324773 13.951282
-25.556985 14.658007
-26.818647 15.383233
-28.110084 16.126608
-29.431295 16.888133
-30.782282 17.667809
-32.163044 18.465634
-33.573581 19.281610
-35.013892 20.115735
-36.483979 20.968011
-37.983841 21.838436
-39.513477 22.727012
-41.072889 23.633737
-42.662075 24.558613
-44.281037 25.501638
-45.929774 26.462814
-47.608285 27.442139
-49.316572 28.439615
-51.054633 29.455241
-52.822470 30.489016
-54.620081 31.540942
-56.447468 32.611018
-58.304629 33.699243
-60.191566 34.805619
-62.108277 35.930145
-64.054764 37.072821
-66.031025 38.233646
-68.037062 39.412622
-70.072873 40.609748
-72.138460 41.825024
-74.233821 43.058450
-76.358957 44.310025
-78.513869 45.579751
-80.698555 46.867627
-82.913016 48.173653
-85.157253 49.497829
-87.431264 50.840155
-89.735050 52.200631
-92.068612 53.579257
-94.431948 54.976033
-96.825059 56.390959
-99.247945 57.824035
-101.696931 59.278823
-104.173243 60.754137
-106.676879 62.249975
-109.207840 63.766339
-111.766126 65.303227
-114.351737 66.860641
-116.964673 68.438579
-119.604934 70.037043
-122.272520 71.656031
-124.967431 73.295545
-127.689667 74.955584
-130.439228 76.636147
-133.216114 78.337236
-136.020325 80.058849
-138.851861 81.800988
-141.710721 83.563651
-144.596907 85.346840
-147.510418 87.150553
-150.451254 88.974792
-153.419414 90.819555
-156.414900 92.684844
-159.437711 94.570657
-162.487846 96.476996
-165.565307 98.403859
-168.670093 100.351248
-171.802203 102.319161
-174.961639 104.307600
-178.148399 106.316563
-181.362485 108.346052
-184.603895 110.396066
-187.872631 112.466604
-191.168691 114.557668
-194.492076 116.669256
-197.842787 118.801370
-201.220822 120.954008
-204.626182 123.127172
-208.058868 125.320860
-211.518878 127.535074
-215.006213 129.769812
-218.520873 132.025076
-222.050221 134.264977
-225.598469 136.501478
-229.165617 138.734579
-232.751665 140.964280
-236.356612 143.190581
-239.980460 145.413482
-243.623208 147.632983
-247.284856 149.849084
-250.965404 152.061785
-254.664852 154.271086
-258.383200 156.476987
-262.120448 158.679488
-265.876596 160.878589
-269.651644 163.074290
-273.445592 165.266591
-277.258440 167.455492
-281.090188 169.640993
-284.940836 171.823094
-288.810385 174.001795
-292.698833 176.177096
-296.606181 178.348997
-300.532429 180.517498
-304.477577 182.682599
-308.441626 184.844299
-312.424574 187.002600
-316.426422 189.157501
-320.447171 191.309002
-324.486819 193.457103
-328.545367 195.601804
-332.622816 197.743105
-336.719164 199.881006
-340.834413 202.015507
-344.968561 204.146607
-349.121609 206.274308
-353.293558 208.398609
-357.484406 210.519510
-361.694155 212.637011
-365.922804 214.751112
-370.170352 216.861813
-374.436801 218.969113
-378.706662 221.059477
-382.985098 223.137415
-387.272109 225.202929
-391.567695 227.256017
-395.871857 229.296681
-400.184593 231.324919
-404.505904 233.340733
-408.835790 235.344122
-413.174251 237.335085
-417.521288 239.313624
-421.876899 241.279738
-426.241085 243.233427
-430.613846 245.174691
-434.995183 247.103529
-439.385094 249.019943
-443.783580 250.923932
-448.190642 252.815496
-452.606278 254.694635
-457.030490 256.561350
-461.463276 258.415639
-465.904637 260.257503
-470.354574 262.086942
-474.813085 263.903956
-479.280172 265.708546
-483.755833 267.500710
-488.240070 269.280449
-492.732881 271.047764
-497.234268 272.802653
-501.744229 274.545118
-506.262766 276.275157
-510.789877 277.992772
-515.325564 279.697961
-519.869826 281.390726
-524.422662 283.071066
-528.984074 284.738980
-533.554060 286.394470
-538.132622 288.037535
-542.719759 289.668175
-547.315470 291.286390
-551.919757 292.892180
-556.522381 294.533882
-561.126756 296.195384
-565.732880 297.876687
-570.340754 299.577789
-574.950378 301.298692
-579.561753 303.039394
-584.174877 304.799896
-588.789752 306.580199
-593.406376 308.380301
-598.024750 310.200204
-602.644875 312.039906
-607.266749 313.899408
-611.890374 315.778711
-616.515748 317.677813
-621.142873 319.596716
-625.771747 321.535418
-630.402372 323.493920
-635.034747 325.472223
-639.668871 327.470325
-644.304746 329.488228
-648.942370 331.525930
-653.581745 333.583432
-658.222870 335.660735
-662.865745 337.757837
-667.510369 339.874740
-672.156744 342.011442
-676.804869 344.167944
-681.454744 346.344247
-686.106369 348.540349
-690.759743 350.756252
-695.414868 352.991954
-700.071743 355.247456
-704.730368 357.522759
-709.390743 359.817861
-714.052868 362.132764
-718.716743 364.467466
-723.382368 366.821968
-728.049743 369.196271
-732.718868 371.590373
-737.389743 374.004276
-742.040881 376.438541
-746.679443 378.892980
-751.305431 381.367595
-755.918843 383.862385
-760.519681 386.377350
-765.107943 388.912490
-769.683631 391.467805
-774.246743 394.043294
-778.797280 396.638959
-783.335243 399.254799
-787.860630 401.890814
-792.373442 404.547003
-796.873680 407.223368
-801.361342 409.919908
-805.836429 412.636623
-810.298941 415.373512
-814.748878 418.130577
-819.186241 420.907817
-823.611028 423.705231
-828.023240 426.522821
-832.422877 429.360586
-836.809939 432.218525
-841.184426 435.096640
-845.546338 437.994929
-849.895675 440.913394
-854.232437 443.852033
-858.556624 446.810848
-862.868236 449.789838
-867.167273 452.789002
-871.453735 455.808342
-875.727621 458.847856
-879.988933 461.907546
-884.237670 464.987410
-888.473832 468.087450
-892.697419 471.207664
-896.908430 474.348054
-901.106867 477.508618
-905.292729 480.689357
-909.466016 483.890272
-913.626727 487.111361
-917.789976 490.373663
-921.950725 493.670165
-926.108975 497.000867
-930.264724 500.365769
-934.417973 503.764871
-938.568722 507.198172
-942.716971 510.665674
-946.862721 514.167376
-951.005970 517.703278
-955.146719 521.273380
-959.284968 524.877681
-963.420717 528.516183
-967.553966 532.188885
-971.684716 535.895787
-975.812965 539.636888
-979.938714 543.412190
-984.061963 547.221692
-988.182712 551.065394
-992.300962 554.943295
-996.416711 558.855397
-1000.529960 562.801699
-1004.640709 566.782200
-1008.748959 570.796902
-1012.854708 574.845804
-1016.957957 578.928905
-1021.058706 583.046207
-1025.156955 587.197709
-1029.252705 591.383410
-1033.345954 595.603312
-1037.436703 599.857414
-1041.524952 604.145715
-1045.610702 608.468217
-1049.693951 612.824918
-1053.774700 617.215820
-1057.852949 621.640922
-1061.928699 626.100223
-1066.001948 630.593725
-1070.072697 635.121426
-1074.140946 639.683328
-1078.206696 644.279429
-1082.262407 648.922443
-1086.310594 653.608132
-1090.351256 658.336496
-1094.384392 663.107535
-1098.410004 667.921250
-1102.428091 672.777639
-1106.438653 677.676703
-1110.441689 682.618442
-1114.437201 687.602856
-1118.425187 692.629945
-1122.405649 697.699710
-1126.378586 702.812149
-1130.343997 707.967263
-1134.301884 713.165052
-1138.252245 718.405517
-1142.195082 723.688656
-1146.130394 729.014470
-1150.058180 734.382960
-1153.978442 739.794124
-1157.891178 745.247964
-1161.796390 750.744478
-1165.694076 756.283667
-1169.584238 761.865532
-1173.466874 767.490071
-1177.341986 773.157286
-1181.209572 778.867175
-1185.069633 784.619740
-1188.922170 790.414979
-1192.767181 796.252894
-1196.604668 802.133483
-1200.434629 808.056748
-1204.257065 814.022688
-1208.071977 820.031302
-1211.879363 826.082592
-1215.679224 832.176557
-1219.471561 838.313196
-1223.256372 844.492511
-1227.033658 850.714501
-1230.803420 856.979165
-1234.565656 863.286505
-1238.310317 869.591595
-1242.040754 875.909410
-1245.756965 882.239950
-1249.458951 888.583214
-1253.146713 894.939204
-1256.820249 901.307919
-1260.479560 907.689359
-1264.124647 914.083524
-1267.755508 920.490414
-1271.372145 926.910029
-1274.974556 933.342369
-1278.562743 939.787434
-1282.136704 946.245224
-1285.696441 952.715739
-1289.241953 959.198979
-1292.773239 965.694944
-1296.290301 972.203634
-1299.793138 978.725049
-1303.281749 985.259189
-1306.756136 991.806054
-1310.216298 998.365644
-1313.662234 1004.937959
-1317.093946 1011.523000
-1320.511433 1018.120765
-1323.914695 1024.731255
-1327.303731 1031.354470
-1330.678543 1037.990410
-1334.039130 1044.639076
-1337.385492 1051.300466
-1340.717629 1057.974581
-1344.035541 1064.661422
-1347.339228 1071.360987
-1350.628690 1078.073277
-1353.903927 1084.798293
-1357.164939 1091.536033
-1360.411726 1098.286498
-1363.644288 1105.049689
-1366.862625 1111.825604
-1370.066737 1118.614245
-1373.256624 1125.415610
-1376.462511 1132.219613
-1379.674323 1139.029616
-1382.892060 1145.845619
-1386.115722 1152.667622
-1389.345309 1159.495625
-1392.580821 1166.329628
-1395.822258 1173.169631
-1399.069620 1180.015634
-1402.322907 1186.867638
-1405.582119 1193.725641
-1408.847256 1200.589644
-1412.118318 1207.459647
-1415.395305 1214.335650
-1418.678217 1221.217653
-1421.967054 1228.105656
-1425.261816 1234.999659
-1428.562503 1241.899663
-1431.869115 1248.805666
-1435.181652 1255.717669
-1438.500114 1262.635672
-1441.824501 1269.559675
-1445.154813 1276.489679
-1448.491050 1283.425682
-1451.833211 1290.367685
-1455.181298 1297.315689
-1458.535310 1304.269692
-1461.895247 1311.229695
-1465.261109 1318.195698
-1468.632896 1325.167702
-1472.010608 1332.145705
-1475.394244 1339.129708
-1478.783806 1346.119712
-1482.179293 1353.115715
-1485.580705 1360.117719
-1488.988042 1367.125722
-1492.401303 1374.139725
-1495.820490 1381.159729
-1499.245602 1388.185732
-1502.676639 1395.217736
-1506.113601 1402.255739
-1509.561287 1409.325768
-1513.018099 1416.419146
-1516.484036 1423.535875
-1519.959097 1430.675953
-1523.443284 1437.839382
-1526.936596 1445.026160
-1530.439032 1452.236289
-1533.950594 1459.469767
-1537.471280 1466.726596
-1541.001092 1474.006775
-1544.540028 1481.310303
-1548.088089 1488.637182
-1551.645276 1495.987411
-1555.211587 1503.360989
-1558.787024 1510.757918
-1562.371585 1518.178197
-1565.965271 1525.621825
-1569.568082 1533.088804
-1573.180019 1540.579133
-1576.801080 1548.092812
-1580.431266 1555.629840
-1584.070577 1563.190219
-1587.719013 1570.773948
-1591.376574 1578.381027
-1595.043260 1586.011456
-1598.719071 1593.665234
-1602.404007 1601.342363
-1606.098068 1609.042842
-1609.801254 1616.766671
-1613.513565 1624.513850
-1617.235001 1632.284379
-1620.965562 1640.078258
-1624.705248 1647.895487
-1628.454059 1655.736066
-1632.211994 1663.599995
-1635.979055 1671.487274
-1639.755241 1679.397903
-1643.540552 1687.331882
-1647.334987 1695.289211
-1651.138548 1703.269890
-1654.919846 1711.259069
-1658.689344 1719.261698
-1662.447042 1727.277777
-1666.192940 1735.307307
-1669.927038 1743.350286
-1673.649337 1751.406715
-1677.359835 1759.476594
-1681.058533 1767.559923
-1684.745431 1775.656703
-1688.420529 1783.766932
-1692.083827 1791.890611
-1695.735325 1800.027740
-1699.375023 1808.178320
-1703.002921 1816.342349
-1706.619019 1824.519829
-1710.223317 1832.710758
-1713.815815 1840.915137
-1717.396513 1849.132967
-1720.965411 1857.364246
-1724.522509 1865.608976
-1728.067807 1873.867155
-1731.601305 1882.138785
-1735.123003 1890.423864
-1738.632901 1898.722394
-1742.130999 1907.034373
-1745.617297 1915.359803
-1749.091795 1923.698682
-1752.554493 1932.051012
-1756.005391 1940.416792
-1759.444489 1948.796021
-1762.871787 1957.188701
-1766.287285 1965.594831
-1769.690983 1974.014410
-1773.082881 1982.447440
-1776.462979 1990.893920
-1779.831277 1999.353849
-1783.187775 2007.827229
-1786.532473 2016.314059
-1789.865371 2024.814339
-1793.186469 2033.328069
-1796.504542 2041.835074
-1799.816664 2050.342078
-1803.122837 2058.849083
-1806.423060 2067.356088
-1809.717333 2075.863093
-1813.005656 2084.370098
-1816.288029 2092.877103
-1819.564452 2101.384108
-1822.834925 2109.891113
-1826.099448 2118.398117
-1829.358021 2126.905122
-1832.610644 2135.412127
-1835.857317 2143.919132
-1839.098040 2152.426137
-1842.332813 2160.933142
-1845.561636 2169.440147
-1848.784509 2177.947152
-1852.001432 2186.454157
-1855.212405 2194.961162
-1858.417428 2203.468167
-1861.616501 2211.975172
-1864.809624 2220.482177
-1867.996796 2228.989182
-1871.178019 2237.496187
-1874.353292 2246.003192
-1877.522615 2254.510197
-1880.685988 2263.017202
-1883.843412 2271.524207
-1886.994885 2280.031212
-1890.140408 2288.538217
-1893.279981 2297.045222
-1896.413604 2305.552227
-1899.541277 2314.059232
-1902.663000 2322.566237
-1905.778773 2331.073242
-1908.888596 2339.580248
-1911.992469 2348.087253
-1915.090392 2356.594258
-1918.182365 2365.101263
-1921.268388 2373.608268
-1924.362861 2382.130498
-1927.460984 2390.662878
-1930.562757 2399.205408
-1933.668180 2407.758088
-1936.777253 2416.320918
-1939.889976 2424.893898
-1943.006349 2433.477028
-1946.126372 2442.070308
-1949.250045 2450.673738
-1952.377368 2459.287318
-1955.508341 2467.911047
-1958.642963 2476.544927
-1961.781236 2485.188957
-1964.923159 2493.843137
-1968.068732 2502.507466
-1971.217955 2511.181946
-1974.370828 2519.866575
-1977.527350 2528.561355
-1980.687523 2537.266285
-1983.851346 2545.981364
-1987.018819 2554.706594
-1990.189942 2563.441973
-1993.364714 2572.187502
-1996.543137 2580.943182
-1999.725210 2589.709011
-2002.910933 2598.484991
-2006.100305 2607.271120
-2009.293328 2616.067399
-2012.490001 2624.873828
-2015.690323 2633.690408
-2018.894296 2642.517137
-2022.101919 2651.354016
-2025.313191 2660.201045
-2028.528114 2669.058224
-2031.746686 2677.925553
-2034.968909 2686.803032
-2038.194782 2695.690662
-2041.424304 2704.588441
-2044.657477 2713.496369
-2047.894299 2722.414448
-2051.114634 2731.320777
-2054.325194 2740.222656
-2057.525979 2749.120085
-2060.716990 2758.013064
-2063.898225 2766.901593
-2067.069685 2775.785672
-2070.231370 2784.665302
-2073.383280 2793.540481
-2076.525416 2802.411210
-2079.657776 2811.277489
-2082.780361 2820.139318
-2085.893172 2828.996697
-2088.996207 2837.849626
-2092.089467 2846.698105
-2095.172953 2855.542134
-2098.246663 2864.381714
-2101.310599 2873.216843
-2104.364759 2882.047522
-2107.409145 2890.873751
-2110.443755 2899.695531
-2113.468591 2908.512860
-2116.483652 2917.325739
-2119.488937 2926.134168
-2122.484448 2934.938148
-2125.470183 2943.737677
-2128.446144 2952.532756
-2131.412330 2961.323386
-2134.368741 2970.109565
-2137.315376 2978.891294
-2140.252237 2987.668574
-2143.179323 2996.441403
-2146.096634 3005.209783
-2149.004170 3013.973712
-2151.901931 3022.733191
-2154.789916 3031.488221
-2157.668127 3040.238800
-2160.536563 3048.984930
-2163.395224 3057.726609
-2166.244110 3066.463839
-2169.083221 3075.196618
-2171.919195 3083.889660
-2174.749819 3092.554727
-2177.575092 3101.191819
-2180.395016 3109.800936
-2183.209590 3118.382078
-2186.018813 3126.935246
-2188.822687 3135.460438
-2191.621211 3143.957655
-2194.414385 3152.426897
-2197.202209 3160.868164
-2199.984683 3169.281456
-2202.761807 3177.666773
-2205.533581 3186.024115
-2208.300005 3194.353482
-2211.061079 3202.654874
-2213.816803 3210.928292
-2216.567177 3219.173734
-2219.312201 3227.391201
-2222.051876 3235.580693
-2224.786200 3243.742210
-2227.515174 3251.875752
-2230.238798 3259.981319
-2232.957073 3268.058912
-2235.669997 3276.108529
-2238.377572 3284.130171
-2241.079796 3292.123838
-2243.776671 3300.089530
-2246.468195 3308.027248
-2249.154370 3315.936990
-2251.835194 3323.818757
-2254.510669 3331.672549
-2257.180794 3339.498367
-2259.845568 3347.296209
-2262.504993 3355.066076
-2265.159068 3362.807968
-2267.807793 3370.521886
-2270.451168 3378.207828
-2273.089193 3385.865795
-2275.721868 3393.495787
-2278.349193 3401.097805
-2280.984668 3408.719922
-2283.623792 3416.346114
-2286.266567 3423.976382
-2288.912992 3431.610724
-2291.563067 3439.249141
-2294.216792 3446.891634
-2296.874167 3454.538201
-2299.535192 3462.188844
-2302.199867 3469.843561
-2304.868191 3477.502353
-2307.540166 3485.165221
-2310.215791 3492.832163
-2312.895066 3500.503181
-2315.577991 3508.178273
-2318.264565 3515.857441
-2320.954790 3523.540683
-2323.648665 3531.228001
-2326.346190 3538.919393
-2329.047364 3546.614861
-2331.752189 3554.314404
-2334.460664 3562.018021
-2337.172788 3569.725714
-2339.888563 3577.437481
-2342.607988 3585.153324
-2345.331062 3592.873242
-2348.057787 3600.597234
-2350.788162 3608.325302
-2353.522186 3616.057445
-2356.259861 3623.793662
-2359.001185 3631.533955
-2361.746160 3639.278323
-2364.494785 3647.026765
-2367.247059 3654.779283
-2370.002984 3662.535876
-2372.762558 3670.296544
-2375.525783 3678.061286
-2378.292657 3685.830104
-2381.063182 3693.602997
-2383.837356 3701.379965
-2386.615181 3709.161008
-2389.372017 3716.940275
-2392.116079 3724.719718
-2394.847366 3732.499336
-2397.565878 3740.279129
-2400.271615 3748.059097
-2402.964578 3755.839240
-2405.644765 3763.619558
-2408.312177 3771.400052
-2410.966814 3779.180720
-2413.608676 3786.961563
-2416.237763 3794.742581
-2418.854075 3802.523774
-2421.457612 3810.305143
-2424.048374 3818.086686
-2426.626361 3825.868404
-2429.191573 3833.650298
-2431.744011 3841.432366
-2434.283673 3849.214610
-2436.810560 3856.997028
-2439.324672 3864.779622
-2441.826009 3872.562391
-2444.314571 3880.345334
-2446.790359 3888.128453
-2449.253371 3895.911747
-2451.703608 3903.695215
-2454.141070 3911.478859
-2456.565758 3919.262678
-2458.977670 3927.046672
-2461.376807 3934.830841
-2463.763169 3942.615185
-2466.136757 3950.399704
-2468.497569 3958.184398
-2470.845606 3965.969267
-2473.180869 3973.754311
-2475.503356 3981.539530
-2477.813068 3989.324924
-2480.110006 3997.110493
-2482.394168 4004.896237
-2484.665556 4012.682157
-2486.924168 4020.468251
-2489.186393 4028.257633
-2491.446768 4036.049264
-2493.705293 4043.843146
-2495.961968 4051.639278
-2498.216792 4059.437660
-2500.469767 4067.238291
-2502.720892 4075.041173
-2504.970167 4082.846305
-2507.217592 4090.653687
-2509.463167 4098.463318
-2511.706892 4106.275200
-2513.948767 4114.089332
-2516.188792 4121.905713
-2518.426966 4129.724345
-2520.663291 4137.545227
-2522.897766 4145.368358
-2525.130391 4153.193740
-2527.361166 4161.021372
-2529.590091 4168.851253
-2531.817166 4176.683385
-2534.042390 4184.517767
-2536.265765 4192.354398
-2538.487290 4200.193280
-2540.706965 4208.034412
-2542.924790 4215.877793
-2545.140765 4223.723425
-2547.354890 4231.571306
-2549.567164 4239.421438
-2551.777589 4247.273820
-2553.986164 4255.128451
-2556.192889 4262.985333
-2558.397764 4270.844464
-2560.600789 4278.705846
-2562.801964 4286.569477
-2565.001288 4294.435359
-2567.198763 4302.303490
-2569.394388 4310.173872
-2571.588163 4318.046504
-2573.780088 4325.921385
-2575.970163 4333.798517
-2578.133900 4341.695373
-2580.279462 4349.606130
-2582.406850 4357.530786
-2584.516062 4365.469343
-2586.607099 4373.421799
-2588.679961 4381.388156
-2590.734649 4389.368412
-2592.771161 4397.362569
-2594.789498 4405.370626
-2596.789660 4413.392582
-2598.771647 4421.428439
-2600.735460 4429.478195
-2602.681097 4437.541852
-2604.608559 4445.619409
-2606.517846 4453.710865
-2608.408958 4461.816222
-2610.281895 4469.935479
-2612.136657 4478.068635
-2613.973244 4486.215692
-2615.791656 4494.376649
-2617.591893 4502.551505
-2619.373955 4510.740262
-2621.137842 4518.942919
-2622.883554 4527.159475
-2624.611091 4535.389932
-2626.320453 4543.634289
-2628.011640 4551.892546
-2629.684652 4560.164702
-2631.339489 4568.450759
-2632.976151 4576.750716
-2634.594638 4585.064573
-2636.194950 4593.392329
-2637.777087 4601.733986
-2639.341049 4610.089543
-2640.886836 4618.459000
-2642.414448 4626.842357
-2643.923884 4635.239613
-2645.415146 4643.650770
-2646.888233 4652.075827
-2648.343145 4660.514784
-2649.793907 4668.968091
-2651.235843 4677.435598
-2652.668955 4685.917304
-2654.093242 4694.413211
-2655.508704 4702.923318
-2656.915341 4711.447625
-2658.313153 4719.986132
-2659.702140 4728.538839
-2661.082302 4737.105746
-2662.453638 4745.686853
-2663.816150 4754.282160
-2665.169837 4762.891667
-2666.514699 4771.515374
-2667.850736 4780.153281
-2669.177948 4788.805388
-2670.496335 4797.471695
-2671.805897 4806.152202
-2673.106634 4814.846909
-2674.398546 4823.555816
-2675.681633 4832.278923
-2676.955895 4841.016231
-2678.221332 4849.767738
-2679.477944 4858.533445
-2680.725731 4867.313352
-2681.964693 4876.107459
-2683.194831 4884.915766
-2684.416143 4893.738274
-2685.628630 4902.574981
-2686.832292 4911.425888
-2688.027129 4920.290995
-2689.213141 4929.170302
-2690.390328 4938.063810
-2691.558690 4946.971517
-2692.718228 4955.893424
-2693.868940 4964.829532
-2695.010827 4973.779839
-2696.143889 4982.744346
-2697.268126 4991.723054
-2698.383539 5000.715961
-2699.490126 5009.723068
-2700.608551 5018.746288
-2701.731925 5027.784983
-2702.860250 5036.839153
-2703.993525 5045.908798
-2705.131750 5054.993918
-2706.274924 5064.094513
-2707.423049 5073.210583
-2708.576124 5082.342127
-2709.734149 5091.489147
-2710.897123 5100.651642
-2712.065048 5109.829612
-2713.237923 5119.023057
-2714.415748 5128.231977
-2715.598522 5137.456372
-2716.786247 5146.696242
-2717.978922 5155.951587
-2719.176547 5165.222407
-2720.379121 5174.508702
-2721.586646 5183.810472
-2722.799121 5193.127717
-2724.016546 5202.460437
-2725.238921 5211.808632
-2726.466245 5221.172302
-2727.698520 5230.551447
-2728.935745 5239.946067
-2730.177920 5249.356162
-2731.425044 5258.781732
-2732.677119 5268.222777
-2733.934144 5277.679297
-2735.196119 5287.151292
-2736.463044 5296.638762
-2737.734918 5306.141707
-2739.011743 5315.660127
-2740.293518 5325.194022
-2741.580243 5334.743392
-2742.871918 5344.308237
-2744.168542 5353.888557
-2745.470117 5363.484352
-2746.776642 5373.095622
-2748.088117 5382.722367
-2749.396217 5392.356899
-2750.703717 5402.001782
-2752.010616 5411.657015
-2753.316916 5421.322597
-2754.622616 5430.998530
-2755.927716 5440.684812
-2757.232216 5450.381445
-2758.536116 5460.088427
-2759.839416 5469.805760
-2761.142116 5479.533442
-2762.444217 5489.271475
-2763.745717 5499.019857
-2765.046617 5508.778590
-2766.346917 5518.547672
-2767.646617 5528.327105
-2768.945718 5538.116887
-2770.244218 5547.917020
-2771.542118 5557.727502
-2772.839419 5567.548335
-2774.136119 5577.379517
-2775.432219 5587.221050
-2776.727720 5597.072932
-2778.022620 5606.935165
-2779.316921 5616.807747
-2780.610621 5626.690680
-2781.903722 5636.583962
-2783.196222 5646.487595
-2784.488123 5656.401577
-2785.779423 5666.325909
-2787.070124 5676.260592
-2788.360225 5686.205624
-2789.649725 5696.161007
-2790.938626 5706.126739
-2792.226927 5716.102822
-2793.514628 5726.089254
-2794.801728 5736.086037
-2796.088229 5746.093169
-2797.374130 5756.110651
-2798.659431 5766.138484
-2799.944132 5776.176666
-2801.241545 5786.210461
-2802.547234 5796.244781
-2803.861197 5806.279626
-2805.183435 5816.314996
-2806.513949 5826.350891
-2807.852737 5836.387311
-2809.199801 5846.424255
-2810.555139 5856.461725
-2811.918752 5866.499720
-2813.290641 5876.538240
-2814.670804 5886.577285
-2816.059243 5896.616855
-2817.455956 5906.656950
-2818.860945 5916.697570
-2820.274208 5926.738715
-2821.695746 5936.780384
-2823.125560 5946.822579
-2824.563648 5956.865299
-2826.010012 5966.908544
-2827.464650 5976.952314
-2828.927564 5986.996609
-2830.398752 5997.041429
-2831.878215 6007.086774
-2833.365954 6017.132643
-2834.861967 6027.179038
-2836.366256 6037.225958
-2837.878819 6047.273403
-2839.399658 6057.321373
-2840.928771 6067.369868
-2842.466160 6077.418887
-2844.011823 6087.468432
-2845.565762 6097.518502
-2847.127975 6107.569097
-2848.698463 6117.620217
-2850.277227 6127.671862
-2851.864265 6137.724031
-2853.459579 6147.776726
-2855.063167 6157.829946
-2856.675031 6167.883691
-2858.295169 6177.937961
-2859.935283 6187.970181
-2861.591471 6197.987876
-2863.263735 6207.991045
-2864.952073 6217.979690
-2866.656487 6227.953810
-2868.376976 6237.913406
-2870.113539 6247.858476
-2871.866178 6257.789021
-2873.634891 6267.705041
-2875.419680 6277.606536
-2877.220544 6287.493506
-2879.037482 6297.365951
-2880.870496 6307.223872
-2882.719585 6317.067267
-2884.584748 6326.896137
-2886.465987 6336.710483
-2888.363301 6346.510303
-2890.276690 6356.295599
-2892.206153 6366.066369
-2894.151692 6375.822615
-2896.113306 6385.564335
-2898.090995 6395.291531
-2900.084759 6405.004201
-2902.094598 6414.702347
-2904.120511 6424.385968
-2906.162500 6434.055063
-2908.220564 6443.709634
-2910.294703 6453.349680
-2912.384917 6462.975201
-2914.491206 6472.586197
-2916.613570 6482.182667
-2918.752009 6491.764613
-2920.906523 6501.332034
-2923.077112 6510.884930
-2925.263776 6520.423301
-2927.466515 6529.947147
-2929.685329 6539.456468
-2931.920218 6548.951264
-2934.171182 6558.431536
-2936.438221 6567.897282
-2938.711510 6577.378466
-2940.994324 6586.865099
-2943.286664 6596.357183
-2945.588528 6605.854717
-2947.899917 6615.357701
-2950.220831 6624.866135
-2952.551271 6634.380018
-2954.891235 6643.899352
-2957.240724 6653.424136
-2959.599739 6662.954370
-2961.968278 6672.490054
-2964.346343 6682.031188
-2966.733932 6691.577773
-2969.131047 6701.129807
-2971.537686 6710.687291
-2973.953851 6720.250225
-2976.379541 6729.818609
-2978.814755 6739.392444
-2981.259495 6748.971728
-2983.713760 6758.556462
-2986.177549 6768.146647
-2988.650864 6777.742281
-2991.133704 6787.343365
-2993.626069 6796.949900
-2996.127959 6806.561884
-2998.639374 6816.179319
-3001.160314 6825.802203
-3003.690778 6835.430538
-3006.230768 6845.064323
-3008.780283 6854.703557
-3011.339324 6864.348242
-3013.907889 6873.998377
-3016.485979 6883.653962
-3019.073594 6893.314996
-3021.670734 6902.981481
-3024.277399 6912.653416
-3026.893590 6922.330801
-3029.519305 6932.013636
-3032.154545 6941.701921
-3034.799310 6951.395656
-3037.419663 6961.091466
-3040.026916 6970.790476
-3042.621069 6980.492686
-3045.202122 6990.198096
-3047.770074 6999.906706
-3050.324927 7009.618516
-3052.866680 7019.333526
-3055.395333 7029.051736
-3057.910885 7038.773146
-3060.413338 7048.497756
-3062.902691 7058.225566
-3065.378944 7067.956576
-3067.842096 7077.690786
-3070.292149 7087.428196
-3072.729102 7097.168806
-3075.152955 7106.912617
-3077.563707 7116.659627
-3079.961360 7126.409837
-3082.345913 7136.163247
-3084.717366 7145.919857
-3087.075718 7155.679667
-3089.420971 7165.442678
-3091.753124 7175.208888
-3094.072176 7184.978298
-3096.378129 7194.750908
-3098.670982 7204.526718
-3100.950734 7214.305729
-3103.217387 7224.087939
-3105.470940 7233.873349
-3107.711392 7243.661959
-3109.938745 7253.453770
-3112.152997 7263.248780
-3114.354150 7273.046990
-3116.542203 7282.848400
-3118.717155 7292.653011
-3120.879008 7302.460821
-3123.027761 7312.271831
-3125.163413 7322.086042
-3127.285966 7331.903452
-3129.395418 7341.724062
-3131.483371 7351.543410
-3133.552624 7361.362983
-3135.603176 7371.182781
-3137.635029 7381.002804
-3139.648182 7390.823052
-3141.642634 7400.643524
-3143.618387 7410.464222
-3145.575440 7420.285145
-3147.513792 7430.106293
-3149.433445 7439.927666
-3151.334398 7449.749264
-3153.216651 7459.571087
-3155.080203 7469.393134
-3156.925056 7479.215407
-3158.751209 7489.037905
-3160.558662 7498.860628
-3162.347415 7508.683576
-3164.117468 7518.506749
-3165.868821 7528.330147
-3167.601473 7538.153769
-3169.315426 7547.977617
-3171.010679 7557.801690
-3172.687232 7567.625988
-3174.345085 7577.450511
-3175.984238 7587.275259
-3177.604691 7597.100231
-3179.206444 7606.925429
-3180.789497 7616.750852
-3182.353850 7626.576500
-3183.899503 7636.402373
-3185.426456 7646.228471
-3186.934709 7656.054794
-3188.424262 7665.881341
-3189.895116 7675.708114
-3191.347269 7685.535112
-3192.780722 7695.362335
-3194.195475 7705.189783
-3195.591528 7715.017456
-3196.968881 7724.845354
-3198.327534 7734.673476
-3199.689388 7744.532087
-3201.047141 7754.411097
-3202.400794 7764.310508
-3203.750347 7774.230318
-3205.095800 7784.170529
-3206.437154 7794.131139
-3207.774407 7804.112150
-3209.107560 7814.113561
-3210.436613 7824.135371
-3211.761566 7834.177582
-3213.082419 7844.240193
-3214.399173 7854.323204
-3215.711826 7864.426615
-3217.020379 7874.550426
-3218.324832 7884.694637
-3219.625185 7894.859248
-3220.921438 7905.044259
-3222.213591 7915.249670
-3223.501645 7925.475481
-3224.785598 7935.721692
-3226.065451 7945.988303
-3227.341204 7956.275315
-3228.612857 7966.582726
-3229.880410 7976.910537
-3231.143863 7987.258749
-3232.403217 7997.627360
-3233.658470 8008.016371
-3234.909623 8018.425783
-3236.156676 8028.855594
-3237.399629 8039.305806
-3238.638482 8049.776418
-3239.873235 8060.267429
-3241.103888 8070.778841
-3242.330442 8081.310653
-3243.552895 8091.862864
-3244.771248 8102.435476
-3245.985501 8113.028488
-3247.195654 8123.641900
-3248.401707 8134.275712
-3249.603660 8144.929924
-3250.807476 8155.576223
-3252.011166 8166.224048
-3253.214732 8176.873397
-3254.418173 8187.524272
-3255.621488 8198.176672
-3256.824679 8208.830596
-3258.027745 8219.486046
-3259.230686 8230.143021
-3260.433501 8240.801520
-3261.636192 8251.461545
-3262.838758 8262.123095
-3264.041199 8272.786170
-3265.243514 8283.450770
-3266.445705 8294.116894
-3267.647771 8304.784544
-3268.849712 8315.453719
-3270.051528 8326.124419
-3271.253219 8336.796644
-3272.454785 8347.470394
-3273.656226 8358.145669
-3274.857542 8368.822469
-3276.058733 8379.500794
-3277.259799 8390.180645
-3278.460740 8400.862020
-3279.661556 8411.544920
-3280.862247 8422.229345
-3282.062813 8432.915295
-3283.263254 8443.602771
-3284.463570 8454.291771
-3285.663761 8464.982296
-3286.863827 8475.674347
-3288.063768 8486.367922
-3289.263584 8497.063023
-3290.463275 8507.759648
-3291.662842 8518.457799
-3292.862283 8529.157474
-3294.061599 8539.858675
-3295.260790 8550.561400
-3296.459857 8561.265651
-3297.658798 8571.971426
-3298.861852 8582.651127
-3300.067605 8593.313953
-3301.276059 8603.959904
-3302.487213 8614.588979
-3303.701066 8625.201180
-3304.917620 8635.796506
-3306.136874 8646.374957
-3307.358827 8656.936532
-3308.583481 8667.481233
-3309.810835 8678.009059
-3311.040888 8688.520010
-3312.273642 8699.014086
-3313.509095 8709.491287
-3314.747249 8719.951613
-3315.988102 8730.395064
-3317.231656 8740.821640
-3318.477909 8751.231341
-3319.726863 8761.624167
-3320.978516 8772.000118
-3322.232870 8782.359194
-3323.489923 8792.701395
-3324.749677 8803.026721
-3326.012130 8813.335173
-3327.277284 8823.626749
-3328.545137 8833.901450
-3329.815690 8844.159276
-3331.088944 8854.400228
-3332.364897 8864.624304
-3333.643550 8874.831505
-3334.924904 8885.021832
-3336.208957 8895.195283
-3337.495710 8905.351859
-3338.785164 8915.491561
-3340.077317 8925.614387
-3341.372170 8935.720339
-3342.669724 8945.809415
-3343.969977 8955.881617
-3345.272930 8965.936943
-3346.578583 8975.975395
-3347.886936 8985.996971
-3349.213777 8996.003360
-3350.553843 9005.993999
-3351.907133 9015.968888
-3353.273649 9025.928027
-3354.653390 9035.871416
-3356.046355 9045.799055
-3357.452546 9055.710944
-3358.871962 9065.607083
-3360.304603 9075.487472
-3361.750468 9085.352111
-3363.209559 9095.201000
-3364.681874 9105.034138
-3366.167415 9114.851527
-3367.666181 9124.653166
-3369.178171 9134.439055
-3370.703387 9144.209193
-3372.241828 9153.963582
-3373.793493 9163.702221
-3375.358384 9173.425109
-3376.936500 9183.132248
-3378.527840 9192.823637
-3380.132406 9202.499275
-3381.750196 9212.159164
-3383.381212 9221.803302
-3385.025453 9231.431691
-3386.682918 9241.044329
-3388.353609 9250.641218
-3390.037525 9260.222356
-3391.734665 9269.787745
-3393.445031 9279.337383
-3395.168621 9288.871272
-3396.905437 9298.389410
-3398.655478 9307.891799
-3400.418743 9317.378437
-3402.195234 9326.849325
-3403.984949 9336.304464
-3405.787890 9345.743852
-3407.604055 9355.167490
-3409.433446 9364.575378
-3411.276062 9373.967517
-3413.128115 9383.320655
-3414.990868 9392.642543
-3416.864321 9401.933181
-3418.748474 9411.192570
-3420.643327 9420.420708
-3422.548880 9429.617596
-3424.465134 9438.783235
-3426.392087 9447.917623
-3428.329740 9457.020761
-3430.278093 9466.092650
-3432.237146 9475.133288
-3434.206900 9484.142677
-3436.187353 9493.120815
-3438.178506 9502.067704
-3440.180360 9510.983342
-3442.192913 9519.867731
-3444.216166 9528.720869
-3446.250120 9537.542758
-3448.294773 9546.333396
-3450.350127 9555.092785
-3452.416180 9563.820923
-3454.492934 9572.517812
-3456.580387 9581.183450
-3458.678540 9589.817839
-3460.787394 9598.420978
-3462.906947 9606.992866
-3465.037201 9615.533505
-3467.178155 9624.042893
-3469.329808 9632.521032
-3471.492162 9640.967921
-3473.665215 9649.383560
-3475.848969 9657.767948
-3478.043423 9666.121087
-3480.248576 9674.442976
-3482.464430 9682.733615
-3484.690984 9690.993003
-3486.928237 9699.221142
-3489.176191 9707.418031
-3491.434845 9715.583670
-3493.704199 9723.718059
-3496.008027 9731.854610
-3498.338406 9739.982186
-3500.695335 9748.100788
-3503.078814 9756.210414
-3505.488842 9764.311066
-3507.925421 9772.402742
-3510.388550 9780.485443
-3512.878228 9788.559170
-3515.394457 9796.623921
-3517.937236 9804.679698
-3520.506565 9812.726499
-3523.102443 9820.764326
-3525.724872 9828.793177
-3528.373851 9836.813054
-3531.049379 9844.823956
-3533.751458 9852.825882
-3536.480087 9860.818834
-3539.235265 9868.802810
-3542.016994 9876.777812
-3544.825273 9884.743839
-3547.660101 9892.700890
-3550.521480 9900.648967
-3553.409408 9908.588069
-3556.323887 9916.518196
-3559.264916 9924.439347
-3562.232494 9932.351524
-3565.226623 9940.254726
-3568.247302 9948.148953
-3571.294530 9956.034204
-3574.368309 9963.910481
-3577.468637 9971.777783
-3580.595516 9979.636110
-3583.748945 9987.485462
-3586.928923 9995.325839
-3590.135452 10003.157240
-3593.368530 10010.979667
-3596.628159 10018.793119
-3599.914337 10026.597596
-3603.227066 10034.393098
-3606.566344 10042.179625
-3609.934686 10049.923540
-3613.331252 10057.636054
-3616.756042 10065.317168
-3620.209058 10072.966883
-3623.690299 10080.585197
-3627.199765 10088.172112
-3630.737456 10095.727626
-3634.303372 10103.251740
-3637.897513 10110.744455
-3641.519879 10118.205769
-3645.170469 10125.635684
-3648.849285 10133.034198
-3652.556326 10140.401312
-3656.291591 10147.737027
-3660.055082 10155.041341
-3663.846798 10162.314255
-3667.666738 10169.555769
-3671.514904 10176.765884
-3675.391294 10183.944598
-3679.295910 10191.091912
-3683.228751 10198.207826
-3687.189816 10205.292341
-3691.179106 10212.345455
-3695.196622 10219.367169
-3699.242362 10226.357483
-3703.316328 10233.316398
-3707.418518 10240.243912
-3711.548933 10247.140026
-3715.707574 10254.004740
-3719.894439 10260.838054
-3724.109529 10267.639968
-3728.352844 10274.410483
-3732.624385 10281.149597
-3736.924150 10287.857311
-3741.252140 10294.533625
-3745.608355 10301.178539
-3749.992795 10307.792053
-3754.405460 10314.374167
-3758.846350 10320.924881
-3763.315465 10327.444195
-3767.799793 10333.942459
-3772.303670 10340.416223
-3776.827098 10346.865487
-3781.370075 10353.290251
-3785.932603 10359.690516
-3790.514680 10366.066280
-3795.116307 10372.417544
-3799.737485 10378.744308
-3804.378212 10385.046572
-3809.038489 10391.324336
-3813.718317 10397.577600
-3818.417694 10403.806364
-3823.136621 10410.010628
-3827.875098 10416.190392
-3832.633125 10422.345656
-3837.410702 10428.476420
-3842.207829 10434.582684
-3847.024506 10440.664448
-3851.860734 10446.721712
-3856.716511 10452.754475
-3861.591837 10458.762739
-3866.486714 10464.746503
-3871.401141 10470.705767
-3876.335118 10476.640531
-3881.288645 10482.550795
-3886.261722 10488.436559
-3891.254349 10494.297823
-3896.266526 10500.134587
-3901.298252 10505.946851
-3906.349529 10511.734615
-3911.420356 10517.497879
-3916.510732 10523.236643
-3921.620659 10528.950907
-3926.750136 10534.640670
-3931.899162 10540.305934
-3937.067739 10545.946698
-3942.255865 10551.562962
-3947.463542 10557.154726
-3952.690768 10562.721990
-3957.937545 10568.264754
-3963.201546 10573.799293
-3968.483548 10579.320181
-3973.783549 10584.827420
-3979.101551 10590.321009
-3984.437552 10595.800948
-3989.791554 10601.267237
-3995.163555 10606.719876
-4000.553556 10612.158865
-4005.961558 10617.584203
-4011.387559 10622.995892
-4016.831561 10628.393931
-4022.293562 10633.778320
-4027.773563 10639.149059
-4033.271565 10644.506148
-4038.787566 10649.849587
-4044.321567 10655.179375
-4049.873569 10660.495514
-4055.443570 10665.798003
-4061.031571 10671.086842
-4066.637573 10676.362031
-4072.261574 10681.623570
-4077.903575 10686.871459
-4083.563577 10692.105698
-4089.241578 10697.326286
-4094.937579 10702.533225
-4100.651580 10707.726514
-4106.383582 10712.906153
-4112.133583 10718.072142
-4117.901584 10723.224481
-4123.687585 10728.363170
-4129.491587 10733.488208
-4135.313588 10738.599597
-4141.153589 10743.697336
-4147.011590 10748.781425
-4152.887591 10753.851864
-4158.781592 10758.908653
-4164.693594 10763.951792
-4170.623595 10768.981280
-4176.571596 10773.997119
-4182.537597 10778.999308
-4188.516348 10783.993960
-4194.509599 10788.979036
-4200.517351 10793.954538
-4206.539602 10798.920464
-4212.576353 10803.876816
-4218.627604 10808.823593
-4224.693355 10813.760795
-4230.773606 10818.688421
-4236.868357 10823.606473
-4242.977609 10828.514950
-4249.101360 10833.413852
-4255.239611 10838.303179
-4261.392362 10843.182932
-4267.559613 10848.053109
-4273.741364 10852.913711
-4279.937615 10857.764738
-4286.148367 10862.606191
-4292.373618 10867.438068
-4298.613369 10872.260371
-4304.867620 10877.073098
-4311.136371 10881.876251
-4317.419622 10886.669828
-4323.717373 10891.453831
-4330.029625 10896.228259
-4336.356376 10900.993112
-4342.697627 10905.748390
-4349.053378 10910.494093
-4355.423629 10915.230221
-4361.808380 10919.956774
-4368.207631 10924.673752
-4374.621383 10929.381155
-4381.049634 10934.078983
-4387.492385 10938.767236
-4393.949636 10943.445915
-4400.421387 10948.115018
-4406.907638 10952.774547
-4413.408389 10957.424500
-4419.923640 10962.064879
-4426.453392 10966.695682
-4432.997643 10971.316911
-4439.551594 10975.921590
-4446.116845 10980.512043
-4452.693396 10985.088272
-4459.281248 10989.650276
-4465.880399 10994.198055
-4472.490850 10998.731608
-4479.112602 11003.250937
-4485.745653 11007.756041
-4492.390004 11012.246919
-4499.045656 11016.723573
-4505.712607 11021.186002
-4512.390859 11025.634205
-4519.080410 11030.068184
-4525.781262 11034.487938
-4532.493413 11038.893466
-4539.216865 11043.284770
-4545.951616 11047.661849
-4552.697668 11052.024702
-4559.455020 11056.373331
-4566.223671 11060.707735
-4573.003623 11065.027914
-4579.794875 11069.333867
-4586.597427 11073.625596
-4593.411278 11077.903100
-4600.236430 11082.166378
-4607.072882 11086.415432
-4613.920634 11090.650261
-4620.779686 11094.870864
-4627.650038 11099.077243
-4634.531690 11103.269397
-4641.424642 11107.447326
-4648.328894 11111.611029
-4655.244446 11115.760508
-4662.171298 11119.895762
-4669.109450 11124.016790
-4676.058902 11128.123594
-4683.019654 11132.216173
-4689.991707 11136.294527
-4696.975059 11140.358655
-4703.969711 11144.408559
-4710.879176 11148.451588
-4717.735616 11152.485291
-4724.539030 11156.509670
-4731.289420 11160.524724
-4737.986785 11164.530452
-4744.631125 11168.526856
-4751.222440 11172.513935
-4757.760730 11176.491688
-4764.245995 11180.460117
-4770.678234 11184.419221
-4777.057449 11188.368999
-4783.383639 11192.309453
-4789.656804 11196.240581
-4795.876944 11200.162385
-4802.044059 11204.074863
-4808.158149 11207.978017
-4814.219214 11211.871845
-4820.227255 11215.756349
-4826.182270 11219.631527
-4832.084260 11223.497381
-4837.933225 11227.353909
-4843.729165 11231.201113
-4849.472080 11235.038991
-4855.161970 11238.867545
-4860.798836 11242.686773
-4866.382676 11246.496676
-4871.913491 11250.297255
-4877.391281 11254.088508
-4882.816047 11257.870436
-4888.187787 11261.643040
-4893.506502 11265.406318
-4898.772193 11269.160271
-4903.984858 11272.904900
-4909.144498 11276.640203
-4914.251114 11280.366181
-4919.304704 11284.082835
-4924.305270 11287.790163
-4929.252810 11291.488166
-4934.147326 11295.176844
-4938.988816 11298.856197
-4943.743306 11302.505826
-4948.422122 11306.132529
-4953.025262 11309.736307
-4957.552728 11313.317160
-4962.004518 11316.875089
-4966.380634 11320.410092
-4970.681074 11323.922170
-4974.905839 11327.411324
-4979.054930 11330.877552
-4983.128345 11334.320855
-4987.126086 11337.741234
-4991.048151 11341.138687
-4994.894541 11344.513215
-4998.665257 11347.864819
-5002.360297 11351.193497
-5005.979662 11354.499251
-5009.523352 11357.782079
-5012.991368 11361.041982
-5016.383708 11364.278961
-5019.700373 11367.493014
-5022.941364 11370.684143
-5026.106679 11373.852346
-5029.196319 11376.997625
-5032.210284 11380.119978
-5035.148574 11383.219407
-5038.011190 11386.295910
-5040.798130 11389.349489
-5043.509395 11392.380142
-5046.144985 11395.387871
-5048.704900 11398.372674
-5051.189140 11401.334553
-5053.597706 11404.273506
-5055.930596 11407.189535
-5058.187811 11410.082638
-5060.369351 11412.952817
-5062.475216 11415.800071
-5064.505406 11418.624399
-5066.459921 11421.425803
-5068.338761 11424.204281
-5070.141926 11426.959835
-5071.865929 11429.718151
-5073.511931 11432.470668
-5075.079934 11435.217384
-5076.569936 11437.958300
-5077.981939 11440.693416
-5079.315941 11443.422733
-5080.571944 11446.146249
-5081.749946 11448.863966
-5082.849949 11451.575882
-5083.871951 11454.281999
-5084.815954 11456.982315
-5085.681956 11459.676832
-5086.469959 11462.365548
-5087.179961 11465.048465
-5087.811963 11467.725582
-5088.365966 11470.396899
-5088.841968 11473.062415
-5089.239971 11475.722132
-5089.559973 11478.376049
-5089.801975 11481.024166
-5089.965978 11483.666483
-5090.051980 11486.303000
-5090.059982 11488.933717
-5089.989985 11491.558634
-5089.841987 11494.177751
-5089.615989 11496.791068
-5089.311992 11499.398585
-5088.929994 11502.000302
-5088.469996 11504.596219
-5087.931999 11507.186337
-5087.316001 11509.770654
-5086.622003 11512.349171
-5085.850005 11514.921889
-5085.000008 11517.488806
-5084.072010 11520.049923
-5083.066012 11522.605241
-5081.982014 11525.154758
-5080.820016 11527.698476
-5079.580019 11530.236393
-5078.262021 11532.768511
-5076.912373 11535.262016
-5075.515625 11537.727846
-5074.071777 11540.166001
-5072.580830 11542.576481
-5071.042782 11544.959287
-5069.457634 11547.314417
-5067.825386 11549.641872
-5066.146038 11551.941652
-5064.419591 11554.213757
-5062.646043 11556.458187
-5060.825395 11558.674942
-5058.957647 11560.864022
-5057.042799 11563.025428
-5055.080851 11565.159158
-5053.071804 11567.265213
-5051.015656 11569.343593
-5048.912408 11571.394298
-5046.762060 11573.417328
-5044.564612 11575.412683
-5042.320065 11577.380364
-5040.028417 11579.320369
-5037.689669 11581.232699
-5035.303821 11583.117354
-5032.870873 11584.974334
-5030.390826 11586.803640
-5027.863678 11588.605270
-5025.289430 11590.379225
-5022.668082 11592.125505
-5019.999634 11593.844110
-5017.284086 11595.535041
-5014.521439 11597.198296
-5011.711691 11598.833876
-5008.854843 11600.441781
-5005.950895 11602.022012
-5002.999847 11603.574567
-5000.001700 11605.099447
-4996.956452 11606.596652
-4993.864104 11608.066183
-4990.724656 11609.508038
-4987.538108 11610.922218
-4984.335098 11612.304373
-4981.105413 11613.655954
-4977.849052 11614.976959
-4974.566017 11616.267389
-4971.256307 11617.527245
-4967.919921 11618.756525
-4964.556861 11619.955231
-4961.167126 11621.123361
-4957.750716 11622.260917
-4954.307630 11623.367897
-4950.837870 11624.444303
-4947.341435 11625.490133
-4943.818324 11626.505389
-4940.268539 11627.490069
-4936.692079 11628.444175
-4933.088943 11629.367706
-4929.459133 11630.260661
-4925.802648 11631.123042
-4922.119487 11631.954848
-4918.409652 11632.756078
-4914.673142 11633.526734
-4910.909956 11634.266815
-4907.120096 11634.976321
-4903.303561 11635.655252
-4899.460350 11636.303607
-4895.590465 11636.921388
-4891.693905 11637.508594
-4887.770669 11638.065225
-4883.820759 11638.591281
-4879.844174 11639.086762
-4875.840913 11639.551668
-4871.810978 11639.985999
-4867.754368 11640.389755
-4863.671082 11640.762936
-4859.561122 11641.105542
-4855.424487 11641.417573
-4851.261176 11641.699029
-4847.071191 11641.949910
-4842.854531 11642.170217
-4838.611195 11642.359948
-4834.331247 11642.546479
-4830.018000 11642.720685
-4825.671452 11642.882566
-4821.291604 11643.032123
-4816.878456 11643.169354
-4812.432009 11643.294260
-4807.952261 11643.406841
-4803.439213 11643.507098
-4798.892866 11643.595029
-4794.313218 11643.670636
-4789.700270 11643.733917
-4785.054023 11643.784873
-4780.374475 11643.823505
-4775.661627 11643.849811
-4770.915480 11643.863793
-4766.136032 11643.865449
-4761.323285 11643.854781
-4756.477237 11643.831787
-4751.597890 11643.796469
-4746.685242 11643.748825
-4741.739295 11643.688857
-4736.760047 11643.616563
-4731.747500 11643.531945
-4726.701652 11643.435002
-4721.622505 11643.325733
-4716.510058 11643.204140
-4711.364310 11643.070222
-4706.185263 11642.923978
-4700.972916 11642.765410
-4695.727268 11642.594517
-4690.448321 11642.411298
-4685.136074 11642.215755
-4679.790526 11642.007887
-4674.411679 11641.787694
-4668.999532 11641.555176
-4663.554085 11641.310333
-4658.075338 11641.053164
-4652.563290 11640.783671
-4647.017943 11640.501853
-4641.439296 11640.207710
-4635.827424 11639.902555
-4630.182302 11639.585949
-4624.503930 11639.257893
-4618.792308 11638.918388
-4613.047435 11638.567432
-4607.269313 11638.205027
-4601.457941 11637.831171
-4595.613319 11637.445866
-4589.735447 11637.049110
-4583.824325 11636.640905
-4577.879953 11636.221249
-4571.902331 11635.790144
-4565.891459 11635.347588
-4559.847337 11634.893583
-4553.769964 11634.428127
-4547.659342 11633.951222
-4541.515470 11633.462866
-4535.338348 11632.963061
-4529.127976 11632.451805
-4522.884354 11631.929100
-4516.607482 11631.394945
-4510.297360 11630.849339
-4503.953988 11630.292284
-4497.577366 11629.723778
-4491.167494 11629.143823
-4484.724372 11628.552418
-4478.248000 11627.949562
-4471.738378 11627.335257
-4465.195505 11626.709501
-4458.619383 11626.072296
-4452.010011 11625.423641
-4445.367389 11624.763535
-4438.691517 11624.091980
-4431.982395 11623.408975
-4425.240023 11622.714519
-4418.464401 11622.008614
-4411.655529 11621.291259
-4404.813407 11620.562453
-4397.938035 11619.822198
-4391.029413 11619.070493
-4384.087091 11618.300475
-4377.111219 11617.514432
-4370.101797 11616.712364
-4363.058825 11615.894272
-4355.982303 11615.060154
-4348.872231 11614.210011
-4341.728609 11613.343843
-4334.551437 11612.461651
-4327.340715 11611.563433
-4320.096443 11610.649190
-4312.818622 11609.718922
-4305.507250 11608.772629
-4298.162328 11607.810312
-4290.783856 11606.831969
-4283.371834 11605.837601
-4275.926262 11604.827208
-4268.447140 11603.800790
-4260.934468 11602.758348
-4253.388246 11601.699880
-4245.808474 11600.625387
-4238.195152 11599.534869
-4230.548281 11598.428327
-4222.867859 11597.305759
-4215.153887 11596.167166
-4207.406365 11595.012548
-4199.625293 11593.841905
-4191.810671 11592.655238
-4183.962499 11591.452545
-4176.080778 11590.233827
-4168.165506 11588.999084
-4160.216684 11587.748317
-4152.234312 11586.481524
-4144.218390 11585.198706
-4136.168918 11583.899863
-4128.085897 11582.584996
-4119.969325 11581.254103
-4111.819203 11579.907185
-4103.635531 11578.544242
-4095.418309 11577.165274
-4087.167538 11575.770282
-4078.910141 11574.368151
-4070.637144 11572.955921
-4062.348547 11571.533591
-4054.044350 11570.101161
-4045.724553 11568.658631
-4037.389156 11567.206000
-4029.038159 11565.743270
-4020.671562 11564.270440
-4012.289365 11562.787510
-4003.891568 11561.294480
-3995.478171 11559.791350
-3987.049174 11558.278120
-3978.604577 11556.754790
-3970.144380 11555.221360
-3961.668583 11553.677830
-3953.177186 11552.124200
-3944.670188 11550.560470
-3936.147591 11548.986640
-3927.609394 11547.402710
-3919.055596 11545.808680
-3910.486199 11544.204550
-3901.901202 11542.590320
-3893.300604 11540.965990
-3884.684407 11539.331560
-3876.052610 11537.687030
-3867.405212 11536.032400
-3858.742215 11534.367671
-3850.063617 11532.692841
-3841.369420 11531.007911
-3832.659622 11529.312881
-3823.934224 11527.607751
-3815.193227 11525.892522
-3806.436629 11524.167192
-3797.664431 11522.431762
-3788.876634 11520.686232
-3780.073236 11518.930603
-3771.254238 11517.164873
-3762.419641 11515.389043
-3753.569443 11513.603114
-3744.703645 11511.807084
-3735.818685 11510.002604
-3726.915749 11508.189125
-3717.994839 11506.366645
-3709.055954 11504.535165
-3700.099094 11502.694685
-3691.124259 11500.845206
-3682.131448 11498.986726
-3673.120663 11497.119246
-3664.091903 11495.242766
-3655.045168 11493.357286
-3645.980458 11491.462806
-3636.897773 11489.559327
-3627.797113 11487.646847
-3618.678478 11485.725367
-3609.541868 11483.794887
-3600.387283 11481.855407
-3591.214723 11479.906927
-3582.024188 11477.949447
-3572.815678 11475.982967
-3563.589193 11474.007487
-3554.344733 11472.023007
-3545.082298 11470.029527
-3535.801889 11468.027047
-3526.503504 11466.015567
-3517.187144 11463.995086
-3507.852809 11461.965606
-3498.500499 11459.927126
-3489.130215 11457.879646
-3479.741955 11455.823166
-3470.335720 11453.757686
-3460.911511 11451.683205
-3451.469326 11449.599725
-3442.009166 11447.507245
-3432.531032 11445.405765
-3423.034922 11443.295284
-3413.520838 11441.175804
-3403.988778 11439.047324
-3394.438743 11436.909843
-3384.870734 11434.763363
-3375.284749 11432.607882
-3365.684277 11430.448540
-3356.068155 11428.283622
-3346.436383 11426.113129
-3336.788961 11423.937062
-3327.125889 11421.755419
-3317.447167 11419.568202
-3307.752795 11417.375409
-3298.042773 11415.177042
-3288.317101 11412.973100
-3278.575779 11410.763583
-3268.818807 11408.548490
-3259.046185 11406.327823
-3249.257913 11404.101581
-3239.453991 11401.869764
-3229.634419 11399.632373
-3219.799197 11397.389406
-3209.948325 11395.140864
-3200.081802 11392.886747
-3190.199630 11390.627056
-3180.301808 11388.361789
-3170.388336 11386.090948
-3160.459214 11383.814531
-3150.514442 11381.532540
-3140.554020 11379.244974
-3130.577948 11376.951833
-3120.586226 11374.653116
-3110.578853 11372.348825
-3100.555831 11370.038959
-3090.517159 11367.723518
-3080.462837 11365.402503
-3070.392865 11363.075912
-3060.307243 11360.743746
-3050.205971 11358.406005
-3040.089048 11356.062690
-3029.956476 11353.713799
-3019.808254 11351.359334
-3009.644382 11348.999293
-2999.464860 11346.633678
-2989.269688 11344.262488
-2979.058865 11341.885722
-2968.834456 11339.499220
-2958.595771 11337.104367
-2948.342811 11334.701164
-2938.075576 11332.289612
-2927.794067 11329.869709
-2917.498282 11327.441457
-2907.188222 11325.004854
-2896.863887 11322.559902
-2886.525277 11320.106600
-2876.172392 11317.644947
-2865.805232 11315.174945
-2855.423797 11312.696593
-2845.028088 11310.209890
-2834.618103 11307.714838
-2824.193843 11305.211436
-2813.755307 11302.699684
-2803.302497 11300.179582
-2792.835412 11297.651130
-2782.354052 11295.114328
-2771.858417 11292.569176
-2761.348507 11290.015674
-2750.824322 11287.453822
-2740.285862 11284.883620
-2729.733126 11282.305068
-2719.166116 11279.718166
-2708.584831 11277.122915
-2697.989271 11274.519313
-2687.379435 11271.907361
-2676.755325 11269.287060
-2666.116940 11266.658408
-2655.464279 11264.021406
-2644.797344 11261.376055
-2634.116133 11258.722353
-2623.420648 11256.060302
-2612.710888 11253.389900
-2601.986852 11250.711149
-2591.248542 11248.024048
-2580.495956 11245.328596
-2569.729096 11242.624795
-2558.947960 11239.912644
-2548.168037 11237.194393
-2537.384164 11234.469292
-2526.596341 11231.737340
-2515.804568 11228.998539
-2505.008845 11226.252888
-2494.209172 11223.500387
-2483.405548 11220.741036
-2472.597975 11217.974835
-2461.786452 11215.201784
-2450.970979 11212.421883
-2440.151556 11209.635132
-2429.328183 11206.841532
-2418.500860 11204.041081
-2407.669586 11201.233780
-2396.834363 11198.419629
-2385.995190 11195.598629
-2375.152067 11192.770778
-2364.304994 11189.936077
-2353.453971 11187.094527
-2342.598997 11184.246126
-2331.740074 11181.390876
-2320.877201 11178.528775
-2310.010378 11175.659825
-2299.139604 11172.784024
-2288.264881 11169.901374
-2277.386208 11167.011873
-2266.503585 11164.115523
-2255.617011 11161.212323
-2244.726488 11158.302272
-2233.832015 11155.385372
-2222.933592 11152.461622
-2212.031218 11149.531022
-2201.124895 11146.593572
-2190.214622 11143.649272
-2179.300398 11140.698121
-2168.382225 11137.740121
-2157.460102 11134.775271
-2146.534029 11131.803571
-2135.604005 11128.825021
-2124.670032 11125.839622
-2113.746321 11122.843547
-2102.828135 11119.838072
-2091.915474 11116.823197
-2081.008339 11113.798922
-2070.106728 11110.765247
-2059.210642 11107.722173
-2048.320082 11104.669698
-2037.435046 11101.607823
-2026.555535 11098.536549
-2015.681550 11095.455874
-2004.813089 11092.365799
-1993.950154 11089.266325
-1983.092743 11086.157450
-1972.240858 11083.039176
-1961.394497 11079.911501
-1950.553662 11076.774427
-1939.718351 11073.627952
-1928.888566 11070.472078
-1918.064305 11067.306803
-1907.245570 11064.132129
-1896.432360 11060.948055
-1885.624674 11057.754580
-1874.822514 11054.551706
-1864.025879 11051.339432
-1853.234768 11048.117757
-1842.449183 11044.886683
-1831.669123 11041.646209
-1820.894588 11038.396335
-1810.125578 11035.137061
-1799.362092 11031.868387
-1788.604132 11028.590313
-1777.851697 11025.302839
-1767.104787 11022.005965
-1756.363402 11018.699691
-1745.627542 11015.384017
-1734.897207 11012.058943
-1724.172397 11008.724469
-1713.453112 11005.380595
-1702.739352 11002.027321
-1692.031117 10998.664647
-1681.324282 10995.283236
-1670.620222 10991.886200
-1659.918938 10988.473538
-1649.220428 10985.045252
-1638.524693 10981.601341
-1627.831733 10978.141805
-1617.141548 10974.666644
-1606.454138 10971.175858
-1595.769504 10967.669447
-1585.087644 10964.147411
-1574.408559 10960.609751
-1563.732249 10957.056465
-1553.058714 10953.487554
-1542.387955 10949.903018
-1531.719970 10946.302858
-1521.054760 10942.687072
-1510.392326 10939.055662
-1499.732666 10935.408626
-1489.075781 10931.745966
-1478.421672 10928.067680
-1467.770337 10924.373770
-1457.121777 10920.664234
-1446.475993 10916.939074
-1435.832983 10913.198289
-1425.192748 10909.441879
-1414.555289 10905.669844
-1403.920604 10901.882183
-1393.288695 10898.078898
-1382.659560 10894.259988
-1372.033201 10890.425453
-1361.409616 10886.575293
-1350.788807 10882.709509
-1340.170772 10878.828099
-1329.555513 10874.931064
-1318.943028 10871.018404
-1308.333319 10867.090119
-1297.726384 10863.146210
-1287.122225 10859.186675
-1276.520841 10855.211516
-1265.922231 10851.220731
-1255.331759 10847.218746
-1244.747638 10843.204087
-1234.169866 10839.176752
-1223.598444 10835.136743
-1213.033372 10831.084058
-1202.474650 10827.018699
-1191.922279 10822.940664
-1181.376257 10818.849955
-1170.836585 10814.746570
-1160.303263 10810.630511
-1149.776292 10806.501776
-1139.255670 10802.360367
-1128.741398 10798.206282
-1118.233477 10794.039523
-1107.731905 10789.860088
-1097.236684 10785.667979
-1086.747812 10781.463194
-1076.265290 10777.245735
-1065.789119 10773.015600
-1055.319297 10768.772791
-1044.855826 10764.517307
-1034.398704 10760.249147
-1023.947933 10755.968313
-1013.503511 10751.674803
-1003.065440 10747.368619
-992.633719 10743.049759
-982.208347 10738.718225
-971.789326 10734.374016
-961.376654 10730.017131
-950.970333 10725.647572
-940.570362 10721.265337
-930.176740 10716.870428
-919.789469 10712.462844
-909.408548 10708.042584
-899.033977 10703.609650
-888.665755 10699.164041
-878.303884 10694.705756
-867.948363 10690.234797
-857.599192 10685.751163
-847.256371 10681.254853
-836.923537 10676.741069
-826.599478 10672.211410
-816.284194 10667.665875
-805.977686 10663.104466
-795.679952 10658.527182
-785.390993 10653.934023
-775.110809 10649.324988
-764.839400 10644.700079
-754.576766 10640.059295
-744.322907 10635.402636
-734.077823 10630.730102
-723.841514 10626.041693
-713.613980 10621.337408
-703.395221 10616.617249
-693.185237 10611.881215
-682.984028 10607.129306
-672.791594 10602.361522
-662.607935 10597.577863
-652.433051 10592.778329
-642.266941 10587.962920
-632.109607 10583.131636
-621.961048 10578.284477
-611.821264 10573.421443
-601.690254 10568.542535
-591.568020 10563.647751
-581.454561 10558.737092
-571.349876 10553.810558
-561.253967 10548.868149
-551.166832 10543.909865
-541.088473 10538.935706
-531.018888 10533.945673
-520.958079 10528.939764
-510.906044 10523.917980
-500.862785 10518.880321
-490.828300 10513.826788
-480.802590 10508.757379
-470.785656 10503.672095
-460.777496 10498.570937
-450.778111 10493.453903
-440.787501 10488.320995
-430.804767 10483.185786
-420.830207 10478.043752
-410.863822 10472.894894
-400.905613 10467.739210
-390.955578 10462.576702
-381.013718 10457.407368
-371.080033 10452.231210
-361.154524 10447.048226
-351.237189 10441.858418
-341.328029 10436.661784
-331.427044 10431.458326
-321.534235 10426.248042
-311.649600 10421.030934
-301.773140 10415.807000
-291.904856 10410.576242
-282.044746 10405.338659
-272.192811 10400.094250
-262.349051 10394.843017
-252.513467 10389.584959
-242.686057 10384.320075
-232.866822 10379.048367
-223.055762 10373.769834
-213.252878 10368.484476
-203.458168 10363.192292
-193.671633 10357.893284
-183.893274 10352.587451
-174.123089 10347.274793
-164.361079 10341.955309
-154.607244 10336.629001
-144.861585 10331.295868
-135.124100 10325.955910
-125.394790 10320.609127
-115.673656 10315.255519
-105.960696 10309.895085
-96.255911 10304.527827
-86.559301 10299.153744
-76.870867 10293.772836
-67.190607 10288.385103
-57.518522 10282.990545
-47.854613 10277.589162
-38.183278 10272.163329
-28.509718 10266.718921
-18.833934 10261.255938
-9.155924 10255.774381
0.524311 10250.274248
10.206771 10244.755540
19.891455 10239.218257
29.578365 10233.662400
39.267500 10228.087967
48.958859 10222.494959
58.652444 10216.883377
68.348254 10211.253219
78.046288 10205.604487
87.746548 10199.937179
97.449033 10194.251297
107.153742 10188.546839
116.860677 10182.823807
126.569837 10177.082200
136.281221 10171.322017
145.994831 10165.543260
155.710666 10159.745928
165.428725 10153.930021
175.149010 10148.095539
184.871519 10142.242482
194.596254 10136.370850
204.323214 10130.480643
214.052398 10124.571861
223.783808 10118.644504
233.517443 10112.698572
243.253302 10106.734065
252.991387 10100.750983
262.731696 10094.749327
272.474231 10088.729095
282.218991 10082.690288
291.965975 10076.632907
301.715185 10070.556950
311.466619 10064.462419
321.220279 10058.349312
330.976163 10052.217631
340.734273 10046.067374
350.477658 10039.904805
360.211967 10033.727836
369.937202 10027.536468
379.653361 10021.330699
389.360446 10015.110530
399.058455 10008.875961
408.747390 10002.626992
418.427249 9996.363624
428.098033 9990.085855
437.759743 9983.793686
447.412377 9977.487118
457.055937 9971.166149
466.690421 9964.830780
476.315830 9958.481012
485.932165 9952.116843
495.539424 9945.738275
505.137608 9939.345306
514.726718 9932.937938
524.306752 9926.516169
533.877711 9920.080001
543.439595 9913.629432
552.992405 9907.164464
562.536139 9900.685095
572.070798 9894.191327
581.596382 9887.683159
591.112891 9881.160590
600.620325 9874.623622
610.118685 9868.072254
619.607969 9861.506486
629.088178 9854.926317
638.559312 9848.331749
648.021371 9841.722781
657.474355 9835.099413
666.918264 9828.461645
676.353098 9821.809477
685.778857 9815.142909
695.195541 9808.461941
704.603150 9801.766573
714.001684 9795.056805
723.391143 9788.332637
732.788514 9781.607381
742.188136 9774.876601
751.590007 9768.140295
760.994129 9761.398465
770.400500 9754.651109
779.809121 9747.898229
789.219993 9741.139823
798.633114 9734.375893
808.048485 9727.606437
817.466107 9720.831457
826.885978 9714.050951
836.308099 9707.264921
845.732470 9700.473365
855.159092 9693.676284
864.587963 9686.873679
874.019084 9680.065548
883.452455 9673.251893
892.888076 9666.432712
902.325948 9659.608006
911.766069 9652.777776
921.208440 9645.942020
930.653061 9639.100739
940.099932 9632.253934
949.549053 9625.401603
959.000424 9618.543747
968.454045 9611.680367
977.909917 9604.811461
987.368038 9597.937030
996.828409 9591.057075
1006.291030 9584.171594
1015.755901 9577.280588
1025.223022 9570.384057
1034.692393 9563.482002
1044.164014 9556.574421
1053.637884 9549.661315
1063.114005 9542.742685
1072.592376 9535.818529
1082.072997 9528.888848
1091.555868 9521.953642
1101.040989 9515.012911
1110.521572 9508.052706
1119.999881 9501.077675
1129.475914 9494.087819
1138.949672 9487.083138
1148.421156 9480.063633
1157.890364 9473.029302
1167.357297 9465.980146
1176.821955 9458.916165
1186.284338 9451.837360
1195.744447 9444.743729
1205.202280 9437.635273
1214.657838 9430.511993
1224.111121 9423.373887
1233.562129 9416.220956
1243.010862 9409.053200
1252.457320 9401.870620
1261.901503 9394.673214
1271.343411 9387.460983
1280.783044 9380.233928
1290.220402 9372.992047
1299.655485 9365.735341
1309.088293 9358.463811
1318.518826 9351.177455
1327.947084 9343.876274
1337.373067 9336.560269
1346.796775 9329.229438
1356.218208 9321.883783
1365.637365 9314.523302
1375.054248 9307.147996
1384.468856 9299.757866
1393.881189 9292.352910
1403.291247 9284.933130
1412.699029 9277.498524
1422.104537 9270.049093
1431.507770 9262.584838
1440.908727 9255.105757
1450.307410 9247.611852
1459.703818 9240.103121
1469.097950 9232.579566
1478.489808 9225.041185
1487.875640 9217.482017
1497.256698 9209.904049
1506.632980 9202.307281
1516.004488 9194.691713
1525.371221 9187.057345
1534.733178 9179.404177
1544.090361 9171.732209
1553.442769 9164.041441
1562.790401 9156.331873
1572.133259 9148.603505
1581.471342 9140.856337
1590.804649 9133.090369
1600.133182 9125.305601
1609.456939 9117.502033
1618.775922 9109.679665
1628.090130 9101.838497
1637.399562 9093.978529
1646.704220 9086.099761
1656.004103 9078.202193
1665.299211 9070.285825
1674.589543 9062.350657
1683.875101 9054.396689
1693.155884 9046.423921
1702.431891 9038.432353
1711.703124 9030.421985
1720.969582 9022.392817
1730.231265 9014.344849
1739.488172 9006.278081
1748.740305 8998.192513
1757.987663 8990.088145
1767.230245 8981.964977
1776.468053 8973.823009
1785.701086 8965.662241
1794.929344 8957.482673
1804.152826 8949.284305
1813.371534 8941.067137
1822.585467 8932.831169
1831.794625 8924.576401
1840.999008 8916.302833
1850.198615 8908.010465
1859.387186 8899.707922
1868.566806 8891.392330
1877.737476 8883.063687
1886.899197 8874.721994
1896.051967 8866.367251
1905.195787 8857.999459
1914.330658 8849.618616
1923.456578 8841.224724
1932.573549 8832.817781
1941.681569 8824.397789
1950.780639 8815.964746
1959.870760 8807.518654
1968.951930 8799.059512
1978.024151 8790.587319
1987.087421 8782.102077
1996.141742 8773.603785
2005.187112 8765.092443
2014.223533 8756.568051
2023.251003 8748.030609
2032.269524 8739.480117
2041.279094 8730.916575
2050.279715 8722.339983
2059.271385 8713.750341
2068.254106 8705.147649
2077.227877 8696.531907
2086.192697 8687.903116
2095.148568 8679.261274
2104.095488 8670.606382
2113.033459 8661.938441
2121.962480 8653.257449
2130.882550 8644.563408
2139.793671 8635.856317
2148.695842 8627.136175
2157.589063 8618.402984
2166.473333 8609.656743
2175.348654 8600.897451
2184.215025 8592.125110
2193.072446 8583.339719
2201.920916 8574.541278
2210.760437 8565.729787
2219.584333 8556.894483
2228.394829 8548.038955
2237.191925 8539.163201
2245.975620 8530.267223
2254.745916 8521.351019
2263.502812 8512.414591
2272.246308 8503.457937
2280.976404 8494.481059
2289.693100 8485.483955
2298.396396 8476.466627
2307.086292 8467.429073
2315.762787 8458.371294
2324.425883 8449.293291
2333.075579 8440.195062
2341.711875 8431.076609
2350.334771 8421.937930
2358.944267 8412.779027
2367.540363 8403.599899
2376.123059 8394.400545
2384.692355 8385.180967
2393.248251 8375.941163
2401.790747 8366.681135
2410.319843 8357.400881
2418.835539 8348.100403
2427.337836 8338.779699
2435.826732 8329.438771
2444.302228 8320.077617
2452.764324 8310.696239
2461.213020 8301.294635
2469.648316 8291.872807
2478.070212 8282.430754
2486.478708 8272.968475
2494.873805 8263.485972
2503.255501 8253.983243
2511.623797 8244.460290
2519.978693 8234.917111
2528.320189 8225.353708
2536.648286 8215.770080
2544.962982 8206.166226
2553.264278 8196.542148
2561.534662 8186.881532
2569.779971 8177.189816
2578.000204 8167.467000
2586.195363 8157.713085
2594.365447 8147.928069
2602.510456 8138.111953
2610.630389 8128.264737
2618.725248 8118.386422
2626.795032 8108.477006
2634.839741 8098.536490
2642.859374 8088.564875
2650.853933 8078.562159
2658.823417 8068.528344
2666.767826 8058.463428
2674.687160 8048.367413
2682.581418 8038.240297
2690.450602 8028.082082
2698.294711 8017.892766
2706.113745 8007.672351
2713.907704 7997.420835
2721.676588 7987.138220
2729.420396 7976.824505
2737.139130 7966.479689
2744.832789 7956.103774
2752.501373 7945.696759
2760.144882 7935.258644
2767.763316 7924.789428
2775.356674 7914.289113
2782.924958 7903.757698
2790.468167 7893.195183
2797.986301 7882.601568
2805.479360 7871.976853
2812.947344 7861.321038
2820.390253 7850.634123
2827.808087 7839.916108
2835.200845 7829.166993
2842.568529 7818.386778
2849.911138 7807.575463
2857.228672 7796.733048
2864.521131 7785.859533
2871.790428 7774.970368
2879.035924 7764.060403
2886.257620 7753.129638
2893.455517 7742.178073
2900.629613 7731.205708
2907.779910 7720.212544
2914.906407 7709.198579
2922.009103 7698.163814
2929.088000 7687.108249
2936.143096 7676.031884
2943.174393 7664.934719
2950.181890 7653.816754
2957.165586 7642.677990
2964.125483 7631.518425
2971.061580 7620.338060
2977.973877 7609.136895
2984.862373 7597.914930
2991.727070 7586.672166
2998.567967 7575.408601
3005.385064 7564.124236
3012.178361 7552.819071
3018.947858 7541.493106
3025.693555 7530.146342
3032.415451 7518.778777
3039.113548 7507.390412
3045.787845 7495.981247
3052.438342 7484.551283
3059.065039 7473.100518
3065.667937 7461.628953
3072.247034 7450.136588
3078.802331 7438.623424
3085.333828 7427.089459
3091.841525 7415.534694
3098.325422 7403.959129
3104.785519 7392.362765
3111.221816 7380.745600
3117.634314 7369.107635
3124.023011 7357.448871
3130.387908 7345.769306
3136.729005 7334.068941
3143.047503 7322.348077
3149.343000 7310.606612
3155.615497 7298.844547
3161.864994 7287.061883
3168.091491 7275.258618
3174.294989 7263.434753
3180.475486 7251.590289
3186.632983 7239.725224
3192.767480 7227.839560
3198.878977 7215.933295
3204.967474 7204.006430
3211.032971 7192.058966
3217.075468 7180.090901
3223.094965 7168.102237
3229.091462 7156.092972
3235.064959 7144.063108
3241.015456 7132.012643
3246.942953 7119.941579
3252.847450 7107.849914
3258.728947 7095.737650
3264.587444 7083.604785
3270.422941 7071.451321
3276.235438 7059.277256
3282.024935 7047.082592
3287.791432 7034.867327
3293.534928 7022.631463
3299.255425 7010.374998
3304.952922 6998.097934
3310.627419 6985.800270
3316.278916 6973.482005
3321.907412 6961.143141
3327.512909 6948.783676
3333.095406 6936.403612
3338.654902 6924.002948
3344.191399 6911.581683
3349.704896 6899.139819
3355.195392 6886.677355
3360.662889 6874.194290
3366.107386 6861.690626
3371.528882 6849.166362
3376.930004 6836.612422
3382.309876 6824.031833
3387.668497 6811.424594
3393.005869 6798.790704
3398.321991 6786.130165
3403.616863 6773.442976
3408.890484 6760.729136
3414.142856 6747.988647
3419.373978 6735.221508
3424.583850 6722.427718
3429.772472 6709.607279
3434.939844 6696.760190
3440.085966 6683.886451
3445.210838 6670.986061
3450.314460 6658.059022
3455.396832 6645.105333
3460.457954 6632.124994
3465.497826 6619.118004
3470.516448 6606.084365
3475.513820 6593.024076
3480.489943 6579.937137
3485.444815 6566.823547
3490.378437 6553.683308
3495.290809 6540.516419
3500.181932 6527.322880
3505.051804 6514.102690
3509.900426 6500.855851
3514.727799 6487.582362
3519.533921 6474.282223
3524.318794 6460.955433
3529.082416 6447.601994
3533.824789 6434.221905
3538.545911 6420.815166
3543.245784 6407.381777
3547.924406 6393.921737
3552.581779 6380.435048
3557.217901 6366.921709
3561.832774 6353.381720
3566.426397 6339.815081
3570.998770 6326.221791
3575.565230 6312.596115
3580.120665 6298.939963
3584.665075 6285.253336
3589.198461 6271.536235
3593.720821 6257.788658
3598.232157 6244.010606
3602.732467 6230.202080
3607.221753 6216.363078
3611.700013 6202.493601
3616.167249 6188.593650
3620.623459 6174.663223
3625.068645 6160.702321
3629.502806 6146.710945
3633.925941 6132.689093
3638.338052 6118.636766
3642.739138 6104.553965
3647.129198 6090.440688
3651.508234 6076.296936
3655.876245 6062.122710
3660.233231 6047.918008
3664.579192 6033.682831
3668.914128 6019.417180
3673.238039 6005.121053
3677.550925 5990.794451
3681.852786 5976.437375
3686.143622 5962.049823
3690.423433 5947.631796
3694.692219 5933.183295
3698.949981 5918.704318
3703.196717 5904.194867
3707.432428 5889.654940
3711.657114 5875.084538
3715.870776 5860.483662
3720.073412 5845.852310
3724.265023 5831.190483
3728.445610 5816.498182
3732.615171 5801.775405
3736.773708 5787.022154
3740.921219 5772.238427
3745.057706 5757.424225
3749.115105 5742.621436
3753.116104 5727.816097
3757.060703 5713.008208
3760.948901 5698.197769
3764.780700 5683.384780
3768.556099 5668.569241
3772.275098 5653.751152
3775.937696 5638.930513
3779.543895 5624.107324
3783.093693 5609.281585
3786.587092 5594.453296
3790.024090 5579.622457
3793.404689 5564.789068
3796.728887 5549.953130
3799.996685 5535.114641
3803.208084 5520.273602
3806.363082 5505.430013
3809.461680 5490.583874
3812.503878 5475.735185
3815.489676 5460.883947
3818.419074 5446.030158
3821.292073 5431.173819
3824.108670 5416.314930
3826.868868 5401.453492
3829.572666 5386.589503
3832.220064 5371.722964
3834.811062 5356.853876
3837.345660 5341.982237
3839.823857 5327.108048
3842.245655 5312.231310
3844.611053 5297.352021
3846.920050 5282.470183
3849.172648 5267.585794
3851.368845 5252.698856
3853.508642 5237.809367
3855.592040 5222.917329
3857.619037 5208.022740
3859.589634 5193.125602
3861.503832 5178.225913
3863.361629 5163.323675
3865.287076 5148.375124
3867.238823 5133.394848
3869.216871 5118.382847
3871.221218 5103.339121
3873.251865 5088.263670
3875.308813 5073.156494
3877.392060 5058.017593
3879.501608 5042.846967
3881.637455 5027.644615
3883.799603 5012.410539
3885.988050 4997.144738
3888.202798 4981.847212
3890.443845 4966.517961
3892.711193 4951.156985
3895.004840 4935.764284
3897.324788 4920.339858
3899.671036 4904.883707
3902.043584 4889.395830
3904.442431 4873.876229
3906.867579 4858.324903
3909.319027 4842.741852
3911.796775 4827.127076
3914.300823 4811.480574
3916.831170 4795.802348
3919.387818 4780.092397
3921.970766 4764.350721
3924.580014 4748.577319
3927.215562 4732.772193
3929.877410 4716.935342
3932.565558 4701.066765
3935.280006 4685.166464
3938.020755 4669.234438
3940.787803 4653.270686
3943.581151 4637.275210
3946.400799 4621.248009
3949.246747 4605.189082
3952.118996 4589.098431
3955.017544 4572.976054
3957.942392 4556.821953
3960.893541 4540.636127
3963.919889 4524.437588
3967.005137 4508.219999
3970.149285 4491.983360
3973.352334 4475.727671
3976.614282 4459.452932
3979.935130 4443.159143
3983.314879 4426.846304
3986.753527 4410.514416
3990.251075 4394.163477
3993.807524 4377.793488
3997.422872 4361.404449
4001.097120 4344.996361
4004.830269 4328.569222
4008.622317 4312.123033
4012.473265 4295.657794
4016.383114 4279.173506
4020.351862 4262.670167
4024.379510 4246.147778
4028.466058 4229.606340
4032.611507 4213.045851
4036.815855 4196.466312
4041.079103 4179.867724
4045.401252 4163.250085
4049.782300 4146.613396
4054.222248 4129.957658
4058.721096 4113.282869
4063.278845 4096.589031
4067.895493 4079.876142
4072.571041 4063.144203
4077.305490 4046.393215
4082.098838 4029.623176
4086.951086 4012.834088
4091.862234 3996.025949
4096.832283 3979.198761
4101.861231 3962.352522
4106.949079 3945.487234
4112.095828 3928.602896
4117.301476 3911.699507
4122.566024 3894.777069
4127.889472 3877.835580
4133.253633 3860.879954
4138.664569 3843.908553
4144.122280 3826.921377
4149.626765 3809.918426
4155.178026 3792.899700
4160.776062 3775.865199
4166.420873 3758.814923
4172.112458 3741.748872
4177.850819 3724.667046
4183.635955 3707.569445
4189.467866 3690.456069
4195.346552 3673.326918
4201.272012 3656.181992
4207.244248 3639.021291
4213.263259 3621.844814
4219.329044 3604.652563
4225.441605 3587.444537
4231.600941 3570.220736
4237.807052 3552.981159
4244.059937 3535.725808
4250.359598 3518.454682
4256.706034 3501.167781
4263.099245 3483.865104
4269.539230 3466.546653
4276.025991 3449.212427
4282.559527 3431.862425
4289.139838 3414.496649
4295.766923 3397.115097
4302.440784 3379.717771
4309.161420 3362.304669
4315.928830 3344.875793
4322.743016 3327.431142
4329.603977 3309.970715
4336.511713 3292.494514
4343.466223 3275.002537
4350.467509 3257.494785
4357.515570 3239.971259
4364.610405 3222.431957
4371.752016 3204.876881
4378.940402 3187.306029
4386.143613 3169.700315
4393.372298 3152.066101
4400.626459 3134.403387
4407.906095 3116.712173
4415.211206 3098.992459
4422.541792 3081.244245
4429.897853 3063.467531
4437.279389 3045.662317
4444.686400 3027.828603
4452.118886 3009.966388
4459.576848 2992.075674
4467.060284 2974.156460
4474.569195 2956.208747
4482.103582 2938.232533
4489.663443 2920.227819
4497.248779 2902.194605
4504.859591 2884.132891
4512.495877 2866.042677
4520.157639 2847.923963
4527.844876 2829.776749
4535.557587 2811.601035
4543.295774 2793.396821
4551.059436 2775.164107
4558.848572 2756.902893
4566.663184 2738.613179
4574.503271 2720.294966
4582.368833 2701.948252
4590.259870 2683.573038
4598.176382 2665.169324
4606.118369 2646.737110
4614.085831 2628.276396
4622.078768 2609.787183
4630.097180 2591.269469
4638.141068 2572.723255
4646.210430 2554.148541
4654.305267 2535.545327
4662.425579 2516.913614
4670.571367 2498.253400
4678.742629 2479.564686
4686.939367 2460.847472
4695.119692 2442.129434
4703.297567 2423.401345
4711.472992 2404.663206
4719.645967 2385.915018
4727.816492 2367.156779
4735.984567 2348.388491
4744.150192 2329.610152
4752.313367 2310.821763
4760.474093 2292.023325
4768.632368 2273.214836
4776.788193 2254.396298
4784.941568 2235.567710
4793.092494 2216.729071
4801.240969 2197.880383
4809.386994 2179.021644
4817.530570 2160.152856
4825.671695 2141.274018
4833.810371 2122.385129
4841.946596 2103.486191
4850.080371 2084.577203
4858.211697 2065.658165
4866.340573 2046.729076
4874.466998 2027.789938
4882.590974 2008.840750
4890.712499 1989.881512
4898.831575 1970.912224
4906.948201 1951.932886
4915.062376 1932.943498
4923.174102 1913.944060
4931.283378 1894.934572
4939.390203 1875.915034
4947.494579 1856.885446
4955.596505 1837.845808
4963.695981 1818.796120
4971.793007 1799.736382
4979.887583 1780.666594
4987.979709 1761.586756
4996.069385 1742.496868
5004.156610 1723.396930
5012.241386 1704.286943
5020.376737 1685.165330
5028.544988 1666.032617
5036.746139 1646.888805
5044.980190 1627.733892
5053.247141 1608.567879
5061.546992 1589.390767
5069.879743 1570.202554
5078.245394 1551.003242
5086.643945 1531.792830
5095.075395 1512.571317
5103.539746 1493.338705
5112.036997 1474.094993
5120.567148 1454.840180
5129.130199 1435.574268
5137.726149 1416.297256
5146.355000 1397.009144
5155.016751 1377.709932
5163.711402 1358.399620
5172.438952 1339.078208
5181.199403 1319.745696
5189.992754 1300.402084
5198.819005 1281.047372
5207.678155 1261.681561
5216.570206 1242.304649
5225.495157 1222.916637
5234.453007 1203.517526
5243.443758 1184.107314
5252.467408 1164.686002
5261.523959 1145.253591
5270.613410 1125.810079
5279.735760 1106.355468
5288.891011 1086.889757
5298.079161 1067.412945
5307.300212 1047.925034
5316.554162 1028.426023
5325.841013 1008.915911
5335.160763 989.394700
5344.513414 969.862389
5353.898964 950.318978
5363.317415 930.764467
5372.748965 911.194881
5382.200216 891.611545
5391.671166 872.014459
5401.161816 852.403623
5410.672167 832.779037
5420.202217 813.140700
5429.751967 793.488614
5439.321418 773.822778
5448.910568 754.143192
5458.519418 734.449856
5468.147969 714.742770
5477.796219 695.021934
5487.464169 675.287348
5497.151820 655.539012
5506.859170 635.776926
5516.586220 616.001090
5526.332970 596.211503
5536.099421 576.408167
5545.885571 556.591081
5555.691421 536.760245
5565.516971 516.915659
5575.362221 497.057323
5585.227171 477.185237
5595.111822 457.299401
5605.016172 437.399815
5614.940222 417.486478
5624.883972 397.559392
5634.847422 377.618556
5644.830572 357.663970
5654.833422 337.695634
5664.855972 317.713548
5674.898222 297.717712
5684.960172 277.708126
5695.041822 257.684789
5705.143172 237.647703
5715.264222 217.596867
5725.404972 197.532281
5735.565422 177.453945
5745.745572 157.361859
5755.945422 137.256023
5766.146522 117.123349
5776.355022 96.968200
5786.570922 76.790577
5796.794222 56.590478
5807.024922 36.367905
5817.263021 16.122856
5827.508521 -4.144668
5837.761421 -24.434666
5848.021721 -44.747140
5858.289421 -65.082088
5868.564521 -85.439512
5878.847021 -105.819410
5889.136920 -126.221784
5899.434220 -146.646632
5909.738920 -167.093956
5920.051020 -187.563754
5930.370520 -208.056028
5940.697419 -228.570776
5951.031719 -249.108000
5961.373419 -269.667698
5971.722519 -290.249871
5982.079018 -310.854520
5992.442918 -331.481643
6002.814218 -352.131242
6013.192918 -372.803315
6023.579017 -393.497863
6033.972517 -414.214887
6044.373417 -434.954385
6054.781716 -455.716358
6065.197416 -476.500807
6075.620516 -497.307730
6086.051015 -518.137128
6096.488915 -538.989002
6106.934215 -559.863350
6117.386914 -580.760173
6127.847014 -601.679471
6138.314513 -622.621245
6148.789413 -643.585493
6159.271713 -664.572216
6169.761412 -685.581414
6180.244149 -706.600112
6190.724711 -727.632636
6201.203098 -748.678984
6211.679310 -769.739157
6222.153348 -790.813156
6232.625210 -811.900979
6243.094897 -833.002627
6253.562409 -854.118101
6264.027746 -875.247399
6274.490908 -896.390522
6284.951895 -917.547471
6295.410707 -938.718244
6305.867344 -959.902842
6316.321806 -981.101266
6326.774093 -1002.313514
6337.224205 -1023.539588
6347.672142 -1044.779486
6358.117904 -1066.033210
6368.561491 -1087.300758
6379.002903 -1108.582132
6389.442140 -1129.877330
6399.879202 -1151.186354
6410.314089 -1172.509202
6420.746801 -1193.845876
6431.177338 -1215.196374
6441.605700 -1236.560698
6452.031887 -1257.938847
6462.455899 -1279.330820
6472.877736 -1300.736619
6483.297398 -1322.156243
6493.714885 -1343.589691
6504.130197 -1365.036965
6514.543334 -1386.498064
6524.954296 -1407.972987
6535.363083 -1429.461736
6545.769695 -1450.964310
6556.174132 -1472.480709
6566.576394 -1494.010932
6576.976481 -1515.554981
6587.374393 -1537.112855
6597.788917 -1558.698054
6608.213792 -1580.306077
6618.649016 -1601.936926
6629.094591 -1623.590600
6639.550515 -1645.267098
6650.016790 -1666.966422
6660.493415 -1688.688570
6670.980389 -1710.433544
6681.477714 -1732.201342
6691.985388 -1753.991966
6702.503413 -1775.805414
6713.031788 -1797.641687
6723.570512 -1819.500786
6734.119587 -1841.382709
6744.679012 -1863.287457
6755.248787 -1885.215030
6765.828911 -1907.165429
6776.419386 -1929.138652
6787.020211 -1951.134700
6797.631386 -1973.153573
6808.252911 -1995.195271
6818.884786 -2017.259794
6829.527011 -2039.347142
6840.179585 -2061.457315
6850.842510 -2083.590313
6861.515785 -2105.746136
6872.199410 -2127.924784
6882.893385 -2150.126256
6893.597710 -2172.350554
6904.312385 -2194.597677
6915.037410 -2216.867625
6925.772785 -2239.160397
6936.518511 -2261.475995
6947.274586 -2283.814417
6958.041011 -2306.175665
6968.817786 -2328.559738
6979.604911 -2350.966635
6990.402386 -2373.396357
7001.210211 -2395.848905
7012.028387 -2418.324277
7022.927224 -2440.828287
7033.883287 -2463.358997
7044.896575 -2485.916407
7055.967087 -2508.500517
7067.094825 -2531.111327
7078.279788 -2553.748837
7089.521976 -2576.413047
7100.821388 -2599.103957
7112.178026 -2621.821567
7123.591889 -2644.565877
7135.062977 -2667.336887
7146.591289 -2690.134596
7158.176827 -2712.959006
7169.819590 -2735.810116
7181.519578 -2758.687926
7193.276790 -2781.592436
7205.091228 -2804.523646
7216.962891 -2827.481556
7228.891779 -2850.466166
7240.877891 -2873.477476
7252.921229 -2896.515486
7265.021792 -2919.580196
7277.179580 -2942.671606
7289.394593 -2965.789716
7301.666830 -2988.934526
7313.996293 -3012.106037
7326.382981 -3035.304247
7338.826894 -3058.529157
7351.328032 -3081.780767
7363.886395 -3105.059077
7376.501982 -3128.364087
7389.174795 -3151.695797
7401.904833 -3175.054207
7414.692096 -3198.439317
7427.536584 -3221.851127
7440.438296 -3245.289637
7453.397234 -3268.754847
7466.413397 -3292.246757
7479.486785 -3315.765367
7492.617398 -3339.310677
7505.842211 -3362.883138
7519.148899 -3386.482598
7532.537461 -3410.109058
7546.007899 -3433.762518
7559.560212 -3457.442978
7573.194400 -3481.150438
7586.910463 -3504.884898
7600.708401 -3528.646358
7614.588213 -3552.434818
7628.549901 -3576.250278
7642.593464 -3600.092738
7656.718902 -3623.962198
7670.926215 -3647.858658
7685.215402 -3671.782118
7699.586465 -3695.732578
7714.039403 -3719.710038
7728.574216 -3743.714498
7743.190904 -3767.745958
7757.889466 -3791.804418
7772.669904 -3815.889878
7787.532217 -3840.002338
7802.476405 -3864.141798
7817.502468 -3888.308258
7832.610405 -3912.501718
7847.800218 -3936.722178
7863.071906 -3960.969638
7878.425469 -3985.244098
7893.860906 -4009.545558
7909.378219 -4033.874018
7924.977407 -4058.229478
7940.658470 -4082.611938
7956.421407 -4107.021398
7972.266220 -4131.457858
7988.192908 -4155.921318
8004.201471 -4180.411778
8020.291908 -4204.929238
8036.464221 -4229.473698
8052.718409 -4254.045158
8069.054471 -4278.643617
8085.472409 -4303.269077
8101.922197 -4327.893675
8118.420510 -4352.526697
8134.967347 -4377.168145
8151.562710 -4401.818017
8168.206598 -4426.476314
8184.899011 -4451.143037
8201.639949 -4475.818184
8218.429412 -4500.501756
8235.267400 -4525.193754
8252.153912 -4549.894176
8269.088950 -4574.603023
8286.072513 -4599.320295
8303.104601 -4624.045993
8320.185214 -4648.780115
8337.314352 -4673.522662
8354.492015 -4698.273634
8371.718204 -4723.033032
8388.992917 -4747.800854
8406.316155 -4772.577101
8423.687918 -4797.361773
8441.108206 -4822.154870
8458.577019 -4846.956393
8476.094357 -4871.766340
8493.660221 -4896.584712
8511.274609 -4921.411509
8528.937522 -4946.246731
8546.648960 -4971.090378
8564.408924 -4995.942450
8582.217412 -5020.802948
8600.074425 -5045.671870
8617.979964 -5070.549217
8635.934027 -5095.434989
8653.936615 -5120.329186
8671.987729 -5145.231808
8690.087367 -5170.142855
8708.235531 -5195.062327
8726.432219 -5219.990224
8744.677433 -5244.926546
8762.971171 -5269.871293
8781.313435 -5294.824465
8799.735386 -5319.784074
8818.226637 -5344.750784
8836.787188 -5369.724593
8855.417039 -5394.705502
8874.116190 -5419.693511
8892.884641 -5444.688620
8911.722392 -5469.690829
8930.629443 -5494.700138
8949.605794 -5519.716547
8968.651445 -5544.740056
8987.766396 -5569.770665
9006.950647 -5594.808374
9026.204198 -5619.853182
9045.527049 -5644.905091
9064.919200 -5669.964099
9084.380651 -5695.030208
9103.911402 -5720.103416
9123.511453 -5745.183724
9143.180804 -5770.271132
9162.919455 -5795.365641
9182.727406 -5820.467249
9202.604656 -5845.575957
9222.551207 -5870.691765
9242.567058 -5895.814672
9262.652209 -5920.944680
9282.806660 -5946.081788
9303.030411 -5971.225996
9323.323462 -5996.377303
9343.685813 -6021.535711
9364.117464 -6046.701218
9384.618415 -6071.873826
9405.188666 -6097.053533
9425.828217 -6122.240340
9446.537067 -6147.434248
9467.315218 -6172.635255
9488.162669 -6197.843362
9509.079420 -6223.058569
9530.065471 -6248.280876
9551.120822 -6273.510283
9572.245473 -6298.746790
9593.435336 -6324.019309
9614.691774 -6349.318203
9636.014788 -6374.643472
9657.404376 -6399.995117
9678.860539 -6425.373136
9700.383278 -6450.777530
9721.972591 -6476.208299
9743.628480 -6501.665443
9765.350943 -6527.148962
9787.139981 -6552.658857
9808.995595 -6578.195126
9830.917783 -6603.757770
9852.906546 -6629.346789
9874.961885 -6654.962183
9897.083798 -6680.603951
9919.272286 -6706.272095
9941.527350 -6731.966614
9963.848988 -6757.687508
9986.237201 -6783.434777
10008.691990 -6809.208421
10031.213353 -6835.008440
10053.801291 -6860.834833
10076.455805 -6886.687602
10099.176893 -6912.566746
10121.964556 -6938.472264
10144.818795 -6964.404158
10167.739608 -6990.362427
10190.726996 -7016.347070
10213.780960 -7042.358089
10236.901498 -7068.395482
10260.088611 -7094.459251
10283.342299 -7120.549394
10306.662563 -7146.665913
10330.049401 -7172.808806
10353.502814 -7198.978075
10377.022803 -7225.173718
10400.609366 -7251.395737
10424.262504 -7277.644130
10447.982218 -7303.918898
10471.768506 -7330.220041
10495.568869 -7356.528247
10519.400807 -7382.849953
10543.264321 -7409.185159
10567.159409 -7435.533864
10591.086072 -7461.896070
10615.044310 -7488.271776
10639.034124 -7514.660981
10663.055512 -7541.063687
10687.108475 -7567.479892
10711.193013 -7593.909598
10735.309126 -7620.352803
10759.456815 -7646.809509
10783.636078 -7673.279714
10807.846916 -7699.763420
10832.089329 -7726.260625
10856.363317 -7752.771331
10880.668880 -7779.295536
10905.006019 -7805.833241
10929.374732 -7832.384447
10953.775020 -7858.949152
10978.206883 -7885.527357
11002.670321 -7912.119062
11027.165334 -7938.724267
11051.691922 -7965.342973
11076.250085 -7991.975178
11100.839823 -8018.620883
11125.461136 -8045.280088
11150.114024 -8071.952793
11174.798487 -8098.638998
11199.514525 -8125.338703
11224.262138 -8152.051908
11249.041326 -8178.778613
11273.852089 -8205.518818
11298.694427 -8232.272523
11323.568340 -8259.039728
11348.473828 -8285.820433
11373.410891 -8312.614638
11398.379529 -8339.422343
11423.379742 -8366.243547
11448.411530 -8393.078252
11473.488805 -8419.930357
11498.606931 -8446.798562
11523.765906 -8473.682866
11548.965731 -8500.583271
11574.206407 -8527.499776
11599.487932 -8554.432380
11624.810307 -8581.381085
11650.173533 -8608.345889
11675.577608 -8635.326794
11701.022533 -8662.323798
11726.508309 -8689.336903
11752.034934 -8716.366107
11777.602409 -8743.411411
11803.210735 -8770.472816
11828.859910 -8797.550320
11854.549935 -8824.643924
11880.280811 -8851.753628
11906.052536 -8878.879433
11931.865111 -8906.021337
11957.718536 -8933.179341
11983.612811 -8960.353445
12009.547937 -8987.543649
12035.523912 -9014.749953
12061.540737 -9041.972357
12087.598412 -9069.210861
12113.696938 -9096.465465
12139.836313 -9123.736169
12166.016538 -9151.022973
12192.237613 -9178.325877
12218.499538 -9205.644880
12244.802313 -9232.979984
12271.145938 -9260.331188
12297.530414 -9287.698492
12323.955739 -9315.081895
12350.421914 -9342.481399
12376.928939 -9369.897002
12403.476814 -9397.328706
12430.065539 -9424.776510
12456.695114 -9452.240413
12483.365539 -9479.720417
12510.051427 -9507.201895
12536.761239 -9534.689723
12563.494977 -9562.183902
12590.252640 -9589.684430
12617.034227 -9617.191309
12643.839740 -9644.704537
12670.669178 -9672.224116
12697.522540 -9699.750044
12724.399828 -9727.282322
12751.301041 -9754.820951
12778.226178 -9782.365929
12805.175241 -9809.917257
12832.148229 -9837.474936
12859.145142 -9865.038964
12886.165979 -9892.609342
12913.210742 -9920.186071
12940.279430 -9947.769149
12967.372043 -9975.358577
12994.488581 -10002.954355
13021.629044 -10030.556484
13048.793431 -10058.164962
13075.981744 -10085.779790
13103.193982 -10113.400968
13130.430145 -10141.028496
13157.690233 -10168.662375
13184.974246 -10196.302603
13212.282184 -10223.949181
13239.614047 -10251.602109
13266.969835 -10279.261387
13294.349548 -10306.927015
13321.753186 -10334.598993
13349.180749 -10362.277322
13376.632237 -10389.962000
13404.107650 -10417.653028
13431.606988 -10445.350406
13459.130251 -10473.054134
13486.677439 -10500.764212
13514.248552 -10528.480640
13541.843590 -10556.203418
13569.462553 -10583.932546
13597.116579 -10611.681149
13624.801955 -10639.444852
13652.518680 -10667.223655
13680.266756 -10695.017558
13708.046182 -10722.826561
13735.856958 -10750.650664
13763.699083 -10778.489867
13791.572559 -10806.344170
13819.477385 -10834.213572
13847.413561 -10862.098075
13875.381087 -10889.997678
13903.379963 -10917.912381
13931.410188 -10945.842184
13959.471764 -10973.787087
13987.564690 -11001.747090
14015.688966 -11029.722192
14043.844592 -11057.712395
14072.031568 -11085.717698
14100.249894 -11113.738101
14128.499570 -11141.773603
14156.780596 -11169.824206
14185.092972 -11197.889909
14213.436698 -11225.970712
14241.811775 -11254.066614
14270.218201 -11282.177617
14298.655977 -11310.303720
14327.125103 -11338.444922
14355.625579 -11366.601225
14384.157406 -11394.772628
14412.720582 -11422.959130
14441.315108 -11451.160733
14469.940984 -11479.377435
14498.598211 -11507.609238
14527.286787 -11535.856141
14556.006713 -11564.118143
14584.757990 -11592.395246
14613.540616 -11620.687448
14642.354592 -11648.994751
14671.199919 -11677.317153
14700.076595 -11705.654656
14728.975997 -11734.009096
14757.900998 -11762.379861
14786.851600 -11790.766951
14815.827801 -11819.170366
14844.829603 -11847.590105
14873.857004 -11876.026170
14902.910006 -11904.478560
14931.988607 -11932.947275
14961.092809 -11961.432315
14990.222610 -11989.933679
15019.378012 -12018.451369
15048.559013 -12046.985384
15077.765615 -12075.535723
15106.997817 -12104.102388
15136.255618 -12132.685378
15165.539020 -12161.284692
15194.848022 -12189.900332
15224.182623 -12218.532296
15253.542825 -12247.180586
15282.928627 -12275.845200
15312.340028 -12304.526140
15341.777030 -12333.223404
15371.239632 -12361.936994
15400.727833 -12390.666908
15430.241635 -12419.413147
15459.781037 -12448.175712
15489.346039 -12476.954601
15518.936641 -12505.749815
15548.552842 -12534.561355
15578.194644 -12563.389219
15607.862046 -12592.233408
15637.555048 -12621.093922
15667.273650 -12649.970761
15697.017852 -12678.863926
15726.787653 -12707.773415
15756.583055 -12736.699229
15786.404057 -12765.641368
15816.250659 -12794.599832
15846.122861 -12823.574621
15876.020663 -12852.565735
15905.948115 -12881.576249
15935.903867 -12910.605138
15965.887919 -12939.652401
15995.900271 -12968.718040
16025.940923 -12997.802054
16056.009875 -13026.904443
16086.107127 -13056.025206
16116.232679 -13085.164345
16146.386531 -13114.321859
16176.568683 -13143.497747
16206.779135 -13172.692011
16237.017888 -13201.904649
16267.284940 -13231.135663
16297.580292 -13260.385051
16327.903944 -13289.652814
16358.255896 -13318.938953
16388.636148 -13348.243466
16419.044701 -13377.566354
16449.481553 -13406.907617
16479.946705 -13436.267255
16510.440158 -13465.645268
16540.961910 -13495.041656
16571.511962 -13524.456419
16602.090315 -13553.889557
16632.696967 -13583.341070
16663.331919 -13612.810958
16693.995172 -13642.299221
16724.686724 -13671.805859
16755.406577 -13701.330871
16786.154729 -13730.874259
16816.931181 -13760.436022
16847.735934 -13790.016159
16878.568986 -13819.614672
16909.430339 -13849.231559
16940.319991 -13878.866822
16971.237944 -13908.520459
17002.184197 -13938.192472
17033.158749 -13967.882859
17064.161602 -13997.591621
17095.192754 -14027.318759
17126.249395 -14057.063746
17157.332460 -14086.826758
17188.441950 -14116.607795
17219.577865 -14146.406857
17250.740205 -14176.223944
17281.928970 -14206.059057
17313.144160 -14235.912194
17344.385776 -14265.783356
17375.653816 -14295.672543
17406.948281 -14325.579755
17438.269171 -14355.504992
17469.616486 -14385.448254
17500.990227 -14415.409541
17532.390392 -14445.388852
17563.816982 -14475.386189
17595.269997 -14505.401551
17626.749438 -14535.434938
17658.255303 -14565.486350
17689.787593 -14595.555787
17721.346308 -14625.643248
17752.931449 -14655.748735
17784.543014 -14685.872247
17816.181004 -14716.013783
17847.845420 -14746.173345
17879.536260 -14776.350932
17911.253525 -14806.546543
17942.997215 -14836.760180
17974.767331 -14866.991841
18006.563871 -14897.241528
18038.386836 -14927.509239
18070.236227 -14957.794976
18102.112042 -14988.098737
18134.014283 -15018.420523
18165.942948 -15048.760335
18197.898038 -15079.118171
18229.879554 -15109.494032
18261.887494 -15139.887919
18293.921860 -15170.299830
18325.982650 -15200.729766
18358.069865 -15231.177727
18390.177806 -15261.643676
18422.308371 -15292.127625
18454.461562 -15322.629574
18486.637377 -15353.149522
18518.835817 -15383.687471
18551.056883 -15414.243420
18583.300573 -15444.817368
18615.566889 -15475.409317
18647.855829 -15506.019266
18680.167394 -15536.647214
18712.501585 -15567.293163
18744.858400 -15597.957111
18777.237840 -15628.639060
18809.639906 -15659.339009
18842.064596 -15690.056957
18874.511912 -15720.792906
18906.981852 -15751.546854
18939.474417 -15782.318803
18971.989608 -15813.108751
19004.527423 -15843.916700
19037.087863 -15874.742649
19069.670929 -15905.586597
19102.276619 -15936.448546
19134.904934 -15967.328494
19167.555874 -15998.226443
19200.229440 -16029.142391
19232.925630 -16060.076340
19265.644445 -16091.028288
19298.385886 -16121.998237
19331.149951 -16152.986185
19363.936641 -16183.992134
19396.745956 -16215.016082
19429.577897 -16246.058030
19462.432462 -16277.117979
19495.309652 -16308.195927
19528.209468 -16339.291876
19561.131908 -16370.405824
19594.076973 -16401.537773
19627.044663 -16432.687721
19660.034979 -16463.855669
19693.043419 -16495.043080
19726.071484 -16526.249466
19759.119174 -16557.474827
19792.186489 -16588.719162
19825.273429 -16619.982473
19858.379994 -16651.264758
19891.506184 -16682.566019
19924.651999 -16713.886254
19957.817439 -16745.225465
19991.002504 -16776.583650
20024.207194 -16807.960810
20057.431509 -16839.356945
20090.675449 -16870.772056
20123.939014 -16902.206141
20157.222204 -16933.659201
20190.525019 -16965.131236
20223.847459 -16996.622246
20257.189523 -17028.132230
20290.551213 -17059.661190
20323.932528 -17091.209125
20357.333468 -17122.776035
20390.754032 -17154.361919
20424.194222 -17185.966779
20457.654036 -17217.590614
20491.133476 -17249.233423
20524.632541 -17280.895207
20558.151230 -17312.575967
20591.689545 -17344.275701
20625.247484 -17375.994410
20658.825049 -17407.732095
20692.422238 -17439.488754
20726.039053 -17471.264388
20759.675492 -17503.058997
20793.331556 -17534.872581
20827.007246 -17566.705140
20860.702560 -17598.556674
20894.417499 -17630.427183
20928.152063 -17662.316666
20961.906253 -17694.225125
20995.680067 -17726.152559
21029.476394 -17758.101630
21063.294270 -17790.071451
21097.133697 -17822.062022
21130.994674 -17854.073343
21164.877201 -17886.105414
21198.781277 -17918.158236
21232.706904 -17950.231807
21266.654081 -17982.326128
21300.622808 -18014.441199
21334.613085 -18046.577020
21368.624911 -18078.733591
21402.658288 -18110.910912
21436.713215 -18143.108983
21470.789692 -18175.327804
21504.887719 -18207.567375
21539.007296 -18239.827696
21573.148422 -18272.108767
21607.311099 -18304.410588
21641.495326 -18336.733159
21675.701103 -18369.076480
21709.928430 -18401.440550
21744.177307 -18433.825371
21778.447734 -18466.230942
21812.739711 -18498.657263
21847.053238 -18531.104334
21881.388314 -18563.572155
21915.744941 -18596.060725
21950.123118 -18628.570046
21984.522845 -18661.100117
22018.944122 -18693.650938
22053.386949 -18726.222509
22087.851326 -18758.814829
22122.337253 -18791.427900
22156.844730 -18824.061721
22191.373757 -18856.716291
22225.924334 -18889.391612
22260.496461 -18922.087683
22295.090138 -18954.804503
22329.705365 -18987.542074
22364.342142 -19020.300395
22399.008907 -19053.086178
22433.702846 -19085.897186
22468.423961 -19118.733419
22503.172250 -19151.594877
22537.947714 -19184.481560
22572.750354 -19217.393468
22607.580168 -19250.330601
22642.437158 -19283.292959
22677.321322 -19316.280543
22712.232662 -19349.293351
22747.171176 -19382.331384
22782.136865 -19415.394642
22817.129730 -19448.483125
22852.149769 -19481.596833
22887.196984 -19514.735766
22922.271373 -19547.899924
22957.372937 -19581.089307
22992.501677 -19614.303915
23027.657591 -19647.543748
23062.840680 -19680.808806
23098.050945 -19714.099088
23133.288384 -19747.414596
23168.552998 -19780.755329
23203.844787 -19814.121287
23239.163752 -19847.512470
23274.509891 -19880.928878
23309.883205 -19914.370511
23345.283694 -19947.837369
23380.711359 -19981.329452
23416.166198 -20014.846760
23451.648212 -20048.389292
23487.157401 -20081.957050
23522.693766 -20115.550033
23558.257305 -20149.168241
23593.848019 -20182.811674
23629.465908 -20216.480332
23665.110972 -20250.174214
23700.783211 -20283.893322
23736.482626 -20317.637655
23772.209215 -20351.407213
23807.959004 -20385.200758
23843.733318 -20419.018703
23879.532157 -20452.861049
23915.355521 -20486.727794
23951.203410 -20520.618939
23987.075824 -20554.534484
24022.972764 -20588.474429
24058.894228 -20622.438775
24094.840217 -20656.427520
24130.810731 -20690.440665
24166.805770 -20724.478210
24202.825334 -20758.540155
24238.869423 -20792.626500
24274.938037 -20826.737245
24311.031177 -20860.872391
24347.148841 -20895.031936
24383.291030 -20929.215881
24419.457744 -20963.424226
24455.648983 -20997.656971
24491.864747 -21031.914116
24528.105036 -21066.195661
24564.369850 -21100.501606
24600.659189 -21134.831951
24636.973053 -21169.186696
24673.311442 -21203.565841
24709.674357 -21237.969386
24746.061796 -21272.397331
24782.473760 -21306.849676
24818.910249 -21341.326421
24855.371263 -21375.827566
24891.856802 -21410.353111
24928.366866 -21444.903055
24964.901455 -21479.477400
25001.460569 -21514.076145
25038.044208 -21548.699290
25074.652372 -21583.346835
25111.285061 -21618.018780
25147.942275 -21652.715125
25184.624014 -21687.435869
25221.330279 -21722.181014
